$`Main MR results`
       Exposure       MR Analysis Causal Estimate          Sd     T-stat
1 beta.exposure               Raw    -0.005199381 0.005831022 -0.8916758
2 beta.exposure Outlier-corrected    -0.011062606 0.003019944 -3.6631823
       P-value
1 0.3727385856
2 0.0002595962

$`MR-PRESSO results`
$`MR-PRESSO results`$`Global Test`
$`MR-PRESSO results`$`Global Test`$RSSobs
[1] 6008.731

$`MR-PRESSO results`$`Global Test`$Pvalue
[1] "<2e-05"


$`MR-PRESSO results`$`Outlier Test`
           RSSobs   Pvalue
1    1.288840e-04        1
2    4.886635e-04        1
3    3.523690e-05        1
4    4.050489e-06        1
5    1.878464e-04        1
6    1.893019e-04        1
7    3.405905e-05        1
8    2.553323e-04        1
9    1.100688e-05        1
10   2.116786e-03        1
11   2.475299e-04        1
12   3.903763e-10        1
13   7.950912e-05        1
14   2.105282e-04        1
15   8.594117e-05        1
16   4.779993e-04        1
17   2.271785e-03        1
18   7.943956e-07        1
19   2.513943e-04        1
20   1.116618e-03        1
21   1.322018e-04        1
22   4.658957e-05        1
23   7.956712e-05        1
24   2.195969e-04        1
25   9.994276e-04        1
26   5.794544e-05        1
27   1.922159e-04        1
28   1.797488e-06        1
29   1.754506e-04        1
30   8.346842e-08        1
31   1.212123e-04        1
32   5.397065e-04        1
33   1.236570e-04        1
34   5.699442e-05        1
35   2.630252e-04        1
36   7.406895e-04        1
37   1.142027e-05        1
38   2.570365e-04        1
39   2.736185e-03        1
40   1.679215e-04        1
41   2.042414e-03        1
42   3.868640e-04        1
43   8.705265e-04        1
44   2.242911e-04        1
45   5.473403e-05        1
46   4.507410e-04        1
47   4.087124e-04        1
48   4.248537e-04        1
49   1.572827e-03        1
50   1.357271e-04        1
51   1.945390e-05        1
52   1.761146e-04        1
53   3.677764e-04        1
54   1.267726e-03        1
55   1.337708e-03        1
56   9.408106e-04        1
57   3.495003e-04        1
58   6.697741e-04        1
59   2.343356e-02        1
60   1.351080e-05        1
61   1.264340e-06        1
62   1.075606e-04        1
63   8.387659e-04        1
64   1.464126e-04        1
65   1.651772e-04        1
66   2.821061e-04        1
67   7.895475e-10        1
68   8.184891e-04        1
69   6.948298e-05        1
70   6.590611e-04        1
71   4.706776e-05        1
72   1.844037e-04        1
73   7.460031e-04        1
74   5.801212e-04        1
75   6.433249e-04        1
76   3.405698e-04        1
77   1.683072e-04        1
78   2.078792e-04        1
79   3.629542e-04        1
80   2.882609e-05        1
81   7.925757e-05        1
82   2.646384e-04        1
83   2.613731e-04        1
84   5.325554e-06        1
85   2.233398e-05        1
86   5.208023e-03 <0.02498
87   2.770897e-03        1
88   2.006296e-03        1
89   2.308164e-04        1
90   1.357837e-03        1
91   3.505261e-04        1
92   1.638689e-05        1
93   3.101843e-04        1
94   3.147199e-04        1
95   6.792234e-04        1
96   1.204820e-03        1
97   8.498066e-06        1
98   4.576470e-04        1
99   3.936932e-04        1
100  1.056512e-04        1
101  1.720299e-04        1
102  3.318647e-03        1
103  3.502904e-05        1
104  1.338018e-05        1
105  1.470713e-04        1
106  2.322414e-06        1
107  3.452973e-06        1
108  5.065832e-03        1
109  1.166655e-04        1
110  1.376019e-05        1
111  3.654868e-06        1
112  5.889312e-03        1
113  1.711275e-04        1
114  3.929547e-03        1
115  3.838636e-03        1
116  3.196427e-03        1
117  7.429750e-04        1
118  2.932802e-04        1
119  6.721476e-05        1
120  5.236351e-07        1
121  8.148207e-05        1
122  1.418562e-03        1
123  2.304874e-04        1
124  8.630758e-04        1
125  8.246048e-04        1
126  4.937303e-03        1
127  8.501556e-06        1
128  4.039510e-04        1
129  2.913349e-03        1
130  2.158850e-03        1
131  1.206944e-03        1
132  1.058294e-03        1
133  3.565827e-03        1
134  1.577747e-03        1
135  4.268266e-03        1
136  2.497973e-03        1
137  1.873931e-03        1
138  3.218256e-03        1
139  5.054342e-03        1
140  4.139247e-04        1
141  7.229817e-04        1
142  2.105304e-03        1
143  2.319702e-04        1
144  1.598014e-03        1
145  6.236097e-05        1
146  6.899498e-04        1
147  1.929230e-08        1
148  2.500010e-04        1
149  2.150286e-04        1
150  5.854862e-05        1
151  3.284363e-03        1
152  4.294516e-03        1
153  6.091799e-06        1
154  2.212060e-05        1
155  1.302213e-04        1
156  1.148962e-05        1
157  4.783103e-04        1
158  5.566610e-04        1
159  1.224043e-03        1
160  1.490839e-04        1
161  5.128826e-06        1
162  2.288179e-03        1
163  2.773088e-03        1
164  5.813454e-04        1
165  4.641349e-04        1
166  3.463042e-04        1
167  3.219623e-04        1
168  1.634862e-03        1
169  2.605891e-05        1
170  3.561636e-04        1
171  2.726430e-07        1
172  4.310136e-04        1
173  1.578380e-04        1
174  1.263716e-05        1
175  5.728005e-04        1
176  8.438395e-04        1
177  3.820341e-03        1
178  6.407367e-05        1
179  4.739614e-05        1
180  2.479777e-04        1
181  2.342777e-05        1
182  4.205850e-07        1
183  4.327581e-04        1
184  7.157185e-03        1
185  7.466968e-05        1
186  2.296868e-03        1
187  3.325490e-04        1
188  5.743330e-05        1
189  5.127563e-06        1
190  4.936992e-05        1
191  8.493723e-04        1
192  1.425554e-03        1
193  6.880552e-04        1
194  2.830327e-04        1
195  8.513705e-04        1
196  4.629362e-04        1
197  9.240124e-05        1
198  2.150791e-05        1
199  9.996330e-04        1
200  2.194873e-05        1
201  1.005976e-03        1
202  1.838705e-05        1
203  2.174034e-05        1
204  3.807530e-07        1
205  4.429242e-04        1
206  2.685810e-04        1
207  4.527810e-04        1
208  3.124892e-04        1
209  2.673368e-05        1
210  6.930506e-04        1
211  2.675132e-04        1
212  7.849117e-04        1
213  4.239087e-04        1
214  2.544315e-04        1
215  5.515462e-05        1
216  2.186231e-03        1
217  2.638131e-04        1
218  4.027297e-04        1
219  1.976271e-04        1
220  4.947830e-06        1
221  2.591308e-05        1
222  1.029345e-05        1
223  3.831547e-04        1
224  5.694193e-05        1
225  1.213414e-04        1
226  2.189105e-03        1
227  3.401254e-04        1
228  4.287660e-07        1
229  3.283293e-06        1
230  3.668383e-05        1
231  1.057943e-04        1
232  7.401312e-04        1
233  4.728483e-04        1
234  3.364272e-07        1
235  4.496318e-04        1
236  2.366320e-04        1
237  8.561787e-04        1
238  9.248274e-04        1
239  2.399710e-04        1
240  2.919954e-04        1
241  2.092156e-04        1
242  2.583182e-04        1
243  3.590546e-04        1
244  2.677169e-04        1
245  6.992285e-04        1
246  4.313695e-06        1
247  2.390227e-04        1
248  4.862181e-07        1
249  7.051819e-05        1
250  2.258359e-04        1
251  5.893116e-03        1
252  7.067772e-06        1
253  2.148669e-05        1
254  2.533440e-03        1
255  5.076984e-05        1
256  9.767937e-05        1
257  3.853718e-07        1
258  1.134818e-04        1
259  2.987318e-03        1
260  1.192605e-05        1
261  1.269819e-05        1
262  1.186883e-05        1
263  1.556725e-03        1
264  4.806768e-05        1
265  1.235606e-04        1
266  1.740800e-03        1
267  2.419510e-04        1
268  1.613553e-04        1
269  3.844527e-04        1
270  6.907635e-04        1
271  9.185516e-05        1
272  3.679920e-04        1
273  6.203822e-04        1
274  3.394138e-05        1
275  4.260367e-06        1
276  1.584307e-04        1
277  3.408466e-03        1
278  4.996856e-04        1
279  3.230464e-05        1
280  2.402917e-05        1
281  2.475139e-04        1
282  3.126076e-03        1
283  7.198712e-05        1
284  2.192726e-07        1
285  2.304538e-03        1
286  1.664411e-03        1
287  4.053301e-05        1
288  2.919860e-04        1
289  2.181265e-04        1
290  2.270569e-04        1
291  1.090063e-03        1
292  2.204528e-04        1
293  8.700539e-04        1
294  7.561635e-04        1
295  2.793865e-05        1
296  1.152014e-03        1
297  3.925719e-05        1
298  2.850094e-04        1
299  7.061707e-04        1
300  9.287430e-05        1
301  1.835955e-07        1
302  3.571181e-04        1
303  7.500862e-04        1
304  5.513643e-05        1
305  1.596706e-05        1
306  1.920082e-03        1
307  7.571659e-07        1
308  2.554613e-05        1
309  1.653995e-06        1
310  3.034653e-04        1
311  1.207278e-04        1
312  3.963215e-05        1
313  5.635767e-04        1
314  3.052719e-05        1
315  1.339699e-04        1
316  2.716211e-04        1
317  7.790517e-06        1
318  1.127275e-03        1
319  1.166240e-05        1
320  6.364024e-04        1
321  6.715017e-06        1
322  3.103201e-04        1
323  7.455237e-05        1
324  6.601907e-04        1
325  4.681469e-04        1
326  8.330150e-06        1
327  4.112828e-05        1
328  1.137660e-04        1
329  1.163760e-03        1
330  1.865541e-05        1
331  3.478166e-05        1
332  1.432848e-04        1
333  1.477490e-04        1
334  5.527057e-04        1
335  3.606928e-04        1
336  1.453612e-03        1
337  5.020991e-04        1
338  1.205471e-02        1
339  1.677767e-04        1
340  3.699431e-04        1
341  1.255079e-03        1
342  5.173779e-04        1
343  1.098998e-04        1
344  8.591856e-04        1
345  6.749722e-03        1
346  1.754238e-03        1
347  4.052193e-04        1
348  1.275777e-03        1
349  1.025371e-03        1
350  8.026023e-04        1
351  1.501537e-06        1
352  3.002304e-06        1
353  6.641982e-04        1
354  2.881769e-05        1
355  1.248975e-04        1
356  1.001869e-05        1
357  5.237818e-03        1
358  1.325514e-03        1
359  5.017137e-05        1
360  6.068218e-03        1
361  2.376862e-04        1
362  3.801676e-03        1
363  5.758546e-04        1
364  7.937228e-04        1
365  4.469506e-04        1
366  1.472672e-05        1
367  2.083398e-02        1
368  4.235158e-03        1
369  5.924714e-06        1
370  1.780043e-03        1
371  1.424193e-04        1
372  3.964018e-04        1
373  4.477423e-03        1
374  2.007332e-03        1
375  1.009294e-05        1
376  6.595098e-05        1
377  4.045113e-04        1
378  2.277732e-06        1
379  1.727034e-05        1
380  9.052072e-05        1
381  3.991251e-03        1
382  1.000347e-02        1
383  1.445659e-03        1
384  9.417014e-05        1
385  3.200972e-03        1
386  2.847869e-04        1
387  4.217961e-04        1
388  1.523057e-03        1
389  1.840649e-04        1
390  1.688083e-10        1
391  1.448026e-06        1
392  3.062786e-04        1
393  3.051330e-04        1
394  4.702512e-04        1
395  6.397103e-04        1
396  2.700215e-03        1
397  3.324309e-04        1
398  6.402329e-04        1
399  4.891565e-05        1
400  2.409370e-04        1
401  2.191042e-04        1
402  1.243180e-04        1
403  1.235468e-03        1
404  5.636598e-04        1
405  3.195194e-04        1
406  4.244207e-06        1
407  4.073190e-04        1
408  1.083414e-05        1
409  1.080668e-04        1
410  2.422029e-05        1
411  1.373535e-04        1
412  4.620650e-07        1
413  3.108943e-03        1
414  2.988210e-04        1
415  1.252773e-04        1
416  1.896987e-07        1
417  2.554408e-04        1
418  7.788410e-05        1
419  1.413927e-02 <0.02498
420  6.538612e-04        1
421  3.258885e-04        1
422  2.323726e-04        1
423  9.255859e-04        1
424  3.492829e-03        1
425  4.438335e-05        1
426  3.979066e-05        1
427  1.336972e-06        1
428  2.111826e-06        1
429  8.155409e-05        1
430  1.594126e-03        1
431  1.475254e-04        1
432  1.876471e-05        1
433  1.890219e-04        1
434  4.462883e-04        1
435  9.464039e-05        1
436  2.973009e-05        1
437  2.007010e-05        1
438  1.352334e-09        1
439  9.524983e-09        1
440  8.702825e-05        1
441  5.128227e-04        1
442  2.384631e-03        1
443  9.686885e-06        1
444  2.046646e-03        1
445  1.237649e-04        1
446  3.587225e-04        1
447  3.171965e-04        1
448  1.837501e-04        1
449  8.696509e-04        1
450  4.476697e-06        1
451  1.378935e-03        1
452  8.168191e-04        1
453  1.265616e-03        1
454  5.910962e-04        1
455  2.063705e-04        1
456  1.961519e-03        1
457  7.340024e-04        1
458  5.968652e-05        1
459  1.308805e-04        1
460  1.717862e-05        1
461  6.693736e-06        1
462  2.820155e-05        1
463  1.979644e-04        1
464  1.673867e-03        1
465  1.664681e-04        1
466  7.497852e-04        1
467  4.516995e-04        1
468  1.713091e-03        1
469  9.321673e-04        1
470  1.039398e-03        1
471  2.148721e-06        1
472  5.561748e-04        1
473  2.057028e-04        1
474  5.488332e-04        1
475  2.940632e-04        1
476  9.097728e-05        1
477  2.869425e-05        1
478  5.168106e-04        1
479  3.512634e-04        1
480  1.167536e-05        1
481  5.066689e-04        1
482  5.752144e-06        1
483  1.779229e-05        1
484  7.954378e-05        1
485  4.016469e-04        1
486  5.109414e-04        1
487  3.472601e-07        1
488  7.598082e-03        1
489  5.310392e-04        1
490  1.414581e-04        1
491  1.043519e-03        1
492  2.077171e-07        1
493  3.626004e-05        1
494  2.297447e-04        1
495  1.754974e-03        1
496  4.508323e-04        1
497  5.357271e-05        1
498  7.376463e-06        1
499  1.715704e-04        1
500  2.260106e-04        1
501  8.497630e-04        1
502  6.404271e-05        1
503  3.936550e-04        1
504  6.691413e-06        1
505  4.422149e-05        1
506  5.434710e-04        1
507  4.709816e-04        1
508  5.810336e-05        1
509  2.513243e-04        1
510  5.416955e-04        1
511  2.535745e-04        1
512  1.911580e-06        1
513  4.915506e-07        1
514  3.603824e-04        1
515  6.794901e-04        1
516  1.119446e-05        1
517  2.702189e-03        1
518  1.431533e-03        1
519  1.496501e-04        1
520  1.233568e-04        1
521  9.194729e-05        1
522  1.642989e-05        1
523  6.394886e-04        1
524  3.067301e-06        1
525  1.113163e-04        1
526  6.204746e-04        1
527  1.089401e-03        1
528  8.851548e-04        1
529  9.854077e-04        1
530  1.615963e-04        1
531  1.095936e-05        1
532  4.137967e-04        1
533  1.222195e-05        1
534  8.549167e-04        1
535  3.561421e-04        1
536  1.038280e-03        1
537  3.108777e-04        1
538  2.240764e-04        1
539  2.007509e-05        1
540  5.926797e-04        1
541  7.830851e-04        1
542  3.862974e-03        1
543  2.351385e-04        1
544  1.326840e-04        1
545  3.117242e-04        1
546  2.379067e-05        1
547  4.688975e-04        1
548  9.314708e-04        1
549  7.034974e-04        1
550  2.286208e-03        1
551  2.339077e-04        1
552  4.083741e-05        1
553  6.068489e-10        1
554  3.681139e-04        1
555  5.550568e-04        1
556  3.074719e-06        1
557  3.609051e-04        1
558  2.011267e-07        1
559  2.140016e-04        1
560  3.720696e-05        1
561  7.022112e-05        1
562  5.807561e-04        1
563  5.731455e-04        1
564  6.208004e-05        1
565  8.192898e-04        1
566  7.432167e-04        1
567  1.860847e-04        1
568  8.381201e-04        1
569  1.512110e-04        1
570  4.139974e-05        1
571  5.773987e-04        1
572  3.523923e-04        1
573  6.024624e-05        1
574  2.323502e-06        1
575  1.007369e-05        1
576  7.920920e-04        1
577  4.526560e-05        1
578  3.325254e-05        1
579  1.081532e-04        1
580  4.724005e-05        1
581  2.327409e-04        1
582  3.528500e-04        1
583  1.054028e-03        1
584  1.270980e-03        1
585  1.746095e-03        1
586  4.552465e-04        1
587  1.769516e-04        1
588  3.964629e-04        1
589  8.472089e-05        1
590  4.262571e-04        1
591  1.027477e-04        1
592  7.291151e-04        1
593  2.469847e-05        1
594  1.056955e-03        1
595  6.521212e-04        1
596  8.151185e-05        1
597  1.244361e-04        1
598  1.417745e-04        1
599  3.671302e-04        1
600  5.107716e-06        1
601  2.868175e-04        1
602  1.495780e-05        1
603  6.847876e-03   0.8743
604  4.040986e-04        1
605  1.903125e-04        1
606  6.452321e-04        1
607  6.373831e-05        1
608  6.124747e-06        1
609  1.102771e-03        1
610  8.972667e-05        1
611  2.097450e-04        1
612  3.270628e-04        1
613  4.375089e-04        1
614  3.139788e-04        1
615  1.757522e-05        1
616  5.003228e-04        1
617  2.989135e-03        1
618  5.666286e-05        1
619  2.111217e-03        1
620  1.073146e-04        1
621  1.694836e-03        1
622  1.282420e-03        1
623  6.328460e-04        1
624  1.848052e-03        1
625  2.055734e-04        1
626  1.076624e-04        1
627  1.770172e-03        1
628  5.796212e-05        1
629  2.248510e-05        1
630  1.893991e-04        1
631  5.076954e-05        1
632  7.610766e-03        1
633  1.894754e-04        1
634  2.923744e-03        1
635  7.395988e-04        1
636  2.066267e-04        1
637  2.337839e-04        1
638  8.943953e-05        1
639  1.171622e-05        1
640  1.627228e-05        1
641  4.993859e-04        1
642  3.445124e-04        1
643  4.813184e-04        1
644  5.639637e-03        1
645  4.354982e-11        1
646  5.640094e-04        1
647  1.158767e-03        1
648  1.455114e-05        1
649  9.629392e-03        1
650  8.872806e-05        1
651  7.709716e-05        1
652  1.576008e-05        1
653  2.336166e-05        1
654  2.515959e-03        1
655  5.109859e-05        1
656  1.173904e-04        1
657  1.027612e-03        1
658  3.027016e-04        1
659  1.006219e-03        1
660  2.829383e-05        1
661  6.029065e-05        1
662  4.234564e-05        1
663  4.717519e-05        1
664  8.227354e-08        1
665  4.746403e-03        1
666  4.972261e-05        1
667  7.583410e-06        1
668  2.163753e-03        1
669  5.654815e-05        1
670  1.220305e-03        1
671  8.531637e-05        1
672  2.055875e-04        1
673  2.692604e-03        1
674  5.510107e-05        1
675  6.884501e-04        1
676  1.542977e-05        1
677  4.951019e-05        1
678  9.068669e-04        1
679  1.482855e-05        1
680  9.040623e-07        1
681  1.060961e-04        1
682  1.068562e-04        1
683  4.207942e-04        1
684  2.993019e-04        1
685  2.643146e-04        1
686  1.353768e-04        1
687  8.759862e-07        1
688  1.547701e-04        1
689  1.285102e-03        1
690  6.725018e-04        1
691  4.973931e-07        1
692  2.171236e-06        1
693  9.811545e-04        1
694  2.568720e-04        1
695  2.343593e-04        1
696  5.122260e-06        1
697  1.552701e-06        1
698  6.160595e-05        1
699  1.147113e-03        1
700  9.623135e-04        1
701  3.601229e-05        1
702  2.123721e-05        1
703  6.744889e-05        1
704  5.616993e-04        1
705  1.672857e-04        1
706  1.976859e-03        1
707  5.001775e-05        1
708  3.048895e-03  0.34972
709  1.017123e-04        1
710  1.056782e-03        1
711  1.448456e+00 <0.02498
712  7.284583e-04        1
713  2.577990e-04        1
714  3.222530e-08        1
715  1.227316e-04        1
716  1.241708e-06        1
717  3.664232e-04        1
718  1.448524e-04        1
719  1.748619e-04        1
720  3.074972e-05        1
721  1.435786e-03        1
722  2.670741e-04        1
723  6.786143e-04        1
724  3.074755e-04        1
725  1.722810e-04        1
726  9.429370e-05        1
727  9.940046e-05        1
728  1.243213e-03        1
729  3.600679e-04        1
730  6.012810e-04        1
731  7.745623e-07        1
732  3.177223e-05        1
733  5.334378e-07        1
734  1.177304e-05        1
735  3.111156e-06        1
736  4.903245e-05        1
737  1.828840e-03        1
738  2.081800e-03        1
739  1.435519e-04        1
740  8.854246e-05        1
741  4.608856e-05        1
742  1.111458e-03        1
743  9.881242e-04        1
744  8.595598e-05        1
745  6.537592e-05        1
746  3.259488e-04        1
747  3.277806e-04        1
748  7.985294e-07        1
749  1.714304e-04        1
750  1.281799e-05        1
751  3.208344e-03        1
752  1.147813e-05        1
753  3.676828e-04        1
754  8.739030e-05        1
755  1.598014e-05        1
756  5.169974e-04        1
757  8.751112e-04        1
758  2.799570e-04        1
759  2.527860e-05        1
760  1.361938e-04        1
761  6.944804e-04        1
762  1.092801e-04        1
763  1.467806e-05        1
764  4.449000e-05        1
765  2.523129e-04        1
766  2.189759e-05        1
767  3.046916e-04        1
768  6.899841e-05        1
769  4.118030e-04        1
770  4.437768e-04        1
771  1.422626e-04        1
772  6.999083e-05        1
773  2.386962e-06        1
774  2.217015e-04        1
775  2.074529e-04        1
776  1.001945e-05        1
777  9.517806e-05        1
778  2.199691e-05        1
779  2.259588e-04        1
780  3.644893e-06        1
781  6.349449e-07        1
782  7.139347e-04        1
783  1.578993e-06        1
784  3.747884e-04        1
785  3.976949e-04        1
786  1.575290e-03        1
787  3.617571e-03        1
788  1.107825e-03        1
789  1.564337e-05        1
790  3.635834e-04        1
791  3.279660e-04        1
792  5.284880e-04        1
793  9.670288e-04        1
794  6.786220e-06        1
795  2.197015e-06        1
796  1.155687e-04        1
797  2.030250e-03        1
798  2.763575e-04        1
799  3.867128e-05        1
800  2.684393e-07        1
801  1.863606e-04        1
802  1.790632e-05        1
803  3.817719e-04        1
804  7.921514e-06        1
805  5.372762e-08        1
806  2.415055e-04        1
807  3.773897e-05        1
808  7.084993e-04        1
809  4.178422e-05        1
810  2.638984e-03        1
811  6.805809e-05        1
812  2.273109e-04        1
813  1.907721e-06        1
814  7.157365e-04        1
815  3.016180e-04        1
816  2.882854e-04        1
817  2.367321e-03        1
818  2.515333e-04        1
819  2.210249e-09        1
820  5.315634e-04        1
821  4.207185e-05        1
822  1.990638e-04        1
823  9.799127e-05        1
824  1.750571e-05        1
825  1.472209e-04        1
826  3.096837e-04        1
827  1.784892e-03        1
828  5.597739e-05        1
829  4.348946e-06        1
830  6.818813e-04        1
831  3.087126e-05        1
832  2.689624e-03        1
833  1.699689e-04        1
834  3.286226e-04        1
835  4.450231e-04        1
836  1.182875e-04        1
837  1.200663e-03        1
838  2.222073e-04        1
839  1.750274e-04        1
840  1.193388e-04        1
841  5.774584e-06        1
842  2.201891e-04        1
843  8.656937e-06        1
844  2.691470e-04        1
845  2.756357e-04        1
846  1.123849e-04        1
847  2.799034e-05        1
848  7.148776e-05        1
849  3.462733e-04        1
850  5.171809e-04        1
851  4.836279e-05        1
852  3.117144e-04        1
853  1.230959e-04        1
854  1.704941e-05        1
855  4.600955e-06        1
856  5.327007e-04        1
857  2.929637e-04        1
858  3.941333e-06        1
859  9.179584e-05        1
860  1.711342e-04        1
861  1.703245e-03        1
862  3.905112e-05        1
863  5.132080e-05        1
864  6.211429e-04        1
865  3.960152e-04        1
866  7.252838e-05        1
867  3.176397e-05        1
868  7.630414e-06        1
869  1.020719e-02        1
870  1.862373e-04        1
871  5.539398e-04        1
872  7.584958e-05        1
873  7.525073e-05        1
874  3.285461e-04        1
875  7.941615e-04        1
876  8.712706e-04        1
877  4.117913e-04        1
878  3.687515e-03        1
879  5.739712e-04        1
880  2.808569e-04        1
881  4.267412e-03        1
882  2.306007e-04        1
883  1.514025e-04        1
884  3.303999e-05        1
885  6.074554e-03        1
886  6.446489e-04        1
887  3.460498e-04        1
888  8.726386e-04        1
889  8.501952e-06        1
890  2.053529e-04        1
891  9.316770e-04        1
892  2.056082e-04        1
893  1.909671e-03        1
894  1.126405e-07        1
895  1.859569e-04        1
896  8.199303e-04        1
897  5.641695e-05        1
898  3.576169e-04        1
899  8.042194e-06        1
900  2.148105e-04        1
901  2.987219e-05        1
902  5.094903e-04        1
903  1.165590e-03        1
904  8.525646e-07        1
905  3.990972e-04        1
906  9.912217e-05        1
907  7.469813e-05        1
908  2.907696e-06        1
909  1.723856e-05        1
910  2.670811e-04        1
911  2.853134e-05        1
912  1.616935e-04        1
913  1.370819e-03        1
914  1.437090e-04        1
915  5.031388e-04        1
916  1.700643e-05        1
917  1.677700e-06        1
918  4.326414e-05        1
919  1.154909e-03        1
920  6.595810e-04        1
921  3.764871e-05        1
922  5.264692e-06        1
923  5.377221e-04        1
924  4.752807e-04        1
925  3.160706e-04        1
926  3.373330e-05        1
927  2.873081e-04        1
928  1.634007e-05        1
929  1.129646e-04        1
930  2.649905e-06        1
931  1.059987e-04        1
932  1.192502e-04        1
933  3.685557e-04        1
934  3.416472e-04        1
935  4.248397e-04        1
936  2.183496e-04        1
937  9.132020e-05        1
938  8.323105e-04        1
939  3.987705e-07        1
940  1.482461e-04        1
941  2.943446e-04        1
942  3.645376e-04        1
943  5.368609e-04        1
944  7.960525e-04        1
945  2.661729e-04        1
946  2.429433e-04        1
947  2.361068e-04        1
948  8.088839e-05        1
949  5.120042e-04        1
950  3.730123e-04        1
951  4.134333e-05        1
952  7.181338e-04        1
953  1.147040e-03        1
954  8.708018e-05        1
955  1.443216e-03        1
956  2.722832e-04        1
957  2.235504e-04        1
958  1.728534e-03        1
959  3.086769e-04        1
960  5.888919e-04        1
961  6.586568e-04        1
962  2.989033e-07        1
963  1.925892e-04        1
964  1.361773e-04        1
965  4.934997e-04        1
966  1.571637e-04        1
967  7.718402e-04        1
968  2.592902e-04        1
969  4.643838e-03 <0.02498
970  3.335885e-04        1
971  2.838921e-05        1
972  1.751390e-03        1
973  1.123414e-03        1
974  6.511518e-04        1
975  7.356229e-04        1
976  2.896429e-04        1
977  1.355738e-04        1
978  3.211639e-05        1
979  3.637976e-07        1
980  8.187684e-04        1
981  1.137567e-04        1
982  1.554540e-05        1
983  4.579630e-04        1
984  1.107016e-04        1
985  7.424803e-06        1
986  2.643963e-04        1
987  1.992693e-04        1
988  1.580068e-04        1
989  1.925975e-06        1
990  7.874384e-05        1
991  3.463649e-04        1
992  9.819927e-05        1
993  2.662433e-05        1
994  4.405906e-05        1
995  5.308148e-04        1
996  1.086580e-07        1
997  4.924193e-03        1
998  2.619385e-04        1
999  1.681772e-04        1
1000 7.214617e-06        1
1001 1.208955e-04        1
1002 2.587941e-05        1
1003 1.821825e-04        1
1004 1.320776e-04        1
1005 4.127777e-03        1
1006 1.576800e-04        1
1007 1.831804e-05        1
1008 2.862736e-05        1
1009 1.454719e-03        1
1010 9.691156e-05        1
1011 5.435576e-04        1
1012 2.792729e-05        1
1013 4.236067e-04        1
1014 3.117932e-03        1
1015 2.537585e-04        1
1016 9.036220e-06        1
1017 7.360894e-05        1
1018 1.666159e-04        1
1019 3.904567e-10        1
1020 1.438574e-03        1
1021 1.954000e-03        1
1022 6.598287e-04        1
1023 3.218039e-04        1
1024 5.447733e-04        1
1025 6.774857e-07        1
1026 3.340735e-04        1
1027 7.258577e-05        1
1028 3.577523e-10        1
1029 1.542893e-03        1
1030 7.958757e-05        1
1031 1.721779e-04        1
1032 1.469873e-04        1
1033 9.762256e-05        1
1034 4.956805e-05        1
1035 3.313669e-03        1
1036 1.859212e-03        1
1037 3.452813e-05        1
1038 8.039061e-06        1
1039 1.194535e-03        1
1040 2.948861e-05        1
1041 1.405299e-03        1
1042 6.008866e-04        1
1043 9.793295e-07        1
1044 2.206810e-01 <0.02498
1045 4.380370e-05        1
1046 2.114047e-03        1
1047 2.991778e-05        1
1048 5.417515e-04        1
1049 1.881667e-03        1
1050 3.074791e-03        1
1051 1.410237e-03        1
1052 1.192702e-03        1
1053 9.030244e-05        1
1054 3.456681e-05        1
1055 5.913039e-06        1
1056 1.657785e-04        1
1057 1.224342e-02        1
1058 1.530723e-03        1
1059 8.803759e-05        1
1060 1.500457e-05        1
1061 2.784320e-05        1
1062 5.523407e-04        1
1063 5.004522e-05        1
1064 1.891715e-04        1
1065 1.847986e-05        1
1066 9.821306e-04        1
1067 7.464301e-04        1
1068 1.053634e-02        1
1069 7.616651e-03        1
1070 1.165553e-04        1
1071 1.970527e-03        1
1072 8.486758e-07        1
1073 7.571832e-06        1
1074 2.334155e-03        1
1075 1.333250e-04        1
1076 1.212451e-03        1
1077 1.495598e-03        1
1078 1.343414e-03        1
1079 2.831124e-04        1
1080 4.176409e-04        1
1081 8.783141e-05        1
1082 1.628847e-06        1
1083 4.346592e-04        1
1084 5.625145e-04        1
1085 8.255413e-08        1
1086 6.106659e-04        1
1087 7.060653e-03        1
1088 2.678513e-04        1
1089 2.268869e-04        1
1090 2.298700e-05        1
1091 4.336214e-04        1
1092 9.559922e-06        1
1093 3.391256e-03        1
1094 1.299929e-03        1
1095 1.164711e-04        1
1096 6.576146e-05        1
1097 7.875710e-08        1
1098 9.793763e-04        1
1099 1.147943e-04        1
1100 8.855236e-04        1
1101 2.886867e-05        1
1102 7.220563e-04        1
1103 1.190513e-05        1
1104 3.046387e-03        1
1105 1.012177e-04        1
1106 1.232418e-04        1
1107 2.140045e-04        1
1108 1.347409e-07        1
1109 3.867940e-06        1
1110 2.325689e-04        1
1111 2.071949e-03        1
1112 5.319072e-07        1
1113 2.518230e-04        1
1114 1.120866e-05        1
1115 4.555486e-05        1
1116 9.257896e-04        1
1117 1.047517e-04        1
1118 1.438024e-04        1
1119 5.165965e-03        1
1120 4.289653e-06        1
1121 7.909045e-05        1
1122 3.153900e-04        1
1123 1.388207e-02        1
1124 5.671144e-03        1
1125 1.095982e-07        1
1126 3.812648e-04        1
1127 5.695433e-06        1
1128 1.043577e-03        1
1129 1.132002e-04        1
1130 4.620487e-06        1
1131 3.022439e-04        1
1132 1.123830e-03        1
1133 2.544196e-03        1
1134 1.286918e-03        1
1135 2.297396e-04        1
1136 3.602144e-05        1
1137 1.289340e-04        1
1138 2.926935e-06        1
1139 2.803106e-03        1
1140 8.764961e-04        1
1141 1.582889e-04        1
1142 5.066777e-04        1
1143 3.402346e-04        1
1144 4.359139e-04        1
1145 2.082984e-04        1
1146 2.672342e-04        1
1147 2.045893e-03        1
1148 9.231366e-04        1
1149 3.328715e-06        1
1150 1.014570e-04        1
1151 4.028108e-04        1
1152 3.238023e-03        1
1153 5.078967e-07        1
1154 8.234919e-07        1
1155 3.251285e-04        1
1156 1.717965e-05        1
1157 1.251726e-04        1
1158 2.093377e-04        1
1159 9.420508e-04        1
1160 4.741881e-03  0.02498
1161 1.145799e-03        1
1162 4.439929e-04        1
1163 6.865211e-05        1
1164 3.146026e-04        1
1165 3.339264e-05        1
1166 5.903069e-06        1
1167 8.003168e-06        1
1168 3.470025e-04        1
1169 1.418639e-06        1
1170 1.286444e-04        1
1171 7.017262e-06        1
1172 3.334546e-06        1
1173 7.721454e-04        1
1174 6.237238e-05        1
1175 7.432526e-06        1
1176 2.639556e-03        1
1177 8.700747e-04        1
1178 1.551351e-03        1
1179 3.119666e-03        1
1180 8.782134e-03 <0.02498
1181 7.964870e-04        1
1182 3.325118e-04        1
1183 1.474892e-04        1
1184 2.222702e-05        1
1185 3.670275e-06        1
1186 1.516611e-04        1
1187 1.173642e-04        1
1188 1.763292e-04        1
1189 1.169085e-03        1
1190 6.970767e-04        1
1191 4.030795e-03        1
1192 2.745158e-05        1
1193 2.830705e-05        1
1194 2.722684e-05        1
1195 5.495748e-04        1
1196 7.441996e-04        1
1197 3.716425e-04        1
1198 3.680035e-05        1
1199 1.152337e-04        1
1200 5.358239e-04        1
1201 8.428943e-07        1
1202 1.822656e-04        1
1203 5.059175e-04        1
1204 2.221800e-04        1
1205 3.753331e-04        1
1206 3.092102e-05        1
1207 2.407857e-04        1
1208 5.983009e-04        1
1209 1.621519e-04        1
1210 2.771352e-05        1
1211 3.200069e-05        1
1212 1.297197e-04        1
1213 1.428039e-05        1
1214 7.107169e-05        1
1215 3.790164e-04        1
1216 2.953163e-03        1
1217 2.297504e-03        1
1218 1.979065e-05        1
1219 1.102411e-03        1
1220 7.460017e-04        1
1221 1.385128e-03        1
1222 3.680462e-04        1
1223 1.009165e-04        1
1224 2.319130e-04        1
1225 5.661925e-04        1
1226 4.789577e-05        1
1227 8.004218e-04        1
1228 6.968492e-05        1
1229 1.495321e-04        1
1230 2.514737e-04        1
1231 1.971936e-04        1
1232 4.959372e-04        1
1233 3.283783e-04        1
1234 4.193428e-06        1
1235 5.479642e-04        1
1236 7.574422e-04        1
1237 3.617560e-04        1
1238 1.603885e-04        1
1239 1.376059e-04        1
1240 4.273716e-04        1
1241 3.343855e-04        1
1242 2.774008e-05        1
1243 3.484605e-04        1
1244 1.180584e-04        1
1245 7.965343e-06        1
1246 2.980498e-04        1
1247 9.278522e-04        1
1248 4.643801e-07        1
1249 6.370989e-08        1

$`MR-PRESSO results`$`Distortion Test`
$`MR-PRESSO results`$`Distortion Test`$`Outliers Indices`
[1]   86  419  711  969 1044 1160 1180

$`MR-PRESSO results`$`Distortion Test`$`Distortion Coefficient`
beta.exposure 
     53.00039 

$`MR-PRESSO results`$`Distortion Test`$Pvalue
[1] 0.30154



