$`Main MR results`
       Exposure       MR Analysis Causal Estimate        Sd    T-stat   P-value
1 beta.exposure               Raw       0.3651342 0.3205526 1.1390773 0.2557113
2 beta.exposure Outlier-corrected       0.1037301 0.2409971 0.4304205 0.6672450

$`MR-PRESSO results`
$`MR-PRESSO results`$`Global Test`
$`MR-PRESSO results`$`Global Test`$RSSobs
[1] 440.5538

$`MR-PRESSO results`$`Global Test`$Pvalue
[1] "<1e-04"


$`MR-PRESSO results`$`Outlier Test`
          RSSobs  Pvalue
1   1.674944e-05       1
2   9.937470e-04       1
3   4.346768e-03       1
4   2.474791e-04       1
5   1.530822e-03       1
6   5.572191e-03       1
7   3.991796e-04       1
8   1.772663e-04       1
9   1.784425e-02       1
10  6.042223e-03       1
11  6.158171e-04       1
12  1.382596e-03       1
13  6.421583e-04       1
14  3.383260e-03       1
15  5.262590e-05       1
16  9.092991e-04       1
17  4.719745e-04       1
18  6.287298e-05       1
19  1.694704e-02       1
20  1.077275e-04       1
21  1.284848e-03       1
22  2.892104e-04       1
23  5.330220e-04       1
24  5.812678e-03       1
25  2.796168e-03       1
26  1.742838e-02       1
27  4.139556e-03       1
28  6.879573e-03       1
29  3.605695e-04       1
30  1.393707e-03       1
31  9.821513e-02       1
32  2.362042e-05       1
33  6.651632e-03       1
34  6.062845e-03       1
35  2.227653e-03       1
36  3.313854e-03       1
37  1.633131e-02       1
38  1.157977e-03       1
39  8.969055e-04       1
40  9.110127e-04       1
41  4.589825e-03       1
42  7.468734e-05       1
43  3.822851e-04       1
44  4.506826e-04       1
45  7.753198e-06       1
46  7.897972e-03       1
47  1.393089e-02       1
48  3.244482e-03       1
49  4.412862e-03       1
50  3.138840e-04       1
51  2.417679e-03       1
52  2.160107e-04       1
53  1.261114e-02       1
54  6.100831e-03       1
55  1.559541e-03       1
56  4.963721e-04       1
57  2.650305e-04       1
58  2.317750e-04       1
59  4.659432e-03       1
60  2.479819e-05       1
61  1.145411e-03       1
62  2.691439e-04       1
63  2.380108e-04       1
64  8.623630e-04       1
65  1.425800e-02       1
66  1.299313e-02       1
67  3.718385e-04       1
68  6.021537e-03       1
69  1.006447e-03       1
70  1.739832e+00       1
71  4.341682e-04       1
72  1.522134e-04       1
73  1.580985e-02       1
74  3.331157e-03       1
75  3.447602e-03       1
76  1.981930e-04       1
77  2.220808e-03       1
78  3.364299e-05       1
79  9.589116e-04       1
80  2.503472e-03       1
81  2.513832e-04       1
82  1.566547e-03       1
83  1.928173e-02       1
84  3.877860e-04       1
85  2.074102e-01       1
86  6.542750e-05       1
87  1.377557e-02       1
88  3.983380e-04       1
89  3.281441e-04       1
90  8.852999e-04       1
91  1.503118e-03       1
92  4.250464e-03       1
93  5.897791e-04       1
94  2.661937e-04       1
95  1.627132e-03       1
96  2.292034e-02       1
97  8.556238e-03       1
98  9.457944e-04       1
99  1.828255e-03       1
100 1.048525e-02       1
101 1.891359e-03       1
102 2.364123e-04       1
103 9.765554e-06       1
104 9.126670e-03       1
105 2.407749e-04       1
106 5.551641e-04       1
107 1.003014e-03       1
108 4.102226e-03       1
109 3.835621e-04       1
110 1.700269e-02       1
111 9.986932e-04       1
112 6.164618e-03       1
113 1.284306e-03       1
114 2.925051e-05       1
115 1.274116e-05       1
116 3.596721e-04       1
117 1.511319e-05       1
118 4.507012e-03       1
119 2.225831e-04       1
120 1.139962e-02       1
121 4.653261e-03       1
122 1.016531e-02       1
123 4.577033e-03       1
124 4.208926e-03       1
125 7.311555e-04       1
126 1.373324e-02       1
127 2.882162e-03       1
128 1.458882e-03       1
129 3.924187e-04       1
130 4.670206e-05       1
131 1.453872e-03       1
132 8.568125e-05       1
133 1.786699e-02       1
134 1.115969e-04       1
135 8.330432e-03       1
136 4.545825e-03       1
137 2.461684e-03       1
138 3.694171e-03       1
139 9.065213e-04       1
140 7.841415e-03       1
141 7.338364e-04       1
142 3.128278e-04       1
143 8.799584e-03       1
144 2.384326e-05       1
145 4.859685e-04       1
146 3.104168e-02       1
147 5.651854e-04       1
148 9.383523e-04       1
149 5.481314e-03       1
150 1.299628e-02       1
151 1.830783e-03       1
152 8.065990e-04       1
153 3.021019e-05       1
154 2.030403e-03       1
155 7.345249e-04       1
156 1.910609e-03       1
157 5.042997e-04       1
158 8.464630e-04       1
159 1.021761e-04       1
160 1.461192e-02       1
161 5.834675e-04       1
162 1.382251e-02       1
163 9.603758e-04       1
164 3.155870e-04       1
165 2.466674e-03       1
166 4.420302e-03       1
167 1.036647e-04       1
168 7.289838e-04       1
169 1.418920e-04       1
170 2.760533e-03       1
171 5.071818e-02       1
172 8.844600e-04       1
173 1.489167e-05       1
174 2.284864e-04       1
175 2.084990e-02       1
176 3.388490e-03       1
177 5.790601e-06       1
178 5.412535e-03       1
179 3.452995e-03       1
180 3.433919e-03       1
181 2.558010e-02       1
182 4.342109e-03       1
183 1.664120e-04       1
184 1.409575e-05       1
185 1.096985e-05       1
186 1.483820e-03       1
187 1.037785e-03       1
188 5.871036e-05       1
189 2.351812e-03       1
190 5.518161e-03       1
191 7.559945e-04       1
192 6.214207e-04       1
193 3.069541e-04       1
194 8.570969e-04       1
195 7.690688e-03       1
196 3.270188e-03       1
197 3.169730e-05       1
198 2.869741e-03       1
199 1.632851e-02       1
200 1.795497e-03       1
201 6.032121e-03       1
202 6.167169e-01 <0.0263
203 1.228064e-02       1
204 2.472851e-04       1
205 5.863934e-05       1
206 1.106183e-05       1
207 1.768632e-03       1
208 2.417034e-03       1
209 3.349117e-04       1
210 3.859300e-04       1
211 1.785379e-03       1
212 6.427454e-05       1
213 1.355321e-02       1
214 7.019171e-03       1
215 7.710270e-04       1
216 2.193330e-03       1
217 7.608737e-03       1
218 1.421008e-04       1
219 8.169727e-04       1
220 3.349356e-02       1
221 7.483146e-03       1
222 3.306277e-05       1
223 4.554211e-04       1
224 3.532363e-03       1
225 3.269048e-02       1
226 6.722196e-04       1
227 2.753321e-02       1
228 2.664842e-03       1
229 1.897858e-03       1
230 9.385450e-03       1
231 4.390953e-02       1
232 7.480492e-03       1
233 3.922366e-03       1
234 2.688470e-03       1
235 1.252558e-03       1
236 1.910285e-03       1
237 1.312986e-03       1
238 4.307970e-03       1
239 2.971961e-03       1
240 9.449989e-05       1
241 4.443319e-05       1
242 2.814219e-04       1
243 4.331964e-04       1
244 5.015477e-04       1
245 3.097903e-03       1
246 1.291250e-03       1
247 4.706547e-03       1
248 1.048739e-03       1
249 3.539118e-04       1
250 9.204963e-08       1
251 2.501274e-02       1
252 2.617114e-03       1
253 2.022182e-03       1
254 3.975382e-03       1
255 1.007799e-02       1
256 2.763347e-04       1
257 9.259860e-05       1
258 5.379007e-03       1
259 1.936479e-03       1
260 1.312057e-03       1
261 2.686343e-03       1
262 1.851345e-03       1
263 7.357735e-04       1

$`MR-PRESSO results`$`Distortion Test`
$`MR-PRESSO results`$`Distortion Test`$`Outliers Indices`
[1] 202

$`MR-PRESSO results`$`Distortion Test`$`Distortion Coefficient`
beta.exposure 
     252.0041 

$`MR-PRESSO results`$`Distortion Test`$Pvalue
[1] 0.13



