$`Main MR results`
       Exposure       MR Analysis Causal Estimate         Sd    T-stat
1 beta.exposure               Raw      -0.7376577 0.05581918 -13.21513
2 beta.exposure Outlier-corrected              NA         NA        NA
       P-value
1 8.800974e-39
2           NA

$`MR-PRESSO results`
$`MR-PRESSO results`$`Global Test`
$`MR-PRESSO results`$`Global Test`$RSSobs
[1] 3287.189

$`MR-PRESSO results`$`Global Test`$Pvalue
[1] 3e-05


$`MR-PRESSO results`$`Outlier Test`
           RSSobs  Pvalue
1    8.210130e-05       1
2    8.856935e-05       1
3    8.782590e-04       1
4    1.218361e-04       1
5    8.552162e-04       1
6    3.287873e-03       1
7    3.317766e-03       1
8    4.134325e-03       1
9    1.222006e-03       1
10   2.693442e-06       1
11   7.827090e-04       1
12   3.425026e-06       1
13   5.958597e-05       1
14   2.261101e-03       1
15   4.183546e-06       1
16   3.503500e-04       1
17   5.032640e-05       1
18   1.032804e-04       1
19   1.192392e-03       1
20   1.697750e-05       1
21   5.559415e-03       1
22   4.077827e-03       1
23   7.889977e-04       1
24   9.738941e-04       1
25   3.194427e-03       1
26   1.055010e-03       1
27   4.762278e-04       1
28   1.407078e-03       1
29   4.644641e-04       1
30   1.304158e-05       1
31   9.059584e-04       1
32   7.614073e-04       1
33   2.557635e-04       1
34   5.123705e-04       1
35   1.920906e-04       1
36   7.011806e-03       1
37   4.601098e-05       1
38   1.093214e-03       1
39   7.440650e-04       1
40   3.539654e-03       1
41   2.668915e-06       1
42   2.935480e-05       1
43   2.182468e-03       1
44   4.150629e-04       1
45   6.382627e-04       1
46   1.002437e-04       1
47   2.422055e-03       1
48   3.963070e-07       1
49   6.043479e-04       1
50   4.755623e-04       1
51   1.721512e-03       1
52   7.093541e-03       1
53   7.632535e-04       1
54   1.964845e-06       1
55   1.800284e-04       1
56   7.326338e-04       1
57   4.312120e-03       1
58   1.124635e-05       1
59   2.854961e-04       1
60   6.663320e-05       1
61   1.146992e-06       1
62   4.166966e-05       1
63   2.863186e-04       1
64   2.566378e-03       1
65   6.084867e-04       1
66   6.706995e-04       1
67   2.618716e-03       1
68   2.235676e-04       1
69   1.052029e-03       1
70   2.198816e-04       1
71   1.407606e-03       1
72   1.160021e-06       1
73   2.830905e-03       1
74   8.237562e-06       1
75   2.354794e-03       1
76   2.862792e-04       1
77   2.558084e-05       1
78   8.335292e-05       1
79   1.696188e-03       1
80   1.124911e-05       1
81   1.438980e-03       1
82   1.763465e-03       1
83   3.469917e-03       1
84   5.567585e-04       1
85   1.301258e-07       1
86   6.093935e-04       1
87   4.159060e-05       1
88   2.773508e-04       1
89   1.907990e-04       1
90   2.142506e-03       1
91   4.727414e-04       1
92   2.543910e-04       1
93   2.742310e-04       1
94   1.462437e-04       1
95   1.826255e-02       1
96   5.725724e-04       1
97   7.560507e-04       1
98   4.223745e-03       1
99   3.790991e-05       1
100  1.052170e-03       1
101  1.241634e-03       1
102  6.059667e-04       1
103  4.183757e-03       1
104  4.841783e-04       1
105  8.695888e-04       1
106  1.791115e-04       1
107  1.779016e-03       1
108  1.178368e-04       1
109  1.082674e-03       1
110  6.043466e-04       1
111  3.692311e-06       1
112  2.194834e-04       1
113  5.458570e-04       1
114  1.053308e-02       1
115  2.899667e-03       1
116  9.681214e-05       1
117  5.005484e-05       1
118  3.603148e-05       1
119  4.370301e-04       1
120  1.903990e-04       1
121  1.184509e-03       1
122  8.776833e-04       1
123  2.719785e-05       1
124  2.892905e-04       1
125  4.583018e-04       1
126  9.848420e-04       1
127  1.861809e-04       1
128  8.111353e-04       1
129  9.574891e-06       1
130  2.787997e-04       1
131  4.560620e-06       1
132  9.974242e-05       1
133  1.609470e-03       1
134  1.904341e-05       1
135  1.660651e-04       1
136  5.089125e-05       1
137  1.981408e-04       1
138  3.116394e-04       1
139  2.582024e-04       1
140  2.813138e-03       1
141  5.550468e-03       1
142  5.528212e-05       1
143  8.552041e-04       1
144  4.310168e-05       1
145  1.508286e-03       1
146  7.733953e-04       1
147  3.171181e-04       1
148  2.063505e-04       1
149  9.552736e-05       1
150  1.529363e-04       1
151  4.857897e-07       1
152  5.643389e-04       1
153  1.436090e-03       1
154  3.170557e-03       1
155  1.711548e-03       1
156  5.152981e-04       1
157  4.006135e-04       1
158  4.090533e-05       1
159  1.522613e-04       1
160  1.617402e-03       1
161  1.434221e-04       1
162  5.348546e-04       1
163  3.600384e-04       1
164  1.737523e-03       1
165  3.229456e-05       1
166  7.656725e-04       1
167  2.159227e-06       1
168  5.436800e-06       1
169  3.678406e-04       1
170  5.875192e-04       1
171  1.669690e-03       1
172  3.389712e-04       1
173  4.571304e-04       1
174  5.167085e-06       1
175  4.014071e-05       1
176  6.405418e-07       1
177  2.183667e-05       1
178  1.287757e-03       1
179  5.040049e-04       1
180  3.147466e-05       1
181  3.678078e-03       1
182  1.039998e-03       1
183  1.075109e-04       1
184  2.201077e-05       1
185  2.748566e-04       1
186  7.783578e-06       1
187  2.142244e-05       1
188  5.133798e-04       1
189  3.189420e-05       1
190  1.487706e-03       1
191  9.558007e-04       1
192  3.615568e-03       1
193  1.410632e-04       1
194  3.575607e-04       1
195  1.151073e-04       1
196  2.721370e-04       1
197  1.507713e-04       1
198  7.606212e-06       1
199  1.350279e-03       1
200  2.636344e-03       1
201  2.391141e-04       1
202  6.152208e-04       1
203  2.191902e-03       1
204  4.129249e-04       1
205  1.897446e-05       1
206  5.365990e-04       1
207  3.489141e-03       1
208  6.824607e-05       1
209  5.952718e-07       1
210  6.982385e-04       1
211  5.290314e-04       1
212  2.940613e-04       1
213  1.875081e-03       1
214  4.164149e-04       1
215  5.211958e-04       1
216  4.056820e-04       1
217  4.558702e-05       1
218  2.014331e-03       1
219  5.156723e-03       1
220  9.075970e-03       1
221  4.697462e-04       1
222  7.174488e-04       1
223  7.926954e-05       1
224  5.816266e-04       1
225  2.559334e-04       1
226  1.168779e-04       1
227  2.361687e-04       1
228  2.671449e-03       1
229  3.588804e-04       1
230  3.298083e-04       1
231  8.552810e-05       1
232  7.886810e-08       1
233  1.489157e-03       1
234  1.303370e-03       1
235  1.385230e-04       1
236  1.259340e-03       1
237  9.541496e-04       1
238  1.278517e-03       1
239  2.940357e-04       1
240  2.169248e-05       1
241  1.692487e-04       1
242  1.780506e-04       1
243  3.919139e-05       1
244  1.306727e-03       1
245  3.550615e-04       1
246  2.825967e-03       1
247  1.160777e-03       1
248  2.635703e-04       1
249  4.296113e-04       1
250  1.836491e-03       1
251  5.251680e-03       1
252  1.022951e-04       1
253  7.217611e-05       1
254  1.696843e-03       1
255  5.273782e-04       1
256  1.168081e-04       1
257  1.954922e-03       1
258  2.965080e-04       1
259  1.207388e-03       1
260  7.415850e-04       1
261  4.474040e-05       1
262  1.084180e-04       1
263  3.355101e-07       1
264  1.118347e-04       1
265  2.257157e-05       1
266  4.168098e-03       1
267  7.092329e-05       1
268  5.058393e-03       1
269  3.333559e-04       1
270  2.599471e-05       1
271  2.612748e-05       1
272  3.889742e-04       1
273  1.491256e-03       1
274  1.116754e-03       1
275  1.181311e-04       1
276  8.680754e-04       1
277  1.003287e-02       1
278  1.113209e-03       1
279  5.222447e-03       1
280  8.549237e-03       1
281  4.438984e-05       1
282  3.647173e-03       1
283  4.638752e-05       1
284  5.532962e-04       1
285  5.790792e-04       1
286  1.023835e-02       1
287  1.030196e-04       1
288  5.935162e-04       1
289  7.510036e-04       1
290  3.029363e-03       1
291  6.751280e-04       1
292  3.374970e-03       1
293  1.048851e-04       1
294  1.966311e-03       1
295  7.176401e-03       1
296  1.349503e-04       1
297  1.946556e-04       1
298  7.182911e-06       1
299  1.737574e-04       1
300  6.537743e-04       1
301  2.253614e-03       1
302  3.228934e-03       1
303  1.885672e-05       1
304  6.688219e-05       1
305  2.168563e-03       1
306  2.714411e-04       1
307  1.152745e-02       1
308  2.458191e-03       1
309  1.887765e-02       1
310  1.052807e-03       1
311  7.348877e-04       1
312  2.828356e-03       1
313  2.539979e-03       1
314  5.547831e-04       1
315  6.603135e-05       1
316  1.040060e-02       1
317  2.007790e-03       1
318  5.488485e-04       1
319  1.288232e-02       1
320  2.135410e-02       1
321  9.606916e-03       1
322  3.046474e-03       1
323  1.490618e-02       1
324  5.982904e-02       1
325  1.353290e-02       1
326  1.867937e-03       1
327  5.669694e-03       1
328  1.235763e-03       1
329  2.328186e-05       1
330  1.606272e-03       1
331  6.055964e-04       1
332  2.215187e-02       1
333  1.306507e-03       1
334  4.905103e-04       1
335  1.191267e-05       1
336  3.661089e-05       1
337  2.387411e-03       1
338  2.973222e-04       1
339  1.898404e-04       1
340  6.148391e-03       1
341  1.162081e-02       1
342  4.881505e-03       1
343  9.462484e-04       1
344  1.227068e-05       1
345  5.753066e-05       1
346  4.066270e-03       1
347  3.015043e-04       1
348  1.328314e-03       1
349  3.734954e-03       1
350  8.991134e-04       1
351  7.612772e-02       1
352  8.508481e-04       1
353  4.817333e-10       1
354  4.864384e-06       1
355  1.082681e-02       1
356  2.147242e-02       1
357  1.147724e-04       1
358  1.406681e-02       1
359  6.508289e-02       1
360  3.305747e-05       1
361  5.096763e-04       1
362  1.448475e-03       1
363  3.716464e-03       1
364  1.162879e-03       1
365  4.563091e-04       1
366  5.109162e-02       1
367  6.045366e-03       1
368  9.078289e-04       1
369  2.119769e-02       1
370  5.140839e-05       1
371  5.300144e-03       1
372  1.866234e-04       1
373  1.474631e-03       1
374  1.554212e-03       1
375  6.322672e-03       1
376  9.250374e-03       1
377  1.621476e-03       1
378  1.279828e-06       1
379  1.734051e-02       1
380  3.506103e-03       1
381  2.566781e-04       1
382  1.697829e-04       1
383  1.141416e-04       1
384  8.128217e-03       1
385  1.836109e-03       1
386  7.410294e-04       1
387  2.986040e-04       1
388  4.571631e-04       1
389  3.159938e-03       1
390  3.313449e-03       1
391  7.947253e-03       1
392  3.614380e-03       1
393  1.639247e-05       1
394  1.496349e-06       1
395  6.863887e-04       1
396  8.700164e-04       1
397  4.064409e-05       1
398  1.665582e-03       1
399  1.101555e-03       1
400  3.527252e-04       1
401  8.847932e-05       1
402  3.274042e-04       1
403  1.194860e-02       1
404  1.085125e-03       1
405  1.832100e-04       1
406  6.238241e-06       1
407  1.894687e-04       1
408  1.709180e-07       1
409  9.322594e-04       1
410  1.197333e-02       1
411  3.346985e-03       1
412  1.216080e-03       1
413  3.658678e-03       1
414  1.570758e-03       1
415  1.393315e-04       1
416  2.192754e-03       1
417  1.614151e-05       1
418  3.492339e-05       1
419  1.238500e-04       1
420  7.565883e-05       1
421  2.881198e-04       1
422  3.259843e-03       1
423  5.806013e-04       1
424  3.527962e-03       1
425  6.211204e-04       1
426  4.162280e-04       1
427  5.211372e-05       1
428  9.524604e-06       1
429  5.882178e-04       1
430  5.791669e-04       1
431  1.436807e-03       1
432  1.776458e-03       1
433  3.072843e-05       1
434  2.005810e-03       1
435  2.151821e-03       1
436  1.394008e-03       1
437  5.529836e-04       1
438  2.328345e-02       1
439  2.443686e-03       1
440  1.810482e-03       1
441  1.270875e-03       1
442  9.985683e-04       1
443  5.213016e-03       1
444  1.586945e-03       1
445  5.132171e-04       1
446  1.222762e-03       1
447  7.395318e-04       1
448  5.780958e-05       1
449  6.081745e-05       1
450  1.472831e-04       1
451  1.222501e-03       1
452  2.696821e-07       1
453  8.091237e-07       1
454  2.324491e-04       1
455  2.701771e-04       1
456  9.107986e-04       1
457  1.179630e-05       1
458  2.496238e-03       1
459  1.295332e-03       1
460  3.088694e-03       1
461  4.762096e-04       1
462  9.414306e-05       1
463  7.134359e-05       1
464  3.928502e-04       1
465  2.905668e-02       1
466  2.641542e-03       1
467  5.860565e-04       1
468  1.210226e-03       1
469  1.235239e-04       1
470  3.515268e-02       1
471  1.122934e-05       1
472  3.628111e-04       1
473  8.920679e-05       1
474  8.014026e-04       1
475  1.354738e-03       1
476  1.143537e-01       1
477  1.212954e-02       1
478  1.453086e-03       1
479  6.454119e-04       1
480  2.132065e-02       1
481  2.648526e-03       1
482  4.835963e-06       1
483  4.034678e-04       1
484  7.379720e-04       1
485  5.785781e-05       1
486  1.829063e-03       1
487  1.467919e-03       1
488  4.623524e-05       1
489  2.523953e-03       1
490  1.788351e-04       1
491  6.867651e-04       1
492  7.872801e-04       1
493  1.172830e-03       1
494  1.001400e-02       1
495  2.556735e-03       1
496  3.541693e-04       1
497  1.553110e-02       1
498  6.902594e-05       1
499  2.776139e-04       1
500  1.898872e-04       1
501  8.564678e-04       1
502  4.981378e-04       1
503  2.953543e-04       1
504  2.171410e-04       1
505  6.265679e-03       1
506  1.263650e-04       1
507  7.931838e-05       1
508  6.254440e-04       1
509  1.726761e-03       1
510  1.717885e-04       1
511  5.433907e-04       1
512  4.442003e-07       1
513  6.136005e-04       1
514  2.563990e-04       1
515  3.281522e-04       1
516  2.163365e-04       1
517  1.411587e-03       1
518  1.220537e-05       1
519  1.229821e-05       1
520  4.832332e-04       1
521  7.464402e-05       1
522  5.954244e-03       1
523  1.349635e-03       1
524  4.537310e-05       1
525  1.069339e-04       1
526  1.009070e-03       1
527  6.582984e-04       1
528  2.972940e-04       1
529  2.038725e-03       1
530  1.135510e-05       1
531  2.215128e-02       1
532  3.604482e-04       1
533  9.791506e-04       1
534  8.590379e-06       1
535  6.124461e-04       1
536  3.941078e-03       1
537  1.210462e-04       1
538  9.847873e-05       1
539  1.515952e-04       1
540  8.627919e-04       1
541  1.569700e-04       1
542  1.226212e-03       1
543  1.503109e-04       1
544  1.857168e-03       1
545  7.357139e-04       1
546  7.118443e-05       1
547  3.294233e-03       1
548  6.565504e-05       1
549  1.613068e-04       1
550  1.567775e-04       1
551  9.338764e-04       1
552  4.193752e-04       1
553  1.149425e-06       1
554  1.622129e-05       1
555  2.177129e-04       1
556  2.369365e-07       1
557  1.614534e-04       1
558  6.313761e-03       1
559  3.158676e-04       1
560  3.369770e-06       1
561  4.313391e-04       1
562  1.377326e-05       1
563  9.526945e-05       1
564  2.679480e-03       1
565  1.037460e-05       1
566  4.279145e-05       1
567  8.543502e-05       1
568  9.481072e-04       1
569  1.796016e-03       1
570  1.472174e-08       1
571  3.040978e-06       1
572  3.333073e-05       1
573  5.523328e-05       1
574  9.407627e-05       1
575  3.389365e-03       1
576  2.574286e-04       1
577  2.750963e-04       1
578  1.589698e-03       1
579  5.089123e-04       1
580  6.759798e-05       1
581  1.476204e-04       1
582  6.144469e-06       1
583  4.440735e-04       1
584  3.908729e-03       1
585  2.150991e-04       1
586  3.692721e-05       1
587  1.546953e-04       1
588  4.394209e-04       1
589  9.934034e-04       1
590  2.364472e-03       1
591  3.051590e-05       1
592  3.767425e-04       1
593  3.878623e-05       1
594  2.906081e-04       1
595  6.560909e-04       1
596  5.702719e-04       1
597  8.830044e-05       1
598  7.463774e-05       1
599  6.796881e-04       1
600  5.446557e-05       1
601  1.908752e-04       1
602  1.250869e-03       1
603  6.715688e-04       1
604  1.161885e-03       1
605  9.495111e-05       1
606  2.008594e-03       1
607  3.279046e-04       1
608  5.648056e-04       1
609  5.854450e-03       1
610  6.567765e-06       1
611  4.495513e-05       1
612  2.195939e-04       1
613  6.691651e-04       1
614  4.098903e-04       1
615  1.598180e-03       1
616  3.437539e-04       1
617  9.342239e-04       1
618  1.184846e-04       1
619  2.123467e-04       1
620  7.966736e-05       1
621  2.453751e-04       1
622  1.135548e-04       1
623  9.957176e-04       1
624  6.761729e-05       1
625  1.724269e-04       1
626  2.538324e-03       1
627  1.829992e-03       1
628  7.849141e-05       1
629  7.671162e-06       1
630  1.299978e-04       1
631  1.209401e-04       1
632  1.331878e-07       1
633  9.991809e-06       1
634  9.060936e-05       1
635  1.297317e-03       1
636  2.344997e-03       1
637  5.098955e-05       1
638  1.751675e-04       1
639  1.106654e-03       1
640  2.356484e-04       1
641  1.704490e-04       1
642  4.652735e-04       1
643  3.955328e-04       1
644  5.017148e-04       1
645  1.986436e-05       1
646  4.664866e-04       1
647  1.299795e-03       1
648  4.252787e-04       1
649  1.618209e-03       1
650  9.704565e-04       1
651  1.303158e-04       1
652  4.243751e-03       1
653  1.474136e-02       1
654  3.786969e-04       1
655  2.147185e-07       1
656  1.777147e-04       1
657  1.200978e-03       1
658  3.588516e-04       1
659  2.161156e-04       1
660  3.489646e-04       1
661  1.968092e-04       1
662  9.973954e-04       1
663  1.599311e-05       1
664  3.612178e-05       1
665  6.424021e-05       1
666  4.692368e-04       1
667  4.180074e-03       1
668  2.398549e-03       1
669  1.989909e-05       1
670  7.588665e-04       1
671  1.827776e-03       1
672  9.306092e-04       1
673  9.209941e-05       1
674  2.028859e-05       1
675  2.522940e-04       1
676  1.134634e-03       1
677  2.236934e-04       1
678  1.881314e-04       1
679  9.691150e-04       1
680  8.246185e-04       1
681  1.392652e-03       1
682  1.660935e-03       1
683  1.389293e-03       1
684  5.663926e-04       1
685  4.981248e-03       1
686  3.035711e-04       1
687  3.424386e-04       1
688  1.518055e-03       1
689  5.355962e-04       1
690  5.734971e-06       1
691  4.657009e-04       1
692  3.732885e-05       1
693  2.495218e-05       1
694  4.840555e-04       1
695  8.950307e-05       1
696  4.846923e-06       1
697  7.924636e-04       1
698  5.355600e-03       1
699  2.687451e-04       1
700  1.195951e-03       1
701  1.665292e-04       1
702  7.426029e-03       1
703  9.053491e-03       1
704  3.126434e-05       1
705  1.861953e-04       1
706  4.048858e-04       1
707  5.646597e-08       1
708  3.306258e-03       1
709  1.432642e-03       1
710  7.842115e-06       1
711  1.347088e-03       1
712  2.218213e-04       1
713  3.454707e-05       1
714  1.024321e-04       1
715  5.609939e-05       1
716  9.800002e-04       1
717  6.097151e-04       1
718  7.073835e-03       1
719  4.004879e-04       1
720  3.901702e-06       1
721  4.719549e-06       1
722  1.164993e-03       1
723  1.094848e-03       1
724  3.679076e-03       1
725  2.103731e-03       1
726  7.748960e-04       1
727  2.317290e-05       1
728  4.536768e-04       1
729  6.784127e-05       1
730  1.277437e-05       1
731  1.728025e-06       1
732  9.215231e-04       1
733  2.212864e-03       1
734  1.611219e-05       1
735  1.242229e-03       1
736  1.545070e-03       1
737  4.692991e-03       1
738  3.908347e-04       1
739  7.085378e-03       1
740  8.774931e-04       1
741  1.214372e-08       1
742  1.269571e-04       1
743  5.148088e-07       1
744  1.731278e-03       1
745  6.305682e-04       1
746  3.033527e-04       1
747  1.782373e-04       1
748  6.969847e-06       1
749  2.070883e-04       1
750  2.846741e-04       1
751  2.593465e-04       1
752  5.228495e-03       1
753  1.951188e-03       1
754  1.043437e-03       1
755  1.335112e-03       1
756  1.950422e-03       1
757  1.906764e-04       1
758  7.751954e-08       1
759  2.248957e-06       1
760  1.109239e-04       1
761  5.059086e-05       1
762  5.832203e-04       1
763  1.070130e-05       1
764  2.191803e-04       1
765  4.227705e-04       1
766  2.921317e-03       1
767  9.435605e-04       1
768  4.575979e-05       1
769  8.104810e-04       1
770  1.687788e-03       1
771  1.147449e-03       1
772  6.583656e-05       1
773  1.562104e-03       1
774  1.553127e-03       1
775  6.383527e-05       1
776  1.340478e-07       1
777  3.066673e-03       1
778  2.482357e-03       1
779  4.852181e-04       1
780  5.839243e-04       1
781  1.432500e-04       1
782  1.639916e-03       1
783  4.663508e-04       1
784  8.028493e-05       1
785  2.086817e-03       1
786  5.999337e-06       1
787  6.593988e-08       1
788  1.203995e-03       1
789  4.829796e-03       1
790  7.150392e-04       1
791  1.102553e-04       1
792  1.420518e-03       1
793  2.616094e-03       1
794  4.542969e-03       1
795  4.688651e-03       1
796  5.169912e-04       1
797  8.822898e-03       1
798  1.347149e-03       1
799  4.010690e-03       1
800  8.826535e-02       1
801  1.141568e-04       1
802  1.729371e-03       1
803  1.208867e-04       1
804  6.685404e-04       1
805  1.418497e-03       1
806  2.711756e-02       1
807  1.501881e-02       1
808  1.304744e-04       1
809  1.914794e-03       1
810  9.843654e-04       1
811  8.015421e-04       1
812  1.134901e-03       1
813  1.170658e-04       1
814  2.328985e-05       1
815  6.955659e-04       1
816  2.036919e-02       1
817  1.826498e-03       1
818  2.319496e-02       1
819  7.157690e-04       1
820  1.162703e-05       1
821  1.062566e-02       1
822  6.066053e-04       1
823  1.942402e-02       1
824  6.555737e-05       1
825  9.136681e-03       1
826  8.138661e-04       1
827  2.453886e-04       1
828  7.607260e-03       1
829  4.060094e-03       1
830  2.961787e-03       1
831  1.171766e-04       1
832  1.016098e-03       1
833  2.191557e-03       1
834  3.879201e-05       1
835  2.021453e-04       1
836  2.514277e-04       1
837  5.577079e-06       1
838  2.849731e-04       1
839  4.629337e-03       1
840  5.125579e-05       1
841  9.378247e-04       1
842  4.627607e-04       1
843  2.087847e-02       1
844  5.603533e-04       1
845  1.241458e-03       1
846  6.508341e-04       1
847  2.548628e-03       1
848  5.860578e-03       1
849  1.215159e-03       1
850  2.537139e-04       1
851  3.046227e-05       1
852  2.020848e-03       1
853  3.897227e-02       1
854  7.874512e-04       1
855  5.761710e-04       1
856  2.365896e-03       1
857  8.792650e-05       1
858  1.387951e-03       1
859  2.648776e-05       1
860  2.415561e-02       1
861  7.771576e-03       1
862  4.059147e-03       1
863  1.545362e-06       1
864  7.677683e-05       1
865  1.312557e-05       1
866  3.774862e-03       1
867  3.939018e-04       1
868  8.254928e-03       1
869  5.977861e-05       1
870  1.019361e-02       1
871  5.654177e-04       1
872  4.077707e-04       1
873  1.029519e-04       1
874  1.694303e-04       1
875  1.088830e-03       1
876  7.846789e-05       1
877  4.852937e-04       1
878  1.806243e-05       1
879  6.265599e-05       1
880  6.376365e-03       1
881  5.054995e-04       1
882  7.130133e-03       1
883  1.177783e-03       1
884  3.140385e-04       1
885  4.038825e-05       1
886  3.417720e-02       1
887  2.142462e-03       1
888  1.992395e-04       1
889  7.742346e-03       1
890  3.372972e-03       1
891  3.809398e-04       1
892  1.669162e-02       1
893  2.203562e-05       1
894  2.752364e-04       1
895  2.418227e-03       1
896  8.103707e-03       1
897  7.578630e-04       1
898  2.358679e-03       1
899  3.275429e-04       1
900  2.028661e-03       1
901  2.236178e-07       1
902  1.745758e-02       1
903  6.391230e-04       1
904  2.695237e-01       1
905  1.244606e-03       1
906  8.695170e-05       1
907  2.841834e-04       1
908  1.261671e-10       1
909  1.153958e-04       1
910  1.295755e-04       1
911  1.324655e-06       1
912  1.895988e-03       1
913  2.853454e-04       1
914  3.347730e-04       1
915  1.436948e-05       1
916  1.189654e-04       1
917  1.457093e-05       1
918  9.510253e-04       1
919  1.061556e-03       1
920  4.604413e-03       1
921  3.205518e-04       1
922  2.791254e-04       1
923  7.035451e-05       1
924  1.223720e-04       1
925  5.968353e-05       1
926  1.592601e-04       1
927  4.345458e-04       1
928  2.565579e-04       1
929  8.601955e-05       1
930  8.936289e-05       1
931  3.054751e-06       1
932  2.356796e-03       1
933  5.340123e-04       1
934  2.090042e-02       1
935  1.938538e-03       1
936  2.330072e-08       1
937  1.769944e-05       1
938  3.810290e-04       1
939  9.695637e-04       1
940  1.439520e-04       1
941  6.848280e-04       1
942  4.768386e-04       1
943  7.539528e-05       1
944  6.481455e-03       1
945  3.256668e-03       1
946  3.008550e-04       1
947  2.676296e-06       1
948  3.264033e-05       1
949  8.141547e-04       1
950  7.399930e-04       1
951  2.080915e-05       1
952  8.028778e-04       1
953  1.616620e-03       1
954  1.418080e-04       1
955  1.308847e-03       1
956  2.616752e-04       1
957  5.824175e-04       1
958  2.519994e-02       1
959  3.083858e-04       1
960  9.122519e-05       1
961  1.331529e-04       1
962  1.321764e-03       1
963  5.560326e-04       1
964  1.179482e-05       1
965  3.247251e-03       1
966  3.920145e-04       1
967  2.485312e-03       1
968  1.018511e-04       1
969  1.252609e-05       1
970  1.049173e-03       1
971  5.142367e-04       1
972  1.507904e-03       1
973  3.961050e-04       1
974  2.285646e-05       1
975  3.507253e-03       1
976  3.400239e-04       1
977  9.530930e-05       1
978  5.457281e-03       1
979  8.386736e-05       1
980  3.434052e-03       1
981  4.796882e-06       1
982  6.347550e-04       1
983  4.453043e-04       1
984  4.978211e-05       1
985  2.267272e-04       1
986  7.561334e-04       1
987  2.809254e-03       1
988  3.924034e-04       1
989  3.776748e-04       1
990  9.133968e-04       1
991  4.978192e-06       1
992  5.126349e-03       1
993  1.470394e-04       1
994  2.565562e-03       1
995  4.351209e-04       1
996  3.076478e-03       1
997  2.065835e-04       1
998  4.923152e-06       1
999  3.840805e-05       1
1000 2.451455e-04       1
1001 5.568521e-04       1
1002 1.872862e-03       1
1003 6.442095e-05       1
1004 4.533989e-08       1
1005 2.301982e-04       1
1006 3.495010e-08       1
1007 2.873265e-04       1
1008 5.878257e-04       1
1009 2.078836e-05       1
1010 3.591752e-04       1
1011 2.402551e-03       1
1012 2.622030e-04       1
1013 3.408347e-04       1
1014 1.525119e-04       1
1015 7.418042e-04       1
1016 1.050174e-03       1
1017 3.014002e-03       1
1018 4.057572e-03       1
1019 8.351013e-05       1
1020 3.035257e-04       1
1021 5.344573e-04       1
1022 4.177902e-04       1
1023 2.136402e-05       1
1024 2.908626e-04       1
1025 1.453873e-03       1
1026 2.636368e-04       1
1027 2.441145e-03       1
1028 3.593195e-05       1
1029 5.814629e-04       1
1030 3.443010e-03       1
1031 2.009365e-03       1
1032 7.079566e-04       1
1033 9.729836e-04       1
1034 4.503334e-04       1
1035 3.110981e-03       1
1036 1.151267e-02       1
1037 6.525938e-05       1
1038 9.085074e-03       1
1039 1.014041e-03       1
1040 1.601041e-04       1
1041 2.613500e-04       1
1042 8.139500e-05       1
1043 6.148662e-04       1
1044 3.801192e-06       1
1045 4.322357e-04       1
1046 1.676888e-04       1
1047 2.451114e-04       1
1048 3.738359e-03       1
1049 1.706939e-03       1
1050 3.747138e-04       1
1051 3.084471e-03       1
1052 3.831001e-05       1
1053 9.101900e-05       1
1054 4.172037e-05       1
1055 5.125053e-04       1
1056 1.401866e-03       1
1057 6.046460e-05       1
1058 1.220398e-04       1
1059 3.163441e-06       1
1060 1.834754e-05       1
1061 9.906495e-05       1
1062 5.072676e-04       1
1063 4.321596e-04       1
1064 2.442369e-04       1
1065 1.172866e-04       1
1066 2.198229e-06       1
1067 2.577840e-03       1
1068 3.412536e-03       1
1069 8.106656e-06       1
1070 3.178666e-03       1
1071 1.941964e-04       1
1072 4.028587e-04       1
1073 5.338780e-04       1
1074 2.485765e-04       1
1075 2.251667e-04       1
1076 2.860994e-04       1
1077 1.797402e-03       1
1078 2.513408e-04       1
1079 2.304826e-03       1
1080 3.542149e-03       1
1081 2.444784e-03       1
1082 2.905491e-05       1
1083 4.473647e-04       1
1084 1.556117e-04       1
1085 7.994356e-03       1
1086 8.872841e-04       1
1087 2.861344e-02       1
1088 2.936211e-02       1
1089 9.833721e-02       1
1090 3.809852e-04       1
1091 1.344713e-02       1
1092 1.339372e-04       1
1093 6.727486e-06       1
1094 2.506411e-03       1
1095 1.578698e-04       1
1096 1.508002e-04       1
1097 1.755513e-06       1
1098 1.137401e-03       1
1099 2.466203e-03       1
1100 1.915955e-04       1
1101 3.012704e-04       1
1102 1.706244e-04       1
1103 6.759277e-03       1
1104 6.201852e-04       1
1105 1.195722e-04       1
1106 7.566691e-03       1
1107 3.278159e-08       1
1108 4.057397e-04       1
1109 1.524189e-03       1
1110 4.285160e-03       1
1111 4.508863e-07       1
1112 7.895131e-05       1
1113 5.293924e-04       1
1114 1.083972e-06       1
1115 1.296739e-03       1
1116 7.453940e-04       1
1117 9.826359e-04       1
1118 2.589384e-04       1
1119 7.056431e-04       1
1120 8.970865e-05       1
1121 4.930091e-03       1
1122 2.328601e-05       1
1123 2.742403e-04       1
1124 2.862939e-03       1
1125 5.507710e-04       1
1126 6.084377e-04       1
1127 1.013390e-04       1
1128 4.131406e-03       1
1129 7.227203e-04       1
1130 3.188872e-02       1
1131 1.992885e-07       1
1132 9.431256e-03       1
1133 1.519976e-03       1
1134 3.764338e-03       1
1135 1.432423e-02       1
1136 4.760012e-03       1
1137 1.490729e-03       1
1138 2.125570e-03       1
1139 4.168907e-04       1
1140 2.194304e-04       1
1141 3.512644e-04       1
1142 2.817948e-05       1
1143 2.330603e-04       1
1144 3.170377e-04       1
1145 2.862947e-05       1
1146 1.558111e-07       1
1147 8.901009e-05       1
1148 9.485384e-05       1
1149 3.677596e-02       1
1150 4.311835e-07       1
1151 4.440468e-04       1
1152 2.334911e-04       1
1153 4.414088e-04       1
1154 7.935096e-06       1
1155 7.825198e-04       1
1156 7.750742e-04       1
1157 1.967237e-03       1
1158 3.396305e-04       1
1159 2.403709e-04       1
1160 1.099319e-04       1
1161 6.272935e-05       1
1162 4.588149e-08       1
1163 1.879084e-03       1
1164 1.343930e-03       1
1165 5.272824e-04       1
1166 4.376023e-04       1
1167 3.877035e-08       1
1168 1.701300e-03       1
1169 1.941387e-04       1
1170 3.412500e-04       1
1171 2.409394e-03       1
1172 2.180658e-04       1
1173 2.559141e-03       1
1174 1.028946e-03       1
1175 1.842842e-03       1
1176 4.539917e-04       1
1177 1.172878e-03       1
1178 2.913083e-05       1
1179 1.081795e-03       1
1180 1.865249e-04       1
1181 2.184745e-05       1
1182 1.387498e-03       1
1183 1.334331e-03       1
1184 2.295887e-03       1
1185 2.309484e-03       1
1186 7.907269e-06       1
1187 1.291214e-04       1
1188 1.289571e-03       1
1189 2.115357e-05       1
1190 8.701445e-05       1
1191 3.939466e-04       1
1192 4.425275e-05       1
1193 2.736644e-05       1
1194 2.314167e-04       1
1195 2.579483e-04       1
1196 1.017935e-03       1
1197 6.252206e-03       1
1198 1.546816e-03       1
1199 1.138399e-04       1
1200 2.055680e-03       1
1201 5.857745e-04       1
1202 6.126865e-04       1
1203 1.552758e-03       1
1204 1.484595e-04       1
1205 4.927101e-03       1
1206 2.920189e-03       1
1207 9.115315e-04       1
1208 5.926097e-06       1
1209 2.075028e-04       1
1210 1.971776e-05       1
1211 2.859885e-04       1
1212 8.729133e-04       1
1213 1.457078e-03       1
1214 5.629039e-04       1
1215 7.178323e-04       1
1216 6.707383e-05       1
1217 2.261756e-03       1
1218 5.237729e-04       1
1219 2.411379e-03       1
1220 1.019349e-03       1
1221 2.017607e-06       1
1222 3.556965e-04       1
1223 2.391485e-06       1
1224 1.686968e-05       1
1225 4.983280e-03       1
1226 2.043540e-05       1
1227 1.156481e-04       1
1228 1.883115e-04       1
1229 2.203833e-03       1
1230 1.896250e-03       1
1231 1.964670e-06       1
1232 5.823415e-05       1
1233 8.182405e-05       1
1234 4.752174e-05       1
1235 5.644685e-04       1
1236 3.200445e-03       1
1237 4.301205e-04       1
1238 2.955772e-06       1
1239 9.869187e-04       1
1240 2.602070e-04       1
1241 4.764260e-04       1
1242 5.843305e-06       1
1243 2.185430e-04       1
1244 1.349059e-04       1
1245 2.543971e-03       1
1246 7.254664e-07       1
1247 2.375781e-04       1
1248 1.130970e-05       1
1249 1.777345e-03       1
1250 2.077374e-03       1
1251 5.291426e-04       1
1252 1.584741e-05       1
1253 2.907598e-03       1
1254 3.979586e-03       1
1255 1.025098e-03       1
1256 4.365386e-05       1
1257 7.369088e-05       1
1258 1.126674e-04       1
1259 8.376569e-04       1
1260 3.014556e-03       1
1261 1.003325e-04       1
1262 1.146388e-03       1
1263 6.413399e-04       1
1264 3.489479e-04       1
1265 2.911106e-04       1
1266 3.132738e-04       1
1267 1.570588e-04       1
1268 4.036208e-03       1
1269 1.033670e-06       1
1270 5.758427e-04       1
1271 9.672985e-04       1
1272 1.189595e-03       1
1273 9.478758e-07       1
1274 5.621615e-04       1
1275 1.030475e-03       1
1276 8.999231e-04       1
1277 5.375968e-04       1
1278 2.280226e-04       1
1279 8.632372e-04       1
1280 1.326908e-03       1
1281 7.237251e-04       1
1282 2.589997e-03       1
1283 1.577552e-03       1
1284 3.284304e-03       1
1285 9.225184e-04       1
1286 2.943714e-03       1
1287 1.122698e-03       1
1288 4.901603e-03       1
1289 7.696121e-04       1
1290 4.817397e-05       1
1291 2.173406e-06       1
1292 4.961555e-06       1
1293 1.653673e-04       1
1294 1.100686e-03       1
1295 4.966375e-04       1
1296 9.432235e-04       1
1297 2.188235e-06       1
1298 1.218547e-04       1
1299 8.340936e-04       1
1300 1.312135e-04       1
1301 5.484900e-05       1
1302 1.233212e-03       1
1303 2.400974e-03       1
1304 1.368582e-03       1
1305 2.445455e-04       1
1306 1.919747e-04       1
1307 6.749089e-06       1
1308 2.360740e-05       1
1309 1.029367e-03       1
1310 7.935900e-05       1
1311 1.642787e-04       1
1312 4.860466e-05       1
1313 1.204753e-03       1
1314 1.509466e-04       1
1315 8.170904e-05       1
1316 1.568751e-04       1
1317 9.663255e-04       1
1318 1.823834e-03       1
1319 1.408904e-03       1
1320 1.507648e-03       1
1321 2.290146e-04       1
1322 1.492676e-04       1
1323 2.506302e-03       1
1324 1.670019e-05       1
1325 1.880116e-04       1
1326 2.972460e-04       1
1327 5.840532e-04       1
1328 7.286233e-05       1
1329 2.494868e-04       1
1330 1.855217e-04       1
1331 4.357712e-03       1
1332 3.041727e-05       1
1333 1.969247e-06       1
1334 4.722247e-04       1
1335 3.873984e-04       1
1336 1.124483e-03       1
1337 2.904671e-04       1
1338 1.171978e-04       1
1339 1.159527e-05       1
1340 2.848204e-03       1
1341 4.393719e-07       1
1342 3.917274e-05       1
1343 1.168783e-03       1
1344 8.440819e-04       1
1345 4.366711e-03       1
1346 5.110715e-03       1
1347 1.745934e-03       1
1348 1.868178e-05       1
1349 1.418180e-03       1
1350 1.804377e-05       1
1351 2.171471e-07       1
1352 1.161361e-04       1
1353 5.396972e-03       1
1354 3.713488e-03       1
1355 1.941825e-03       1
1356 1.929548e-03       1
1357 1.092355e-03       1
1358 1.651801e-06       1
1359 1.764303e-03       1
1360 4.984906e-04       1
1361 1.728603e-04       1
1362 1.208213e-05       1
1363 5.504681e-06       1
1364 7.360856e-04       1
1365 4.733878e-06       1
1366 1.069005e-05       1
1367 8.371861e-04       1
1368 4.334979e-04       1
1369 4.331149e-05       1
1370 2.926973e-03       1
1371 2.223489e-03       1
1372 6.326148e-06       1
1373 1.136397e-03       1
1374 9.630719e-06       1
1375 3.416988e-04       1
1376 1.479262e-03       1
1377 1.201625e-05       1
1378 3.668722e-03       1
1379 3.258642e-04       1
1380 4.650894e-04       1
1381 9.085767e-05       1
1382 2.203389e-06       1
1383 3.525878e-03       1
1384 2.305321e-03       1
1385 1.004090e-04       1
1386 2.546952e-04       1
1387 4.168707e-04       1
1388 1.036363e-03       1
1389 1.277043e-05       1
1390 4.379929e-04       1
1391 9.641039e-05       1
1392 5.757966e-04       1
1393 4.175474e-04       1
1394 2.236219e-04       1
1395 8.674196e-04       1
1396 2.256185e-04       1
1397 3.905552e-04       1
1398 1.882168e-04       1
1399 1.252591e-03       1
1400 1.935561e-03       1
1401 2.579929e-04       1
1402 1.089347e-04       1
1403 9.718848e-05       1
1404 1.042737e-03       1
1405 2.108647e-03       1
1406 6.194417e-06       1
1407 3.408616e-05       1
1408 3.529529e-04       1
1409 1.783251e-03       1
1410 1.688346e-03       1
1411 9.914269e-04       1
1412 1.375968e-03       1
1413 1.714568e-03       1
1414 4.465340e-06       1
1415 4.364023e-04       1
1416 4.562617e-05       1
1417 1.089095e-05       1
1418 2.218619e-04       1
1419 2.016809e-03       1
1420 2.053684e-04       1
1421 2.841194e-03       1
1422 6.531229e-05       1
1423 5.984859e-05       1
1424 6.147206e-04       1
1425 2.051375e-05       1
1426 7.384134e-04       1
1427 1.317656e-04       1
1428 1.157024e-05       1
1429 8.713199e-05       1
1430 7.254486e-04       1
1431 5.060490e-04       1
1432 2.542755e-05       1
1433 2.570338e-04       1
1434 5.487140e-05       1
1435 8.588304e-04       1
1436 3.676709e-05       1
1437 2.570615e-06       1
1438 3.148193e-03       1
1439 1.338925e-04       1
1440 1.807651e-02       1
1441 2.397163e-03       1
1442 1.030500e-05       1
1443 1.633763e-03       1
1444 1.007255e-03       1
1445 1.520879e-05       1
1446 2.649385e-04       1
1447 1.796039e-03       1
1448 1.594121e-05       1
1449 1.017526e-04       1
1450 2.103070e-07       1
1451 8.148439e-03       1
1452 2.781108e-03       1
1453 1.185132e-04       1
1454 5.321364e-04       1
1455 1.786737e-06       1
1456 2.080172e-03       1
1457 1.410155e-03       1
1458 1.133153e-03       1
1459 1.596947e-03       1
1460 6.746338e-04       1
1461 5.210912e-05       1
1462 4.540469e-05       1
1463 1.400578e-03       1
1464 9.668263e-04       1
1465 2.116810e-03       1
1466 1.183757e-04       1
1467 6.807983e-04       1
1468 3.378037e-04       1
1469 2.660348e-03       1
1470 4.863482e-03       1
1471 2.110594e-03       1
1472 1.940328e-05       1
1473 5.024681e-05       1
1474 2.371244e-03       1
1475 5.377023e-08       1
1476 3.755854e-04       1
1477 2.050801e-03       1
1478 1.555215e-06       1
1479 9.993871e-06       1
1480 3.014564e-03       1
1481 1.555375e-03       1
1482 1.986098e-03       1
1483 5.823341e-04       1
1484 1.326389e-04       1
1485 1.171574e-04       1
1486 1.378764e-04       1
1487 1.538123e-03       1
1488 2.922081e-03       1
1489 4.705988e-04       1
1490 6.761094e-04       1
1491 4.473622e-04       1
1492 4.590670e-04       1
1493 5.758227e-04       1
1494 1.045268e-03       1
1495 1.249522e-03       1
1496 7.206614e-03       1
1497 5.006602e-05       1
1498 2.085147e-04       1
1499 2.914353e-04       1
1500 3.566661e-05       1
1501 9.292564e-04       1
1502 6.675133e-05       1
1503 3.334638e-04       1
1504 8.321905e-04       1
1505 3.866822e-04       1
1506 1.446899e-06       1
1507 5.423925e-04       1
1508 1.338999e-03       1
1509 9.965911e-04       1
1510 6.571558e-04       1
1511 6.626560e-04       1
1512 1.941355e-05       1
1513 3.123851e-05       1
1514 1.109339e-07       1
1515 7.521805e-04       1
1516 3.494090e-04       1
1517 9.266755e-07       1
1518 2.660811e-03       1
1519 1.563890e-02       1
1520 7.870783e-04       1
1521 1.364168e-03       1
1522 1.471018e-03       1
1523 1.610197e-03       1
1524 1.984349e-03       1
1525 4.361044e-04       1
1526 1.777438e-04       1
1527 1.843956e-04       1
1528 2.553633e-02       1
1529 2.708486e-05       1
1530 2.453410e-03       1
1531 1.557918e-03       1
1532 2.252033e-04       1
1533 2.168848e-05       1
1534 6.153305e-03       1
1535 4.639168e-04       1
1536 1.032557e-02       1
1537 7.967286e-06       1
1538 6.071622e-04       1
1539 1.356471e-03       1
1540 7.783372e-05       1
1541 8.953070e-04       1
1542 1.269109e-04       1
1543 4.182203e-03       1
1544 4.625593e-03       1
1545 1.816438e-04       1
1546 1.052918e-02       1
1547 8.375360e-05       1
1548 1.748762e-03       1
1549 3.936840e-04       1
1550 1.623939e-03       1
1551 6.885079e-05       1
1552 8.721477e-04       1
1553 1.140341e-04       1
1554 7.527090e-05       1
1555 1.734993e-03       1
1556 2.073312e-03       1
1557 7.875736e-04       1
1558 1.029987e-04       1
1559 3.984894e-04       1
1560 6.152751e-03       1
1561 8.261347e-05       1
1562 4.958636e-03       1
1563 6.205289e-03       1
1564 5.237250e-04       1
1565 2.259337e-02       1
1566 1.551362e-04       1
1567 1.728238e-04       1
1568 5.382174e-03       1
1569 4.183476e-05       1
1570 3.559113e-04       1
1571 8.916219e-04       1
1572 2.736633e-07       1
1573 2.052640e-03       1
1574 5.885657e-05       1
1575 9.196822e-07       1
1576 4.378270e-04       1
1577 3.427144e-04       1
1578 1.763974e-03       1
1579 3.133089e-03       1
1580 1.529349e-04       1
1581 5.156344e-04       1
1582 1.162028e-05       1
1583 7.446052e-05       1
1584 4.322586e-03       1
1585 5.136656e-04       1
1586 7.178472e-04       1
1587 3.792657e-03       1
1588 1.324661e-06       1
1589 6.805762e-05       1
1590 4.124674e-05       1
1591 5.401680e-04       1
1592 4.697311e-05       1
1593 1.186502e-03       1
1594 1.117006e-04       1
1595 2.340882e-05       1
1596 1.524696e-03       1
1597 7.301939e-04       1
1598 1.283629e-04       1
1599 2.248392e-04       1
1600 1.492422e-03       1
1601 9.762193e-07       1
1602 7.697073e-05       1
1603 9.451880e-04       1
1604 1.238506e-04       1
1605 1.127632e-04       1
1606 2.152166e-04       1
1607 5.377220e-04       1
1608 1.712049e-05       1
1609 4.297755e-04       1
1610 3.253701e-03       1
1611 9.337580e-07       1
1612 1.382452e-03       1
1613 2.194836e-04       1
1614 3.894926e-04       1
1615 1.826038e-03       1
1616 3.330172e-04       1
1617 5.236861e-05       1
1618 3.592399e-03       1
1619 5.561631e-05       1
1620 9.994501e-04       1
1621 1.159551e-04       1
1622 4.455181e-06       1
1623 2.633911e-04       1
1624 2.120391e-03       1
1625 1.111118e-02       1
1626 7.004073e-03       1
1627 8.135728e-04       1
1628 2.812640e-03       1
1629 1.782941e-04       1
1630 1.565422e-03       1
1631 3.595079e-04       1
1632 1.771763e-04       1
1633 6.495651e-04       1
1634 4.980447e-04       1
1635 1.543402e-03       1
1636 9.536974e-05       1
1637 1.095547e-04       1
1638 1.946887e-04       1
1639 7.309202e-03       1
1640 8.643990e-04       1
1641 4.893656e-04       1
1642 1.175538e-06       1
1643 1.732709e-05       1
1644 7.185222e-05       1
1645 5.473352e-04       1
1646 2.057212e-04       1
1647 1.883639e-05       1
1648 3.871579e-05       1
1649 7.885791e-05       1
1650 4.008297e-04       1
1651 1.295482e-03       1
1652 1.928257e-03       1
1653 4.399457e-04       1
1654 1.486312e-06       1
1655 2.606598e-05       1
1656 1.103111e-03       1
1657 4.871491e-09       1
1658 7.740957e-03       1
1659 1.725370e-04       1
1660 1.670525e-05       1
1661 1.564773e-04       1
1662 4.724063e-05       1
1663 1.607629e-03       1
1664 3.221696e-03       1
1665 8.856543e-05       1
1666 1.207405e-04       1
1667 1.287559e-03       1
1668 5.821743e-03       1
1669 6.555019e-04       1
1670 2.953071e-05       1
1671 2.021210e-04       1
1672 3.832971e-04       1
1673 3.462363e-05       1
1674 3.066316e-04       1
1675 1.976501e-03       1
1676 4.470522e-04       1
1677 2.638634e-03       1
1678 9.353362e-05       1
1679 9.455242e-07       1
1680 2.313997e-02       1
1681 5.832775e-04       1
1682 1.322597e-03       1
1683 2.449340e-03       1
1684 2.732998e-03       1
1685 3.275637e-07       1
1686 2.236051e-04       1
1687 9.499623e-05       1
1688 5.845032e-04       1
1689 2.257650e-03       1
1690 2.823859e-03       1
1691 1.797172e-03       1
1692 8.152969e-04       1
1693 1.598971e-05       1
1694 2.982047e-04       1
1695 3.073188e-03       1
1696 1.853258e-03       1
1697 9.650304e-04       1
1698 2.941129e-04       1
1699 1.318121e-04       1
1700 1.349250e-04       1
1701 1.872126e-04       1
1702 2.710506e-04       1
1703 1.164749e-03       1
1704 7.672222e-04       1
1705 1.146295e-03       1
1706 5.784997e-05       1
1707 6.749982e-04       1
1708 9.012558e-04       1
1709 2.640047e-06       1
1710 2.495285e-04       1
1711 1.645387e-04       1
1712 8.106479e-03       1
1713 1.168408e-05       1
1714 4.712140e-04       1
1715 3.960797e-04       1
1716 8.133341e-04       1
1717 1.032422e-03       1
1718 1.457120e-03       1
1719 2.014362e-05       1
1720 1.260042e-04       1
1721 2.337282e-04       1
1722 3.146610e-05       1
1723 4.881766e-04       1
1724 5.212802e-06       1
1725 5.710212e-04       1
1726 1.072563e-03       1
1727 1.328017e-03       1
1728 7.476853e-04       1
1729 1.053011e-07       1
1730 2.397228e-03       1
1731 8.344437e-04       1
1732 1.743249e-03       1
1733 7.751346e-05       1
1734 1.639345e-03       1
1735 1.529892e-03       1
1736 7.084732e-04       1
1737 1.268505e-03       1
1738 1.754407e-04       1
1739 6.658049e-04       1
1740 7.139839e-04       1
1741 6.979845e-04       1
1742 1.040990e-03       1
1743 3.045457e-04       1
1744 1.770545e-03       1
1745 3.797408e-04       1
1746 3.005084e-03       1
1747 9.081148e-05       1
1748 2.865902e-05       1
1749 2.141316e-04       1
1750 1.671263e-03       1
1751 1.318940e-03       1
1752 1.517302e-04       1
1753 1.095650e-03       1
1754 4.804548e-04       1
1755 6.880711e-05       1
1756 1.079576e-03       1
1757 4.605944e-05       1
1758 1.257372e-03       1
1759 8.585099e-05       1
1760 4.708974e-04       1
1761 1.175075e-03       1
1762 4.443254e-05       1
1763 1.643726e-03       1
1764 1.737501e-03       1
1765 1.473326e-03       1
1766 8.078677e-04       1
1767 6.950925e-03       1
1768 1.072079e-06       1
1769 2.993178e-03       1
1770 2.834742e-04       1
1771 4.061658e-04       1
1772 6.664328e-04       1
1773 9.047796e-04       1
1774 9.565813e-05       1
1775 4.268032e-04       1
1776 2.082363e-04       1
1777 7.426478e-04       1
1778 1.037455e-04       1
1779 3.253475e-03       1
1780 3.597731e-03       1
1781 2.854601e-03       1
1782 2.481057e-06       1
1783 1.309045e-03       1
1784 8.446419e-04       1
1785 2.294445e-03       1
1786 2.114506e-04       1
1787 1.560262e-03       1
1788 1.646497e-03       1
1789 1.260325e-04       1
1790 2.769464e-04       1
1791 2.077570e-03       1
1792 1.049658e-03       1
1793 6.604995e-04       1
1794 6.279549e-04       1
1795 1.158778e-03       1
1796 7.813013e-04       1
1797 7.860734e-04       1
1798 3.166158e-05       1
1799 1.214430e-04       1
1800 2.039302e-03       1
1801 8.271194e-07       1
1802 1.149334e-03       1
1803 1.214073e-03       1
1804 3.233961e-05       1
1805 3.272941e-04       1
1806 4.696412e-03       1
1807 2.582706e-03       1
1808 8.842626e-04       1
1809 7.453799e-06       1
1810 6.004244e-06       1
1811 8.798928e-05       1
1812 6.154203e-04       1
1813 7.872650e-06       1
1814 2.520603e-04       1
1815 7.154431e-04       1
1816 6.297617e-04       1
1817 7.600593e-04       1
1818 6.539419e-03       1
1819 6.090503e-04       1
1820 7.669440e-04       1
1821 2.345415e-04       1
1822 5.509460e-04       1
1823 5.420045e-04       1
1824 6.646500e-04       1
1825 7.881424e-04       1
1826 2.918525e-06       1
1827 1.872685e-05       1
1828 5.717229e-05       1
1829 3.581460e-04       1
1830 1.893659e-04       1
1831 7.939654e-04       1
1832 2.620119e-04       1
1833 8.207809e-04       1
1834 3.677597e-04       1
1835 4.622065e-02       1
1836 1.916494e-06       1
1837 4.176564e-03       1
1838 8.075997e-03       1
1839 5.647373e-02       1
1840 6.989043e-04       1
1841 9.162380e-05       1
1842 6.556831e-05       1
1843 3.155331e-03       1
1844 2.061994e-04       1
1845 2.140977e-04       1
1846 9.036830e-03       1
1847 2.086956e-04       1
1848 8.203836e-05       1
1849 3.892184e-05       1
1850 5.777894e-04       1
1851 8.785993e-05       1
1852 1.800937e-04       1
1853 9.684867e-05       1
1854 1.887015e-03       1
1855 8.427625e-05       1
1856 1.307480e-03       1
1857 6.852155e-03       1
1858 2.494674e-04       1
1859 7.640371e-05       1
1860 3.363901e-03       1
1861 1.697042e-04       1
1862 1.032449e-05       1
1863 1.353143e-03       1
1864 1.676130e-05       1
1865 4.466094e-04       1
1866 7.624458e-04       1
1867 1.504080e-05       1
1868 1.987484e-04       1
1869 1.837422e-04       1
1870 6.184586e-03       1
1871 5.487500e-05       1
1872 9.071494e-04       1
1873 1.397794e-03       1
1874 8.094064e-04       1
1875 1.392698e-06       1
1876 5.587619e-05       1
1877 3.336894e-04       1
1878 1.005540e-04       1
1879 5.591494e-04       1
1880 4.400832e-04       1
1881 2.035344e-05       1
1882 1.131693e-03       1
1883 8.962932e-04       1
1884 2.582459e-03       1
1885 4.610730e-04       1
1886 6.511534e-07       1
1887 2.169738e-03       1
1888 2.907172e-03       1
1889 5.621230e-06       1
1890 3.802190e-04       1
1891 7.516096e-05       1
1892 1.573185e-04       1
1893 4.624124e-06       1
1894 3.495894e-03       1
1895 6.945747e-05       1
1896 3.071271e-05       1
1897 1.155207e-03       1
1898 3.249252e-04       1
1899 6.278308e-05       1
1900 1.229034e-03       1
1901 6.483339e-05       1
1902 4.195105e-05       1
1903 2.107776e-03       1
1904 1.595539e-06       1
1905 1.190097e-04       1
1906 2.097790e-04       1
1907 1.298763e-03       1
1908 1.522715e-04       1
1909 5.664531e-03       1
1910 1.365679e-05       1
1911 4.540639e-04       1
1912 1.210224e-06       1
1913 1.987396e-03       1
1914 7.411525e-04       1
1915 1.110026e-04       1
1916 9.592897e-05       1
1917 3.700820e-04       1
1918 6.731566e-05       1
1919 2.505482e-03       1
1920 3.949521e-04       1
1921 3.479381e-03       1
1922 7.586939e-04       1
1923 1.124537e-04       1
1924 6.559923e-04       1
1925 1.796297e-05       1
1926 5.192324e-04       1
1927 8.850035e-04       1
1928 2.946844e-03       1
1929 1.103698e-03       1
1930 2.815526e-03       1
1931 5.353832e-04       1
1932 4.188457e-03       1
1933 1.369988e-05       1
1934 2.605951e-05       1
1935 2.543579e-03       1
1936 1.130561e-04       1
1937 4.934121e-04       1
1938 9.503060e-04       1
1939 8.832544e-04       1
1940 6.555027e-04       1
1941 3.632945e-03       1
1942 1.847864e-03       1
1943 3.481936e-03       1
1944 8.045340e-04       1
1945 1.016871e-02       1
1946 8.276343e-04       1
1947 6.412516e-05       1
1948 5.107021e-04       1
1949 5.801199e-04       1
1950 6.677498e-04       1
1951 3.821986e-03       1
1952 1.485257e-04       1
1953 5.542243e-04       1
1954 1.922287e-03       1
1955 9.039602e-05       1
1956 3.514976e-05       1
1957 2.931137e-03       1
1958 3.471504e-02       1
1959 6.328905e-03       1
1960 2.314488e-03       1
1961 7.159356e-03       1
1962 5.439024e-03       1
1963 2.539965e-05       1
1964 3.056871e-03       1
1965 1.650194e-04       1
1966 3.286133e-04       1
1967 1.983932e-03       1
1968 2.286019e-03       1
1969 4.286047e-04       1
1970 8.402872e-04       1
1971 1.399694e-03       1
1972 3.783425e-05       1
1973 2.759249e-03       1
1974 1.473542e-02       1
1975 1.081216e-03       1
1976 1.818677e-03       1
1977 1.235814e-04       1
1978 6.327750e-03       1
1979 1.871437e-03       1
1980 3.434761e-04       1
1981 1.772812e-03       1
1982 4.121887e-03       1
1983 3.438074e-04       1
1984 2.658210e-05       1
1985 1.830024e-06       1
1986 4.350802e-03       1
1987 2.042383e-03       1
1988 1.813319e-04       1
1989 5.901146e-05       1
1990 5.567834e-04       1
1991 2.739674e-03       1
1992 9.673039e-02       1
1993 1.856986e-03       1
1994 1.405833e-04       1
1995 3.677302e-05       1
1996 2.514687e-03       1
1997 3.182661e-03       1
1998 4.093961e-04       1
1999 5.953613e-05       1
2000 7.628530e-06       1
2001 3.101237e-04       1
2002 1.059332e-03       1
2003 2.003875e-03       1
2004 2.304168e-05       1
2005 4.729345e-03       1
2006 7.038653e-03       1
2007 6.706457e-04       1
2008 4.098613e-02       1
2009 1.020940e-03       1
2010 4.205151e-04       1
2011 8.202685e-04       1
2012 3.367615e-04       1
2013 8.828478e-03       1
2014 9.471207e-07       1
2015 9.230623e-03       1
2016 7.368454e-04       1
2017 2.579705e-03       1
2018 2.325968e-04       1
2019 2.592779e-04       1
2020 1.564887e-05       1
2021 5.908736e-06       1
2022 2.405770e-03       1
2023 1.851994e-06       1
2024 4.212830e-03       1
2025 6.367479e-04       1
2026 3.320986e-06       1
2027 1.285379e-03       1
2028 7.764236e-05       1
2029 5.967423e-03       1
2030 1.035604e-02       1
2031 1.281049e-03       1
2032 3.083907e-04       1
2033 6.490531e-04       1
2034 5.738626e-05       1
2035 3.413194e-04       1
2036 7.530629e-04       1
2037 2.710264e-05       1
2038 8.823632e-06       1
2039 7.369459e-04       1
2040 3.073008e-04       1
2041 1.207869e-03       1
2042 4.766330e-05       1
2043 3.574521e-04       1
2044 1.727583e-04       1
2045 9.731106e-05       1
2046 5.932251e-06       1
2047 5.750550e-04       1
2048 7.758067e-05       1
2049 6.879605e-04       1
2050 4.939727e-04       1
2051 2.804871e-03       1
2052 7.456462e-05       1
2053 2.460282e-04       1
2054 1.436441e-04       1
2055 6.707798e-04       1
2056 1.213753e-07       1
2057 2.070768e-04       1
2058 1.018431e-03       1
2059 1.091483e-03       1
2060 4.524603e-03       1
2061 9.559503e-05       1
2062 4.058919e-06       1
2063 1.617597e-03       1
2064 5.000588e-04       1
2065 2.587013e-04       1
2066 2.761505e-03       1
2067 1.025816e-03       1
2068 1.394262e-03       1
2069 8.411957e-04       1
2070 5.070182e-04       1
2071 3.013364e-04       1
2072 2.262390e-04       1
2073 1.009319e-05       1
2074 1.074071e-03       1
2075 6.510745e-04       1
2076 1.061848e-03       1
2077 1.320690e-03       1
2078 1.682302e-05       1
2079 1.546976e-03       1
2080 3.259430e-03       1
2081 3.301313e-05       1
2082 1.876422e-04       1
2083 9.380759e-05       1
2084 1.196945e-05       1
2085 2.172055e-04       1
2086 4.524263e-04       1
2087 1.604060e-05       1
2088 6.796375e-03       1
2089 4.170628e-11       1
2090 2.624145e-03       1
2091 1.043953e-05       1
2092 7.150227e-03       1
2093 1.923359e-04       1
2094 2.963559e-04       1
2095 8.111439e-06       1
2096 5.520762e-04       1
2097 4.669341e-05       1
2098 7.128506e-04       1
2099 2.160092e-04       1
2100 1.346251e-03       1
2101 7.314300e-05       1
2102 8.508884e-04       1
2103 4.608532e-04       1
2104 1.019800e-02       1
2105 5.611061e-04       1
2106 1.459193e-04       1
2107 2.212068e-04       1
2108 7.648188e-04       1
2109 1.853509e-04       1
2110 1.292326e-03       1
2111 8.903790e-04       1
2112 2.731981e-03       1
2113 2.021019e-03       1
2114 4.896980e-05       1
2115 1.588705e-04       1
2116 1.949382e-03       1
2117 5.757164e-05       1
2118 5.092461e-05       1
2119 9.141751e-05       1
2120 4.443451e-05       1
2121 3.051420e-03       1
2122 1.202431e-04       1
2123 1.701759e-05       1
2124 2.845458e-04       1
2125 1.037921e-04       1
2126 6.520617e-05       1
2127 5.979983e-05       1
2128 7.187080e-06       1
2129 1.249637e-03       1
2130 9.581610e-06       1
2131 3.505895e-04       1
2132 1.029248e-03       1
2133 6.907314e-04       1
2134 1.605421e-05       1
2135 2.380433e-04       1
2136 9.762335e-07       1
2137 1.322133e-03       1
2138 1.140091e-04       1
2139 5.314111e-06       1
2140 1.351712e-03       1
2141 3.610496e-04       1
2142 1.393844e-03       1
2143 1.564515e-04       1
2144 1.444138e-03       1
2145 6.208090e-04       1
2146 7.424052e-05       1
2147 5.572147e-06       1
2148 1.295166e-03       1
2149 1.831944e-03       1
2150 2.270890e-04       1
2151 9.566784e-04       1
2152 1.627701e-04       1
2153 1.906698e-03       1
2154 1.813240e-03       1
2155 1.203864e-03       1
2156 2.913249e-04       1
2157 1.549622e-03       1
2158 3.588590e-04       1
2159 1.629357e-06       1
2160 8.604383e-06       1
2161 9.304399e-05       1
2162 1.048198e-03       1
2163 9.638667e-04       1
2164 1.648816e-04       1
2165 3.613248e-04       1
2166 2.188275e-03       1
2167 4.351077e-04       1
2168 2.591152e-04       1
2169 1.688113e-05       1
2170 2.474334e-03       1
2171 7.280495e-04       1
2172 2.134724e-04       1
2173 9.487652e-04       1
2174 1.251794e-04       1
2175 4.460436e-04       1
2176 9.491124e-04       1
2177 1.070353e-04       1
2178 1.752545e-03       1
2179 2.013549e-05       1
2180 3.638897e-04       1
2181 1.136154e-03       1
2182 1.669327e-03       1
2183 2.188991e-04       1
2184 3.314271e-04       1
2185 1.537513e-03       1
2186 1.232726e-03       1
2187 4.325157e-04       1
2188 5.912665e-03       1
2189 4.243178e-03       1
2190 2.262940e-04       1
2191 5.540827e-05       1
2192 7.688653e-05       1
2193 2.108838e-03       1
2194 1.036095e-06       1
2195 1.822046e-03       1
2196 2.614757e-06       1
2197 3.135024e-04       1
2198 3.567047e-04       1
2199 3.817978e-03       1
2200 1.554482e-03       1
2201 3.151113e-03       1
2202 2.987221e-07       1
2203 1.327388e-04       1
2204 1.361308e-03       1
2205 6.690795e-05       1
2206 4.224991e-03       1
2207 4.142870e-06       1
2208 3.402127e-04       1
2209 8.306868e-05       1
2210 2.428548e-07       1
2211 3.053517e-04       1
2212 1.112654e-04       1
2213 2.625026e-03       1
2214 8.450046e-04       1
2215 1.224584e-04       1
2216 2.467581e-04       1
2217 1.693806e-03       1
2218 5.974552e-04       1
2219 2.473962e-04       1
2220 1.577019e-04       1
2221 6.522814e-07       1
2222 1.945338e-03       1
2223 7.586613e-05       1
2224 8.063663e-03       1
2225 3.629752e-05       1
2226 8.457141e-04       1
2227 1.242881e-04       1
2228 1.112154e-04       1
2229 3.307775e-05       1
2230 2.703798e-04       1
2231 5.425415e-03       1
2232 7.529657e-04       1
2233 3.749261e-05       1
2234 1.509628e-04       1
2235 1.702648e-03       1
2236 1.428892e-06       1
2237 8.007541e-05       1
2238 3.343144e-03       1
2239 2.605465e-04       1
2240 8.557838e-04       1
2241 2.146689e-03       1
2242 1.593679e-04       1
2243 1.234001e-03       1
2244 7.572518e-04       1
2245 3.209255e-04       1
2246 1.102055e-04       1
2247 1.229737e-05       1
2248 4.358078e-06       1
2249 2.556044e-04       1
2250 2.353278e-04       1
2251 8.497094e-04       1
2252 3.792187e-05       1
2253 4.580309e-03       1
2254 3.263958e-03       1
2255 6.415024e-05       1
2256 8.018491e-03       1
2257 2.553797e-03       1
2258 1.618219e-05       1
2259 4.487644e-04       1
2260 5.450775e-06       1
2261 4.130311e-01 0.94784
2262 7.179985e-05       1
2263 4.523608e-03       1
2264 8.379195e-05       1
2265 3.666388e-03       1
2266 2.314114e-04       1
2267 1.182191e-05       1
2268 3.479574e-04       1
2269 1.399459e-05       1
2270 1.387019e-03       1
2271 5.348992e-05       1
2272 2.867298e-04       1
2273 4.993865e-04       1
2274 3.118111e-03       1
2275 2.742313e-03       1
2276 5.262607e-04       1
2277 1.285258e-03       1
2278 9.295099e-03       1
2279 5.043219e-04       1
2280 2.354682e-04       1
2281 1.051780e-03       1
2282 7.954020e-05       1
2283 2.349150e-03       1
2284 1.039716e-03       1
2285 3.340461e-05       1
2286 7.759074e-04       1
2287 2.058446e-03       1
2288 2.809853e-04       1
2289 1.524251e-04       1
2290 8.364496e-04       1
2291 5.218321e-04       1
2292 1.343487e-03       1
2293 1.002722e-03       1
2294 3.138167e-03       1
2295 1.720044e-05       1
2296 1.152428e-04       1
2297 8.828805e-04       1
2298 2.186932e-04       1
2299 1.385710e-03       1
2300 3.171884e-04       1
2301 5.148493e-04       1
2302 2.879133e-05       1
2303 3.931083e-05       1
2304 2.029435e-05       1
2305 6.407996e-04       1
2306 2.983310e-06       1
2307 2.253304e-04       1
2308 1.012028e-03       1
2309 1.930630e-05       1
2310 2.293636e-03       1
2311 6.320503e-05       1
2312 9.618232e-06       1
2313 1.107793e-03       1
2314 7.492553e-05       1
2315 1.274058e-04       1
2316 1.536641e-05       1
2317 2.006969e-03       1
2318 4.059178e-05       1
2319 1.376799e-04       1
2320 1.256957e-03       1
2321 8.720887e-05       1
2322 3.307863e-05       1
2323 1.278994e-02       1
2324 4.207347e-04       1
2325 7.759688e-04       1
2326 1.257162e-05       1
2327 1.855451e-04       1
2328 2.628252e-03       1
2329 6.066200e-03       1
2330 4.688556e-04       1
2331 4.860850e-03       1
2332 8.600852e-04       1
2333 9.994785e-04       1
2334 7.461368e-04       1
2335 2.718572e-02       1
2336 1.055053e-04       1
2337 1.060377e-03       1
2338 5.910877e-04       1
2339 4.362694e-04       1
2340 4.332823e-06       1
2341 8.232246e-02       1
2342 3.142128e-03       1
2343 1.327629e-04       1
2344 2.143722e-04       1
2345 3.659741e-03       1
2346 2.787318e-04       1
2347 1.326085e-03       1
2348 1.553066e-03       1
2349 8.119393e-03       1
2350 2.308931e-03       1
2351 6.815480e-04       1
2352 3.510396e-02       1
2353 1.113538e-04       1
2354 4.056940e-05       1
2355 4.054210e-04       1
2356 1.083533e-04       1
2357 2.488787e-04       1
2358 2.177550e-06       1
2359 7.035996e-04       1
2360 3.318012e-07       1
2361 2.916170e-03       1
2362 1.976745e-04       1
2363 2.009890e-03       1
2364 4.579552e-03       1
2365 6.226454e-03       1
2366 5.173245e-04       1
2367 3.948362e-03       1
2368 3.569604e-04       1
2369 1.341658e-03       1
2370 6.313815e-04       1
2371 7.320057e-04       1
2372 2.873204e-03       1
2373 5.519906e-05       1
2374 3.004202e-03       1
2375 1.144757e-04       1
2376 7.705689e-04       1
2377 5.588262e-03       1
2378 3.463929e-06       1
2379 1.062185e-03       1
2380 2.642079e-04       1
2381 1.035429e-03       1
2382 1.964894e-03       1
2383 9.802879e-04       1
2384 1.796082e-04       1
2385 6.346933e-04       1
2386 1.602819e-06       1
2387 2.108036e-03       1
2388 4.612616e-05       1
2389 4.258847e-08       1
2390 8.123065e-05       1
2391 8.189546e-05       1
2392 8.077080e-04       1
2393 7.970137e-05       1
2394 9.406608e-03       1
2395 6.590265e-04       1
2396 4.916229e-04       1
2397 1.415305e-02       1
2398 3.945281e-03       1
2399 7.439416e-07       1
2400 2.460484e-04       1
2401 6.351235e-04       1
2402 2.086246e-02       1
2403 2.404842e-04       1
2404 3.341382e-08       1
2405 8.738733e-04       1
2406 4.879096e-04       1
2407 2.474900e-03       1
2408 8.035996e-05       1
2409 9.412155e-05       1
2410 5.897001e-05       1
2411 1.944565e-04       1
2412 1.704138e-03       1
2413 3.695504e-05       1
2414 9.090995e-04       1
2415 2.670924e-04       1
2416 9.954598e-05       1
2417 5.321555e-04       1
2418 3.840136e-03       1
2419 1.748514e-03       1
2420 3.661190e-04       1
2421 5.213887e-06       1
2422 8.151826e-04       1
2423 8.938772e-04       1
2424 8.894721e-04       1
2425 1.924646e-04       1
2426 1.662174e-04       1
2427 9.903858e-05       1
2428 3.102516e-03       1
2429 6.709746e-04       1
2430 5.355498e-06       1
2431 1.431778e-02       1
2432 9.750926e-04       1
2433 2.542661e-04       1
2434 2.597703e-04       1
2435 8.391245e-06       1
2436 1.599129e-03       1
2437 8.565972e-04       1
2438 4.422647e-04       1
2439 4.713216e-04       1
2440 6.497693e-03       1
2441 1.986883e-03       1
2442 1.701704e-03       1
2443 6.742673e-03       1
2444 1.192669e-03       1
2445 1.907680e-05       1
2446 2.848076e-04       1
2447 3.512728e-05       1
2448 1.287623e-03       1
2449 4.530100e-05       1
2450 7.292250e-04       1
2451 1.754879e-04       1
2452 8.856379e-03       1
2453 3.353645e-05       1
2454 2.133414e-03       1
2455 2.317690e-03       1
2456 2.344128e-04       1
2457 1.711466e-06       1
2458 5.372117e-03       1
2459 6.728601e-05       1
2460 2.848795e-03       1
2461 6.275806e-07       1
2462 2.788585e-05       1
2463 2.878717e-05       1
2464 7.853778e-05       1
2465 1.826584e-02       1
2466 2.859224e-03       1
2467 3.902564e-07       1
2468 3.956849e-03       1
2469 2.260847e-05       1
2470 1.195798e-03       1
2471 1.142894e-02       1
2472 4.924063e-07       1
2473 1.896947e-04       1
2474 9.935013e-04       1
2475 6.008000e-03       1
2476 6.392977e-04       1
2477 4.825554e-04       1
2478 1.519493e-03       1
2479 1.709399e-03       1
2480 1.900097e-03       1
2481 2.433024e-04       1
2482 4.098880e-04       1
2483 1.275503e-02       1
2484 1.990804e-03       1
2485 9.329314e-04       1
2486 1.399917e-07       1
2487 4.104900e-03       1
2488 4.451073e-05       1
2489 2.537211e-04       1
2490 3.027835e-06       1
2491 1.259085e-03       1
2492 1.623151e-04       1
2493 3.808706e-03       1
2494 5.112618e-04       1
2495 1.288531e-03       1
2496 3.664303e-04       1
2497 6.819679e-03       1
2498 3.538333e-04       1
2499 7.938884e-04       1
2500 1.320224e-05       1
2501 8.886283e-05       1
2502 2.515356e-03       1
2503 4.603275e-04       1
2504 3.883018e-04       1
2505 3.017753e-03       1
2506 1.051499e-03       1
2507 3.442555e-03       1
2508 6.797075e-03       1
2509 1.854230e-03       1
2510 4.364393e-05       1
2511 1.455092e-03       1
2512 2.344667e-03       1
2513 3.051813e-03       1
2514 1.154359e-04       1
2515 1.479472e-03       1
2516 4.403970e-05       1
2517 2.200967e-02       1
2518 9.963296e-06       1
2519 5.264671e-03       1
2520 1.891923e-03       1
2521 1.074759e-03       1
2522 5.969731e-03       1
2523 5.883916e-04       1
2524 1.123693e-03       1
2525 6.065569e-11       1
2526 6.149371e-04       1
2527 1.337214e-03       1
2528 1.486099e-03       1
2529 5.086096e-03       1
2530 7.658480e-04       1
2531 2.453421e-03       1
2532 1.436562e-03       1
2533 4.991353e-05       1
2534 1.132362e-04       1
2535 1.994240e-03       1
2536 2.992940e-03       1
2537 1.619519e-03       1
2538 1.822253e-04       1
2539 1.954311e-04       1
2540 1.184128e-03       1
2541 1.076736e-05       1
2542 9.461785e-04       1
2543 1.817458e-03       1
2544 1.622439e-04       1
2545 1.199673e-03       1
2546 4.537615e-03       1
2547 7.320214e-05       1
2548 2.121384e-04       1
2549 1.204900e-04       1
2550 3.491845e-03       1
2551 6.617422e-04       1
2552 6.604639e-03       1
2553 4.377364e-03       1
2554 1.687290e-03       1
2555 3.759977e-04       1
2556 4.113202e-03       1
2557 1.352901e-05       1
2558 2.718150e-06       1
2559 1.314941e-03       1
2560 2.658348e-04       1
2561 5.093337e-03       1
2562 8.918552e-04       1
2563 2.519837e-03       1
2564 1.854152e-07       1
2565 3.171665e-06       1
2566 1.732260e-04       1
2567 1.077497e-03       1
2568 6.012986e-03       1
2569 2.471783e-03       1
2570 4.403593e-04       1
2571 7.676037e-05       1
2572 1.968475e-04       1
2573 7.584036e-04       1
2574 1.347266e-03       1
2575 1.196313e-05       1
2576 3.783571e-05       1
2577 1.056612e-03       1
2578 1.045838e-05       1
2579 1.098862e-02       1
2580 4.005862e-03       1
2581 4.875351e-03       1
2582 6.065367e-04       1
2583 1.401262e-04       1
2584 2.263875e-03       1
2585 3.484574e-05       1
2586 7.869815e-04       1
2587 6.156323e-05       1
2588 1.654875e-04       1
2589 1.020867e-02       1
2590 5.498873e-05       1
2591 5.708166e-06       1
2592 3.369230e-03       1
2593 3.271396e-03       1
2594 3.641297e-03       1
2595 1.443250e-05       1
2596 6.423041e-05       1
2597 2.971280e-03       1
2598 1.292498e-03       1
2599 3.490904e-07       1
2600 5.464310e-03       1
2601 1.240758e-02       1
2602 2.444732e-04       1
2603 7.830535e-03       1
2604 1.188756e-03       1
2605 5.211285e-05       1
2606 9.304932e-05       1
2607 1.686426e-04       1
2608 2.497324e-03       1
2609 1.832247e-10       1
2610 1.293546e-05       1
2611 6.130345e-04       1
2612 1.047219e-03       1
2613 2.562949e-04       1
2614 2.430946e-03       1
2615 1.921914e-03       1
2616 1.109013e-03       1
2617 6.344281e-05       1
2618 1.895615e-04       1
2619 9.891673e-03       1
2620 5.981561e-05       1
2621 5.026771e-04       1
2622 3.421705e-04       1
2623 1.178488e-03       1
2624 8.932126e-04       1
2625 2.186568e-03       1
2626 3.070977e-04       1
2627 1.798511e-04       1
2628 1.603069e-03       1
2629 6.845085e-05       1
2630 1.791931e-03       1
2631 6.054308e-04       1
2632 5.620787e-04       1
2633 4.829035e-05       1
2634 2.500207e-03       1
2635 3.127428e-04       1
2636 2.328264e-03       1
2637 2.069208e-04       1
2638 3.410623e-03       1
2639 3.250321e-06       1
2640 3.378837e-04       1
2641 2.759767e-04       1
2642 1.258637e-04       1
2643 1.818477e-03       1
2644 1.572265e-03       1
2645 8.542017e-05       1
2646 5.474833e-04       1
2647 1.537211e-03       1
2648 1.832356e-02       1
2649 2.218654e-03       1
2650 7.197714e-04       1
2651 2.739137e-04       1
2652 8.861110e-06       1
2653 2.184180e-06       1
2654 1.804150e-03       1
2655 9.200589e-04       1
2656 7.745053e-04       1
2657 4.232666e-02       1
2658 5.128492e-03       1
2659 1.164784e-02       1
2660 6.585546e-04       1
2661 1.018312e-04       1
2662 6.941099e-04       1
2663 6.185942e-04       1
2664 3.512775e-04       1
2665 1.956463e-03       1
2666 2.890384e-04       1
2667 1.518530e-04       1
2668 3.877537e-03       1
2669 7.631449e-04       1
2670 1.519386e-03       1
2671 2.075931e-05       1
2672 4.560973e-04       1
2673 2.818747e-04       1
2674 5.398529e-04       1
2675 5.265978e-04       1
2676 3.687442e-03       1
2677 6.753063e-07       1
2678 7.981035e-04       1
2679 1.195758e-03       1
2680 1.810136e-03       1
2681 1.004476e-02       1
2682 1.814660e-03       1
2683 4.873090e-04       1
2684 1.024459e-03       1
2685 9.607914e-03       1
2686 2.147669e-03       1
2687 5.636828e-04       1
2688 1.906942e-04       1
2689 3.454849e-04       1
2690 1.877933e-03       1
2691 2.955429e-04       1
2692 2.014429e-02       1
2693 4.612100e-05       1
2694 3.934198e-05       1
2695 7.595365e-05       1
2696 1.106034e-06       1
2697 6.113476e-04       1
2698 2.912594e-04       1
2699 5.641481e-04       1
2700 1.490136e-02       1
2701 8.887226e-04       1
2702 4.406947e-04       1
2703 2.568224e-02       1
2704 2.657767e-05       1
2705 1.996327e-03       1
2706 2.494669e-04       1
2707 5.562447e-04       1
2708 7.444011e-04       1
2709 4.726281e-04       1
2710 9.300331e-06       1
2711 1.353451e-05       1
2712 2.574207e-03       1
2713 4.047122e-03       1
2714 1.340956e-02       1
2715 5.008538e-05       1
2716 4.297927e-03       1
2717 2.066401e-03       1
2718 7.799928e-05       1
2719 1.394234e-06       1
2720 1.077573e-03       1
2721 1.837330e-03       1
2722 2.855753e-03       1
2723 1.842302e-03       1
2724 2.204271e-03       1
2725 3.240568e-05       1
2726 9.840155e-04       1
2727 1.196062e-03       1
2728 1.644147e-04       1
2729 4.374884e-05       1
2730 1.991283e-04       1
2731 2.259134e-06       1
2732 1.810509e-03       1
2733 2.278724e-06       1
2734 3.692161e-04       1
2735 3.709813e-04       1
2736 1.440212e-03       1
2737 2.255016e-05       1
2738 1.851331e-03       1
2739 1.268124e-04       1
2740 1.671328e-03       1
2741 8.024354e-04       1
2742 5.230979e-05       1
2743 1.108499e-03       1
2744 1.569900e-03       1
2745 7.600287e-06       1
2746 7.175646e-05       1
2747 4.883895e-04       1
2748 2.778893e-04       1
2749 1.099940e-03       1
2750 1.254574e-03       1
2751 2.801010e-04       1
2752 3.411948e-03       1
2753 1.192525e-04       1
2754 7.847326e-04       1
2755 8.522325e-04       1
2756 1.859615e-02       1
2757 1.675070e-04       1
2758 2.082278e-03       1
2759 2.654055e-04       1
2760 1.515545e-04       1
2761 2.066523e-04       1
2762 1.712134e-05       1
2763 2.483559e-04       1
2764 1.002219e-03       1
2765 5.052753e-04       1
2766 3.425197e-04       1
2767 1.466008e-04       1
2768 7.979028e-04       1
2769 8.513432e-04       1
2770 1.786351e-04       1
2771 5.710780e-04       1
2772 6.067251e-04       1
2773 5.908319e-03       1
2774 1.078119e-04       1
2775 5.227571e-05       1
2776 1.332144e-03       1
2777 5.505072e-04       1
2778 2.726551e-06       1
2779 4.770323e-04       1
2780 9.262381e-04       1
2781 2.285560e-04       1
2782 1.177349e-03       1
2783 3.216775e-03       1
2784 5.995758e-05       1
2785 5.638368e-06       1
2786 5.814001e-04       1
2787 2.836603e-03       1
2788 2.515806e-04       1
2789 4.773875e-06       1
2790 2.548025e-04       1
2791 1.846891e-04       1
2792 2.041095e-04       1
2793 1.226542e-05       1
2794 1.051890e-02       1
2795 2.723008e-03       1
2796 4.672406e-05       1
2797 7.195979e-05       1
2798 3.393528e-03       1
2799 1.545031e-03       1
2800 2.137573e-03       1
2801 2.632055e-03       1
2802 2.778028e-05       1
2803 9.696957e-04       1
2804 9.494603e-04       1
2805 3.650303e-04       1
2806 3.036037e-03       1
2807 1.875495e-03       1
2808 1.228864e-04       1
2809 6.857693e-04       1
2810 1.169634e-03       1
2811 7.443725e-05       1
2812 5.789009e-04       1
2813 1.201612e-04       1
2814 9.420033e-04       1
2815 3.158824e-03       1
2816 3.710663e-03       1
2817 1.683260e-03       1
2818 1.564776e-04       1
2819 2.464304e-03       1
2820 8.527611e-04       1
2821 8.005688e-04       1
2822 2.564552e-03       1
2823 2.878750e-05       1
2824 1.292783e-05       1
2825 1.812032e-04       1
2826 7.464858e-04       1
2827 9.424267e-04       1
2828 5.841062e-03       1
2829 6.557589e-04       1
2830 6.105025e-05       1
2831 2.077904e-04       1
2832 1.636655e-03       1
2833 3.916898e-04       1
2834 2.711673e-03       1
2835 1.402098e-04       1
2836 7.606464e-04       1
2837 4.644346e-04       1
2838 1.056896e-03       1
2839 6.414780e-04       1
2840 5.155779e-05       1
2841 2.281391e-05       1
2842 6.041226e-05       1
2843 3.284363e-04       1
2844 7.369914e-05       1
2845 2.192633e-03       1
2846 5.221576e-05       1
2847 5.450983e-06       1
2848 1.774309e-06       1
2849 7.222764e-05       1
2850 2.170038e-06       1
2851 2.895985e-03       1
2852 1.974814e-03       1
2853 6.181241e-04       1
2854 2.043266e-04       1
2855 8.770197e-07       1
2856 7.323222e-04       1
2857 5.066254e-04       1
2858 2.142989e-04       1
2859 1.105258e-04       1
2860 2.079493e-05       1
2861 1.508392e-03       1
2862 2.227758e-03       1
2863 9.380255e-04       1
2864 2.248691e-03       1
2865 3.354285e-04       1
2866 2.753417e-03       1
2867 1.280808e-04       1
2868 1.566133e-05       1
2869 3.168558e-04       1
2870 1.598564e-04       1
2871 7.132503e-04       1
2872 1.838734e-05       1
2873 8.229460e-03       1
2874 4.352804e-09       1
2875 1.230165e-02       1
2876 5.141582e-03       1
2877 2.180305e-07       1
2878 6.346215e-04       1
2879 2.095527e-03       1
2880 6.759846e-04       1
2881 7.969391e-04       1
2882 1.010764e-04       1
2883 2.119052e-03       1
2884 1.279224e-07       1
2885 2.369462e-03       1
2886 3.160278e-04       1
2887 4.655845e-04       1
2888 4.612375e-06       1
2889 6.369163e-06       1
2890 1.165040e-03       1
2891 7.428841e-04       1
2892 1.602295e-03       1
2893 4.822251e-04       1
2894 5.048691e-03       1
2895 2.313639e-04       1
2896 4.627621e-04       1
2897 4.291960e-05       1
2898 3.194848e-03       1
2899 8.378572e-05       1
2900 7.135411e-04       1
2901 1.072226e-04       1
2902 2.743421e-04       1
2903 6.984038e-04       1
2904 6.247668e-07       1
2905 2.323168e-04       1
2906 1.404472e-03       1
2907 1.118714e-03       1
2908 1.444223e-03       1
2909 8.533774e-04       1
2910 6.743559e-04       1
2911 1.459082e-04       1
2912 1.290439e-07       1
2913 1.549660e-03       1
2914 1.634057e-03       1
2915 1.749232e-05       1
2916 6.274671e-05       1
2917 8.399481e-03       1
2918 2.404490e-03       1
2919 2.894495e-03       1
2920 8.057730e-04       1
2921 5.716489e-05       1
2922 7.656160e-03       1
2923 2.076439e-03       1
2924 5.494001e-04       1
2925 1.146580e-03       1
2926 9.286085e-04       1
2927 1.695912e-02       1
2928 1.225463e-03       1
2929 3.314040e-05       1
2930 7.859299e-05       1
2931 3.126432e-04       1
2932 2.708863e-04       1
2933 2.018077e-03       1
2934 1.181156e-04       1
2935 1.286076e-04       1
2936 1.480342e-05       1
2937 6.912080e-04       1
2938 8.697748e-05       1
2939 8.284568e-04       1
2940 1.546860e-03       1
2941 2.208112e-04       1
2942 4.569453e-05       1
2943 8.103715e-03       1
2944 2.571953e-04       1
2945 9.321123e-04       1
2946 1.125063e-06       1
2947 1.444401e-04       1
2948 2.635218e-04       1
2949 4.460874e-04       1
2950 1.064779e-04       1
2951 1.698594e-03       1
2952 7.722509e-04       1
2953 3.932349e-05       1
2954 3.235578e-03       1
2955 2.097562e-04       1
2956 2.737900e-04       1
2957 6.731992e-04       1
2958 4.692023e-04       1
2959 2.774717e-05       1
2960 1.360752e-03       1
2961 7.668075e-04       1
2962 9.274063e-04       1

$`MR-PRESSO results`$`Distortion Test`
$`MR-PRESSO results`$`Distortion Test`$`Outliers Indices`
[1] "No significant outliers"

$`MR-PRESSO results`$`Distortion Test`$`Distortion Coefficient`
[1] NA

$`MR-PRESSO results`$`Distortion Test`$Pvalue
[1] NA



