$`Main MR results`
       Exposure       MR Analysis Causal Estimate        Sd     T-stat
1 beta.exposure               Raw     0.308628455 0.3473839 0.88843624
2 beta.exposure Outlier-corrected     0.004638219 0.1535523 0.03020612
    P-value
1 0.3762625
2 0.9759584

$`MR-PRESSO results`
$`MR-PRESSO results`$`Global Test`
$`MR-PRESSO results`$`Global Test`$RSSobs
[1] 741.9872

$`MR-PRESSO results`$`Global Test`$Pvalue
[1] "<1e-04"


$`MR-PRESSO results`$`Outlier Test`
          RSSobs Pvalue
1   3.953023e-04      1
2   9.707368e-06      1
3   1.106966e-04      1
4   1.089422e-03      1
5   5.553346e-04      1
6   2.603655e-04      1
7   1.934381e-04      1
8   4.526700e-04      1
9   3.051977e-04      1
10  1.056451e-04      1
11  8.895314e-06      1
12  1.800924e-02      1
13  2.547319e-02      1
14  3.599522e-04      1
15  8.837645e-05      1
16  1.007917e-05      1
17  1.515592e-04      1
18  5.819095e-05      1
19  5.110276e-03      1
20  3.687265e-04      1
21  2.996958e-04      1
22  9.159544e-03  0.836
23  4.778189e-03      1
24  8.972320e-06      1
25  5.257252e-04      1
26  3.729078e-05      1
27  1.217964e-04      1
28  6.736434e-02      1
29  8.921256e-04      1
30  4.800997e-02      1
31  5.350530e-05      1
32  7.670290e-05      1
33  1.946170e-03      1
34  6.471533e-02      1
35  4.923581e-04      1
36  4.823422e-04      1
37  1.417512e-04      1
38  2.731202e-08      1
39  1.311981e-04      1
40  5.429945e-05      1
41  1.438850e-05      1
42  8.986368e-14      1
43  1.016468e-04      1
44  9.120785e-05      1
45  3.462369e-06      1
46  2.283502e-05      1
47  2.382804e-04      1
48  2.817787e-06      1
49  2.989507e-04      1
50  2.118337e-04      1
51  1.383541e-03      1
52  2.440398e-05      1
53  1.022745e-03      1
54  2.478190e-03      1
55  3.347800e-04      1
56  4.801552e-06      1
57  1.149991e-03      1
58  3.744037e-04      1
59  3.222204e-06      1
60  2.246236e-03      1
61  2.612284e-04      1
62  4.642962e-06      1
63  1.272975e-04      1
64  6.010871e-01 <0.011
65  2.470309e-04      1
66  1.808610e-04      1
67  9.016120e-05      1
68  2.657003e-04      1
69  1.916013e-04      1
70  7.131722e-05      1
71  9.498335e-08      1
72  4.250219e-04      1
73  2.217756e-04      1
74  5.693003e-08      1
75  1.408398e-03      1
76  2.994202e-04      1
77  1.153454e-01  0.638
78  3.522073e-05      1
79  3.775834e-02      1
80  2.319880e-04      1
81  1.231265e-03      1
82  4.617698e-05      1
83  1.677730e-03      1
84  8.287967e-08      1
85  1.150923e-05      1
86  8.624536e-04      1
87  5.274894e-04      1
88  8.029571e-05      1
89  2.466684e-05      1
90  7.267280e-02      1
91  9.587812e-05      1
92  9.169927e-04      1
93  2.402683e-04      1
94  7.875965e-04      1
95  4.155365e-05      1
96  2.657297e-05      1
97  4.160957e-04      1
98  1.739619e-03      1
99  8.132307e-05      1
100 7.311805e-02      1
101 5.445582e-04      1
102 1.809894e-03      1
103 3.229764e-04      1
104 2.463674e-04      1
105 1.001833e-04      1
106 3.235309e-04      1
107 4.107145e-04      1
108 3.977560e-05      1
109 9.851674e-04      1
110 1.009022e-03      1

$`MR-PRESSO results`$`Distortion Test`
$`MR-PRESSO results`$`Distortion Test`$`Outliers Indices`
[1] 64

$`MR-PRESSO results`$`Distortion Test`$`Distortion Coefficient`
beta.exposure 
      6554.03 

$`MR-PRESSO results`$`Distortion Test`$Pvalue
[1] 0.0037



