$`Main MR results`
       Exposure       MR Analysis Causal Estimate        Sd     T-stat
1 beta.exposure               Raw      -0.1583957 0.1592338 -0.9947368
2 beta.exposure Outlier-corrected              NA        NA         NA
    P-value
1 0.3220474
2        NA

$`MR-PRESSO results`
$`MR-PRESSO results`$`Global Test`
$`MR-PRESSO results`$`Global Test`$RSSobs
[1] 152.2186

$`MR-PRESSO results`$`Global Test`$Pvalue
[1] 0.0068


$`MR-PRESSO results`$`Outlier Test`
          RSSobs Pvalue
1   7.882825e-07      1
2   1.143405e-05      1
3   1.265424e-03      1
4   1.051431e-04      1
5   2.477609e-04      1
6   2.615860e-05      1
7   5.807164e-05      1
8   6.049210e-04      1
9   2.685043e-04      1
10  3.356507e-04      1
11  2.458474e-06      1
12  6.923730e-05      1
13  2.835741e-05      1
14  7.158626e-04      1
15  1.395684e-03      1
16  4.148547e-04      1
17  3.046900e-04      1
18  6.476085e-09      1
19  6.502808e-04      1
20  2.229879e-06      1
21  3.888465e-04      1
22  2.040747e-03      1
23  8.999301e-05      1
24  1.217514e-04      1
25  1.935239e-05      1
26  5.671400e-04      1
27  1.700358e-05      1
28  6.719931e-04      1
29  1.375767e-03      1
30  8.123379e-05      1
31  6.307414e-06      1
32  3.370544e-04      1
33  6.248781e-05      1
34  5.482666e-04      1
35  1.408385e-04      1
36  1.926407e-03      1
37  3.603867e-07      1
38  5.956152e-05      1
39  3.388355e-04      1
40  9.054265e-05      1
41  2.692919e-04      1
42  1.416255e-05      1
43  6.388935e-05      1
44  2.179914e-04      1
45  4.269137e-04      1
46  1.444160e-04      1
47  1.374605e-04      1
48  1.884738e-03      1
49  3.190135e-05      1
50  9.317203e-05      1
51  5.592794e-04      1
52  4.691353e-04      1
53  3.548428e-04      1
54  5.483382e-05      1
55  1.187729e-03      1
56  1.736757e-03 0.4329
57  1.159806e-05      1
58  4.610847e-06      1
59  2.984714e-05      1
60  1.014770e-05      1
61  3.040422e-04      1
62  2.638602e-04      1
63  2.265182e-04      1
64  2.468612e-05      1
65  2.769794e-04      1
66  6.204972e-04      1
67  1.133149e-04      1
68  7.332944e-05      1
69  1.278959e-03      1
70  1.882262e-04      1
71  4.374386e-04      1
72  5.261686e-04      1
73  3.164689e-04      1
74  2.070062e-04      1
75  4.404719e-04      1
76  8.325485e-05      1
77  5.522337e-04      1
78  1.227062e-04      1
79  1.313844e-04      1
80  7.728488e-04      1
81  1.507003e-03      1
82  7.868023e-04      1
83  4.334817e-04      1
84  4.549744e-04      1
85  2.744350e-05      1
86  2.429126e-04      1
87  4.705748e-04      1
88  5.438239e-04      1
89  1.825750e-04      1
90  9.553170e-04      1
91  3.984678e-05      1
92  2.586717e-03 0.5661
93  3.917021e-04      1
94  2.213312e-04      1
95  2.645391e-05      1
96  1.105533e-06      1
97  1.639506e-04      1
98  1.306269e-04      1
99  1.283680e-03      1
100 5.896437e-05      1
101 1.107166e-05      1
102 8.442237e-04      1
103 1.453629e-07      1
104 5.793578e-04      1
105 9.269596e-04      1
106 6.717766e-05      1
107 1.026001e-04      1
108 3.559523e-04      1
109 1.851602e-04      1
110 7.553838e-05      1
111 8.571219e-06      1

$`MR-PRESSO results`$`Distortion Test`
$`MR-PRESSO results`$`Distortion Test`$`Outliers Indices`
[1] "No significant outliers"

$`MR-PRESSO results`$`Distortion Test`$`Distortion Coefficient`
[1] NA

$`MR-PRESSO results`$`Distortion Test`$Pvalue
[1] NA



