$`Main MR results`
       Exposure       MR Analysis Causal Estimate         Sd     T-stat
1 beta.exposure               Raw    -0.025655461 0.01500409 -1.7098977
2 beta.exposure Outlier-corrected    -0.007610684 0.01217719 -0.6249953
     P-value
1 0.09007876
2 0.53326848

$`MR-PRESSO results`
$`MR-PRESSO results`$`Global Test`
$`MR-PRESSO results`$`Global Test`$RSSobs
[1] 187.9955

$`MR-PRESSO results`$`Global Test`$Pvalue
[1] "<1e-04"


$`MR-PRESSO results`$`Outlier Test`
          RSSobs  Pvalue
1   3.762579e-05       1
2   2.642692e-06       1
3   7.392490e-08       1
4   6.556715e-05       1
5   1.658042e-04       1
6   3.431715e-05       1
7   1.466864e-06       1
8   6.020111e-06       1
9   1.184724e-06       1
10  1.589552e-07       1
11  2.627814e-06       1
12  4.387234e-04       1
13  2.676725e-05       1
14  2.094164e-05       1
15  7.246538e-06       1
16  2.228139e-05       1
17  5.090707e-06       1
18  2.033587e-04       1
19  6.743389e-07       1
20  5.072926e-07       1
21  3.351838e-06       1
22  2.080983e-06       1
23  1.592885e-05       1
24  1.035058e-05       1
25  2.355042e-05       1
26  3.344728e-05       1
27  8.909699e-06       1
28  8.770909e-05       1
29  3.852859e-05       1
30  3.252173e-06       1
31  1.458595e-05       1
32  7.343093e-06       1
33  2.467518e-05       1
34  1.278979e-05       1
35  1.030461e-05       1
36  3.761746e-06       1
37  2.839919e-06       1
38  8.459366e-06       1
39  5.069229e-05       1
40  5.174831e-05       1
41  1.049263e-05       1
42  1.835422e-06       1
43  6.851813e-06       1
44  3.305127e-05       1
45  1.698416e-06       1
46  6.413295e-07       1
47  3.549763e-07       1
48  3.098765e-05       1
49  1.127610e-04       1
50  2.806959e-05       1
51  4.025292e-05       1
52  8.722161e-07       1
53  1.486618e-04       1
54  2.205638e-05       1
55  5.139494e-07       1
56  8.810178e-07       1
57  6.458934e-05       1
58  2.080083e-07       1
59  1.383445e-04       1
60  1.766633e-05       1
61  6.342179e-06       1
62  7.183764e-07       1
63  2.556670e-06       1
64  4.618582e-05       1
65  7.084065e-07       1
66  1.257138e-05       1
67  2.046714e-05       1
68  1.484216e-05       1
69  7.981997e-07       1
70  1.157430e-04  0.7392
71  9.028948e-06       1
72  2.707781e-06       1
73  1.245395e-06       1
74  2.686217e-05       1
75  1.827900e-05       1
76  1.218600e-03 <0.0112
77  6.043399e-06       1
78  4.898357e-06       1
79  4.253721e-05       1
80  1.270851e-05       1
81  3.671810e-05       1
82  5.687786e-06       1
83  8.587376e-05       1
84  2.502712e-05       1
85  4.532710e-09       1
86  2.050627e-05       1
87  3.971319e-06       1
88  1.297496e-05       1
89  2.340954e-07       1
90  5.866607e-06       1
91  2.024631e-05       1
92  3.754959e-05       1
93  1.260507e-04       1
94  5.392736e-05       1
95  1.355060e-05       1
96  5.187494e-06       1
97  3.563468e-05       1
98  1.140429e-07       1
99  9.814029e-09       1
100 1.708948e-05       1
101 3.084751e-05       1
102 2.481602e-05       1
103 2.236074e-06       1
104 4.147943e-05       1
105 1.441725e-05       1
106 1.454015e-05       1
107 1.335751e-05       1
108 1.123809e-08       1
109 9.101471e-07       1
110 6.244412e-05       1
111 4.414541e-05       1
112 1.005173e-05       1

$`MR-PRESSO results`$`Distortion Test`
$`MR-PRESSO results`$`Distortion Test`$`Outliers Indices`
[1] 76

$`MR-PRESSO results`$`Distortion Test`$`Distortion Coefficient`
beta.exposure 
    -237.0979 

$`MR-PRESSO results`$`Distortion Test`$Pvalue
[1] 0.0838



