$`Main MR results`
       Exposure       MR Analysis Causal Estimate         Sd    T-stat
1 beta.exposure               Raw      -0.6371724 0.07362075 -8.654794
2 beta.exposure Outlier-corrected              NA         NA        NA
       P-value
1 1.491834e-17
2           NA

$`MR-PRESSO results`
$`MR-PRESSO results`$`Global Test`
$`MR-PRESSO results`$`Global Test`$RSSobs
[1] 1441.488

$`MR-PRESSO results`$`Global Test`$Pvalue
[1] 0.00024


$`MR-PRESSO results`$`Outlier Test`
           RSSobs Pvalue
1    9.993045e-05      1
2    8.268855e-04      1
3    3.104862e-03      1
4    8.289701e-04      1
5    1.098406e-07      1
6    2.142930e-03      1
7    9.546220e-07      1
8    6.728247e-05      1
9    1.207493e-04      1
10   1.138563e-03      1
11   4.265449e-03      1
12   7.207383e-04      1
13   1.093493e-03      1
14   4.396587e-04      1
15   1.477418e-03      1
16   4.772738e-04      1
17   6.874807e-03      1
18   2.070940e-03      1
19   1.851663e-03      1
20   7.196536e-04      1
21   7.897212e-04      1
22   4.113379e-03      1
23   8.102605e-05      1
24   4.172282e-06      1
25   3.050094e-05      1
26   2.465748e-03      1
27   6.543502e-04      1
28   6.246930e-04      1
29   2.777720e-03      1
30   1.472390e-03      1
31   6.540626e-06      1
32   1.369270e-03      1
33   3.380030e-03      1
34   6.501079e-07      1
35   2.450830e-04      1
36   2.224029e-03      1
37   4.206543e-04      1
38   1.784293e-02      1
39   2.345818e-05      1
40   1.105262e-03      1
41   1.308166e-03      1
42   6.484048e-04      1
43   5.497316e-04      1
44   9.173869e-04      1
45   1.486087e-04      1
46   1.176039e-03      1
47   6.642332e-07      1
48   1.006756e-02      1
49   6.281297e-05      1
50   2.675573e-05      1
51   2.227194e-04      1
52   1.251883e-03      1
53   8.185631e-04      1
54   2.111155e-04      1
55   8.780049e-04      1
56   2.049681e-05      1
57   3.450557e-04      1
58   1.054703e-06      1
59   2.691748e-05      1
60   1.432005e-04      1
61   2.886693e-04      1
62   5.365156e-03      1
63   4.144369e-05      1
64   6.362371e-05      1
65   1.440609e-03      1
66   7.175096e-04      1
67   1.665819e-04      1
68   8.081722e-05      1
69   4.744711e-04      1
70   3.655237e-04      1
71   2.860968e-05      1
72   1.323660e-04      1
73   5.529135e-05      1
74   7.195508e-04      1
75   5.314836e-06      1
76   3.985362e-04      1
77   1.762407e-03      1
78   1.355818e-05      1
79   3.798095e-03      1
80   1.352523e-04      1
81   1.460845e-05      1
82   1.775470e-05      1
83   4.593768e-04      1
84   1.549447e-03      1
85   1.027224e-03      1
86   3.719793e-03      1
87   1.203719e-04      1
88   9.631852e-05      1
89   3.096128e-04      1
90   1.420410e-03      1
91   2.658070e-04      1
92   6.755248e-04      1
93   2.114065e-03      1
94   3.675229e-04      1
95   2.642169e-05      1
96   4.855987e-04      1
97   6.510251e-04      1
98   4.752712e-04      1
99   5.888865e-05      1
100  2.112531e-03      1
101  5.306201e-03      1
102  6.345623e-05      1
103  2.843007e-04      1
104  9.962718e-05      1
105  2.544764e-03      1
106  4.054228e-04      1
107  1.172306e-03      1
108  1.051324e-04      1
109  1.039076e-03      1
110  1.396425e-03      1
111  5.136876e-05      1
112  3.002603e-04      1
113  2.306285e-04      1
114  4.867692e-03      1
115  9.591709e-05      1
116  1.585995e-03      1
117  5.708054e-04      1
118  6.017844e-05      1
119  8.957193e-05      1
120  4.333708e-03      1
121  9.976103e-05      1
122  3.518010e-05      1
123  1.409431e-03      1
124  1.038581e-03      1
125  1.459559e-04      1
126  9.311453e-04      1
127  1.043197e-03      1
128  3.143524e-05      1
129  1.231920e-04      1
130  2.941247e-03      1
131  3.185207e-03      1
132  1.598651e-04      1
133  2.819448e-04      1
134  6.975854e-04      1
135  3.050139e-03      1
136  3.312334e-05      1
137  3.180089e-04      1
138  8.228025e-04      1
139  2.524120e-03      1
140  2.436937e-03      1
141  6.147992e-04      1
142  1.006941e-02      1
143  1.714821e-03      1
144  1.289306e-02      1
145  1.037915e-03      1
146  1.293692e-05      1
147  1.678139e-03      1
148  1.220721e-03      1
149  4.767455e-05      1
150  2.609237e-03      1
151  2.656443e-04      1
152  1.145581e-03      1
153  9.683872e-04      1
154  9.530988e-04      1
155  2.057743e-02      1
156  1.309741e-02      1
157  4.243569e-04      1
158  1.231437e-03      1
159  4.990911e-04      1
160  2.045775e-02      1
161  2.170695e-04      1
162  1.558667e-03      1
163  3.474998e-08      1
164  1.676221e-02      1
165  3.729139e-03      1
166  3.022827e-04      1
167  7.687116e-03      1
168  1.741967e-03      1
169  6.788249e-04      1
170  3.072959e-03      1
171  3.139720e-03      1
172  2.983802e-05      1
173  4.550911e-06      1
174  1.776247e-03      1
175  1.184317e-03      1
176  2.673069e-04      1
177  2.831316e-04      1
178  1.155983e-03      1
179  1.410395e-04      1
180  2.209325e-04      1
181  3.473418e-03      1
182  1.617853e-04      1
183  1.906962e-03      1
184  3.057498e-05      1
185  1.780921e-05      1
186  3.393096e-03      1
187  3.163808e-05      1
188  2.482960e-06      1
189  6.305776e-04      1
190  6.252456e-04      1
191  1.960353e-03      1
192  2.016254e-05      1
193  2.122655e-03      1
194  5.996872e-04      1
195  2.306390e-03      1
196  1.172171e-03      1
197  1.300929e-03      1
198  2.325427e-04      1
199  6.618994e-06      1
200  2.737859e-03      1
201  1.427676e-03      1
202  4.222086e-04      1
203  2.534278e-03      1
204  5.455385e-04      1
205  7.428443e-04      1
206  1.269864e-03      1
207  2.500975e-03      1
208  4.987535e-04      1
209  4.647110e-05      1
210  1.355934e-03      1
211  2.398905e-03      1
212  8.705114e-04      1
213  9.603681e-03      1
214  2.491880e-04      1
215  1.660643e-04      1
216  6.049480e-03      1
217  1.954610e-04      1
218  4.699826e-04      1
219  1.485469e-03      1
220  5.804476e-04      1
221  5.805966e-05      1
222  1.065373e-03      1
223  3.311779e-04      1
224  2.156306e-05      1
225  8.881792e-04      1
226  1.592749e-05      1
227  3.843383e-03      1
228  9.484800e-05      1
229  1.738931e-04      1
230  7.821770e-04      1
231  1.974115e-03      1
232  6.507897e-04      1
233  3.169229e-03      1
234  1.354186e-04      1
235  8.536083e-04      1
236  3.685481e-04      1
237  2.451509e-05      1
238  1.990029e-04      1
239  3.915230e-04      1
240  1.036467e-04      1
241  8.918493e-04      1
242  7.695916e-06      1
243  4.588520e-05      1
244  3.296579e-03      1
245  3.037847e-04      1
246  2.475670e-04      1
247  5.600128e-04      1
248  8.674513e-05      1
249  4.936926e-04      1
250  2.279437e-05      1
251  2.736328e-05      1
252  7.128671e-04      1
253  6.208524e-04      1
254  1.317132e-03      1
255  1.268717e-03      1
256  7.987372e-05      1
257  2.752447e-04      1
258  5.264759e-04      1
259  5.616611e-03      1
260  1.260470e-05      1
261  1.956944e-04      1
262  3.624994e-04      1
263  1.432531e-04      1
264  1.761633e-04      1
265  6.527617e-05      1
266  2.890861e-04      1
267  4.308982e-05      1
268  2.454438e-03      1
269  1.521193e-04      1
270  1.386202e-03      1
271  2.446446e-03      1
272  5.060029e-04      1
273  4.399635e-04      1
274  3.652162e-04      1
275  1.217778e-03      1
276  4.918451e-04      1
277  1.786264e-03      1
278  1.026542e-03      1
279  1.651326e-04      1
280  4.156201e-04      1
281  2.182504e-06      1
282  1.535159e-04      1
283  3.098299e-04      1
284  1.075613e-03      1
285  9.449947e-06      1
286  2.710175e-05      1
287  1.167732e-05      1
288  1.085307e-04      1
289  2.819345e-05      1
290  1.236668e-03      1
291  1.557003e-04      1
292  1.042011e-03      1
293  8.749312e-04      1
294  1.307349e-03      1
295  4.685810e-03      1
296  3.773826e-04      1
297  3.096674e-04      1
298  1.613508e-03      1
299  6.019309e-04      1
300  1.132304e-05      1
301  3.783919e-04      1
302  4.478797e-04      1
303  1.625813e-06      1
304  1.883750e-04      1
305  1.383760e-04      1
306  4.479608e-04      1
307  9.102645e-07      1
308  3.038014e-03      1
309  3.823778e-06      1
310  2.469033e-05      1
311  1.229891e-04      1
312  8.745035e-04      1
313  7.308037e-03      1
314  4.486977e-04      1
315  1.209550e-05      1
316  1.102987e-03      1
317  1.148523e-03      1
318  1.171325e-05      1
319  8.723314e-05      1
320  7.930188e-06      1
321  2.310763e-03      1
322  4.645514e-04      1
323  9.346150e-04      1
324  2.623178e-07      1
325  5.884907e-04      1
326  1.825317e-04      1
327  2.575144e-04      1
328  1.133490e-03      1
329  1.408365e-03      1
330  2.032564e-03      1
331  8.635974e-05      1
332  3.481258e-05      1
333  3.037269e-04      1
334  3.843934e-04      1
335  2.753722e-03      1
336  9.984477e-04      1
337  5.800385e-05      1
338  7.562601e-04      1
339  1.207149e-03      1
340  7.953717e-05      1
341  4.748049e-05      1
342  2.795226e-07      1
343  4.154296e-05      1
344  1.971850e-03      1
345  1.342601e-03      1
346  9.411299e-03      1
347  9.477892e-05      1
348  1.572044e-03      1
349  1.396233e-04      1
350  1.752220e-04      1
351  3.275755e-05      1
352  6.392913e-04      1
353  6.495716e-04      1
354  1.916881e-05      1
355  2.746509e-04      1
356  7.275637e-03      1
357  1.083192e-03      1
358  6.222020e-05      1
359  2.830327e-04      1
360  2.236407e-06      1
361  5.092346e-03      1
362  6.398181e-05      1
363  4.645710e-04      1
364  1.341223e-03      1
365  2.431602e-03      1
366  1.137607e-03      1
367  2.804444e-04      1
368  2.620847e-06      1
369  1.945941e-03      1
370  6.818954e-04      1
371  7.186745e-03      1
372  3.645045e-03      1
373  7.353533e-05      1
374  9.517482e-03      1
375  1.725554e-04      1
376  3.153905e-03      1
377  8.621151e-03      1
378  2.509588e-03      1
379  3.590834e-04      1
380  7.143822e-05      1
381  7.914556e-07      1
382  1.806466e-03      1
383  2.145876e-04      1
384  2.385156e-05      1
385  1.003931e-03      1
386  1.000246e-03      1
387  8.455403e-05      1
388  1.377181e-04      1
389  3.702501e-04      1
390  4.893124e-04      1
391  5.689537e-07      1
392  5.127929e-05      1
393  2.966734e-03      1
394  3.712021e-04      1
395  6.336721e-06      1
396  8.826238e-04      1
397  8.087803e-04      1
398  8.613522e-04      1
399  1.135775e-04      1
400  1.229296e-04      1
401  3.353045e-03      1
402  6.648621e-05      1
403  9.787932e-04      1
404  1.441491e-03      1
405  3.586641e-04      1
406  7.819280e-05      1
407  6.610384e-05      1
408  4.017770e-04      1
409  3.569042e-05      1
410  4.118154e-04      1
411  1.691745e-06      1
412  5.376820e-03      1
413  2.820489e-03      1
414  2.969959e-03      1
415  2.368282e-04      1
416  7.758347e-07      1
417  5.658068e-05      1
418  2.836501e-04      1
419  6.039640e-04      1
420  8.308867e-05      1
421  3.720340e-06      1
422  1.243059e-06      1
423  3.517103e-05      1
424  2.316300e-03      1
425  2.985695e-04      1
426  3.720639e-04      1
427  7.972314e-04      1
428  3.119051e-03      1
429  3.548940e-04      1
430  3.636857e-04      1
431  9.069027e-06      1
432  2.557752e-04      1
433  1.525954e-03      1
434  3.071131e-04      1
435  3.252147e-03      1
436  4.087924e-04      1
437  2.992705e-03      1
438  4.445071e-05      1
439  8.810766e-03      1
440  9.479603e-04      1
441  1.296423e-04      1
442  5.701393e-04      1
443  9.720918e-06      1
444  1.364471e-04      1
445  2.184992e-04      1
446  3.503137e-03      1
447  1.615723e-03      1
448  5.243844e-05      1
449  5.385430e-05      1
450  1.321389e-03      1
451  4.699411e-05      1
452  1.449482e-04      1
453  1.110388e-05      1
454  7.680583e-05      1
455  4.677475e-04      1
456  4.457190e-07      1
457  1.557917e-04      1
458  3.174848e-04      1
459  2.513914e-04      1
460  3.242640e-04      1
461  2.215548e-04      1
462  1.886720e-05      1
463  1.415999e-02      1
464  3.061750e-06      1
465  2.686518e-03      1
466  1.356461e-04      1
467  1.811767e-04      1
468  4.407643e-06      1
469  2.596917e-03      1
470  3.302113e-04      1
471  6.967977e-03      1
472  6.755828e-04      1
473  7.494810e-07      1
474  4.712303e-03      1
475  9.347657e-08      1
476  9.505153e-05      1
477  7.464506e-04      1
478  6.975463e-04      1
479  1.099589e-04      1
480  2.090246e-04      1
481  1.189331e-04      1
482  7.725139e-04      1
483  2.690348e-06      1
484  1.510458e-02      1
485  1.414801e-03      1
486  4.126427e-04      1
487  2.611908e-04      1
488  2.691601e-04      1
489  7.643217e-05      1
490  4.063019e-04      1
491  6.624825e-04      1
492  3.035766e-04      1
493  2.845927e-04      1
494  1.269339e-04      1
495  5.680661e-04      1
496  4.003644e-04      1
497  1.622937e-06      1
498  1.783875e-03      1
499  3.762231e-04      1
500  2.323648e-03      1
501  1.944479e-04      1
502  2.453198e-03      1
503  1.571800e-04      1
504  1.327310e-03      1
505  1.062413e-04      1
506  4.450091e-04      1
507  5.530755e-05      1
508  4.186313e-05      1
509  2.072957e-04      1
510  6.643693e-03      1
511  1.337070e-04      1
512  1.983906e-03      1
513  1.490562e-03      1
514  4.787713e-03      1
515  1.221940e-05      1
516  8.152850e-04      1
517  6.281678e-04      1
518  6.737478e-04      1
519  9.546581e-04      1
520  6.499283e-06      1
521  4.848388e-03      1
522  1.271414e-05      1
523  3.571714e-07      1
524  7.066169e-05      1
525  6.454076e-05      1
526  3.403916e-05      1
527  5.249869e-04      1
528  9.227555e-04      1
529  4.136827e-04      1
530  1.163223e-05      1
531  1.642608e-04      1
532  1.128103e-04      1
533  1.700042e-03      1
534  4.925105e-04      1
535  2.385414e-05      1
536  3.041495e-03      1
537  9.334648e-05      1
538  9.820307e-04      1
539  5.961659e-04      1
540  3.885733e-04      1
541  2.562992e-04      1
542  2.814757e-04      1
543  4.156126e-03      1
544  1.029056e-03      1
545  9.455155e-04      1
546  1.267641e-03      1
547  2.687007e-03      1
548  1.795234e-03      1
549  1.185293e-03      1
550  5.235730e-03      1
551  6.248563e-05      1
552  1.159351e-03      1
553  4.548071e-04      1
554  1.008534e-03      1
555  7.761997e-04      1
556  1.320754e-03      1
557  2.730056e-04      1
558  2.734612e-04      1
559  2.345861e-05      1
560  6.158199e-05      1
561  1.408017e-04      1
562  3.710823e-05      1
563  1.295161e-03      1
564  1.031281e-04      1
565  1.022744e-03      1
566  1.382561e-03      1
567  2.530896e-04      1
568  1.212094e-04      1
569  2.701677e-04      1
570  2.627968e-04      1
571  6.489228e-06      1
572  2.749027e-03      1
573  1.880125e-06      1
574  3.891456e-03      1
575  2.014644e-03      1
576  2.033386e-03      1
577  1.189582e-03      1
578  1.966844e-05      1
579  1.113156e-05      1
580  6.897567e-04      1
581  9.995274e-06      1
582  9.236407e-04      1
583  3.080376e-04      1
584  5.249241e-04      1
585  1.081806e-04      1
586  6.504050e-06      1
587  3.663933e-03      1
588  2.201729e-03      1
589  2.259080e-04      1
590  7.244818e-06      1
591  3.837933e-04      1
592  2.013863e-04      1
593  2.305687e-04      1
594  1.165185e-04      1
595  1.332350e-05      1
596  4.572507e-05      1
597  3.092790e-04      1
598  1.680667e-03      1
599  1.622937e-03      1
600  1.062963e-03      1
601  1.764867e-05      1
602  2.294346e-04      1
603  2.930648e-03      1
604  8.272471e-05      1
605  4.541575e-05      1
606  6.599199e-04      1
607  7.834402e-04      1
608  1.564232e-04      1
609  1.055411e-04      1
610  7.741258e-04      1
611  2.829743e-04      1
612  6.947782e-05      1
613  2.089807e-05      1
614  3.531993e-07      1
615  1.041345e-04      1
616  2.536651e-03      1
617  4.434972e-06      1
618  1.862432e-06      1
619  8.422003e-03      1
620  2.686949e-03      1
621  4.508268e-06      1
622  1.193760e-03      1
623  1.670764e-03      1
624  6.700937e-05      1
625  1.013608e-04      1
626  6.277626e-04      1
627  4.646933e-03      1
628  1.967610e-03      1
629  6.297927e-05      1
630  4.155778e-04      1
631  1.930820e-03      1
632  3.285993e-03      1
633  1.486756e-03      1
634  1.889202e-03      1
635  4.406149e-04      1
636  1.147953e-04      1
637  1.393625e-04      1
638  1.607809e-03      1
639  2.797870e-03      1
640  5.077200e-04      1
641  7.011579e-03      1
642  3.671494e-05      1
643  2.521633e-04      1
644  4.029950e-04      1
645  7.865067e-04      1
646  3.444245e-04      1
647  7.119700e-04      1
648  9.175524e-04      1
649  6.102850e-04      1
650  4.091509e-05      1
651  6.586680e-04      1
652  3.949475e-04      1
653  2.792892e-03      1
654  1.520896e-02      1
655  1.401769e-03      1
656  1.535073e-04      1
657  1.442037e-03      1
658  1.163307e-05      1
659  3.135133e-06      1
660  4.054769e-03      1
661  5.051332e-03      1
662  1.607931e-04      1
663  1.003129e-02      1
664  6.915543e-05      1
665  1.098360e-04      1
666  9.659748e-05      1
667  5.840835e-03      1
668  4.819971e-03      1
669  6.572355e-03      1
670  4.605895e-04      1
671  1.456086e-04      1
672  2.255544e-06      1
673  1.115404e-08      1
674  4.819538e-04      1
675  3.018790e-03      1
676  5.437480e-06      1
677  4.141468e-03      1
678  4.655231e-04      1
679  3.938032e-03      1
680  5.379225e-05      1
681  5.987089e-04      1
682  1.131074e-03      1
683  1.460906e-03      1
684  6.876261e-04      1
685  6.956659e-08      1
686  1.060258e-04      1
687  1.748463e-04      1
688  4.688516e-04      1
689  3.358908e-03      1
690  2.435948e-04      1
691  3.548634e-04      1
692  1.918414e-03      1
693  2.986019e-04      1
694  2.041092e-03      1
695  1.061824e-02      1
696  2.976041e-03      1
697  1.488694e-03      1
698  3.932433e-04      1
699  4.611804e-04      1
700  1.482590e-03      1
701  8.151850e-04      1
702  9.728800e-06      1
703  4.637140e-04      1
704  1.756714e-04      1
705  2.814290e-05      1
706  6.612628e-05      1
707  3.637172e-04      1
708  1.376506e-03      1
709  1.390823e-09      1
710  7.926734e-03      1
711  2.020430e-04      1
712  1.679489e-03      1
713  1.063552e-04      1
714  5.953831e-04      1
715  4.165341e-05      1
716  2.310146e-04      1
717  2.685071e-04      1
718  1.882010e-03      1
719  5.052800e-04      1
720  2.536562e-05      1
721  2.981294e-03      1
722  1.031163e-03      1
723  1.568171e-04      1
724  8.469762e-04      1
725  1.212204e-03      1
726  4.337238e-05      1
727  2.862999e-04      1
728  8.476596e-03      1
729  5.102573e-06      1
730  3.613381e-04      1
731  1.114927e-03      1
732  2.891070e-05      1
733  1.003011e-04      1
734  2.283136e-05      1
735  5.445338e-04      1
736  1.014371e-03      1
737  1.411243e-03      1
738  7.015369e-04      1
739  2.292345e-03      1
740  1.659323e-03      1
741  1.638481e-03      1
742  1.169404e-03      1
743  6.654801e-04      1
744  9.778388e-04      1
745  2.752495e-04      1
746  1.639465e-03      1
747  2.884497e-03      1
748  1.811976e-05      1
749  2.395815e-04      1
750  1.040158e-03      1
751  5.587538e-04      1
752  3.343291e-05      1
753  5.161339e-04      1
754  1.098148e-03      1
755  1.725212e-03      1
756  1.822135e-03      1
757  1.566470e-03      1
758  7.644074e-04      1
759  6.704195e-03      1
760  7.997697e-04      1
761  8.431895e-05      1
762  2.979764e-03      1
763  2.209135e-03      1
764  2.396060e-04      1
765  1.504042e-04      1
766  2.160310e-03      1
767  1.103995e-03      1
768  7.179028e-04      1
769  1.361826e-05      1
770  2.111831e-03      1
771  3.519978e-06      1
772  2.334256e-05      1
773  2.949085e-04      1
774  1.946643e-06      1
775  7.293323e-05      1
776  5.764512e-04      1
777  2.004811e-06      1
778  3.107953e-04      1
779  7.922466e-04      1
780  8.346557e-04      1
781  8.541234e-04      1
782  9.135156e-04      1
783  2.923961e-04      1
784  4.538479e-03      1
785  7.685291e-04      1
786  8.687837e-03      1
787  2.141405e-04      1
788  1.414743e-03      1
789  1.931552e-04      1
790  1.207321e-03      1
791  5.741661e-06      1
792  1.764903e-04      1
793  2.278405e-04      1
794  6.058682e-03      1
795  6.972345e-05      1
796  9.831390e-04      1
797  8.385323e-07      1
798  3.698419e-04      1
799  7.887674e-05      1
800  4.801852e-04      1
801  8.913529e-06      1
802  9.788841e-04      1
803  4.264933e-04      1
804  4.305616e-06      1
805  2.359917e-03      1
806  3.634220e-03      1
807  1.652686e-05      1
808  1.322049e-03      1
809  5.754424e-05      1
810  1.939688e-03      1
811  5.567010e-06      1
812  9.913355e-05      1
813  2.381093e-04      1
814  1.373248e-03      1
815  5.917871e-03      1
816  4.030139e-04      1
817  6.895892e-04      1
818  3.113672e-04      1
819  8.169261e-05      1
820  6.142404e-04      1
821  1.168348e-03      1
822  4.026329e-03      1
823  6.751649e-06      1
824  2.665930e-03      1
825  9.469581e-05      1
826  6.146148e-04      1
827  3.947418e-05      1
828  5.198768e-04      1
829  1.913936e-04      1
830  5.967444e-04      1
831  1.827483e-03      1
832  2.432482e-05      1
833  6.775113e-03      1
834  2.197383e-03      1
835  6.561864e-03      1
836  1.952759e-04      1
837  1.888713e-03      1
838  1.522493e-02      1
839  1.578971e-04      1
840  6.759010e-03      1
841  3.872664e-04      1
842  1.662007e-03      1
843  3.676097e-05      1
844  4.980693e-06      1
845  4.549604e-03      1
846  2.168570e-03      1
847  5.068737e-04      1
848  2.645263e-03      1
849  9.886122e-02      1
850  1.691636e-03      1
851  1.790833e-04      1
852  2.507936e-05      1
853  2.246473e-03      1
854  3.059181e-03      1
855  4.022165e-05      1
856  1.334784e-05      1
857  1.133352e-03      1
858  1.927754e-03      1
859  1.337539e-05      1
860  4.601932e-03      1
861  6.855522e-03      1
862  7.418464e-04      1
863  4.215906e-02      1
864  3.759377e-04      1
865  6.789707e-04      1
866  2.707766e-03      1
867  3.226547e-04      1
868  5.198028e-06      1
869  4.343529e-03      1
870  1.009701e-02      1
871  1.343170e-03      1
872  6.955895e-04      1
873  2.989241e-04      1
874  4.535316e-06      1
875  6.881846e-04      1
876  1.423702e-04      1
877  5.337375e-04      1
878  5.810849e-04      1
879  9.619050e-05      1
880  1.076127e-03      1
881  7.651477e-05      1
882  1.210402e-06      1
883  2.868225e-04      1
884  2.851138e-03      1
885  9.702729e-04      1
886  1.488972e-03      1
887  4.686459e-04      1
888  7.054480e-04      1
889  1.009052e-03      1
890  1.674691e-03      1
891  2.100404e-04      1
892  1.183480e-04      1
893  2.449761e-04      1
894  4.088557e-04      1
895  2.461759e-03      1
896  1.636339e-05      1
897  2.285375e-04      1
898  3.630516e-04      1
899  6.436824e-04      1
900  5.891586e-05      1
901  9.076608e-04      1
902  1.275779e-04      1
903  2.565248e-04      1
904  1.620619e-04      1
905  1.203567e-03      1
906  3.398135e-05      1
907  1.877137e-03      1
908  7.212984e-05      1
909  9.985703e-05      1
910  9.527471e-06      1
911  2.475589e-04      1
912  5.117680e-05      1
913  7.902549e-05      1
914  5.317060e-06      1
915  3.846920e-04      1
916  3.215749e-05      1
917  3.220297e-06      1
918  1.411134e-03      1
919  1.319643e-04      1
920  1.415677e-03      1
921  1.201470e-04      1
922  5.555846e-04      1
923  2.006332e-04      1
924  1.379519e-04      1
925  1.816474e-03      1
926  1.267856e-03      1
927  1.119301e-03      1
928  1.045305e-03      1
929  2.314263e-03      1
930  1.881078e-04      1
931  8.962858e-04      1
932  1.479236e-04      1
933  4.106105e-04      1
934  1.224576e-03      1
935  1.769616e-03      1
936  3.720393e-04      1
937  1.386538e-03      1
938  2.515117e-04      1
939  4.258939e-05      1
940  9.847667e-05      1
941  2.280662e-03      1
942  1.908306e-03      1
943  3.943566e-03      1
944  7.662175e-08      1
945  9.241860e-06      1
946  2.300357e-06      1
947  7.927810e-04      1
948  5.378848e-04      1
949  2.052519e-03      1
950  7.115161e-04      1
951  9.300590e-05      1
952  4.526167e-05      1
953  3.084498e-04      1
954  3.245877e-03      1
955  9.051868e-04      1
956  2.253447e-03      1
957  7.014148e-04      1
958  3.326724e-07      1
959  2.112890e-04      1
960  5.074227e-03      1
961  9.974630e-05      1
962  2.556641e-05      1
963  6.804739e-05      1
964  2.645458e-04      1
965  1.831725e-05      1
966  2.201129e-05      1
967  2.536506e-04      1
968  5.843898e-04      1
969  1.355840e-03      1
970  2.070221e-04      1
971  9.702129e-04      1
972  2.306361e-05      1
973  2.549741e-04      1
974  1.725079e-04      1
975  8.012807e-04      1
976  1.889258e-04      1
977  2.760976e-04      1
978  5.601168e-04      1
979  1.729577e-05      1
980  8.308772e-05      1
981  9.620002e-06      1
982  2.488530e-03      1
983  3.847011e-05      1
984  1.176745e-03      1
985  2.881914e-05      1
986  3.700053e-04      1
987  7.294166e-04      1
988  5.575147e-04      1
989  1.138852e-03      1
990  8.284235e-04      1
991  1.337684e-04      1
992  1.218608e-03      1
993  5.608795e-07      1
994  3.338524e-03      1
995  2.607441e-04      1
996  3.804604e-03      1
997  1.439866e-03      1
998  2.408697e-03      1
999  5.493721e-05      1
1000 4.842472e-04      1
1001 6.123050e-04      1
1002 4.716890e-03      1
1003 4.175472e-03      1
1004 1.281942e-03      1
1005 6.648834e-04      1
1006 5.739191e-03      1
1007 8.275051e-06      1
1008 1.124116e-03      1
1009 2.065716e-03      1
1010 7.692893e-04      1
1011 6.833271e-05      1
1012 9.797055e-03      1
1013 4.086899e-03      1
1014 7.483268e-09      1
1015 2.774907e-04      1
1016 1.558274e-06      1
1017 4.325095e-04      1
1018 1.052013e-04      1
1019 1.569561e-03      1
1020 3.057869e-04      1
1021 1.305795e-04      1
1022 4.748594e-04      1
1023 3.683007e-03      1
1024 4.392669e-04      1
1025 9.889297e-06      1
1026 9.130041e-04      1
1027 1.378781e-04      1
1028 6.661436e-05      1
1029 7.324319e-04      1
1030 8.818826e-04      1
1031 1.512532e-03      1
1032 4.912972e-04      1
1033 1.833566e-03      1
1034 1.884223e-03      1
1035 6.541303e-03      1
1036 1.114384e-05      1
1037 4.941781e-05      1
1038 2.650024e-05      1
1039 1.444251e-04      1
1040 8.588611e-03      1
1041 1.947405e-04      1
1042 5.153420e-03      1
1043 3.049584e-03      1
1044 5.778065e-05      1
1045 3.915845e-05      1
1046 9.653378e-05      1
1047 2.691745e-03      1
1048 1.088357e-02      1
1049 1.620089e-03      1
1050 1.657589e-03      1
1051 1.319700e-06      1
1052 1.135695e-07      1
1053 1.367856e-03      1
1054 1.153553e-03      1
1055 3.972737e-04      1
1056 6.389814e-03      1
1057 1.103600e-04      1
1058 2.234020e-03      1
1059 4.225231e-04      1
1060 1.554207e-03      1
1061 5.653505e-05      1
1062 2.015367e-03      1
1063 6.940651e-04      1
1064 1.238234e-03      1
1065 4.821851e-03      1
1066 1.364383e-03      1
1067 3.266491e-03      1
1068 1.509640e-03      1
1069 1.568338e-04      1
1070 1.113684e-03      1
1071 1.407568e-04      1
1072 9.403182e-05      1
1073 7.089876e-04      1
1074 4.541729e-03      1
1075 3.011760e-04      1
1076 2.378210e-04      1
1077 5.273307e-03      1
1078 2.385235e-03      1
1079 2.872034e-06      1
1080 1.025546e-05      1
1081 2.034302e-04      1
1082 3.242426e-04      1
1083 6.833623e-04      1
1084 5.509746e-04      1
1085 1.663861e-04      1
1086 5.583853e-05      1
1087 3.201590e-03      1
1088 2.910120e-03      1
1089 3.180975e-03      1
1090 5.827549e-03      1
1091 1.271417e-02      1
1092 1.821756e-04      1
1093 8.172034e-03      1
1094 1.253687e-03      1
1095 7.691407e-05      1
1096 5.403487e-04      1
1097 1.058423e-03      1
1098 2.182530e-04      1
1099 1.049411e-02      1
1100 4.179003e-05      1
1101 5.420577e-04      1
1102 2.107269e-03      1
1103 1.777204e-03      1
1104 5.466477e-05      1
1105 5.149548e-04      1
1106 3.159731e-05      1
1107 2.625434e-04      1
1108 9.502448e-05      1
1109 1.640394e-03      1
1110 5.726335e-05      1
1111 1.469462e-03      1
1112 6.458973e-04      1
1113 1.950552e-03      1
1114 1.028369e-03      1
1115 8.191935e-04      1
1116 8.632583e-05      1
1117 6.503162e-04      1
1118 3.835651e-04      1
1119 2.611800e-04      1
1120 1.181356e-04      1
1121 6.972858e-04      1
1122 3.547360e-05      1
1123 2.429893e-04      1
1124 4.801511e-04      1
1125 1.344054e-06      1
1126 8.539871e-04      1
1127 1.273512e-03      1
1128 1.688507e-04      1
1129 3.145434e-04      1
1130 1.726846e-03      1
1131 2.936773e-05      1
1132 3.677359e-06      1
1133 6.676749e-04      1
1134 2.473639e-04      1
1135 5.101598e-04      1
1136 8.108436e-04      1
1137 3.713155e-04      1
1138 2.175817e-03      1
1139 4.265202e-04      1
1140 2.336719e-03      1
1141 3.830923e-03      1
1142 6.656467e-05      1
1143 5.049731e-06      1
1144 1.136968e-03      1
1145 2.041109e-03      1
1146 1.257881e-03      1
1147 2.340061e-04      1
1148 7.089728e-06      1
1149 2.033396e-03      1
1150 4.046983e-04      1
1151 1.318869e-03      1
1152 1.589985e-03      1
1153 7.553819e-04      1
1154 3.424661e-06      1
1155 9.000341e-05      1
1156 3.100426e-04      1
1157 3.542134e-03      1
1158 7.895733e-04      1
1159 1.786685e-02      1
1160 2.561452e-05      1
1161 9.252384e-04      1
1162 3.101393e-04      1
1163 9.045039e-04      1
1164 5.685099e-04      1
1165 8.826865e-05      1
1166 5.961331e-04      1
1167 8.671283e-04      1
1168 1.855354e-04      1
1169 1.245470e-03      1
1170 3.115550e-03      1
1171 4.715955e-05      1
1172 6.293372e-04      1
1173 2.255717e-04      1
1174 2.270816e-04      1
1175 1.024302e-02      1
1176 2.917467e-03      1
1177 2.687291e-05      1
1178 8.681955e-05      1
1179 3.209916e-03      1
1180 2.060907e-03      1
1181 3.242349e-04      1
1182 7.727318e-04      1
1183 5.741903e-05      1
1184 1.383124e-04      1
1185 3.062932e-03      1
1186 3.850866e-03      1
1187 1.078530e-04      1
1188 2.341091e-03      1
1189 2.403250e-03      1
1190 6.977763e-04      1
1191 8.854578e-04      1
1192 1.759227e-03      1
1193 7.139212e-04      1
1194 5.039836e-04      1
1195 1.108535e-03      1
1196 6.852398e-04      1
1197 7.010616e-05      1
1198 4.102508e-05      1
1199 6.444906e-05      1
1200 2.889996e-08      1
1201 5.675632e-05      1
1202 5.721150e-04      1
1203 7.290768e-11      1
1204 6.654384e-04      1
1205 1.769814e-04      1
1206 1.303132e-04      1
1207 2.100137e-03      1
1208 3.773705e-04      1
1209 2.649313e-03      1
1210 2.392681e-05      1
1211 7.638668e-06      1
1212 1.206768e-02      1
1213 5.706192e-07      1
1214 5.691506e-04      1
1215 2.181308e-03      1
1216 8.050410e-05      1
1217 2.523688e-03      1
1218 5.019659e-04      1
1219 2.808114e-06      1
1220 1.239539e-03      1
1221 2.618945e-04      1
1222 4.267928e-04      1
1223 6.324437e-05      1
1224 1.032013e-04      1
1225 7.524271e-04      1
1226 1.344135e-07      1
1227 2.044702e-04      1
1228 1.559379e-03      1
1229 9.029997e-04      1
1230 7.226116e-04      1
1231 1.167864e-04      1
1232 1.335419e-03      1
1233 8.244969e-03      1
1234 4.483585e-05      1
1235 1.086481e-03      1
1236 1.315563e-03      1
1237 5.021535e-05      1
1238 3.180928e-04      1
1239 9.470627e-05      1
1240 1.031691e-04      1
1241 7.765896e-04      1
1242 5.921528e-05      1
1243 7.789313e-03      1
1244 2.901013e-04      1
1245 9.836783e-04      1
1246 1.776424e-04      1
1247 2.322648e-04      1
1248 4.881798e-04      1
1249 8.646617e-05      1
1250 2.579268e-05      1
1251 2.418703e-04      1
1252 3.843679e-05      1
1253 1.293973e-03      1
1254 6.631528e-04      1

$`MR-PRESSO results`$`Distortion Test`
$`MR-PRESSO results`$`Distortion Test`$`Outliers Indices`
[1] "No significant outliers"

$`MR-PRESSO results`$`Distortion Test`$`Distortion Coefficient`
[1] NA

$`MR-PRESSO results`$`Distortion Test`$Pvalue
[1] NA



