$`Main MR results`
       Exposure       MR Analysis Causal Estimate           Sd     T-stat
1 beta.exposure               Raw   -5.143704e-05 0.0002575507 -0.1997161
2 beta.exposure Outlier-corrected   -7.188678e-05 0.0002544407 -0.2825286
    P-value
1 0.8417296
2 0.7775771

$`MR-PRESSO results`
$`MR-PRESSO results`$`Global Test`
$`MR-PRESSO results`$`Global Test`$RSSobs
[1] 2160.178

$`MR-PRESSO results`$`Global Test`$Pvalue
[1] "<1.33333333333333e-05"


$`MR-PRESSO results`$`Outlier Test`
           RSSobs              Pvalue
1    1.864231e-08                   1
2    9.650007e-05                   1
3    1.368595e-06                   1
4    8.067729e-05                   1
5    1.304392e-05                   1
6    5.047761e-06                   1
7    1.954648e-06                   1
8    1.307390e-06                   1
9    4.522044e-05                   1
10   1.748710e-06                   1
11   2.714077e-05                   1
12   1.088187e-06                   1
13   4.509946e-06                   1
14   5.472716e-06                   1
15   3.679189e-08                   1
16   1.332472e-05                   1
17   1.457506e-05                   1
18   8.627688e-07                   1
19   7.647411e-06                   1
20   1.484626e-07                   1
21   1.380934e-05                   1
22   5.265808e-08                   1
23   7.654538e-06                   1
24   2.142500e-06                   1
25   1.705254e-05                   1
26   8.288188e-06                   1
27   6.673879e-05                   1
28   7.172109e-05                   1
29   1.273034e-06                   1
30   2.156724e-05                   1
31   9.761015e-05                   1
32   3.949380e-05                   1
33   1.215415e-05                   1
34   7.587360e-05                   1
35   2.489448e-05                   1
36   7.923474e-06                   1
37   4.336511e-05                   1
38   1.282455e-05                   1
39   1.919397e-06                   1
40   5.833054e-06                   1
41   1.129412e-06                   1
42   6.940892e-06                   1
43   1.321983e-05                   1
44   7.802389e-06                   1
45   4.082339e-06                   1
46   2.685876e-05                   1
47   8.543812e-06                   1
48   7.271512e-08                   1
49   2.183599e-05                   1
50   4.107976e-05                   1
51   5.729680e-07                   1
52   2.133281e-05                   1
53   8.190853e-07                   1
54   1.749231e-06                   1
55   1.145842e-05                   1
56   2.296029e-05                   1
57   9.273346e-06                   1
58   4.841084e-05                   1
59   9.361866e-06                   1
60   1.154089e-06                   1
61   4.355996e-06                   1
62   1.107168e-05                   1
63   2.892718e-05                   1
64   2.921392e-05                   1
65   3.091193e-06                   1
66   4.123728e-05                   1
67   2.150649e-06                   1
68   7.149267e-05                   1
69   2.241969e-05                   1
70   1.572227e-06                   1
71   3.793435e-06                   1
72   3.590290e-05                   1
73   3.045590e-06                   1
74   3.333985e-06                   1
75   1.015465e-05                   1
76   1.795619e-05                   1
77   1.195803e-06                   1
78   6.746114e-06                   1
79   2.145103e-05                   1
80   1.188033e-05                   1
81   1.547256e-07                   1
82   2.592488e-06                   1
83   2.314944e-05                   1
84   7.222575e-08                   1
85   2.000240e-05                   1
86   2.172299e-05                   1
87   1.650405e-05                   1
88   3.540744e-05                   1
89   2.263187e-06                   1
90   2.078800e-07                   1
91   3.575241e-06                   1
92   5.855048e-07                   1
93   1.879797e-05                   1
94   1.316920e-05                   1
95   4.871213e-07                   1
96   7.036582e-07                   1
97   3.091579e-09                   1
98   2.362050e-05                   1
99   1.326731e-05                   1
100  4.623307e-06                   1
101  8.571638e-06                   1
102  1.557136e-08                   1
103  1.952589e-07                   1
104  3.667772e-05                   1
105  2.928135e-06                   1
106  2.091320e-05                   1
107  1.557533e-06                   1
108  1.615171e-05                   1
109  6.337928e-08                   1
110  6.017536e-06                   1
111  1.943464e-06                   1
112  3.660584e-07                   1
113  4.595121e-05                   1
114  7.997308e-05                   1
115  8.505697e-07                   1
116  2.845390e-05                   1
117  1.518865e-06                   1
118  3.696488e-06                   1
119  1.389267e-05                   1
120  1.949975e-05                   1
121  1.412955e-05                   1
122  5.370346e-06                   1
123  6.487373e-06                   1
124  9.169161e-08                   1
125  1.138311e-05                   1
126  1.302995e-05                   1
127  3.087333e-06                   1
128  8.783439e-07                   1
129  1.889198e-05                   1
130  1.568902e-05                   1
131  5.389887e-09                   1
132  1.827878e-06                   1
133  9.431882e-07                   1
134  7.833819e-06                   1
135  5.395222e-06                   1
136  5.347966e-05                   1
137  2.174904e-06                   1
138  4.885001e-06                   1
139  4.955915e-07                   1
140  2.831466e-06                   1
141  5.976043e-07                   1
142  1.135045e-05                   1
143  7.113894e-06                   1
144  1.539476e-06                   1
145  2.761104e-05                   1
146  2.134838e-06                   1
147  2.146356e-08                   1
148  4.080565e-06                   1
149  4.374867e-07                   1
150  1.763336e-05                   1
151  1.076847e-05                   1
152  6.494854e-06                   1
153  6.651957e-06                   1
154  2.667424e-06                   1
155  4.467888e-09                   1
156  4.990840e-06                   1
157  2.865566e-05                   1
158  1.293986e-05                   1
159  1.523589e-06                   1
160  7.052597e-06                   1
161  1.558115e-05                   1
162  1.658285e-05                   1
163  3.078520e-05                   1
164  1.003108e-06                   1
165  8.321276e-07                   1
166  4.971607e-05                   1
167  2.284745e-07                   1
168  2.009704e-06                   1
169  1.905675e-06                   1
170  2.071385e-07                   1
171  3.922646e-05                   1
172  7.512950e-06                   1
173  4.612122e-05                   1
174  6.633631e-06                   1
175  3.313494e-07                   1
176  5.098249e-06                   1
177  2.458992e-06                   1
178  1.200755e-06                   1
179  1.606899e-05                   1
180  9.991312e-06                   1
181  5.245506e-06                   1
182  8.097030e-06                   1
183  5.417553e-06                   1
184  2.036520e-08                   1
185  2.727498e-06                   1
186  6.392392e-07                   1
187  3.588968e-07                   1
188  2.505459e-05                   1
189  1.890963e-05                   1
190  6.017773e-06                   1
191  7.752616e-07                   1
192  6.634361e-06                   1
193  2.525434e-06                   1
194  4.627954e-06                   1
195  6.220484e-07                   1
196  8.038972e-06                   1
197  1.492837e-05                   1
198  7.454766e-06                   1
199  5.847168e-08                   1
200  1.571564e-05                   1
201  7.331750e-07                   1
202  2.459151e-05                   1
203  1.989457e-05                   1
204  7.409681e-06                   1
205  2.249343e-06                   1
206  1.380693e-05                   1
207  1.337443e-06                   1
208  1.225344e-06                   1
209  9.384978e-07                   1
210  7.572065e-07                   1
211  1.042986e-06                   1
212  6.271826e-06                   1
213  4.532223e-06                   1
214  1.781068e-05                   1
215  5.548095e-05                   1
216  1.783838e-06                   1
217  5.000893e-05                   1
218  4.765859e-06                   1
219  1.614063e-07                   1
220  2.833969e-07                   1
221  5.243952e-06                   1
222  5.560646e-06                   1
223  2.720829e-08                   1
224  5.944093e-10                   1
225  3.711069e-07                   1
226  1.991161e-07                   1
227  4.342112e-06                   1
228  8.925178e-05                   1
229  4.302081e-06                   1
230  2.935549e-06                   1
231  5.511313e-05                   1
232  1.940762e-05                   1
233  1.302266e-06                   1
234  1.580391e-05                   1
235  3.408346e-07                   1
236  7.608273e-06                   1
237  1.446042e-05                   1
238  1.880823e-05                   1
239  2.441672e-06                   1
240  5.825937e-06                   1
241  4.242652e-05                   1
242  6.132020e-05                   1
243  3.438845e-05                   1
244  4.680498e-06                   1
245  5.174117e-06                   1
246  4.181769e-06                   1
247  2.395828e-07                   1
248  2.585552e-07                   1
249  1.636832e-05                   1
250  3.466520e-06                   1
251  7.295312e-06                   1
252  2.942776e-05                   1
253  1.469339e-06                   1
254  1.545647e-05                   1
255  1.023893e-05                   1
256  1.438779e-05                   1
257  3.749572e-06                   1
258  3.993370e-05                   1
259  8.442596e-05                   1
260  2.943451e-07                   1
261  4.537584e-07                   1
262  6.573978e-07                   1
263  1.821118e-06                   1
264  1.027907e-05                   1
265  6.073098e-06                   1
266  3.155863e-06                   1
267  5.463412e-07                   1
268  9.249932e-05                   1
269  2.524386e-05                   1
270  2.170633e-06                   1
271  4.319996e-06                   1
272  4.977921e-06                   1
273  1.026397e-05                   1
274  2.086400e-07                   1
275  1.801690e-08                   1
276  2.837047e-08                   1
277  4.809929e-07                   1
278  6.318680e-06                   1
279  1.153482e-06                   1
280  5.052005e-05                   1
281  2.109381e-06                   1
282  5.266071e-07                   1
283  1.401156e-08                   1
284  3.379723e-07                   1
285  1.486393e-06                   1
286  5.078611e-05                   1
287  2.418702e-05                   1
288  2.626405e-05                   1
289  7.288046e-06                   1
290  1.993296e-05                   1
291  9.390020e-07                   1
292  2.168995e-05                   1
293  1.628712e-05                   1
294  5.542357e-05                   1
295  1.883758e-05                   1
296  2.171549e-05                   1
297  6.076356e-06                   1
298  2.487626e-08                   1
299  1.005805e-05                   1
300  8.835560e-06                   1
301  5.354000e-06                   1
302  1.023932e-06                   1
303  1.676872e-06                   1
304  3.024561e-07                   1
305  1.581888e-08                   1
306  7.890845e-06                   1
307  1.442857e-05                   1
308  2.792602e-05                   1
309  5.231689e-06                   1
310  4.698822e-05                   1
311  1.946410e-06                   1
312  4.390552e-07                   1
313  1.147610e-08                   1
314  8.319335e-06                   1
315  5.652537e-06                   1
316  6.967662e-06                   1
317  2.351727e-06                   1
318  7.723978e-06                   1
319  3.351739e-05                   1
320  4.616422e-05                   1
321  3.119023e-10                   1
322  6.010982e-06                   1
323  9.274177e-07                   1
324  2.070564e-07                   1
325  2.138523e-06                   1
326  9.752855e-06                   1
327  7.701643e-06                   1
328  2.658193e-06                   1
329  2.056009e-06                   1
330  1.978584e-06                   1
331  1.123897e-08                   1
332  1.759191e-05                   1
333  1.393480e-06                   1
334  6.587833e-05                   1
335  2.001439e-05                   1
336  6.030625e-07                   1
337  6.274964e-07                   1
338  1.019589e-05                   1
339  1.575876e-06                   1
340  1.070880e-06                   1
341  6.574501e-06                   1
342  1.159668e-06                   1
343  8.575149e-06                   1
344  1.642973e-05                   1
345  1.147240e-05                   1
346  6.179449e-06                   1
347  2.153371e-06                   1
348  1.413363e-05                   1
349  1.354570e-05                   1
350  1.535157e-04  0.0401333333333333
351  3.373057e-06                   1
352  1.255179e-07                   1
353  1.791231e-05                   1
354  3.190195e-05                   1
355  4.294174e-07                   1
356  6.938629e-06                   1
357  9.355267e-06                   1
358  3.822748e-08                   1
359  1.583229e-05                   1
360  2.759635e-07                   1
361  5.020300e-06                   1
362  7.054807e-06                   1
363  8.452493e-06                   1
364  6.454918e-06                   1
365  2.571546e-05                   1
366  4.754197e-06                   1
367  1.368690e-05                   1
368  4.080511e-05                   1
369  8.335150e-07                   1
370  1.384439e-06                   1
371  1.590195e-05                   1
372  3.087498e-06                   1
373  1.835862e-05                   1
374  1.939923e-05                   1
375  1.714099e-05                   1
376  2.362963e-04 <0.0200666666666667
377  6.037505e-06                   1
378  7.310518e-06                   1
379  1.285378e-06                   1
380  4.850795e-06                   1
381  2.067821e-05                   1
382  5.919970e-06                   1
383  2.652309e-06                   1
384  1.391026e-07                   1
385  1.006258e-05                   1
386  2.046093e-05                   1
387  4.994664e-06                   1
388  6.960568e-07                   1
389  9.703376e-06                   1
390  1.594027e-05                   1
391  8.726178e-06                   1
392  2.304968e-05                   1
393  4.450052e-06                   1
394  1.432852e-05                   1
395  5.835623e-06                   1
396  4.404102e-05                   1
397  2.961991e-07                   1
398  6.188155e-08                   1
399  3.009420e-07                   1
400  5.812797e-06                   1
401  8.326225e-06                   1
402  1.304362e-05                   1
403  3.693611e-06                   1
404  6.668908e-06                   1
405  3.329262e-06                   1
406  1.815612e-05                   1
407  1.382269e-05                   1
408  1.263360e-05                   1
409  1.861725e-06                   1
410  2.532240e-06                   1
411  7.720949e-05                   1
412  5.693589e-07                   1
413  1.439856e-05                   1
414  5.581110e-08                   1
415  1.389490e-07                   1
416  2.800899e-05                   1
417  8.126609e-07                   1
418  1.942552e-05                   1
419  9.568233e-06                   1
420  1.498079e-05                   1
421  1.737093e-06                   1
422  5.988457e-06                   1
423  4.991982e-06                   1
424  3.348872e-06                   1
425  3.194283e-06                   1
426  4.003300e-05                   1
427  1.973610e-07                   1
428  8.609024e-06                   1
429  1.186938e-05                   1
430  7.564507e-06                   1
431  2.548192e-09                   1
432  9.949455e-06                   1
433  3.500976e-06                   1
434  1.473707e-06                   1
435  7.391705e-06                   1
436  1.188067e-05                   1
437  1.458032e-05                   1
438  6.123572e-05                   1
439  9.086297e-06                   1
440  1.840620e-05                   1
441  6.029483e-07                   1
442  1.473136e-06                   1
443  8.150215e-06                   1
444  3.770079e-07                   1
445  2.413343e-05                   1
446  7.378824e-06                   1
447  1.842729e-05                   1
448  1.352952e-05                   1
449  9.637631e-05                   1
450  2.655843e-06                   1
451  1.173974e-05                   1
452  5.501761e-05                   1
453  2.565884e-06                   1
454  1.818238e-06                   1
455  2.834113e-06                   1
456  6.698182e-06                   1
457  5.498772e-05                   1
458  9.524283e-07                   1
459  1.728359e-05                   1
460  4.382583e-06                   1
461  3.216982e-05                   1
462  5.647895e-06                   1
463  1.099488e-08                   1
464  2.079284e-05                   1
465  6.385391e-07                   1
466  1.197083e-05                   1
467  8.222479e-06                   1
468  2.827260e-05                   1
469  4.059425e-05                   1
470  1.666981e-06                   1
471  1.449890e-05                   1
472  1.653546e-05                   1
473  2.405292e-06                   1
474  7.898821e-05                   1
475  1.594805e-05                   1
476  2.809959e-07                   1
477  4.743102e-05                   1
478  2.193489e-06                   1
479  2.385776e-05                   1
480  7.196099e-06                   1
481  1.013986e-06                   1
482  2.744283e-06                   1
483  2.621193e-06                   1
484  1.772273e-05                   1
485  2.085737e-05                   1
486  1.149834e-07                   1
487  1.884303e-06                   1
488  1.173080e-05                   1
489  2.667952e-05                   1
490  8.802195e-10                   1
491  6.614380e-06                   1
492  5.035219e-07                   1
493  2.373705e-05                   1
494  2.657337e-05                   1
495  5.564695e-07                   1
496  4.051592e-05                   1
497  3.902531e-05                   1
498  8.275465e-06                   1
499  3.311043e-06                   1
500  1.516351e-05                   1
501  1.013208e-07                   1
502  4.689087e-06                   1
503  2.378394e-07                   1
504  7.540190e-06                   1
505  7.465638e-06                   1
506  4.329564e-05                   1
507  1.065679e-07                   1
508  1.679390e-05                   1
509  4.943438e-08                   1
510  2.175215e-05                   1
511  5.331582e-05                   1
512  9.198611e-07                   1
513  1.069244e-05                   1
514  2.002067e-05                   1
515  6.839620e-05                   1
516  3.153057e-06                   1
517  3.303431e-05                   1
518  1.507353e-05                   1
519  1.381805e-05                   1
520  2.082304e-06                   1
521  9.203449e-06                   1
522  6.253033e-07                   1
523  1.380696e-05                   1
524  1.059058e-05                   1
525  6.382720e-07                   1
526  5.051946e-05                   1
527  1.185224e-06                   1
528  5.395967e-06                   1
529  1.692318e-06                   1
530  1.701323e-05                   1
531  4.333794e-06                   1
532  7.685233e-07                   1
533  6.403888e-06                   1
534  4.653841e-06                   1
535  1.731077e-05                   1
536  1.702770e-05                   1
537  6.496584e-06                   1
538  9.933269e-08                   1
539  6.241388e-06                   1
540  5.335176e-07                   1
541  3.239634e-06                   1
542  1.229210e-05                   1
543  1.299486e-07                   1
544  1.424720e-08                   1
545  4.490064e-07                   1
546  2.332214e-06                   1
547  4.018964e-05                   1
548  3.321584e-05                   1
549  8.719181e-07                   1
550  1.619196e-06                   1
551  4.676810e-05                   1
552  9.828560e-07                   1
553  5.107982e-07                   1
554  2.144308e-06                   1
555  1.450247e-06                   1
556  7.765667e-07                   1
557  1.394554e-06                   1
558  1.297820e-05                   1
559  2.927527e-05                   1
560  9.180039e-06                   1
561  2.573187e-06                   1
562  8.154918e-06                   1
563  1.149734e-05                   1
564  8.778377e-06                   1
565  2.508432e-06                   1
566  5.108265e-07                   1
567  7.834899e-07                   1
568  2.256441e-05                   1
569  1.947393e-06                   1
570  1.067625e-05                   1
571  8.335516e-06                   1
572  2.610782e-05                   1
573  1.887210e-05                   1
574  4.507297e-11                   1
575  8.486167e-07                   1
576  3.909752e-06                   1
577  4.219744e-06                   1
578  5.561431e-06                   1
579  2.241318e-05                   1
580  9.501128e-08                   1
581  2.604883e-06                   1
582  3.648186e-08                   1
583  2.723543e-05                   1
584  5.707000e-08                   1
585  1.952682e-05                   1
586  3.754849e-05                   1
587  2.493036e-05                   1
588  4.504258e-06                   1
589  3.226889e-05                   1
590  1.187576e-05                   1
591  3.102659e-09                   1
592  7.590372e-06                   1
593  2.147695e-05                   1
594  2.969726e-07                   1
595  8.965720e-06                   1
596  1.581486e-05                   1
597  7.269655e-07                   1
598  1.260623e-06                   1
599  4.102913e-07                   1
600  1.796779e-05                   1
601  1.842575e-05                   1
602  1.106533e-05                   1
603  3.795092e-07                   1
604  3.024557e-07                   1
605  4.019648e-06                   1
606  3.939353e-06                   1
607  9.263939e-06                   1
608  1.618068e-07                   1
609  5.847248e-06                   1
610  3.394478e-07                   1
611  1.885839e-08                   1
612  3.783915e-05                   1
613  3.067311e-06                   1
614  2.547212e-09                   1
615  2.264717e-06                   1
616  9.843827e-06                   1
617  5.096701e-08                   1
618  2.828307e-06                   1
619  8.727857e-07                   1
620  3.398465e-06                   1
621  6.995337e-06                   1
622  4.462600e-05                   1
623  1.601089e-07                   1
624  1.201128e-05                   1
625  5.424787e-05                   1
626  8.761083e-07                   1
627  3.645390e-07                   1
628  4.128026e-07                   1
629  3.469196e-06                   1
630  7.755712e-07                   1
631  3.010630e-07                   1
632  3.953164e-05                   1
633  1.732326e-05                   1
634  2.830017e-06                   1
635  1.710489e-05                   1
636  1.102531e-08                   1
637  1.738759e-06                   1
638  2.340404e-05                   1
639  6.352783e-06                   1
640  1.279303e-07                   1
641  3.211002e-07                   1
642  8.695580e-07                   1
643  5.838530e-06                   1
644  1.411835e-05                   1
645  6.905171e-06                   1
646  1.966873e-06                   1
647  1.212061e-05                   1
648  5.929277e-06                   1
649  1.701731e-06                   1
650  4.264080e-06                   1
651  1.228560e-04   0.260866666666667
652  1.218061e-05                   1
653  3.450151e-05                   1
654  2.186650e-06                   1
655  2.355353e-05                   1
656  7.415972e-05                   1
657  2.734691e-06                   1
658  9.843162e-06                   1
659  7.458015e-06                   1
660  1.035871e-04                   1
661  3.108329e-06                   1
662  1.134075e-05                   1
663  6.180899e-06                   1
664  4.934232e-05                   1
665  1.549849e-05                   1
666  6.222249e-09                   1
667  4.293544e-06                   1
668  8.261874e-07                   1
669  3.109667e-05                   1
670  2.691921e-06                   1
671  1.555425e-07                   1
672  3.499453e-06                   1
673  1.044021e-06                   1
674  3.440785e-06                   1
675  6.401813e-05                   1
676  3.486473e-05                   1
677  6.177264e-06                   1
678  3.476203e-06                   1
679  3.152698e-06                   1
680  2.500612e-06                   1
681  3.319621e-06                   1
682  2.457373e-05                   1
683  3.752688e-05                   1
684  4.488825e-05                   1
685  6.820059e-05                   1
686  2.280024e-06                   1
687  1.771253e-05                   1
688  7.409330e-07                   1
689  4.975752e-06                   1
690  1.317303e-05                   1
691  8.151766e-06                   1
692  7.405109e-06                   1
693  1.058792e-05                   1
694  6.129981e-06                   1
695  1.227679e-05                   1
696  1.113635e-04               0.602
697  3.340447e-07                   1
698  2.823874e-07                   1
699  4.796144e-06                   1
700  1.141231e-05                   1
701  9.126562e-07                   1
702  6.242286e-07                   1
703  4.003057e-07                   1
704  2.331642e-05                   1
705  1.135959e-05                   1
706  6.605700e-08                   1
707  4.259897e-06                   1
708  4.138387e-05                   1
709  4.881131e-05                   1
710  6.099658e-10                   1
711  1.693327e-05                   1
712  4.702517e-05                   1
713  1.680828e-05                   1
714  4.439808e-06                   1
715  1.164099e-06                   1
716  9.384256e-06                   1
717  1.976828e-06                   1
718  3.493382e-05                   1
719  7.374286e-06                   1
720  2.446388e-05                   1
721  9.277185e-06                   1
722  1.202053e-05                   1
723  2.343589e-06                   1
724  2.832254e-08                   1
725  1.228921e-05                   1
726  2.790414e-07                   1
727  3.911589e-06                   1
728  1.502986e-06                   1
729  4.723928e-06                   1
730  2.895112e-06                   1
731  1.083866e-06                   1
732  8.651354e-06                   1
733  8.851321e-06                   1
734  1.235825e-07                   1
735  1.625265e-08                   1
736  5.504014e-06                   1
737  8.096953e-07                   1
738  1.603048e-06                   1
739  2.664220e-07                   1
740  1.249933e-08                   1
741  1.175727e-06                   1
742  4.463401e-06                   1
743  1.659840e-06                   1
744  2.095426e-06                   1
745  1.161049e-07                   1
746  2.044841e-05                   1
747  2.931805e-06                   1
748  1.279186e-05                   1
749  5.853784e-06                   1
750  1.174849e-04              0.3612
751  1.546200e-06                   1
752  1.250067e-06                   1
753  2.623406e-06                   1
754  1.657713e-05                   1
755  2.187634e-06                   1
756  2.168884e-05                   1
757  2.237663e-06                   1
758  8.580034e-06                   1
759  4.099375e-08                   1
760  2.604368e-06                   1
761  3.697597e-06                   1
762  8.968219e-06                   1
763  1.323889e-05                   1
764  3.625319e-05                   1
765  4.828137e-06                   1
766  3.863015e-06                   1
767  9.160822e-07                   1
768  1.742404e-05                   1
769  1.764494e-06                   1
770  1.604225e-07                   1
771  8.311681e-07                   1
772  1.181335e-05                   1
773  1.333354e-05                   1
774  7.210196e-06                   1
775  3.249484e-08                   1
776  2.216960e-06                   1
777  8.222569e-07                   1
778  1.431337e-05                   1
779  1.183643e-05                   1
780  4.070527e-06                   1
781  4.877726e-06                   1
782  4.334918e-07                   1
783  2.398579e-05                   1
784  1.140215e-06                   1
785  4.785874e-06                   1
786  1.785049e-06                   1
787  4.144918e-06                   1
788  3.313317e-05                   1
789  3.028905e-06                   1
790  9.423576e-06                   1
791  1.628181e-05                   1
792  3.403916e-07                   1
793  5.590338e-05                   1
794  6.277985e-08                   1
795  1.095050e-05                   1
796  4.302469e-08                   1
797  1.443441e-05                   1
798  1.824670e-06                   1
799  3.453596e-07                   1
800  1.923684e-06                   1
801  1.081573e-05                   1
802  6.157400e-06                   1
803  3.091095e-08                   1
804  1.117665e-05                   1
805  1.038705e-06                   1
806  2.499061e-06                   1
807  1.963012e-06                   1
808  5.369795e-06                   1
809  4.547474e-05                   1
810  1.692349e-05                   1
811  1.276729e-05                   1
812  1.430983e-05                   1
813  1.341340e-05                   1
814  1.679411e-05                   1
815  4.750474e-06                   1
816  9.282288e-06                   1
817  1.311509e-05                   1
818  3.476782e-05                   1
819  4.911124e-08                   1
820  9.099102e-09                   1
821  6.942698e-06                   1
822  6.980136e-06                   1
823  4.557818e-05                   1
824  1.406002e-05                   1
825  1.581598e-06                   1
826  1.512775e-05                   1
827  3.230957e-05                   1
828  3.896736e-06                   1
829  7.073769e-06                   1
830  9.915612e-05                   1
831  3.557519e-05                   1
832  5.544312e-06                   1
833  1.555932e-06                   1
834  1.320893e-05                   1
835  3.689719e-07                   1
836  3.930045e-05                   1
837  7.473767e-05                   1
838  8.563003e-08                   1
839  1.630512e-05                   1
840  1.423733e-05                   1
841  3.993822e-05                   1
842  3.444644e-06                   1
843  2.876072e-06                   1
844  5.137137e-08                   1
845  3.869970e-05                   1
846  1.277140e-07                   1
847  2.206811e-07                   1
848  4.257474e-07                   1
849  1.931536e-05                   1
850  2.037753e-06                   1
851  1.360907e-06                   1
852  1.359358e-05                   1
853  1.067469e-05                   1
854  9.306495e-05                   1
855  1.869413e-06                   1
856  1.152075e-06                   1
857  7.580388e-06                   1
858  2.868084e-06                   1
859  2.493161e-07                   1
860  2.421538e-06                   1
861  3.452975e-05                   1
862  6.330469e-07                   1
863  1.007418e-06                   1
864  4.009796e-07                   1
865  5.438812e-06                   1
866  4.750638e-09                   1
867  9.572448e-07                   1
868  4.243715e-06                   1
869  1.600940e-05                   1
870  1.387525e-07                   1
871  2.659529e-05                   1
872  4.641374e-08                   1
873  4.034790e-05                   1
874  2.410943e-05                   1
875  4.163435e-06                   1
876  2.866121e-06                   1
877  3.160681e-05                   1
878  1.290460e-05                   1
879  1.489033e-07                   1
880  8.945073e-08                   1
881  4.196842e-05                   1
882  1.517493e-05                   1
883  7.949171e-06                   1
884  5.744106e-10                   1
885  4.421870e-06                   1
886  5.718388e-06                   1
887  2.922116e-07                   1
888  2.115373e-05                   1
889  2.697272e-05                   1
890  2.242024e-06                   1
891  3.641219e-06                   1
892  5.123188e-07                   1
893  9.058107e-06                   1
894  1.702050e-05                   1
895  1.177232e-07                   1
896  2.427753e-06                   1
897  2.907444e-06                   1
898  1.178447e-05                   1
899  4.368654e-08                   1
900  9.271768e-06                   1
901  8.130145e-06                   1
902  1.164932e-06                   1
903  8.756258e-07                   1
904  4.190775e-05                   1
905  2.407127e-07                   1
906  1.098789e-05                   1
907  4.591373e-06                   1
908  2.232730e-07                   1
909  1.723859e-11                   1
910  1.813737e-07                   1
911  2.793004e-07                   1
912  2.251057e-07                   1
913  9.931057e-08                   1
914  7.733381e-06                   1
915  5.397849e-05                   1
916  4.329014e-06                   1
917  2.692146e-05                   1
918  1.475334e-07                   1
919  3.733550e-06                   1
920  2.754675e-07                   1
921  2.103683e-05                   1
922  3.766061e-06                   1
923  1.797180e-06                   1
924  4.061845e-07                   1
925  2.364652e-07                   1
926  5.705697e-06                   1
927  2.039277e-06                   1
928  2.707109e-06                   1
929  9.125301e-09                   1
930  4.302366e-05                   1
931  3.557006e-07                   1
932  1.073652e-05                   1
933  3.764885e-06                   1
934  4.343328e-08                   1
935  6.544180e-06                   1
936  4.035690e-06                   1
937  7.585785e-06                   1
938  7.258787e-06                   1
939  4.740608e-07                   1
940  5.425001e-07                   1
941  3.191405e-05                   1
942  1.320906e-06                   1
943  1.026076e-06                   1
944  7.617695e-05                   1
945  5.203319e-06                   1
946  4.520918e-10                   1
947  1.703049e-05                   1
948  2.617150e-08                   1
949  3.365054e-05                   1
950  9.817608e-06                   1
951  1.129461e-06                   1
952  1.028902e-04                   1
953  1.283167e-06                   1
954  2.719349e-05                   1
955  1.027882e-06                   1
956  3.689533e-07                   1
957  4.627050e-05                   1
958  1.257110e-06                   1
959  9.753277e-07                   1
960  4.812905e-07                   1
961  1.168785e-05                   1
962  8.487391e-06                   1
963  1.471345e-07                   1
964  6.864277e-07                   1
965  3.870179e-05                   1
966  3.687148e-06                   1
967  5.271462e-05                   1
968  4.579536e-07                   1
969  1.288261e-05                   1
970  1.346203e-07                   1
971  5.465135e-06                   1
972  6.510066e-05                   1
973  2.894695e-08                   1
974  1.534518e-06                   1
975  5.292985e-06                   1
976  6.111871e-07                   1
977  5.668357e-06                   1
978  8.661292e-06                   1
979  1.243291e-07                   1
980  1.121458e-07                   1
981  1.428066e-05                   1
982  8.689036e-06                   1
983  2.546962e-05                   1
984  1.427720e-05                   1
985  2.093080e-06                   1
986  1.211241e-05                   1
987  1.801793e-05                   1
988  4.258028e-06                   1
989  2.083644e-05                   1
990  7.292238e-05                   1
991  1.748453e-05                   1
992  1.752307e-06                   1
993  1.285532e-05                   1
994  2.315142e-07                   1
995  2.686451e-05                   1
996  1.653699e-05                   1
997  4.827714e-06                   1
998  8.257267e-06                   1
999  2.289493e-05                   1
1000 8.739306e-05                   1
1001 1.908392e-05                   1
1002 3.294738e-05                   1
1003 1.818573e-05                   1
1004 4.046661e-10                   1
1005 7.743671e-06                   1
1006 2.368794e-05                   1
1007 2.327077e-05                   1
1008 3.015844e-06                   1
1009 1.468102e-06                   1
1010 1.337819e-04   0.160533333333333
1011 2.224246e-06                   1
1012 2.360201e-06                   1
1013 4.266678e-06                   1
1014 2.849000e-06                   1
1015 1.974352e-05                   1
1016 1.851198e-05                   1
1017 9.843971e-06                   1
1018 1.475408e-05                   1
1019 7.211276e-08                   1
1020 8.255050e-06                   1
1021 2.563665e-08                   1
1022 2.090995e-05                   1
1023 2.361041e-05                   1
1024 1.040202e-05                   1
1025 6.370409e-06                   1
1026 1.853038e-06                   1
1027 1.174849e-05                   1
1028 1.316806e-05                   1
1029 2.127018e-05                   1
1030 4.701540e-06                   1
1031 7.189771e-07                   1
1032 8.054142e-06                   1
1033 4.012972e-05                   1
1034 4.340465e-05                   1
1035 1.651694e-05                   1
1036 5.443867e-06                   1
1037 1.273849e-08                   1
1038 5.523906e-06                   1
1039 7.962659e-07                   1
1040 1.383624e-06                   1
1041 7.165209e-05                   1
1042 3.382452e-07                   1
1043 5.464348e-06                   1
1044 2.967897e-06                   1
1045 1.170334e-05                   1
1046 6.120734e-05                   1
1047 7.760603e-08                   1
1048 1.644732e-06                   1
1049 3.108844e-08                   1
1050 1.953862e-05                   1
1051 1.800131e-05                   1
1052 3.161243e-06                   1
1053 1.595115e-05                   1
1054 1.582639e-09                   1
1055 7.647595e-06                   1
1056 1.519506e-05                   1
1057 1.755902e-06                   1
1058 7.249268e-06                   1
1059 4.865546e-06                   1
1060 1.305522e-06                   1
1061 3.480755e-08                   1
1062 9.831006e-06                   1
1063 6.800554e-06                   1
1064 6.765584e-06                   1
1065 3.913749e-06                   1
1066 1.009827e-04                   1
1067 1.179364e-05                   1
1068 2.632668e-05                   1
1069 5.532869e-08                   1
1070 3.339174e-06                   1
1071 2.868383e-06                   1
1072 4.487585e-06                   1
1073 2.944703e-06                   1
1074 4.502158e-06                   1
1075 1.756993e-07                   1
1076 5.742865e-06                   1
1077 5.987913e-06                   1
1078 1.691523e-05                   1
1079 6.396739e-05                   1
1080 1.901795e-06                   1
1081 1.659879e-06                   1
1082 1.414531e-06                   1
1083 1.014888e-04                   1
1084 6.214752e-07                   1
1085 6.266118e-08                   1
1086 9.787741e-06                   1
1087 3.025334e-05                   1
1088 3.580226e-05                   1
1089 8.585349e-05                   1
1090 1.890083e-06                   1
1091 1.543389e-05                   1
1092 1.693075e-05                   1
1093 1.511173e-05                   1
1094 3.529177e-06                   1
1095 1.620281e-05                   1
1096 1.180930e-10                   1
1097 8.845149e-06                   1
1098 3.574901e-05                   1
1099 9.463377e-06                   1
1100 1.834143e-06                   1
1101 9.754589e-07                   1
1102 2.221286e-06                   1
1103 4.100212e-07                   1
1104 2.857841e-05                   1
1105 4.133041e-06                   1
1106 1.836730e-06                   1
1107 1.510943e-07                   1
1108 2.927844e-06                   1
1109 1.640490e-05                   1
1110 1.460047e-05                   1
1111 4.659567e-05                   1
1112 1.460302e-05                   1
1113 3.720461e-05                   1
1114 2.371700e-05                   1
1115 1.873138e-05                   1
1116 5.462843e-06                   1
1117 2.569697e-06                   1
1118 1.978137e-06                   1
1119 3.098414e-05                   1
1120 2.485724e-06                   1
1121 3.023120e-05                   1
1122 1.856395e-05                   1
1123 9.804199e-08                   1
1124 1.302082e-05                   1
1125 2.809942e-05                   1
1126 2.427465e-07                   1
1127 4.902085e-07                   1
1128 2.028296e-06                   1
1129 8.366759e-06                   1
1130 7.045117e-06                   1
1131 1.031488e-05                   1
1132 6.183588e-07                   1
1133 2.496360e-05                   1
1134 5.162692e-06                   1
1135 2.439177e-06                   1
1136 2.694802e-07                   1
1137 2.582684e-05                   1
1138 2.308665e-05                   1
1139 1.724928e-06                   1
1140 1.935992e-06                   1
1141 4.274384e-05                   1
1142 3.196839e-06                   1
1143 8.905451e-07                   1
1144 1.540800e-05                   1
1145 1.557850e-05                   1
1146 1.845979e-06                   1
1147 1.467803e-05                   1
1148 2.561175e-06                   1
1149 8.126913e-06                   1
1150 4.240373e-06                   1
1151 5.226700e-06                   1
1152 6.026719e-07                   1
1153 6.080910e-06                   1
1154 9.322990e-06                   1
1155 7.820675e-06                   1
1156 9.483214e-05                   1
1157 1.551850e-04  0.0802666666666667
1158 1.649084e-05                   1
1159 5.585018e-06                   1
1160 8.636702e-07                   1
1161 3.079560e-05                   1
1162 2.039771e-06                   1
1163 6.027183e-05                   1
1164 1.406168e-08                   1
1165 3.015513e-05                   1
1166 7.382867e-06                   1
1167 1.855514e-05                   1
1168 8.871908e-07                   1
1169 7.850118e-05                   1
1170 1.270331e-05                   1
1171 4.857607e-06                   1
1172 1.518490e-07                   1
1173 2.030928e-06                   1
1174 2.166386e-08                   1
1175 4.570448e-06                   1
1176 8.103695e-06                   1
1177 2.431283e-06                   1
1178 2.243634e-06                   1
1179 1.576330e-06                   1
1180 6.800340e-06                   1
1181 1.041785e-05                   1
1182 6.842943e-05                   1
1183 6.306440e-05                   1
1184 7.561068e-09                   1
1185 3.160933e-06                   1
1186 5.547843e-07                   1
1187 2.139454e-05                   1
1188 1.608605e-06                   1
1189 4.234659e-06                   1
1190 1.634414e-05                   1
1191 2.594100e-05                   1
1192 3.076657e-05                   1
1193 2.025360e-06                   1
1194 2.857336e-09                   1
1195 4.702420e-07                   1
1196 3.132533e-08                   1
1197 2.541355e-05                   1
1198 1.763910e-07                   1
1199 7.137714e-06                   1
1200 9.919871e-05                   1
1201 1.030649e-05                   1
1202 8.253095e-06                   1
1203 1.358862e-05                   1
1204 3.542982e-05                   1
1205 2.853307e-05                   1
1206 2.152517e-05                   1
1207 3.652821e-05                   1
1208 1.564338e-06                   1
1209 5.799537e-09                   1
1210 4.390832e-06                   1
1211 1.043561e-05                   1
1212 2.896531e-06                   1
1213 4.593162e-05                   1
1214 4.417963e-05                   1
1215 1.214128e-06                   1
1216 6.298309e-06                   1
1217 1.129255e-07                   1
1218 3.234204e-07                   1
1219 1.053985e-07                   1
1220 8.805886e-06                   1
1221 7.394391e-07                   1
1222 1.603493e-05                   1
1223 7.078373e-06                   1
1224 4.328916e-05                   1
1225 1.503956e-06                   1
1226 2.866478e-06                   1
1227 1.243545e-05                   1
1228 1.958243e-07                   1
1229 1.290376e-09                   1
1230 7.252616e-07                   1
1231 7.904547e-06                   1
1232 5.341420e-07                   1
1233 7.074711e-06                   1
1234 1.400712e-05                   1
1235 7.787925e-08                   1
1236 1.035690e-06                   1
1237 3.939379e-05                   1
1238 2.993041e-06                   1
1239 1.343440e-05                   1
1240 2.500203e-05                   1
1241 3.539283e-07                   1
1242 3.534371e-07                   1
1243 1.395224e-06                   1
1244 5.812780e-07                   1
1245 1.471744e-05                   1
1246 6.715672e-06                   1
1247 3.290441e-05                   1
1248 2.350395e-06                   1
1249 1.747887e-05                   1
1250 3.094202e-08                   1
1251 1.540193e-05                   1
1252 1.887907e-06                   1
1253 1.282476e-05                   1
1254 1.527909e-06                   1
1255 5.783924e-06                   1
1256 1.560909e-07                   1
1257 6.217466e-07                   1
1258 3.703895e-06                   1
1259 1.333488e-06                   1
1260 7.705910e-07                   1
1261 1.872320e-09                   1
1262 1.544132e-05                   1
1263 8.330709e-06                   1
1264 1.909352e-07                   1
1265 2.787807e-07                   1
1266 4.891392e-05                   1
1267 4.267617e-05                   1
1268 2.714045e-06                   1
1269 1.124547e-08                   1
1270 3.602141e-06                   1
1271 9.646140e-07                   1
1272 1.193777e-07                   1
1273 1.794026e-07                   1
1274 3.055833e-05                   1
1275 3.104048e-05                   1
1276 9.068462e-07                   1
1277 1.889174e-07                   1
1278 8.050511e-07                   1
1279 5.756913e-06                   1
1280 1.823908e-05                   1
1281 1.550078e-07                   1
1282 3.780959e-07                   1
1283 2.532447e-06                   1
1284 2.641999e-06                   1
1285 1.984118e-06                   1
1286 7.321783e-07                   1
1287 2.860549e-05                   1
1288 1.256037e-05                   1
1289 1.084043e-06                   1
1290 5.561701e-07                   1
1291 7.969549e-06                   1
1292 3.193714e-06                   1
1293 4.151754e-08                   1
1294 2.383851e-05                   1
1295 5.186468e-05                   1
1296 1.871054e-06                   1
1297 1.131468e-06                   1
1298 7.221150e-06                   1
1299 4.076645e-06                   1
1300 4.266710e-07                   1
1301 7.650660e-06                   1
1302 2.098510e-05                   1
1303 2.170244e-04 <0.0200666666666667
1304 4.244206e-06                   1
1305 6.714421e-08                   1
1306 2.505880e-07                   1
1307 5.978057e-06                   1
1308 2.366290e-05                   1
1309 2.926108e-06                   1
1310 2.923453e-06                   1
1311 1.317841e-05                   1
1312 4.370812e-06                   1
1313 5.076610e-06                   1
1314 1.110902e-05                   1
1315 5.768204e-07                   1
1316 1.231079e-06                   1
1317 1.064449e-04              0.8428
1318 1.514550e-05                   1
1319 2.496774e-09                   1
1320 2.587681e-07                   1
1321 5.995453e-08                   1
1322 3.682330e-08                   1
1323 1.366276e-05                   1
1324 1.944507e-07                   1
1325 1.742372e-05                   1
1326 1.453443e-06                   1
1327 3.660774e-06                   1
1328 4.000767e-06                   1
1329 1.113880e-05                   1
1330 1.768812e-05                   1
1331 6.749326e-07                   1
1332 1.348673e-07                   1
1333 2.347224e-09                   1
1334 4.992650e-05                   1
1335 6.455911e-06                   1
1336 2.026790e-05                   1
1337 9.850246e-07                   1
1338 7.281780e-06                   1
1339 1.056736e-05                   1
1340 4.586855e-06                   1
1341 1.406836e-06                   1
1342 3.426773e-06                   1
1343 3.930087e-06                   1
1344 6.547524e-07                   1
1345 1.307024e-05                   1
1346 7.984549e-07                   1
1347 1.398451e-07                   1
1348 3.479777e-06                   1
1349 4.541390e-07                   1
1350 5.694595e-05                   1
1351 5.939870e-06                   1
1352 2.664599e-08                   1
1353 9.017216e-07                   1
1354 1.110077e-04   0.561866666666667
1355 2.829783e-06                   1
1356 1.823547e-06                   1
1357 3.225713e-07                   1
1358 3.372646e-05                   1
1359 5.118032e-07                   1
1360 1.281193e-05                   1
1361 2.976006e-06                   1
1362 3.663949e-06                   1
1363 6.778137e-06                   1
1364 2.920585e-05                   1
1365 1.039704e-05                   1
1366 1.075464e-05                   1
1367 5.320623e-08                   1
1368 7.100560e-08                   1
1369 1.060930e-05                   1
1370 9.039191e-06                   1
1371 1.162299e-05                   1
1372 1.002665e-05                   1
1373 6.103139e-06                   1
1374 2.776272e-06                   1
1375 1.138914e-09                   1
1376 2.961864e-06                   1
1377 2.803942e-05                   1
1378 2.838806e-05                   1
1379 4.419190e-06                   1
1380 3.465317e-06                   1
1381 4.115336e-06                   1
1382 2.354435e-05                   1
1383 3.085734e-05                   1
1384 2.766112e-06                   1
1385 1.369569e-05                   1
1386 1.482789e-05                   1
1387 1.297279e-05                   1
1388 2.818828e-05                   1
1389 3.429967e-05                   1
1390 1.674710e-05                   1
1391 1.070393e-05                   1
1392 2.909361e-05                   1
1393 1.366409e-05                   1
1394 4.768385e-06                   1
1395 1.099196e-06                   1
1396 1.068196e-05                   1
1397 3.075069e-07                   1
1398 6.641771e-06                   1
1399 1.812507e-05                   1
1400 3.542179e-06                   1
1401 3.790626e-05                   1
1402 3.398881e-05                   1
1403 1.825312e-06                   1
1404 1.464591e-06                   1
1405 2.863540e-08                   1
1406 3.023239e-06                   1
1407 5.923972e-06                   1
1408 6.347152e-06                   1
1409 1.072138e-06                   1
1410 6.612155e-07                   1
1411 1.788381e-05                   1
1412 3.217762e-07                   1
1413 2.507860e-06                   1
1414 2.299659e-05                   1
1415 6.069244e-06                   1
1416 2.197799e-05                   1
1417 1.216806e-05                   1
1418 4.166198e-06                   1
1419 1.445700e-07                   1
1420 7.736669e-06                   1
1421 9.291510e-06                   1
1422 2.878033e-05                   1
1423 3.197952e-06                   1
1424 5.378608e-06                   1
1425 2.207820e-06                   1
1426 6.543916e-06                   1
1427 9.159955e-10                   1
1428 3.542024e-05                   1
1429 1.688988e-07                   1
1430 2.037757e-05                   1
1431 1.913301e-06                   1
1432 4.045805e-09                   1
1433 3.045272e-05                   1
1434 4.618020e-07                   1
1435 2.468135e-06                   1
1436 1.023061e-05                   1
1437 3.110295e-06                   1
1438 1.216157e-05                   1
1439 1.854030e-05                   1
1440 1.291256e-06                   1
1441 1.842910e-05                   1
1442 3.901591e-06                   1
1443 2.760475e-07                   1
1444 2.273248e-05                   1
1445 2.974035e-05                   1
1446 4.109318e-06                   1
1447 5.523899e-06                   1
1448 1.854326e-05                   1
1449 7.082069e-07                   1
1450 1.690488e-07                   1
1451 2.794884e-05                   1
1452 3.670641e-06                   1
1453 2.874482e-05                   1
1454 3.027370e-06                   1
1455 7.083758e-06                   1
1456 2.378316e-05                   1
1457 1.348556e-07                   1
1458 4.377486e-05                   1
1459 3.937980e-05                   1
1460 4.045796e-05                   1
1461 2.694976e-05                   1
1462 4.778943e-08                   1
1463 2.592492e-05                   1
1464 4.830827e-05                   1
1465 2.275871e-05                   1
1466 4.143055e-08                   1
1467 2.633041e-06                   1
1468 1.099942e-06                   1
1469 8.367609e-08                   1
1470 4.357180e-05                   1
1471 8.207024e-06                   1
1472 1.699399e-05                   1
1473 7.845493e-07                   1
1474 3.014313e-08                   1
1475 6.465118e-06                   1
1476 1.021064e-05                   1
1477 4.437410e-06                   1
1478 1.367939e-05                   1
1479 5.569745e-07                   1
1480 5.823123e-06                   1
1481 8.762003e-06                   1
1482 4.342354e-06                   1
1483 2.770797e-05                   1
1484 3.252180e-06                   1
1485 1.823873e-06                   1
1486 9.985259e-06                   1
1487 1.127096e-06                   1
1488 6.912110e-07                   1
1489 1.912978e-05                   1
1490 1.286133e-04               0.301
1491 8.466829e-05                   1
1492 1.063996e-06                   1
1493 3.824156e-05                   1
1494 8.592472e-06                   1
1495 9.326434e-06                   1
1496 8.217922e-06                   1
1497 2.106290e-05                   1
1498 1.866528e-07                   1
1499 7.675341e-07                   1
1500 1.054474e-05                   1
1501 1.023234e-06                   1
1502 6.129810e-06                   1
1503 2.111359e-06                   1
1504 2.858109e-06                   1
1505 6.961628e-06                   1

$`MR-PRESSO results`$`Distortion Test`
$`MR-PRESSO results`$`Distortion Test`$`Outliers Indices`
[1]  350  376 1303

$`MR-PRESSO results`$`Distortion Test`$`Distortion Coefficient`
beta.exposure 
     28.44715 

$`MR-PRESSO results`$`Distortion Test`$Pvalue
[1] 0.9480667



