SNP	CHR	POS	Effect_allele	Non_Effect_allele	EAF	Beta	SE	P	r2	N
rs603643	1	109781909	A	G	0.291746	-0.007826	0.00573	0.1721	2.5310669274527983e-5	2823
rs646776	1	109818530	C	T	0.214059	0.004034	0.006284	0.521	5.475518123291665e-6	2833
rs2297797	1	110040680	T	C	0.456098	0.0080510000000000009	0.005875	0.1707	3.2159439623122365e-5	2451
rs267733	1	150958836	G	A	0.144841	0.005771	0.007548	0.4446	8.250314985321873e-6	2833
rs2642438	1	220970028	A	G	0.295134	-0.008787	0.006339	0.1659	3.2124550147961034e-5	2165
rs2587534	1	234849339	G	A	0.465584	-0.00319	0.005867	0.5867	5.063943611696077e-6	2427
rs10903129	1	25768937	A	G	0.48306099999999996	-0.002945	0.005415	0.5866	4.331535402713049e-6	2833
rs12748152	1	27138393	T	C	0.073129	0.009197	0.01048	0.3804	1.1466511144662974e-5	2828
rs11206508	1	55486361	A	G	0.146397	-0.004229	0.008315	0.6111	4.469855420067309e-6	2451
rs17111503	NA	NA	NA	NA	NA	NA	NA	NA	NA	NA
rs11591147	NA	NA	NA	NA	NA	NA	NA	NA	NA	NA
rs7552841	NA	NA	NA	NA	NA	NA	NA	NA	NA	NA
rs1475701	1	55638546	C	T	0.0386357	-0.008934	0.0131	0.4955	5.929235057857003e-6	2828
rs2647281	1	55724704	G	A	0.0498922	-0.003573	0.01304	0.7842	1.2103237798099063e-6	2451
rs207150	1	55806465	T	C	0.07862599999999997	-0.01012	0.009514	0.2878	1.483860778081637e-5	2827
rs11485618	1	63094207	G	A	0.320758	-0.007954	0.005635	0.1582	2.7567869097802808e-5	2830
rs4970712	1	92993547	A	C	0.19801400000000002	-0.008452	0.00664	0.2031	2.2688806762738216e-5	2829
rs10490626	2	118835841	A	G	0.0724207	0.004838	0.01053	0.6459	3.144672988665006e-6	2833
rs2030746	2	121309488	T	C	0.410055	-4.626e-6	0.005373	0.9993	1.035368359687555e-11	2833
rs16831243	2	135762344	T	C	0.185094	-1.113e-4	0.007177	0.9876	3.736974898588342e-9	2833
rs749873	2	136817088	C	T	0.45021599999999995	0.004556	0.005418	0.4005	1.0275677091385325e-5	2833
rs10195252	2	165513091	C	T	0.405189	8.526e-4	0.005512	0.8771	3.5039450792880164e-7	2788
rs492399	2	21015763	G	A	0.046580999999999984	2.911e-4	0.01371	0.9831	7.526741775489221e-9	2467
rs13414987	2	21141832	A	C	0.23939	-0.003156	0.006106	0.6053	3.6272043231595487e-6	2827
rs1800478	NA	NA	NA	NA	NA	NA	NA	NA	NA	NA
rs1367117	2	21263900	A	G	0.301401	-0.001812	0.006231	0.7712	1.3826715628534267e-6	2197
rs12471982	2	21386078	C	A	0.145735	-0.009377	0.00754	0.2137	2.1893455171840325e-5	2813
rs520861	2	21387239	A	G	0.24841400000000002	0.004727	0.006006	0.4313	8.343647541328265e-6	2815
rs1250229	2	216304384	T	C	0.250154	0.01008	0.006693	0.1324	3.8118042566205236e-5	2158
rs11563251	2	234679384	T	C	0.113982	-3.156e-4	0.008946	0.9719	2.01179073057559e-8	2451
rs780093	2	27742603	T	C	0.39652	-0.004421	0.005374	0.4108	9.354035303154786e-6	2830
rs1025447	2	44022970	C	T	0.176409	-0.001565	0.00719	0.8277	7.116902393827855e-7	2831
rs6544713	2	44073881	T	C	0.29715100000000005	0.007308	0.00582	0.2094	2.230829096979696e-5	2808
rs6709904	2	44080324	G	A	0.121605	-0.01682	0.009205	0.06771	6.04398343922096e-5	2451
rs2710642	2	63149557	G	A	0.34513400000000005	-0.002503	0.005622	0.6562	2.831991089508717e-6	2817
rs9875338	3	12296469	A	G	0.395457	1.837e-4	0.005423	0.973	1.6135215587731377e-8	2811
rs17404153	3	132163200	T	G	0.137311	-0.006508	0.008107	0.4222	1.0034244397901758e-5	2830
rs7640978	3	32533010	T	C	0.095134	0.007264	0.009412	0.4403	9.084513909566005e-6	2822
rs6818397	4	3434885	T	G	0.400293	0.009459	0.005961	0.1127	4.295735771593282e-5	2197
rs4530754	5	122855416	G	A	0.44381000000000004	0.01403	0.005407	0.009534	9.717747211458303e-5	2832
rs6882076	5	156390297	T	C	0.36656900000000003	9.148e-4	0.005559	0.8693	3.8863092488833615e-7	2652
rs12916	5	74656539	C	T	0.403588	-0.004303	0.005403	0.4258	8.913685473506764e-6	2832
rs6909746	6	116352750	T	C	0.397336	-0.006158	0.005449	0.2585	1.816111589848615e-5	2832
rs1564348	6	160578860	C	T	0.156914	0.01256	0.007151	0.07918	4.173907743093755e-5	2833
rs3125055	6	160736787	A	T	0.139698	0.01031	0.007637	0.177	2.5549855442772986e-5	2832
rs3798220	NA	NA	NA	NA	NA	NA	NA	NA	NA	NA
rs7770628	6	161018174	C	T	0.456298	0.007032	0.005331	0.1872	2.4535630098940497e-5	2825
rs3757354	6	16127407	T	C	0.219464	-0.002219	0.006389	0.7284	1.6869446336638813e-6	2833
rs13206249	NA	NA	NA	NA	NA	NA	NA	NA	NA	NA
rs1800562	6	26093141	A	G	0.0515399	-0.002188	0.01116	0.8447	4.6804463146492735e-7	2833
rs10947207	NA	NA	NA	NA	NA	NA	NA	NA	NA	NA
rs10947332	NA	NA	NA	NA	NA	NA	NA	NA	NA	NA
rs12670798	7	21607352	C	T	0.23417	-5.941e-4	0.006399	0.926	1.265938859925248e-7	2808
rs4722551	7	25991826	C	T	0.169741	-0.002386	0.007247	0.742	1.6046163859437907e-6	2832
rs2073547	7	44582331	G	A	0.200339	-0.003667	0.007205	0.6108	4.308471583785338e-6	2435
rs2737252	8	116663898	A	G	0.265014	0.005142	0.005978	0.3898	1.0300113828393695e-5	2819
rs2954029	8	126490972	T	A	0.447829	0.004988	0.005321	0.3486	1.2304633789245628e-5	2806
rs7832643	8	145022657	T	G	0.414567	0.003756	0.005398	0.4866	6.847831903334445e-6	2783
rs10102164	8	55421614	A	G	0.189637	-0.004388	0.006758	0.5162	5.917876713550705e-6	2824
rs13277801	8	59353534	C	T	0.35033899999999996	-0.009655	0.005655	0.08787	4.243359569903786e-5	2827
rs9987289	8	9183358	A	G	0.09040700000000002	-0.002493	0.009491	0.7929	1.0221713880732164e-6	2823
rs1883025	9	107664301	T	C	0.254373	0.004039	0.006002	0.501	6.188285471199946e-6	2824
rs8176722	9	136132754	A	C	0.104404	0.001751	0.008885	0.8438	5.733655179430975e-7	2832
rs579459	9	136154168	C	T	0.208793	-0.005093	0.006552	0.437	8.570050939572407e-6	2833
rs3780181	9	2640759	G	A	0.0694025	-0.008637	0.009971	0.3864	9.635912132859162e-6	2833
rs2419604	10	113944271	A	G	0.29311699999999996	-0.001079	0.005747	0.8511	4.824601299185261e-7	2824
rs964184	11	116648917	G	C	0.14328600000000002	9.269e-4	0.007686	0.904	2.1092855767267148e-7	2825
rs9804646	11	116665079	T	C	0.0992301	0.008432	0.01146	0.4618	1.2710085904160457e-5	1793
rs10893499	11	126241979	A	G	0.137388	0.003094	0.007518	0.6807	2.2690021700202905e-6	2818
rs10832962	11	18656271	C	T	0.305528	-0.009284	0.006142	0.1308	3.6576826036380224e-5	2820
rs174583	11	61609750	T	C	0.349107	-0.005709	0.005634	0.311	1.4812154714518457e-5	2831
rs3184504	12	111884608	T	C	0.450662	3.848e-4	0.005281	0.9419	7.331463962320628e-8	2833
rs7953150	12	112941571	A	G	0.309516	-0.009459	0.00599	0.1144	3.824345938179624e-5	2817
rs1169288	NA	NA	NA	NA	NA	NA	NA	NA	NA	NA
rs4942486	13	32953388	T	C	0.485633	0.004044	0.005278	0.4436	8.170216745604755e-6	2833
rs8017377	14	24883887	A	G	0.445319	0.00573	0.005399	0.2887	1.6220108485704524e-5	2833
rs247616	16	56989590	T	C	0.307838	-0.008232	0.006173	0.1825	2.8878238618476642e-5	2179
rs2000999	16	72108093	A	G	0.207515	0.005954	0.006747	0.3776	1.1659722159533248e-5	2817
rs6504872	17	45438952	T	C	0.485263	0.001526	0.005431	0.7788	1.1633265201628995e-6	2820
rs1801689	NA	NA	NA	NA	NA	NA	NA	NA	NA	NA
rs2886232	17	67150176	T	C	0.09904500000000005	-0.001971	0.01055	0.8518	6.933282568077743e-7	1814
rs314253	17	7091650	C	T	0.340283	-4.211e-4	0.005601	0.9401	7.961564298643771e-8	2832
rs11669133	19	11092139	A	G	0.0425162	0.01116	0.01373	0.4163	1.0140147233486104e-5	2826
rs6511720	19	11202306	T	G	0.115584	0.004543	0.007961	0.5683	4.219585391180071e-6	2833
rs688	19	11227602	T	C	0.424207	-0.002172	0.005365	0.6857	2.304590933470438e-6	2830
rs6511727	19	11315817	T	G	0.391053	8.62e-4	0.005495	0.8754	3.5388295455833083e-7	2785
rs376642	NA	NA	NA	NA	NA	NA	NA	NA	NA	NA
rs10401969	19	19407718	C	T	0.076871	0.004516	0.009891	0.648	2.8944282441217637e-6	2827
rs17800760	19	45013959	A	G	0.150015	0.01428	0.007348	0.05201	5.200347419463672e-5	2833
rs10460181	19	45140165	G	A	0.212334	-0.006753	0.006653	0.3102	1.5254048946996367e-5	2819
rs1531517	19	45242173	A	G	0.0689714	-9.026e-4	0.01064	0.9324	1.0462915494725437e-7	2810
rs519113	19	45376284	G	C	0.224669	-0.005773	0.005818	0.3211	1.1610833882646291e-5	2796
rs7254892	19	45389596	A	G	0.0386973	-0.05888	0.01805	0.001124	2.579327121694863e-4	2172
rs2075650	19	45395619	G	A	0.131306	0.06859	0.006368	1.532e-26	0.0010732551838370707	2833
rs75687619	NA	NA	NA	NA	NA	NA	NA	NA	NA	NA
rs1048699	19	45650386	T	C	0.101632	0.02191	0.009026	0.01529	8.76596024554586e-5	2826
rs73045960	NA	NA	NA	NA	NA	NA	NA	NA	NA	NA
rs492602	19	49206417	G	A	0.465599	-0.002939	0.005766	0.6104	4.298416244387195e-6	2197
rs364585	20	12962718	A	G	0.35826899999999995	-0.002566	0.005481	0.6397	3.0276491752527832e-6	2829
rs2328223	20	17845921	C	A	0.20696	-0.00652	0.006752	0.3343	1.3954256317214719e-5	2833
rs7264396	20	34154741	T	C	0.239529	0.002486	0.006259	0.6913	2.251505451549638e-6	2829
rs6016381	20	39180436	C	T	0.372975	-9.928e-4	0.005393	0.854	4.6101824393484725e-7	2810
rs6065311	20	39724338	C	T	0.497721	0.002591	0.005365	0.6292	3.356570764571795e-6	2819
rs1800961	20	43042364	T	C	0.028534	-0.004637	0.0149	0.7556	1.192049938982766e-6	2833
rs5763662	22	30378703	T	C	0.0281183	0.004593	0.01798	0.7984	1.152989497547835e-6	2833
rs4253776	22	46629479	G	A	0.123945	-0.003963	0.008169	0.6276	3.4106607613708383e-6	2824
