$`Main MR results`
       Exposure       MR Analysis Causal Estimate       Sd     T-stat   P-value
1 beta.exposure               Raw      -0.7962995 1.185142 -0.6719020 0.5018812
2 beta.exposure Outlier-corrected      -0.9408014 1.169074 -0.8047405 0.4212597

$`MR-PRESSO results`
$`MR-PRESSO results`$`Global Test`
$`MR-PRESSO results`$`Global Test`$RSSobs
[1] 750.1392

$`MR-PRESSO results`$`Global Test`$Pvalue
[1] 0.00984


$`MR-PRESSO results`$`Outlier Test`
          RSSobs   Pvalue
1   3.808539e-01        1
2   6.157479e-01        1
3   1.284888e+01        1
4   1.989317e+01        1
5   4.586802e+01        1
6   3.008865e+01        1
7   4.546309e+01        1
8   3.106673e+02        1
9   5.869516e+00        1
10  1.368809e+00        1
11  5.200842e+01        1
12  5.807814e+01        1
13  3.278750e-01        1
14  7.468972e+00        1
15  2.489233e+00        1
16  8.202915e+00        1
17  6.847582e-01        1
18  1.072614e+02        1
19  1.285162e+02        1
20  3.471258e-01        1
21  1.407817e+00        1
22  1.205497e+01        1
23  4.261046e+02        1
24  5.684807e+01        1
25  7.794296e+00        1
26  6.904818e+00        1
27  1.692583e+01        1
28  6.748158e+00        1
29  2.417791e-01        1
30  1.243827e+00        1
31  3.186623e+00        1
32  1.194722e+01        1
33  5.210350e+00        1
34  4.826933e+01        1
35  3.941672e+00        1
36  6.745414e+00        1
37  1.907587e+02        1
38  7.643315e+00        1
39  8.929188e-01        1
40  8.999937e+00        1
41  2.855097e+01        1
42  1.455162e+02        1
43  8.117590e+00        1
44  9.868761e+01        1
45  2.479945e+01        1
46  3.045467e+01        1
47  7.792331e+01        1
48  1.360856e+02        1
49  2.310943e+01        1
50  1.826923e+00        1
51  2.134826e+01        1
52  2.804773e+01        1
53  8.211795e+01        1
54  7.004673e+01        1
55  1.018216e+02        1
56  6.346199e+00        1
57  2.695710e-03        1
58  1.408826e+01        1
59  6.245266e-01        1
60  1.421017e+01        1
61  6.481187e+01        1
62  1.520030e+02        1
63  3.082566e+01        1
64  5.552338e+01        1
65  3.310428e+00        1
66  8.234804e+00        1
67  9.375124e+01        1
68  6.222650e+01        1
69  9.224866e-01        1
70  1.938597e+00        1
71  5.824753e-02        1
72  5.566270e+00        1
73  2.390699e-02        1
74  5.543729e+01        1
75  9.467972e+01        1
76  9.551841e+00        1
77  2.834517e+01        1
78  1.701535e+01        1
79  5.197601e+00        1
80  5.547584e+00        1
81  2.257663e+01        1
82  2.973703e+01        1
83  1.379613e+00        1
84  3.641019e+01        1
85  6.022385e+00        1
86  1.804380e+01        1
87  2.326048e+00        1
88  4.170863e+00        1
89  9.675927e+00        1
90  3.538214e+01        1
91  2.529769e+01        1
92  2.429006e+01        1
93  9.600222e+01        1
94  4.843441e+01        1
95  2.097006e+01        1
96  7.231388e+01        1
97  1.877535e+01        1
98  4.909652e+01        1
99  5.580386e+01        1
100 1.084257e+02        1
101 1.510331e+00        1
102 3.771443e+01        1
103 1.022924e+02        1
104 1.085736e+00        1
105 7.715365e+01        1
106 1.603826e+00        1
107 4.222258e+01        1
108 7.577330e+01        1
109 4.481275e+00        1
110 2.567503e+02        1
111 4.201030e+02        1
112 2.909379e+01        1
113 1.006014e+00        1
114 6.689388e+01        1
115 3.343893e+01        1
116 2.382435e+02        1
117 4.099137e-01        1
118 2.232981e+01        1
119 5.813204e+02        1
120 2.070520e+01        1
121 2.525251e+01        1
122 1.863843e+01        1
123 4.366229e-01        1
124 1.499117e+02        1
125 1.015444e+00        1
126 4.498651e-01        1
127 1.188247e+01        1
128 2.073009e-02        1
129 1.030112e-01        1
130 1.068875e+01        1
131 4.883552e+01        1
132 9.845549e+01        1
133 2.384460e+01        1
134 2.734624e-02        1
135 1.509436e+01        1
136 3.050532e+01        1
137 7.415228e+02        1
138 2.066758e+01        1
139 1.369231e+01        1
140 5.378157e+00        1
141 1.927548e+02        1
142 9.855368e+00        1
143 1.976675e+02        1
144 4.267153e+00        1
145 8.119048e+00        1
146 1.054420e+00        1
147 1.225791e+01        1
148 1.931398e+00        1
149 1.497595e+01        1
150 2.102805e+00        1
151 1.123347e+00        1
152 2.222507e+01        1
153 1.617200e+02        1
154 2.330456e+01        1
155 2.194746e+01        1
156 9.038167e-01        1
157 1.638409e+00        1
158 8.189127e+00        1
159 4.726513e+01        1
160 3.009121e+00        1
161 2.264802e+01        1
162 4.277696e+01        1
163 4.320702e+02        1
164 4.433656e+00        1
165 9.752991e-02        1
166 1.363067e+01        1
167 7.850178e+01        1
168 8.023554e-01        1
169 7.063865e+00        1
170 7.494914e+01        1
171 9.225890e+00        1
172 3.940673e+01        1
173 1.340587e-01        1
174 1.325505e+01        1
175 6.144363e+02        1
176 1.071764e-01        1
177 1.667830e+01        1
178 7.727907e+02        1
179 6.520327e-01        1
180 6.293033e+01        1
181 3.035844e+01        1
182 2.600924e+02        1
183 1.479013e+00        1
184 2.004947e+01        1
185 6.865885e-02        1
186 3.740815e+01        1
187 1.030808e+00        1
188 9.356732e+00        1
189 9.224471e+01        1
190 1.300261e+01        1
191 8.535551e+01        1
192 9.438819e+00        1
193 9.996113e+01        1
194 6.461783e+01        1
195 3.113804e+01        1
196 1.350828e+00        1
197 7.378240e+01        1
198 5.126115e+02        1
199 2.996282e+01        1
200 5.331236e+01        1
201 6.003490e+00        1
202 3.922290e+01        1
203 1.161822e+01        1
204 5.069753e+02        1
205 1.241583e+01        1
206 4.354068e+02        1
207 2.071709e+01        1
208 1.891655e-01        1
209 2.926367e-01        1
210 9.575319e+00        1
211 2.371050e-06        1
212 6.348566e+01        1
213 4.220765e+00        1
214 2.548267e+01        1
215 7.204138e+00        1
216 2.889819e+01        1
217 4.107315e+01        1
218 1.665667e+01        1
219 8.342363e+00        1
220 1.786917e+01        1
221 1.592513e+02        1
222 1.912027e+00        1
223 6.599971e+01        1
224 4.141151e+00        1
225 2.438261e+01        1
226 5.214364e+00        1
227 4.032348e+01        1
228 2.466954e+01        1
229 2.286014e+03        1
230 4.255238e+01        1
231 1.886555e+00        1
232 7.715726e+01        1
233 2.365517e+02        1
234 4.956438e+00        1
235 1.511015e+00        1
236 1.154278e+02        1
237 8.532814e-02        1
238 1.972065e+00        1
239 2.505255e+01        1
240 4.521898e+01        1
241 1.262855e+01        1
242 1.719369e-01        1
243 1.756074e+02        1
244 8.499112e+02        1
245 8.592124e+01        1
246 5.678013e+01        1
247 3.835106e+01        1
248 1.530445e+02        1
249 1.847147e+01        1
250 1.066245e+01        1
251 6.767546e-01        1
252 3.114124e+01        1
253 8.379143e+00        1
254 1.384461e+00        1
255 1.557687e+01        1
256 7.900895e+01        1
257 4.274798e+00        1
258 2.072809e+00        1
259 6.293032e+01        1
260 9.593187e-01        1
261 8.417468e+01        1
262 8.692192e+00        1
263 2.501579e+01        1
264 1.579957e+01        1
265 1.219591e+00        1
266 4.783082e+00        1
267 5.358593e+02        1
268 3.532946e+01        1
269 5.532966e+00        1
270 6.950808e+00        1
271 5.430518e+01        1
272 6.759844e+01        1
273 3.043732e+00        1
274 1.678103e+00        1
275 2.113291e+01        1
276 1.264180e+00        1
277 6.487616e+00        1
278 1.868430e+01        1
279 1.217370e-01        1
280 1.683682e+01        1
281 6.769915e+00        1
282 2.066899e+01        1
283 4.771598e+01        1
284 1.889435e+01        1
285 1.261527e+01        1
286 6.533087e+01        1
287 4.714949e+02 <0.02644
288 6.268494e-02        1
289 2.503073e+00        1
290 4.422852e+01        1
291 1.747981e+00        1
292 5.831186e+01        1
293 1.921664e+01        1
294 5.288434e-01        1
295 8.250101e-01        1
296 8.977327e+01        1
297 1.185608e+02        1
298 3.448024e-01        1
299 2.276278e+01        1
300 2.548832e+01        1
301 5.034507e+01        1
302 3.462694e+00        1
303 2.056347e+02        1
304 1.223670e+00        1
305 4.280463e-01        1
306 5.516770e+01        1
307 4.256699e-01        1
308 3.403030e-01        1
309 1.447212e+02        1
310 1.893466e+01        1
311 6.595894e+00        1
312 4.775883e-01        1
313 9.499228e+01        1
314 1.620037e+00        1
315 1.612543e+01        1
316 6.961063e+01        1
317 7.779082e+00        1
318 2.668387e+00        1
319 5.492492e+02        1
320 4.498357e+01        1
321 4.485672e+01        1
322 3.016414e+01        1
323 2.208228e+01        1
324 1.154701e+01        1
325 5.324474e+01        1
326 8.576716e+01        1
327 1.011600e+02        1
328 2.153886e+01        1
329 6.673731e+00        1
330 6.949974e+01        1
331 6.860615e+00        1
332 1.009497e+01        1
333 7.411113e+00        1
334 1.050366e+00        1
335 5.947849e+00        1
336 6.241261e+01        1
337 7.819279e+00        1
338 5.394521e-01        1
339 6.217525e+01        1
340 6.872619e+01        1
341 5.470064e-01        1
342 1.181183e+02        1
343 1.069442e+02        1
344 1.369802e-01        1
345 3.281465e+01        1
346 1.495083e+02        1
347 4.084266e-02        1
348 2.054523e+01        1
349 2.832761e+00        1
350 6.927067e+01        1
351 5.289596e+00        1
352 2.978033e+01        1
353 4.911021e-02        1
354 1.448847e-03        1
355 1.254506e+02        1
356 6.779217e+00        1
357 4.710341e-01        1
358 9.047897e+01        1
359 8.249978e-01        1
360 3.588842e+01        1
361 4.859749e-01        1
362 4.925291e+01        1
363 2.274512e+01        1
364 2.618589e+01        1
365 6.591262e+00        1
366 4.111346e+00        1
367 5.410428e+01        1
368 1.567263e+00        1
369 2.221183e-02        1
370 1.163411e+02        1
371 2.735256e+01        1
372 6.422354e+01        1
373 2.642386e+01        1
374 3.252058e-01        1
375 3.259545e+00        1
376 1.150317e+01        1
377 5.277761e+01        1
378 2.974106e+01        1
379 1.034925e+01        1
380 6.475126e+01        1
381 3.500615e+00        1
382 3.457446e-01        1
383 2.034204e+01        1
384 3.040158e+01        1
385 2.018117e+01        1
386 2.083052e+01        1
387 2.890721e+01        1
388 1.304909e+02        1
389 2.151374e+02        1
390 8.379524e+00        1
391 1.292781e+00        1
392 1.168373e+01        1
393 1.465661e+01        1
394 9.108175e+00        1
395 4.597481e+01        1
396 7.427136e+00        1
397 2.956084e-03        1
398 1.698116e+00        1
399 9.649744e+01        1
400 3.238573e+01        1
401 6.388582e+01        1
402 1.499978e+01        1
403 6.890351e+00        1
404 4.659483e+00        1
405 2.481803e+02        1
406 2.044186e+01        1
407 7.281043e+01        1
408 1.030887e+01        1
409 1.378074e+01        1
410 6.103107e+00        1
411 2.636519e+01        1
412 2.297634e+00        1
413 2.957072e-01        1
414 6.126862e+00        1
415 2.295285e-01        1
416 2.047379e+01        1
417 1.772237e+02        1
418 6.146722e+00        1
419 8.087854e+01        1
420 2.687672e+00        1
421 7.310164e+01        1
422 1.054515e+02        1
423 3.298743e+00        1
424 2.290615e+01        1
425 2.483835e+01        1
426 2.363076e-01        1
427 2.838791e+01        1
428 9.390439e+00        1
429 1.400029e+01        1
430 1.171305e+02        1
431 2.066089e+02        1
432 4.349431e+01        1
433 3.754475e+00        1
434 1.271773e+01        1
435 4.267504e+01        1
436 3.837711e+00        1
437 1.797696e+01        1
438 3.494761e+01        1
439 4.615894e+01        1
440 4.144088e+00        1
441 1.565081e+00        1
442 3.090207e+01        1
443 8.507477e+01        1
444 4.436512e+00        1
445 7.107859e+00        1
446 1.142284e+01        1
447 4.179629e+00        1
448 6.328410e+01        1
449 1.134252e+02        1
450 1.256932e-01        1
451 6.249530e+01        1
452 6.938180e+01        1
453 9.192547e+00        1
454 4.243036e-01        1
455 1.558493e+01        1
456 4.600918e+02        1
457 3.248851e+01        1
458 4.543039e+00        1
459 1.449969e+02        1
460 8.097058e+00        1
461 1.062415e+01        1
462 1.829903e+01        1
463 3.942643e+02        1
464 4.621944e+01        1
465 2.053986e+00        1
466 1.480568e+02        1
467 3.922470e-02        1
468 4.936491e+01        1
469 1.490040e+02        1
470 2.058434e+00        1
471 4.080796e-01        1
472 6.051634e+01        1
473 1.425883e+00        1
474 1.106273e+00        1
475 1.213265e+01        1
476 4.673417e+01        1
477 1.095297e+01        1
478 7.345256e+00        1
479 5.395351e-01        1
480 2.682814e+00        1
481 1.533916e+00        1
482 5.599479e+01        1
483 3.151866e+01        1
484 5.302887e+00        1
485 2.690500e+00        1
486 1.076140e+02        1
487 2.480268e+00        1
488 1.049733e+00        1
489 6.291559e+00        1
490 1.753768e+01        1
491 6.038356e+01        1
492 2.033791e+00        1
493 4.669743e+01        1
494 6.089861e-01        1
495 7.659620e+01        1
496 4.833171e+01        1
497 3.918741e+02        1
498 1.254717e+01        1
499 1.423867e+00        1
500 1.046552e+02        1
501 2.601691e+01        1
502 1.963213e+00        1
503 2.324434e+01        1
504 3.274049e+01        1
505 8.811610e+00        1
506 8.067009e+00        1
507 3.993603e+01        1
508 5.268167e+00        1
509 1.387132e+01        1
510 8.173388e-07        1
511 5.225553e+00        1
512 6.374429e+01        1
513 7.294558e+01        1
514 1.696696e+01        1
515 1.592197e+01        1
516 1.243052e+01        1
517 8.390412e+01        1
518 8.889875e+00        1
519 1.207022e-01        1
520 4.753446e-02        1
521 1.103539e-01        1
522 4.608313e+00        1
523 2.196510e+01        1
524 1.072183e+00        1
525 2.939854e+01        1
526 1.258961e+01        1
527 1.720598e+01        1
528 4.714028e+01        1
529 3.057797e+00        1
530 1.225509e+01        1
531 6.634059e-02        1
532 9.199171e+01        1
533 3.160091e-02        1
534 1.520664e+02        1
535 6.754742e-02        1
536 1.094238e+02        1
537 1.834056e+01        1
538 9.325861e+00        1
539 2.564290e-01        1
540 1.710840e+01        1
541 1.052602e+02        1
542 1.236764e+02        1
543 3.848474e+00        1
544 1.144008e+01        1
545 1.201759e-01        1
546 1.672261e+00        1
547 2.456250e+02        1
548 7.348433e+01        1
549 1.316642e+01        1
550 4.347991e+01        1
551 2.790839e+01        1
552 3.405870e+02        1
553 7.446333e+01        1
554 4.720543e+01        1
555 3.470671e+01        1
556 2.569792e+01        1
557 4.224715e+01        1
558 2.613222e+02        1
559 8.284686e+00        1
560 1.075035e+01        1
561 3.101892e+00        1
562 3.299441e+01        1
563 4.879026e+01        1
564 3.843538e+00        1
565 6.062169e+00        1
566 7.421883e+01        1
567 8.253891e+01        1
568 5.412361e+00        1
569 6.487699e+00        1
570 3.325994e+01        1
571 1.361654e+00        1
572 1.599443e+01        1
573 2.206489e+01        1
574 5.387262e+00        1
575 3.960401e+00        1
576 1.102372e+03        1
577 2.603888e-01        1
578 5.455730e+00        1
579 5.522807e-01        1
580 5.750451e+00        1
581 1.298023e+01        1
582 4.413982e+01        1
583 1.489754e+03        1
584 4.962609e+01        1
585 3.606561e+01        1
586 1.416043e+00        1
587 1.223346e+01        1
588 7.083373e+01        1
589 1.321635e+02        1
590 1.096601e+02        1
591 1.293117e+01        1
592 5.575751e+01        1
593 2.996660e+01        1
594 5.220113e+01        1
595 1.150867e+02        1
596 5.237733e+02        1
597 1.167278e+01        1
598 1.252843e+01        1
599 1.439092e+02        1
600 7.849034e+00        1
601 1.441361e+02        1
602 2.257724e+00        1
603 6.488375e+01        1
604 6.791115e+01        1
605 4.480190e-01        1
606 2.771507e+01        1
607 6.280379e+01        1
608 9.122893e+01        1
609 8.515139e+01        1
610 6.805208e+02        1
611 6.406413e+01        1
612 5.236969e+01        1
613 3.410344e-01        1
614 3.445454e+01        1
615 4.635494e+01        1
616 4.238015e+01        1
617 5.575187e+00        1
618 4.669431e+01        1
619 2.714189e+00        1
620 2.725360e+01        1
621 7.813798e+01        1
622 3.855778e+01        1
623 2.715982e+01        1
624 5.000305e+01        1
625 1.182424e+01        1
626 4.395384e+01        1
627 2.183953e-01        1
628 2.623974e+02        1
629 2.528406e+01        1
630 5.431164e+01        1
631 1.529702e+01        1
632 1.306472e-01        1
633 3.029277e+01        1
634 6.251776e+01        1
635 1.023371e+00        1
636 1.468884e+02        1
637 1.598645e+01        1
638 4.213743e-02        1
639 2.551625e+01        1
640 7.106618e+01        1
641 4.608804e+00        1
642 1.044491e+01        1
643 1.791495e+00        1
644 5.797816e+00        1
645 1.515742e+00        1
646 2.054083e+00        1
647 1.972665e+01        1
648 8.156065e-01        1
649 3.859754e+01        1
650 1.918001e+01        1
651 3.044876e+00        1
652 8.700946e+00        1
653 3.911312e+00        1
654 3.605371e+00        1
655 3.007949e+00        1
656 2.718788e-01        1
657 7.354845e+00        1
658 2.074104e-01        1
659 7.191834e+00        1
660 1.912169e+00        1
661 3.513552e+01        1

$`MR-PRESSO results`$`Distortion Test`
$`MR-PRESSO results`$`Distortion Test`$`Outliers Indices`
[1] 287

$`MR-PRESSO results`$`Distortion Test`$`Distortion Coefficient`
beta.exposure 
     15.35944 

$`MR-PRESSO results`$`Distortion Test`$Pvalue
[1] 0.91532



