$`Main MR results`
       Exposure       MR Analysis Causal Estimate           Sd     T-stat
1 beta.exposure               Raw   -0.0007542376 0.0009549368 -0.7898299
2 beta.exposure Outlier-corrected              NA           NA         NA
    P-value
1 0.4298912
2        NA

$`MR-PRESSO results`
$`MR-PRESSO results`$`Global Test`
$`MR-PRESSO results`$`Global Test`$RSSobs
[1] 822.6871

$`MR-PRESSO results`$`Global Test`$Pvalue
[1] 0.00228


$`MR-PRESSO results`$`Outlier Test`
          RSSobs Pvalue
1   3.677885e-05      1
2   8.468488e-06      1
3   3.739031e-05      1
4   3.054797e-04      1
5   9.534505e-07      1
6   2.291629e-04      1
7   1.775440e-05      1
8   3.032615e-06      1
9   2.113187e-05      1
10  1.368226e-05      1
11  9.746022e-06      1
12  1.383331e-09      1
13  1.018496e-05      1
14  3.183453e-05      1
15  6.032027e-07      1
16  2.611787e-05      1
17  6.121608e-06      1
18  3.401069e-05      1
19  2.224445e-05      1
20  3.722615e-06      1
21  5.005154e-08      1
22  1.666175e-05      1
23  1.981101e-05      1
24  1.577165e-05      1
25  9.272749e-05      1
26  2.569780e-05      1
27  5.656246e-08      1
28  4.670258e-05      1
29  4.580961e-07      1
30  2.078936e-05      1
31  3.515792e-05      1
32  6.999400e-06      1
33  2.070088e-05      1
34  5.574331e-05      1
35  3.973388e-05      1
36  2.282945e-05      1
37  5.945593e-07      1
38  4.460551e-04      1
39  7.756871e-05      1
40  4.439915e-05      1
41  1.479780e-04      1
42  1.416157e-04      1
43  8.122833e-07      1
44  1.953463e-06      1
45  3.527389e-05      1
46  3.290960e-05      1
47  2.485349e-06      1
48  1.780075e-04      1
49  1.465256e-04      1
50  1.756842e-05      1
51  4.705526e-08      1
52  1.077535e-05      1
53  1.983948e-05      1
54  3.321043e-04      1
55  1.967111e-07      1
56  6.487284e-05      1
57  2.435165e-04      1
58  1.157582e-03      1
59  6.396971e-07      1
60  2.468016e-06      1
61  2.089231e-06      1
62  4.179396e-05      1
63  3.710763e-06      1
64  2.723082e-05      1
65  3.096571e-05      1
66  2.601725e-04      1
67  8.216081e-05      1
68  6.906049e-09      1
69  1.406358e-05      1
70  3.994966e-08      1
71  3.250753e-08      1
72  1.080888e-04      1
73  1.558153e-07      1
74  1.985263e-05      1
75  3.677005e-06      1
76  2.404236e-04      1
77  2.111930e-06      1
78  6.085605e-06      1
79  1.131448e-06      1
80  7.316797e-05      1
81  1.082242e-06      1
82  7.258968e-05      1
83  3.716330e-07      1
84  9.018297e-05      1
85  3.384836e-06      1
86  2.365951e-05      1
87  2.638529e-05      1
88  1.799698e-05      1
89  3.723483e-04      1
90  5.879375e-05      1
91  3.175726e-05      1
92  4.290437e-06      1
93  4.123374e-06      1
94  2.327729e-05      1
95  2.464150e-05      1
96  1.523201e-04      1
97  5.384080e-06      1
98  3.724620e-06      1
99  9.101244e-06      1
100 6.104619e-05      1
101 1.090319e-04      1
102 3.145403e-04 0.8804
103 5.803787e-06      1
104 1.555824e-05      1
105 1.090092e-04      1
106 1.058783e-04      1
107 5.511413e-04 0.6816
108 1.135843e-04      1
109 1.097366e-07      1
110 1.124536e-04      1
111 1.003533e-07      1
112 1.245120e-05      1
113 4.878114e-05      1
114 1.585622e-05      1
115 1.932611e-04      1
116 4.307603e-06      1
117 9.384892e-05      1
118 2.736111e-05      1
119 2.717916e-05      1
120 1.304458e-06      1
121 3.390460e-05      1
122 9.497031e-05      1
123 1.123893e-08      1
124 1.712352e-04      1
125 5.316461e-05      1
126 9.008100e-05      1
127 1.864519e-05      1
128 1.295508e-06      1
129 2.650737e-06      1
130 4.054486e-07      1
131 1.205712e-04      1
132 9.950085e-06      1
133 9.451034e-05      1
134 4.664798e-06      1
135 1.973996e-05      1
136 1.414274e-05      1
137 1.391839e-05      1
138 1.001225e-05      1
139 2.965401e-05      1
140 3.243891e-08      1
141 1.144144e-03      1
142 2.901972e-05      1
143 6.579797e-05      1
144 2.536542e-07      1
145 7.554476e-06      1
146 3.825914e-05      1
147 6.208086e-06      1
148 1.021739e-04      1
149 1.801293e-07      1
150 7.781469e-07      1
151 1.862819e-06      1
152 4.124112e-08      1
153 8.174328e-05      1
154 5.463446e-06      1
155 9.712798e-06      1
156 1.605703e-04      1
157 2.499451e-06      1
158 2.752844e-05      1
159 6.721411e-06      1
160 2.604466e-05      1
161 6.436200e-04      1
162 2.972360e-05      1
163 8.743786e-06      1
164 8.748003e-05      1
165 8.657661e-05      1
166 1.189690e-04      1
167 1.072643e-06      1
168 1.032592e-05      1
169 6.832994e-07      1
170 3.132968e-04      1
171 1.696840e-05      1
172 7.050749e-06      1
173 3.570524e-05      1
174 9.103062e-05      1
175 4.214722e-05      1
176 1.579359e-05      1
177 1.632839e-05      1
178 2.056519e-04      1
179 1.180998e-05      1
180 5.903608e-05      1
181 9.718811e-06      1
182 5.552147e-05      1
183 9.172327e-07      1
184 6.618675e-06      1
185 9.461355e-05      1
186 1.944082e-04      1
187 3.212043e-06      1
188 1.232064e-05      1
189 1.796922e-06      1
190 9.728373e-06      1
191 3.721538e-04      1
192 1.442788e-04      1
193 6.035287e-06      1
194 9.866899e-07      1
195 2.321096e-06      1
196 3.319614e-05      1
197 1.282689e-06      1
198 5.663971e-06      1
199 1.740296e-06      1
200 2.445181e-04      1
201 9.351340e-05      1
202 2.411213e-05      1
203 3.444270e-05      1
204 9.216897e-05      1
205 1.469280e-05      1
206 3.020816e-05      1
207 1.903051e-05      1
208 1.052497e-04      1
209 5.583604e-06      1
210 2.885710e-06      1
211 1.528698e-04      1
212 1.974988e-07      1
213 1.369002e-04      1
214 3.336601e-04      1
215 5.376415e-05      1
216 3.748932e-05      1
217 2.294663e-05      1
218 7.954509e-05      1
219 2.514693e-05      1
220 3.735601e-05      1
221 1.214729e-05      1
222 1.098195e-04      1
223 4.672265e-05      1
224 3.995656e-07      1
225 2.323447e-05      1
226 9.935363e-07      1
227 7.734020e-05      1
228 1.545073e-04      1
229 2.338952e-06      1
230 1.243754e-05      1
231 1.249814e-04      1
232 8.691472e-06      1
233 6.913709e-06      1
234 1.882111e-04      1
235 4.160332e-07      1
236 4.855643e-05      1
237 4.039235e-05      1
238 1.756889e-07      1
239 1.583462e-06      1
240 9.041287e-05      1
241 8.079795e-05      1
242 1.115999e-05      1
243 2.141459e-05      1
244 1.085742e-04      1
245 1.679715e-06      1
246 1.259558e-04      1
247 7.688422e-05      1
248 8.019978e-07      1
249 1.015900e-04      1
250 5.090218e-05      1
251 1.364010e-05      1
252 2.193163e-04      1
253 6.524288e-04      1
254 2.402985e-04      1
255 6.178081e-05      1
256 2.515082e-05      1
257 1.017856e-06      1
258 8.899444e-06      1
259 4.024776e-05      1
260 2.049794e-05      1
261 8.314814e-06      1
262 1.356843e-05      1
263 1.113319e-05      1
264 1.434794e-05      1
265 1.504384e-05      1
266 4.355031e-05      1
267 9.966245e-05      1
268 1.277233e-06      1
269 5.575448e-04      1
270 4.581798e-05      1
271 9.852028e-07      1
272 6.539003e-06      1
273 4.972059e-06      1
274 2.046861e-06      1
275 8.681610e-06      1
276 2.075640e-04      1
277 5.047314e-07      1
278 1.535467e-04      1
279 1.783689e-04      1
280 6.111334e-04      1
281 1.234185e-05      1
282 1.344248e-04      1
283 8.519765e-06      1
284 1.306183e-04      1
285 5.197392e-06      1
286 8.626543e-06      1
287 1.619257e-08      1
288 1.061714e-04      1
289 3.905140e-08      1
290 9.751741e-05      1
291 2.544094e-06      1
292 3.513765e-05      1
293 3.924600e-05      1
294 3.144883e-07      1
295 4.850615e-05      1
296 8.354344e-05      1
297 3.143303e-06      1
298 6.874342e-07      1
299 3.093114e-05      1
300 4.695520e-06      1
301 4.306196e-06      1
302 9.953971e-08      1
303 1.099378e-04      1
304 4.158722e-06      1
305 8.739994e-05      1
306 8.076207e-07      1
307 6.765916e-05      1
308 8.723777e-05      1
309 2.944277e-04      1
310 3.503783e-06      1
311 7.492422e-05      1
312 1.590922e-05      1
313 5.255162e-05      1
314 1.877126e-05      1
315 4.570308e-08      1
316 9.347878e-06      1
317 1.301014e-06      1
318 8.098499e-05      1
319 2.406639e-05      1
320 3.118357e-05      1
321 3.616600e-05      1
322 2.563299e-05      1
323 7.148688e-05      1
324 4.347023e-06      1
325 1.723115e-04      1
326 5.279954e-06      1
327 5.193528e-05      1
328 5.582680e-05      1
329 4.182490e-06      1
330 5.951134e-05      1
331 4.377613e-06      1
332 4.045417e-07      1
333 9.613373e-06      1
334 1.816605e-05      1
335 3.343751e-05      1
336 8.583975e-05      1
337 5.822706e-05      1
338 2.335544e-05      1
339 6.248165e-05      1
340 2.312829e-06      1
341 1.213410e-04      1
342 7.707815e-06      1
343 6.576445e-06      1
344 8.857772e-05      1
345 1.780852e-05      1
346 5.623411e-05      1
347 7.810748e-05      1
348 1.726655e-05      1
349 1.804136e-04      1
350 6.849810e-05      1
351 2.483311e-04      1
352 1.919193e-05      1
353 2.064201e-04      1
354 8.377849e-06      1
355 2.143040e-04      1
356 1.122062e-06      1
357 1.825680e-05      1
358 2.160051e-05      1
359 9.217158e-05      1
360 4.008164e-06      1
361 8.221446e-06      1
362 4.312148e-05      1
363 1.395610e-06      1
364 3.424503e-05      1
365 3.582658e-09      1
366 2.137429e-05      1
367 2.876685e-06      1
368 5.457942e-07      1
369 1.594908e-04      1
370 9.740112e-06      1
371 9.840991e-06      1
372 5.584793e-06      1
373 4.283325e-07      1
374 1.809105e-05      1
375 3.448066e-06      1
376 6.183062e-06      1
377 2.302964e-04      1
378 4.500743e-05      1
379 1.862338e-04      1
380 1.764539e-05      1
381 1.195532e-04      1
382 3.496431e-05      1
383 2.751631e-08      1
384 3.768763e-06      1
385 2.902073e-06      1
386 3.510544e-06      1
387 2.205895e-06      1
388 2.531175e-07      1
389 1.339981e-05      1
390 1.279978e-04      1
391 6.095910e-05      1
392 5.096186e-05      1
393 1.446785e-04      1
394 9.123871e-05      1
395 5.701037e-05      1
396 5.251772e-06      1
397 1.667484e-04      1
398 1.225914e-04      1
399 1.030571e-04      1
400 6.089968e-05      1
401 2.476192e-04      1
402 1.036357e-06      1
403 9.550137e-06      1
404 2.827104e-05      1
405 1.874705e-05      1
406 2.624067e-04      1
407 2.870161e-05      1
408 6.290617e-06      1
409 3.681812e-05      1
410 2.944440e-05      1
411 3.113381e-04      1
412 1.868121e-06      1
413 8.398664e-06      1
414 4.623626e-05      1
415 1.007546e-05      1
416 1.249553e-04      1
417 1.009664e-05      1
418 8.597518e-09      1
419 7.359904e-06      1
420 1.649494e-04      1
421 2.550954e-05      1
422 1.183107e-05      1
423 7.622390e-06      1
424 2.740591e-05      1
425 2.049520e-05      1
426 7.702080e-07      1
427 1.790328e-05      1
428 3.800292e-06      1
429 1.612783e-05      1
430 1.508389e-05      1
431 1.304773e-04      1
432 2.298894e-04      1
433 8.865851e-05      1
434 7.569121e-04      1
435 4.416704e-04      1
436 5.013179e-06      1
437 3.766885e-07      1
438 2.945793e-06      1
439 1.765699e-04      1
440 6.890336e-04   0.71
441 3.803027e-05      1
442 1.429559e-05      1
443 2.150146e-05      1
444 2.160376e-05      1
445 3.315204e-06      1
446 5.564213e-06      1
447 4.684743e-05      1
448 1.804023e-05      1
449 7.104608e-06      1
450 1.867666e-05      1
451 1.319151e-05      1
452 3.365153e-04      1
453 1.173831e-04      1
454 6.408504e-05      1
455 4.128616e-06      1
456 2.411401e-05      1
457 4.459028e-05      1
458 1.115023e-04      1
459 3.265114e-05      1
460 2.274125e-04      1
461 2.648289e-06      1
462 1.498729e-05      1
463 3.021754e-06      1
464 7.115236e-05      1
465 1.748092e-05      1
466 8.539879e-08      1
467 2.807661e-07      1
468 3.255390e-04      1
469 2.656979e-05      1
470 8.456690e-05      1
471 1.261883e-05      1
472 1.316570e-05      1
473 6.608025e-05      1
474 1.817479e-05      1
475 4.686210e-07      1
476 2.868166e-05      1
477 1.482268e-07      1
478 1.641434e-06      1
479 2.313812e-07      1
480 4.795418e-04 0.7668
481 1.632399e-05      1
482 5.618221e-04      1
483 3.888312e-05      1
484 1.149750e-04      1
485 2.347960e-05      1
486 5.209828e-07      1
487 5.250329e-05      1
488 1.695499e-06      1
489 8.593177e-05      1
490 1.206840e-05      1
491 5.595544e-05      1
492 1.376489e-07      1
493 2.916900e-06      1
494 1.406836e-05      1
495 2.915577e-05      1
496 1.381389e-05      1
497 2.751944e-07      1
498 2.051988e-05      1
499 2.375978e-05      1
500 9.190733e-05      1
501 5.334526e-06      1
502 9.766235e-06      1
503 1.043626e-04      1
504 2.329490e-05      1
505 3.584305e-08      1
506 5.998410e-06      1
507 1.541442e-04      1
508 2.500450e-05      1
509 2.223354e-05      1
510 5.147387e-05      1
511 1.338253e-05      1
512 1.912579e-05      1
513 4.036858e-05      1
514 1.542066e-05      1
515 1.179867e-05      1
516 2.595494e-05      1
517 3.794533e-05      1
518 5.637564e-05      1
519 5.059737e-05      1
520 5.988469e-06      1
521 3.542937e-07      1
522 1.152091e-04      1
523 5.223242e-05      1
524 5.294526e-05      1
525 2.086568e-05      1
526 4.386291e-04      1
527 1.689175e-04      1
528 7.705350e-06      1
529 4.408308e-06      1
530 2.741190e-06      1
531 4.149853e-06      1
532 8.846684e-05      1
533 7.649759e-05      1
534 6.424111e-06      1
535 7.099252e-06      1
536 1.369816e-09      1
537 9.912841e-08      1
538 4.721572e-07      1
539 3.338082e-05      1
540 8.828724e-05      1
541 1.182697e-04      1
542 2.081315e-06      1
543 3.598297e-05      1
544 5.139905e-05      1
545 1.900366e-06      1
546 1.196245e-05      1
547 7.076737e-05      1
548 1.879321e-05      1
549 7.574417e-05      1
550 5.614437e-05      1
551 3.645171e-04      1
552 2.616717e-06      1
553 1.894687e-07      1
554 3.331505e-05      1
555 1.338678e-04      1
556 1.268112e-05      1
557 4.288421e-05      1
558 2.999728e-05      1
559 2.789932e-05      1
560 7.025470e-05      1
561 1.648935e-04      1
562 2.589062e-06      1
563 3.435091e-10      1
564 2.644273e-04      1
565 9.370286e-06      1
566 1.217545e-05      1
567 7.700470e-07      1
568 1.687199e-05      1
569 3.633888e-05      1
570 5.787235e-05      1
571 1.800991e-11      1
572 6.059391e-05      1
573 1.089018e-04      1
574 4.252638e-05      1
575 2.161548e-05      1
576 8.011464e-06      1
577 2.464509e-04      1
578 1.890724e-05      1
579 5.728069e-06      1
580 2.991677e-05      1
581 7.680864e-06      1
582 3.876302e-05      1
583 3.170986e-07      1
584 7.583302e-06      1
585 1.424222e-05      1
586 2.775805e-05      1
587 3.292908e-05      1
588 4.097036e-04      1
589 5.427717e-07      1
590 6.680340e-05      1
591 1.584801e-05      1
592 2.070364e-04      1
593 2.417096e-05      1
594 5.218409e-07      1
595 2.559368e-04      1
596 1.645311e-05      1
597 5.256476e-04      1
598 2.342456e-04      1
599 9.917964e-05      1
600 2.638102e-06      1
601 6.854333e-06      1
602 1.212503e-05      1
603 4.467892e-04      1
604 3.421250e-05      1
605 1.145336e-04      1
606 5.993525e-05      1
607 9.262236e-06      1
608 2.725915e-05      1
609 3.310664e-05      1
610 1.655852e-04      1
611 3.780493e-06      1
612 1.217298e-07      1
613 1.556886e-04      1
614 1.411570e-06      1
615 2.905376e-05      1
616 2.001730e-05      1
617 8.215065e-06      1
618 1.785540e-06      1
619 1.064172e-04      1
620 1.539555e-05      1
621 4.175003e-05      1
622 4.846843e-06      1
623 3.947471e-06      1
624 1.142951e-04      1
625 6.510860e-05      1
626 6.581792e-06      1
627 1.041255e-04      1
628 1.953851e-04      1
629 3.883444e-05      1
630 4.892598e-06      1
631 5.632002e-05      1
632 2.436801e-05      1
633 1.119717e-04      1
634 4.307456e-06      1
635 3.369402e-05      1
636 1.993695e-05      1
637 9.543495e-09      1
638 4.957967e-04      1
639 2.752066e-04      1
640 2.344129e-04      1
641 4.542622e-06      1
642 2.415014e-05      1
643 4.944774e-05      1
644 9.518937e-08      1
645 1.097333e-05      1
646 6.963039e-05      1
647 1.817557e-05      1
648 2.036330e-04      1
649 5.989703e-05      1
650 1.233784e-04      1
651 6.810396e-06      1
652 1.918054e-04      1
653 1.099319e-05      1
654 3.979083e-05      1
655 3.848756e-06      1
656 4.701227e-06      1
657 7.464013e-06      1
658 6.392213e-04      1
659 9.177060e-05      1
660 1.165798e-05      1
661 7.713986e-06      1
662 1.036633e-05      1
663 6.585314e-06      1
664 1.387889e-06      1
665 3.567830e-05      1
666 1.329629e-05      1
667 6.369744e-05      1
668 1.785090e-05      1
669 2.096065e-05      1
670 5.787027e-05      1
671 2.087326e-05      1
672 1.986953e-05      1
673 1.713575e-05      1
674 1.624750e-04      1
675 3.185326e-05      1
676 3.319252e-07      1
677 3.818248e-05      1
678 2.787808e-05      1
679 1.230609e-04      1
680 8.653509e-05      1
681 2.193842e-05      1
682 8.837973e-08      1
683 5.808337e-06      1
684 2.899976e-06      1
685 4.026376e-05      1
686 1.293273e-04      1
687 2.727719e-05      1
688 6.475814e-06      1
689 2.761526e-04      1
690 1.719268e-04      1
691 3.398583e-05      1
692 5.593783e-05      1
693 4.942939e-05      1
694 6.921013e-05      1
695 5.241651e-05      1
696 2.561244e-07      1
697 7.130146e-06      1
698 1.475353e-06      1
699 3.768602e-05      1
700 7.949653e-05      1
701 1.216910e-04      1
702 2.600065e-05      1
703 1.285899e-04      1
704 2.634373e-05      1
705 1.022605e-05      1
706 1.093874e-04      1
707 7.818783e-05      1
708 2.061835e-05      1
709 7.365105e-06      1
710 7.298575e-05      1

$`MR-PRESSO results`$`Distortion Test`
$`MR-PRESSO results`$`Distortion Test`$`Outliers Indices`
[1] "No significant outliers"

$`MR-PRESSO results`$`Distortion Test`$`Distortion Coefficient`
[1] NA

$`MR-PRESSO results`$`Distortion Test`$Pvalue
[1] NA



