$`Main MR results`
       Exposure       MR Analysis Causal Estimate        Sd     T-stat
1 beta.exposure               Raw      -0.2283447 0.3575578 -0.6386232
2 beta.exposure Outlier-corrected      -0.3793746 0.3245887 -1.1687856
    P-value
1 0.5253120
2 0.2468251

$`MR-PRESSO results`
$`MR-PRESSO results`$`Global Test`
$`MR-PRESSO results`$`Global Test`$RSSobs
[1] 122.8313

$`MR-PRESSO results`$`Global Test`$Pvalue
[1] "<2e-04"


$`MR-PRESSO results`$`Outlier Test`
         RSSobs  Pvalue
1  4.319774e-05       1
2  6.270203e-05       1
3  9.433100e-05       1
4  8.332408e-06       1
5  4.709781e-03       1
6  5.839951e-05       1
7  4.188319e-04       1
8  6.980041e-04       1
9  9.908431e-05       1
10 2.279619e-03       1
11 1.691196e-05       1
12 3.087016e-04       1
13 1.439817e-03       1
14 1.534000e-03   0.594
15 9.920526e-04       1
16 8.252373e-05       1
17 1.928883e-04       1
18 1.739319e-04       1
19 9.378799e-05       1
20 2.824695e-04       1
21 1.691324e-03       1
22 6.711112e-04       1
23 2.054931e-05       1
24 1.410377e-04       1
25 2.647650e-04       1
26 6.020190e-03       1
27 7.420030e-04       1
28 6.047080e-04       1
29 1.391426e-05       1
30 9.176164e-04       1
31 5.364935e-05       1
32 7.191595e-04       1
33 2.717165e-03       1
34 3.949854e-03       1
35 2.646491e-06       1
36 3.602920e-04       1
37 5.017484e-05       1
38 1.368167e-04       1
39 7.693094e-04       1
40 5.236693e-04       1
41 2.453812e-04       1
42 1.491970e-04       1
43 5.936456e-03       1
44 2.945219e-04       1
45 1.738903e-03       1
46 2.061284e-03       1
47 4.196041e-03       1
48 1.438202e-03  0.6072
49 3.315428e-04       1
50 6.546450e-07       1
51 3.344932e-04       1
52 5.013747e-03       1
53 2.127611e-04       1
54 2.923568e-06       1
55 4.719416e-04       1
56 1.324368e-03       1
57 1.560872e-04       1
58 5.147306e-03 <0.0132
59 1.782589e-03       1
60 6.080527e-04       1
61 1.154438e-05       1
62 4.602327e-05       1
63 9.281855e-04       1
64 1.135865e-03       1
65 8.668056e-05       1
66 6.906256e-04       1

$`MR-PRESSO results`$`Distortion Test`
$`MR-PRESSO results`$`Distortion Test`$`Outliers Indices`
[1] 58

$`MR-PRESSO results`$`Distortion Test`$`Distortion Coefficient`
beta.exposure 
     39.81022 

$`MR-PRESSO results`$`Distortion Test`$Pvalue
[1] 0.7228



