$`Main MR results`
       Exposure       MR Analysis Causal Estimate          Sd     T-stat
1 beta.exposure               Raw    -0.002001017 0.005664265 -0.3532703
2 beta.exposure Outlier-corrected    -0.006188023 0.003332245 -1.8570133
     P-value
1 0.72394868
2 0.06355893

$`MR-PRESSO results`
$`MR-PRESSO results`$`Global Test`
$`MR-PRESSO results`$`Global Test`$RSSobs
[1] 4057.278

$`MR-PRESSO results`$`Global Test`$Pvalue
[1] "<2e-05"


$`MR-PRESSO results`$`Outlier Test`
           RSSobs  Pvalue
1    2.073205e-05       1
2    6.039348e-05       1
3    3.752801e-04       1
4    2.135244e-04       1
5    2.167901e-04       1
6    1.080670e-04       1
7    4.244914e-06       1
8    4.153022e-04       1
9    7.206984e-07       1
10   1.532943e-03       1
11   9.860180e-04       1
12   1.682412e-04       1
13   2.407101e-05       1
14   7.837042e-05       1
15   1.004847e-04       1
16   1.289878e-04       1
17   6.588762e-04       1
18   3.345495e-04       1
19   6.774514e-04       1
20   5.136598e-04       1
21   1.109702e-04       1
22   2.409910e-04       1
23   3.068866e-05       1
24   1.082128e-04       1
25   2.900831e-03       1
26   1.358104e-08       1
27   2.005041e-04       1
28   3.107743e-05       1
29   5.573128e-04       1
30   2.142247e-04       1
31   1.026279e-04       1
32   6.050903e-04       1
33   2.662580e-04       1
34   7.923921e-04       1
35   5.653221e-04       1
36   5.017717e-06       1
37   1.971009e-04       1
38   2.890729e-03       1
39   5.317937e-04       1
40   7.978554e-04       1
41   4.359508e-05       1
42   3.434137e-05       1
43   2.695333e-04       1
44   2.093933e-04       1
45   5.996627e-04       1
46   4.835766e-04       1
47   3.431020e-04       1
48   2.054625e-04       1
49   8.119123e-04       1
50   1.411771e-03       1
51   4.205639e-04       1
52   1.425083e-03       1
53   3.640657e-04       1
54   1.020036e-03       1
55   2.505274e-04       1
56   8.557760e-05       1
57   7.374303e-05       1
58   6.954059e-05       1
59   8.780563e-04       1
60   9.206146e-05       1
61   3.882775e-05       1
62   2.716306e-04       1
63   5.489605e-06       1
64   3.749442e-04       1
65   1.478519e-05       1
66   9.345139e-04       1
67   9.135329e-08       1
68   6.092978e-07       1
69   9.087094e-04       1
70   1.107292e-03       1
71   1.936279e-04       1
72   5.864089e-04       1
73   4.650140e-04       1
74   1.121910e-03       1
75   3.830791e-06       1
76   5.148909e-05       1
77   1.674229e-04       1
78   2.367627e-05       1
79   7.858373e-05       1
80   6.484659e-05       1
81   5.369262e-03 <0.0237
82   9.533249e-04       1
83   1.636017e-04       1
84   4.527684e-05       1
85   1.536028e-03       1
86   1.550216e-05       1
87   3.003780e-05       1
88   8.225249e-04       1
89   3.137358e-04       1
90   5.179509e-04       1
91   6.565658e-04       1
92   1.363609e-05       1
93   3.109329e-04       1
94   1.066863e-03       1
95   2.934425e-04       1
96   9.117026e-06       1
97   6.663983e-03       1
98   1.746033e-04       1
99   3.825640e-04       1
100  3.868757e-05       1
101  6.423499e-07       1
102  8.869472e-06       1
103  6.196007e-05       1
104  1.036822e-06       1
105  3.005813e-08       1
106  9.074375e-03       1
107  1.005858e-03       1
108  1.690885e-03       1
109  1.740996e-03       1
110  9.484727e-04       1
111  2.560138e-04       1
112  1.009076e-03       1
113  2.235498e-04       1
114  7.147576e-05       1
115  1.918584e-05       1
116  1.036056e-05       1
117  1.952871e-05       1
118  2.194023e-05       1
119  8.175388e-04       1
120  9.790456e-04       1
121  5.494179e-04       1
122  9.668318e-04       1
123  1.705872e-03       1
124  1.516895e-03       1
125  2.198109e-03       1
126  7.660425e-03       1
127  2.136262e-03       1
128  2.010397e-03       1
129  7.597911e-03       1
130  1.497545e-03       1
131  1.007301e-03       1
132  3.493619e-03       1
133  3.865175e-06       1
134  5.421711e-03       1
135  3.083230e-03       1
136  5.838931e-04       1
137  4.099722e-04       1
138  1.662997e-06       1
139  2.423276e-03       1
140  1.001061e-06       1
141  1.727174e-05       1
142  2.205497e-04       1
143  1.271281e-04       1
144  4.162836e-03       1
145  9.945377e-03       1
146  9.331143e-05       1
147  2.465117e-06       1
148  4.212499e-04       1
149  4.955073e-05       1
150  1.021035e-03       1
151  1.100376e-03       1
152  6.331788e-04       1
153  2.338369e-03       1
154  7.650719e-05       1
155  2.849109e-03       1
156  6.379793e-04       1
157  9.844636e-04       1
158  8.537048e-04       1
159  1.867715e-04       1
160  7.655388e-06       1
161  6.337053e-04       1
162  6.993761e-11       1
163  7.581682e-05       1
164  6.407200e-05       1
165  1.019331e-03       1
166  2.409309e-04       1
167  3.298565e-04       1
168  9.616404e-05       1
169  9.849212e-04       1
170  1.246158e-03       1
171  3.708322e-05       1
172  1.119296e-03       1
173  2.254281e-05       1
174  4.518941e-05       1
175  6.278197e-04       1
176  1.660502e-04       1
177  5.013170e-04       1
178  1.414809e-05       1
179  1.011683e-05       1
180  3.106125e-02       1
181  1.247144e-03       1
182  1.474018e-02       1
183  1.113998e-03       1
184  3.297692e-03       1
185  1.131269e-03       1
186  2.660445e-05       1
187  3.717824e-04       1
188  1.311317e-06       1
189  1.797727e-04       1
190  2.590024e-05       1
191  3.068798e-03       1
192  1.911648e-05       1
193  2.076287e-05       1
194  7.060513e-06       1
195  6.575658e-05       1
196  1.480829e-04       1
197  3.037152e-04       1
198  9.652710e-05       1
199  1.598493e-04       1
200  1.643129e-04       1
201  8.576041e-04       1
202  3.704699e-06       1
203  4.366975e-07       1
204  1.798365e-04       1
205  1.536377e-03       1
206  3.081087e-04       1
207  3.854283e-04       1
208  1.261889e-05       1
209  1.027880e-03       1
210  1.065809e-04       1
211  2.701699e-04       1
212  5.286335e-04       1
213  4.744498e-05       1
214  1.886620e-04       1
215  6.085893e-04       1
216  5.093186e-04       1
217  6.842295e-05       1
218  2.035557e-03       1
219  2.362537e-05       1
220  1.925100e-07       1
221  1.397776e-03       1
222  1.452829e-03       1
223  1.536189e-05       1
224  1.143366e-03       1
225  8.364657e-04       1
226  1.233848e-03       1
227  1.150018e-06       1
228  1.118712e-03       1
229  1.354542e-03       1
230  1.886725e-03       1
231  2.467065e-04       1
232  6.686168e-04       1
233  1.257384e-04       1
234  2.415774e-05       1
235  1.903218e-04       1
236  8.191513e-04       1
237  2.110623e-04       1
238  1.725896e-03       1
239  1.084178e-05       1
240  2.283839e-04       1
241  1.383340e-03       1
242  1.228634e-04       1
243  1.045949e-04       1
244  5.995793e-05       1
245  3.946250e-07       1
246  1.414582e-03       1
247  2.398522e-04       1
248  1.973956e-05       1
249  3.080912e-05       1
250  3.329224e-03       1
251  3.627162e-06       1
252  1.093784e-04       1
253  3.567205e-03       1
254  6.789013e-04       1
255  1.045490e-05       1
256  1.234441e-05       1
257  7.330082e-04       1
258  3.265952e-04       1
259  9.190530e-04       1
260  6.082210e-04       1
261  2.742888e-06       1
262  1.701443e-04       1
263  1.497836e-04       1
264  2.136888e-03       1
265  5.617348e-06       1
266  9.407466e-04       1
267  1.885741e-03       1
268  4.021987e-05       1
269  1.770375e-04       1
270  9.067410e-04       1
271  1.337337e-05       1
272  3.751312e-04       1
273  2.208859e-04       1
274  1.345389e-04       1
275  1.588127e-03       1
276  1.702783e-04       1
277  6.729273e-04       1
278  1.600718e-03       1
279  2.489106e-07       1
280  4.779445e-05       1
281  6.822009e-05       1
282  1.725368e-03       1
283  2.453025e-04       1
284  6.990969e-04       1
285  7.657835e-06       1
286  2.542798e-03       1
287  1.147654e-03       1
288  2.121742e-04       1
289  2.836222e-04       1
290  6.958382e-05       1
291  2.065699e-05       1
292  9.390712e-06       1
293  8.920206e-06       1
294  2.514985e-05       1
295  2.913955e-05       1
296  5.208581e-08       1
297  1.011019e-04       1
298  9.916292e-05       1
299  9.312285e-05       1
300  2.903867e-06       1
301  5.103165e-06       1
302  2.274884e-04       1
303  1.841720e-05       1
304  6.332742e-04       1
305  6.106201e-07       1
306  4.859986e-04       1
307  4.815764e-05       1
308  9.571939e-04       1
309  6.634869e-05       1
310  1.970237e-05       1
311  3.910946e-05       1
312  3.558542e-04       1
313  1.112146e-03       1
314  2.434229e-07       1
315  2.068269e-05       1
316  2.536131e-05       1
317  6.498547e-04       1
318  3.400579e-04       1
319  6.682117e-04       1
320  2.963102e-03       1
321  1.097788e-02       1
322  1.203295e-03       1
323  8.433210e-04       1
324  7.557425e-04       1
325  3.517385e-04       1
326  1.009967e-08       1
327  2.675429e-03       1
328  2.368685e-02       1
329  3.903756e-03       1
330  1.260915e-04       1
331  4.245931e-03       1
332  5.507203e-03       1
333  8.363479e-05       1
334  1.623424e-03       1
335  1.227851e-04       1
336  1.677579e-06       1
337  1.764787e-04       1
338  1.825715e-03       1
339  1.498460e-05       1
340  8.116072e-03       1
341  8.179587e-08       1
342  1.593806e-04       1
343  2.121223e-03       1
344  1.451613e-03       1
345  2.262054e-04       1
346  4.080581e-03       1
347  6.307729e-02  0.8769
348  5.472666e-03       1
349  1.704212e-06       1
350  1.109826e-03       1
351  4.247336e-03       1
352  5.264316e-04       1
353  3.869720e-04       1
354  8.742288e-05       1
355  6.924020e-06       1
356  8.936074e-05       1
357  3.710419e-04       1
358  4.956186e-03       1
359  2.294862e-03       1
360  6.471454e-08       1
361  7.502087e-05       1
362  1.890115e-04       1
363  2.673279e-04       1
364  1.430507e-04       1
365  1.063205e-05       1
366  3.345389e-05       1
367  1.719277e-04       1
368  2.049921e-04       1
369  6.891058e-04       1
370  9.782327e-04       1
371  1.512975e-02       1
372  5.148762e-05       1
373  7.171307e-04       1
374  4.056687e-05       1
375  1.927206e-04       1
376  3.144346e-04       1
377  1.582520e-03       1
378  4.898317e-04       1
379  7.345376e-05       1
380  9.874848e-04       1
381  2.196104e-06       1
382  1.653145e-04       1
383  1.570838e-05       1
384  8.396574e-06       1
385  6.554131e-07       1
386  1.872021e-03       1
387  4.628017e-05       1
388  3.816051e-04       1
389  4.024405e-04       1
390  1.950761e-04       1
391  6.126980e-05       1
392  1.485934e-02 <0.0237
393  3.872928e-04       1
394  3.627450e-04       1
395  6.429786e-04       1
396  1.180761e-03       1
397  4.315507e-03       1
398  1.403058e-06       1
399  1.385597e-04       1
400  1.764103e-04       1
401  1.832942e-04       1
402  1.964774e-04       1
403  1.400369e-03       1
404  7.765530e-05       1
405  1.104036e-02       1
406  4.662413e-05       1
407  2.182155e-04       1
408  8.546668e-05       1
409  3.971684e-04       1
410  4.598305e-05       1
411  1.930101e-04       1
412  1.104960e-04       1
413  2.436543e-06       1
414  1.829288e-03       1
415  1.902528e-05       1
416  3.667063e-03  0.4266
417  7.616675e-05       1
418  4.856116e-04       1
419  5.046400e-04       1
420  7.896782e-04       1
421  4.304987e-03       1
422  2.490705e-04       1
423  2.283154e-03       1
424  1.320610e-03       1
425  6.271572e-04       1
426  1.998999e-04       1
427  1.279019e-04       1
428  1.441684e-03       1
429  2.783847e-04       1
430  1.234025e-04       1
431  3.761948e-05       1
432  3.458850e-04       1
433  1.058181e-07       1
434  4.458175e-05       1
435  2.217519e-04       1
436  2.747085e-03       1
437  3.031329e-04       1
438  1.758736e-04       1
439  3.618323e-03       1
440  1.243107e-03       1
441  1.139868e-03       1
442  1.550122e-06       1
443  5.078703e-04       1
444  8.370030e-05       1
445  1.878272e-04       1
446  3.844657e-06       1
447  3.151204e-04       1
448  8.363972e-06       1
449  7.385577e-04       1
450  8.896716e-04       1
451  4.875449e-04       1
452  4.946901e-04       1
453  2.543173e-06       1
454  8.411715e-04       1
455  3.545519e-06       1
456  1.018357e-03       1
457  1.158974e-03       1
458  3.711971e-05       1
459  6.886905e-03       1
460  3.584554e-04       1
461  3.666503e-04       1
462  1.058667e-03       1
463  2.499468e-04       1
464  4.803583e-04       1
465  9.999545e-04       1
466  9.552392e-04       1
467  1.702227e-04       1
468  8.553645e-06       1
469  4.764566e-05       1
470  2.201229e-04       1
471  4.007588e-04       1
472  5.233204e-04       1
473  1.588424e-05       1
474  3.548988e-04       1
475  1.358421e-04       1
476  7.302762e-04       1
477  1.983569e-04       1
478  6.854120e-08       1
479  2.068781e-04       1
480  7.006021e-04       1
481  2.208636e-04       1
482  1.934726e-05       1
483  5.126042e-05       1
484  2.982178e-04       1
485  6.020776e-04       1
486  1.016713e-05       1
487  3.696161e-03       1
488  1.782940e-04       1
489  8.603691e-04       1
490  1.481567e-05       1
491  4.556791e-04       1
492  6.292983e-08       1
493  1.627215e-04       1
494  5.999765e-06       1
495  1.357836e-04       1
496  8.929405e-04       1
497  2.413843e-04       1
498  1.903092e-05       1
499  2.883711e-04       1
500  3.129070e-04       1
501  1.527660e-04       1
502  1.250508e-03       1
503  4.913762e-04       1
504  2.297817e-04       1
505  6.177859e-04       1
506  2.911976e-04       1
507  6.935222e-05       1
508  7.861591e-04       1
509  1.348306e-03       1
510  6.557777e-03       1
511  1.358788e-03       1
512  1.785779e-04       1
513  7.662350e-05       1
514  1.232226e-04       1
515  1.059158e-04       1
516  6.578000e-04       1
517  3.250615e-04       1
518  2.378491e-03       1
519  3.307288e-05       1
520  2.640146e-05       1
521  2.887129e-04       1
522  1.325797e-06       1
523  2.617728e-04       1
524  1.861852e-05       1
525  6.414191e-07       1
526  2.736019e-04       1
527  5.523117e-04       1
528  8.374739e-04       1
529  1.076166e-05       1
530  4.196855e-04       1
531  1.673252e-05       1
532  7.407219e-06       1
533  2.161459e-04       1
534  2.044850e-05       1
535  4.173937e-05       1
536  2.697244e-04       1
537  1.884938e-05       1
538  2.888726e-06       1
539  9.194734e-05       1
540  6.635429e-05       1
541  1.683348e-03       1
542  1.135248e-07       1
543  7.327386e-05       1
544  3.617049e-04       1
545  1.115759e-04       1
546  3.189566e-04       1
547  4.584938e-04       1
548  1.597536e-03       1
549  3.013534e-04       1
550  2.097124e-07       1
551  5.145052e-04       1
552  8.528870e-04       1
553  5.108361e-05       1
554  2.101334e-03       1
555  5.238430e-04       1
556  2.889280e-04       1
557  8.950132e-05       1
558  7.159959e-05       1
559  4.005781e-04       1
560  6.930644e-04       1
561  5.539436e-04       1
562  4.536334e-05       1
563  1.580256e-03       1
564  1.406567e-04       1
565  5.069924e-04       1
566  9.412061e-05       1
567  1.637314e-02       1
568  5.405350e-04       1
569  1.078944e-03       1
570  1.777827e-03       1
571  4.712614e-05       1
572  4.776464e-05       1
573  1.891331e-03       1
574  7.923350e-05       1
575  1.887870e-09       1
576  1.431680e-04       1
577  3.342630e-05       1
578  9.539381e-06       1
579  1.039750e-04       1
580  2.742834e-04       1
581  1.168810e-02       1
582  2.294622e-04       1
583  1.664189e-03       1
584  4.656168e-05       1
585  1.193472e-04       1
586  7.741678e-05       1
587  5.694657e-05       1
588  4.095601e-04       1
589  1.123661e-03       1
590  3.439349e-04       1
591  8.099764e-04       1
592  1.463784e-04       1
593  1.095363e-04       1
594  2.587238e-04       1
595  5.625112e-03       1
596  7.304710e-03       1
597  7.501919e-05       1
598  5.285461e-04       1
599  1.150227e-05       1
600  5.992545e-04       1
601  3.655588e-05       1
602  7.450118e-05       1
603  6.223736e-06       1
604  5.376469e-04       1
605  5.523383e-05       1
606  2.840144e-04       1
607  6.388974e-04       1
608  2.185476e-04       1
609  1.381971e-02       1
610  6.342363e-05       1
611  5.869471e-06       1
612  3.780509e-06       1
613  2.088260e-04       1
614  1.043731e-03       1
615  3.244541e-04       1
616  1.137771e-04       1
617  4.619157e-04       1
618  2.223937e-04       1
619  1.001729e-03       1
620  1.298157e-05       1
621  8.025246e-05       1
622  8.779711e-04       1
623  8.840932e-06       1
624  1.048371e-04       1
625  7.769128e-03       1
626  5.225458e-04       1
627  6.002763e-06       1
628  4.447321e-03       1
629  1.229366e-04       1
630  3.542585e-03       1
631  7.896387e-05       1
632  5.455159e-04       1
633  3.765834e-05       1
634  8.914779e-04       1
635  7.402185e-05       1
636  1.827974e-07       1
637  1.221406e-03       1
638  3.613801e-03       1
639  3.537326e-04       1
640  2.788951e-04       1
641  1.461419e-04       1
642  3.341231e-04       1
643  1.467340e-04       1
644  1.187104e-06       1
645  3.441873e-04       1
646  1.646598e-05       1
647  1.908369e-04       1
648  7.179663e-04       1
649  2.405475e-03       1
650  7.289374e-05       1
651  2.543355e-05       1
652  1.378005e-03       1
653  3.412970e-04       1
654  9.320079e-05       1
655  4.334156e-05       1
656  8.925374e-05       1
657  9.272947e-05       1
658  1.322845e-04       1
659  1.435783e-03       1
660  3.349617e-08       1
661  4.684727e-04       1
662  1.084169e-04       1
663  1.222455e-03       1
664  2.323998e-05       1
665  6.053426e-05       1
666  4.368781e-05       1
667  1.694834e-03       1
668  4.254726e-06       1
669  3.005830e-04       1
670  1.825959e+00 <0.0237
671  2.486509e-04       1
672  1.624497e-04       1
673  1.442200e-06       1
674  7.785217e-05       1
675  6.227163e-05       1
676  6.128724e-04       1
677  1.255947e-05       1
678  5.245305e-04       1
679  9.664806e-04       1
680  1.132195e-03       1
681  1.288168e-04       1
682  7.544830e-04       1
683  1.329629e-03       1
684  1.373194e-04       1
685  1.052938e-04       1
686  7.240019e-04       1
687  3.243100e-04       1
688  1.915959e-04       1
689  5.277376e-05       1
690  1.450373e-06       1
691  6.526406e-09       1
692  1.092190e-04       1
693  1.434780e-04       1
694  4.647492e-04       1
695  1.831291e-03       1
696  2.071062e-04       1
697  6.218211e-05       1
698  2.135336e-04       1
699  1.056214e-03       1
700  7.231945e-04       1
701  2.122515e-06       1
702  8.517800e-05       1
703  2.623020e-04       1
704  9.067450e-06       1
705  5.642586e-05       1
706  7.516214e-05       1
707  2.867967e-03       1
708  3.772828e-06       1
709  4.634922e-04       1
710  8.376698e-05       1
711  7.056131e-04       1
712  3.907622e-04       1
713  5.614703e-04       1
714  6.407505e-04       1
715  4.822756e-05       1
716  2.548215e-04       1
717  6.427047e-04       1
718  1.827364e-05       1
719  1.072896e-05       1
720  1.856070e-04       1
721  3.222566e-04       1
722  8.284957e-06       1
723  5.813758e-04       1
724  1.587843e-04       1
725  4.038766e-04       1
726  7.140632e-05       1
727  4.181430e-04       1
728  9.194345e-06       1
729  7.018500e-06       1
730  7.354914e-04       1
731  9.431955e-05       1
732  6.969818e-05       1
733  5.063505e-05       1
734  2.601965e-05       1
735  4.981016e-04       1
736  4.015846e-05       1
737  1.676461e-05       1
738  4.414664e-04       1
739  1.020760e-04       1
740  1.060654e-03       1
741  4.646968e-04       1
742  2.081258e-03       1
743  3.210123e-03       1
744  2.019375e-03       1
745  3.085243e-05       1
746  2.939159e-04       1
747  2.030091e-03       1
748  3.934699e-04       1
749  5.917767e-04       1
750  1.065491e-04       1
751  5.034372e-07       1
752  7.065999e-04       1
753  7.372277e-04       1
754  4.372777e-05       1
755  9.711564e-06       1
756  4.164996e-04       1
757  3.892387e-04       1
758  6.789595e-04       1
759  2.517304e-05       1
760  2.131150e-03       1
761  4.670267e-04       1
762  3.445706e-04       1
763  5.573137e-04       1
764  2.439208e-04       1
765  1.897435e-03       1
766  7.735576e-04       1
767  1.242151e-03       1
768  1.181400e-03       1
769  3.641972e-04       1
770  2.892834e-04       1
771  1.685316e-04       1
772  3.320429e-03       1
773  1.861876e-04       1
774  2.681368e-05       1
775  3.602104e-04       1
776  8.690361e-06       1
777  6.470091e-08       1
778  1.480745e-03       1
779  4.500162e-04       1
780  4.646226e-04       1
781  5.396791e-05       1
782  1.187424e-03       1
783  7.826729e-04       1
784  2.444807e-04       1
785  7.339283e-04       1
786  3.122149e-05       1
787  2.250328e-03       1
788  2.052977e-04       1
789  5.907310e-06       1
790  5.512014e-04       1
791  1.569228e-04       1
792  7.831135e-04       1
793  1.771422e-04       1
794  4.424404e-04       1
795  5.390451e-05       1
796  3.772434e-06       1
797  2.209772e-04       1
798  1.543544e-04       1
799  5.505207e-05       1
800  2.165354e-04       1
801  1.047598e-04       1
802  2.084246e-05       1
803  9.162747e-06       1
804  3.073758e-04       1
805  1.592584e-03       1
806  2.783937e-04       1
807  9.830070e-05       1
808  2.895238e-05       1
809  1.815694e-05       1
810  3.625777e-04       1
811  1.056246e-03       1
812  5.524855e-04       1
813  2.126862e-04       1
814  2.012147e-05       1
815  2.532817e-03       1
816  2.912905e-03       1
817  4.130277e-04       1
818  7.197981e-05       1
819  5.715485e-04       1
820  5.352985e-06       1
821  7.525724e-06       1
822  1.715009e-03       1
823  8.502947e-03       1
824  4.064345e-06       1
825  4.703439e-04       1
826  3.359355e-04       1
827  1.447920e-03       1
828  1.733567e-03       1
829  2.479334e-04       1
830  5.670978e-04       1
831  6.250928e-03       1
832  3.444273e-04       1
833  1.136075e-02       1
834  1.289044e-03       1
835  3.554838e-04       1
836  5.439669e-06       1
837  8.330173e-04       1
838  2.127709e-03       1
839  4.604239e-06       1
840  3.081409e-04       1
841  5.663291e-05       1
842  2.704535e-05       1
843  1.096553e-03       1
844  5.677334e-04       1
845  1.500647e-04       1
846  1.628651e-03       1
847  2.295328e-04       1
848  4.298484e-04       1
849  6.201406e-03       1
850  4.470531e-04       1
851  7.181172e-05       1
852  6.443068e-05       1
853  2.110369e-03       1
854  3.291465e-05       1
855  5.504466e-05       1
856  6.309398e-05       1
857  8.927178e-05       1
858  1.695045e-04       1
859  3.349160e-04       1
860  2.612759e-05       1
861  3.544260e-05       1
862  1.653250e-03       1
863  1.994526e-06       1
864  4.953142e-05       1
865  1.469355e-03       1
866  2.035939e-04       1
867  2.011944e-04       1
868  1.506022e-04       1
869  6.842028e-05       1
870  3.018403e-06       1
871  8.408958e-04       1
872  6.536868e-05       1
873  1.052997e-04       1
874  4.064551e-05       1
875  1.899559e-03       1
876  6.081138e-04       1
877  4.204189e-05       1
878  7.106662e-06       1
879  2.097649e-04       1
880  4.248591e-05       1
881  7.983540e-06       1
882  2.520640e-08       1
883  1.026780e-04       1
884  5.373643e-05       1
885  4.368851e-04       1
886  1.884672e-04       1
887  2.965681e-04       1
888  1.320281e-03       1
889  9.185040e-04       1
890  6.492775e-04       1
891  4.475639e-04       1
892  5.308823e-05       1
893  1.874572e-04       1
894  1.022745e-03       1
895  5.035202e-05       1
896  2.477584e-06       1
897  6.500664e-05       1
898  1.566912e-04       1
899  5.824086e-05       1
900  3.366856e-04       1
901  1.386996e-04       1
902  1.026704e-07       1
903  5.463877e-04       1
904  1.052993e-03       1
905  3.905353e-09       1
906  1.138821e-03       1
907  9.548561e-05       1
908  4.104039e-04       1
909  2.940573e-03       1
910  7.128639e-04       1
911  5.505780e-04       1
912  1.429813e-04       1
913  1.106915e-06       1
914  4.395025e-04       1
915  5.347588e-07       1
916  1.014935e-03       1
917  1.974271e-04       1
918  6.368419e-04       1
919  3.619076e-05       1
920  4.916271e-03 <0.0237
921  3.500198e-05       1
922  2.543938e-04       1
923  1.668413e-04       1
924  2.281386e-05       1
925  1.711844e-03       1
926  5.174668e-04       1
927  9.607572e-05       1
928  9.028226e-06       1
929  1.608480e-04       1
930  2.882463e-04       1
931  1.052468e-04       1
932  1.639226e-04       1
933  3.585959e-04       1
934  4.233752e-04       1
935  2.254498e-04       1
936  4.948339e-04       1
937  7.108247e-09       1
938  1.949655e-04       1
939  9.170888e-05       1
940  7.207266e-07       1
941  3.507396e-03       1
942  3.862365e-04       1
943  5.724611e-04       1
944  6.509815e-05       1
945  7.149202e-04       1
946  1.578038e-03       1
947  4.923659e-04       1
948  1.199921e-04       1
949  7.623503e-06       1
950  9.705449e-06       1
951  1.769384e-04       1
952  8.087314e-05       1
953  5.196361e-06       1
954  2.249598e-04       1
955  2.959635e-03       1
956  3.041110e-05       1
957  3.924680e-05       1
958  4.910930e-04       1
959  7.733287e-04       1
960  3.586768e-04       1
961  8.968050e-04       1
962  1.320083e-03       1
963  4.126225e-05       1
964  7.626812e-04       1
965  6.717269e-04       1
966  5.452610e-05       1
967  7.466014e-06       1
968  3.414427e-05       1
969  1.461421e-03       1
970  1.182018e-02       1
971  9.058042e-03       1
972  2.177342e-03       1
973  4.559022e-04       1
974  5.946103e-05       1
975  2.686211e-04       1
976  4.327547e-07       1
977  1.286783e-05       1
978  2.135977e-04       1
979  1.229442e-03       1
980  4.314378e-04       1
981  1.578645e-05       1
982  3.204845e-03       1
983  8.535191e-05       1
984  1.371769e-03       1
985  1.818390e-03       1
986  3.448567e-04       1
987  3.395651e-04       1
988  1.579765e-03       1
989  2.960215e-04       1
990  2.130310e-04       1
991  1.570370e-04       1
992  6.872385e-06       1
993  1.506880e-01 <0.0237
994  9.155864e-04       1
995  3.414542e-03       1
996  3.336194e-04       1
997  2.872824e-03       1
998  2.834285e-03       1
999  2.468157e-03       1
1000 4.506533e-05       1
1001 5.140534e-04       1
1002 4.245575e-04       1
1003 3.201511e-07       1
1004 2.137678e-03       1
1005 2.141548e-04       1
1006 3.610902e-03       1
1007 1.975917e-09       1
1008 6.232554e-05       1
1009 7.300909e-05       1
1010 4.838736e-04       1
1011 1.479649e-04       1
1012 5.704707e-05       1
1013 3.136892e-06       1
1014 1.608455e-03       1
1015 1.536518e-02       1
1016 7.027495e-03       1
1017 1.199970e-02       1
1018 1.236478e-05       1
1019 2.384432e-03       1
1020 5.841565e-05       1
1021 5.426879e-06       1
1022 2.406986e-03       1
1023 2.290126e-03       1
1024 3.089247e-04       1
1025 1.767048e-03       1
1026 1.225118e-05       1
1027 3.745941e-05       1
1028 5.804552e-05       1
1029 2.206933e-04       1
1030 1.368527e-02       1
1031 1.437364e-03       1
1032 4.953119e-05       1
1033 6.153566e-04       1
1034 4.375309e-07       1
1035 1.558543e-04       1
1036 1.885863e-05       1
1037 8.954127e-05       1
1038 1.037399e-04       1
1039 3.447629e-03       1
1040 1.635023e-05       1
1041 2.573838e-04       1
1042 2.726938e-04       1
1043 1.071301e-03       1
1044 6.587829e-05       1
1045 3.671330e-05       1
1046 4.859889e-04       1
1047 5.908074e-06       1
1048 2.014771e-03       1
1049 2.831378e-04       1
1050 6.674307e-04       1
1051 2.448412e-04       1
1052 7.669135e-06       1
1053 8.949956e-05       1
1054 7.919619e-04       1
1055 9.041948e-05       1
1056 6.135098e-04       1
1057 1.731141e-05       1
1058 1.190608e-05       1
1059 7.746790e-05       1
1060 3.318423e-05       1
1061 2.740354e-03       1
1062 7.743312e-04       1
1063 2.731559e-04       1
1064 7.237192e-05       1
1065 4.327948e-05       1
1066 3.589610e-03       1
1067 3.676048e-04       1
1068 2.329026e-04       1
1069 1.278573e-03       1
1070 2.325235e-03       1
1071 2.833655e-06       1
1072 2.066922e-05       1
1073 6.055370e-05       1
1074 1.536255e-03       1
1075 4.646674e-04       1
1076 1.424169e-04       1
1077 1.039050e-04       1
1078 2.304409e-04       1
1079 3.874606e-04       1
1080 1.040006e-03       1
1081 7.007979e-04       1
1082 1.053487e-04       1
1083 3.051905e-04       1
1084 7.353008e-04       1
1085 4.768637e-04       1
1086 8.562740e-05       1
1087 2.977546e-04       1
1088 1.187507e-03       1
1089 2.845680e-06       1
1090 3.351508e-04       1
1091 1.361722e-03       1
1092 1.003946e-03       1
1093 1.421313e-04       1
1094 3.009546e-05       1
1095 4.190155e-03       1
1096 5.885830e-04       1
1097 8.362213e-05       1
1098 2.980899e-04       1
1099 7.325286e-04       1
1100 4.630888e-03 <0.0237
1101 1.216897e-04       1
1102 2.870190e-03       1
1103 1.702142e-05       1
1104 1.383830e-04       1
1105 2.479050e-04       1
1106 3.458585e-06       1
1107 6.506017e-05       1
1108 3.233771e-03       1
1109 5.778046e-05       1
1110 1.997450e-04       1
1111 1.454940e-05       1
1112 3.444153e-05       1
1113 6.100198e-04       1
1114 6.963060e-04       1
1115 6.092051e-05       1
1116 4.279770e-05       1
1117 1.092283e-02 <0.0237
1118 3.338978e-05       1
1119 6.529710e-04       1
1120 1.334555e-04       1
1121 4.840953e-05       1
1122 8.591588e-05       1
1123 7.330713e-10       1
1124 4.284168e-05       1
1125 8.222247e-04       1
1126 2.726377e-04       1
1127 5.526233e-03       1
1128 1.932206e-04       1
1129 6.817487e-05       1
1130 1.174441e-05       1
1131 1.117206e-03       1
1132 2.919764e-05       1
1133 1.574488e-04       1
1134 1.370546e-06       1
1135 1.113075e-05       1
1136 5.875263e-04       1
1137 3.264521e-07       1
1138 1.572509e-04       1
1139 2.075791e-03       1
1140 6.522759e-05       1
1141 1.156883e-05       1
1142 1.204451e-05       1
1143 5.741892e-05       1
1144 1.863281e-03       1
1145 2.902725e-06       1
1146 4.813198e-05       1
1147 2.721431e-04       1
1148 1.238795e-04       1
1149 1.973630e-04       1
1150 7.615178e-05       1
1151 1.074487e-04       1
1152 7.120689e-03       1
1153 3.774400e-03       1
1154 1.410912e-06       1
1155 8.787284e-04       1
1156 3.830547e-05       1
1157 2.486987e-04       1
1158 1.136992e-04       1
1159 1.812744e-04       1
1160 3.611446e-04       1
1161 2.951340e-04       1
1162 3.132839e-05       1
1163 3.678143e-04       1
1164 8.267678e-05       1
1165 9.048516e-08       1
1166 6.374381e-04       1
1167 1.353115e-03       1
1168 6.743045e-04       1
1169 1.489499e-07       1
1170 2.163423e-05       1
1171 1.673480e-04       1
1172 3.671871e-04       1
1173 4.362150e-04       1
1174 1.931268e-03       1
1175 4.074209e-05       1
1176 7.363309e-05       1
1177 2.282573e-04       1
1178 6.737410e-06       1
1179 8.450864e-04       1
1180 5.710123e-05       1
1181 1.329475e-04       1
1182 5.159988e-04       1
1183 5.114166e-04       1
1184 1.753228e-05       1
1185 3.445261e-05       1

$`MR-PRESSO results`$`Distortion Test`
$`MR-PRESSO results`$`Distortion Test`$`Outliers Indices`
[1]   81  392  670  920  993 1100 1117

$`MR-PRESSO results`$`Distortion Test`$`Distortion Coefficient`
beta.exposure 
     67.66307 

$`MR-PRESSO results`$`Distortion Test`$Pvalue
[1] 0.50478



