$`Main MR results`
       Exposure       MR Analysis Causal Estimate         Sd     T-stat
1 beta.exposure               Raw    -0.006079304 0.01191781 -0.5101026
2 beta.exposure Outlier-corrected    -0.010915486 0.01047439 -1.0421121
    P-value
1 0.6101475
2 0.2977361

$`MR-PRESSO results`
$`MR-PRESSO results`$`Global Test`
$`MR-PRESSO results`$`Global Test`$RSSobs
[1] 850.9561

$`MR-PRESSO results`$`Global Test`$Pvalue
[1] 4e-05


$`MR-PRESSO results`$`Outlier Test`
          RSSobs   Pvalue
1   8.914708e-03        1
2   4.048651e-04        1
3   1.188419e-04        1
4   4.097978e-04        1
5   1.084817e-02        1
6   4.585518e-03        1
7   6.555682e-03        1
8   4.415963e-02        1
9   6.787025e-05        1
10  1.540210e-04        1
11  3.144450e-08        1
12  1.461023e-03        1
13  3.054804e-03        1
14  6.840413e-03        1
15  4.270381e-04        1
16  2.140022e-04        1
17  2.561585e-04        1
18  3.019474e-02        1
19  2.837202e-03        1
20  2.611206e-04        1
21  5.388806e-03        1
22  2.986046e-06        1
23  1.478751e-02        1
24  8.528846e-04        1
25  3.311075e-04        1
26  1.358176e-03        1
27  4.346519e-03        1
28  1.675229e-05        1
29  1.356834e-03        1
30  1.176472e-03        1
31  1.859797e-02        1
32  2.952862e-07        1
33  2.220160e-06        1
34  4.520362e-03        1
35  9.480617e-04        1
36  7.598318e-04        1
37  2.993832e-04        1
38  4.261324e-05        1
39  1.344447e-03        1
40  1.100258e-03        1
41  7.641817e-03        1
42  4.512447e-03        1
43  3.789738e-03        1
44  2.779629e-03        1
45  4.120984e-04        1
46  3.473901e-03        1
47  4.039227e-03        1
48  1.352739e-04        1
49  9.075945e-04        1
50  3.292674e-04        1
51  1.519594e-04        1
52  4.744938e-05        1
53  4.831521e-03        1
54  1.555853e-03        1
55  1.851465e-02        1
56  6.999939e-03        1
57  2.052304e-03        1
58  1.888479e-03        1
59  1.150207e-03        1
60  7.478126e-03        1
61  2.271839e-02        1
62  1.004062e-04        1
63  9.354961e-03        1
64  5.411173e-04        1
65  1.660847e-03        1
66  6.724224e-03        1
67  1.669859e-03        1
68  4.923011e-04        1
69  1.937915e-02        1
70  1.014453e-03        1
71  3.261089e-03        1
72  9.916430e-04        1
73  1.068901e-03        1
74  1.320742e-04        1
75  4.448378e-03        1
76  5.053193e-03        1
77  2.366492e-05        1
78  2.947786e-06        1
79  8.265273e-03        1
80  9.806649e-03        1
81  2.104569e-03        1
82  5.743322e-04        1
83  1.604897e-03        1
84  1.003490e-02        1
85  6.320716e-03        1
86  3.254277e-04        1
87  5.207911e-03        1
88  1.249230e-03        1
89  5.089067e-03        1
90  1.044395e-02        1
91  7.301995e-03        1
92  6.598038e-02        1
93  2.244166e-04        1
94  1.726791e-04        1
95  4.436569e-01        1
96  2.420236e-02        1
97  5.685307e-03        1
98  1.201709e-02        1
99  2.677592e-04        1
100 7.657207e-04        1
101 3.348420e-03        1
102 3.519894e-05        1
103 4.884486e-03        1
104 5.872648e-04        1
105 7.628415e-04        1
106 1.145442e-02        1
107 2.900681e-03        1
108 1.657545e-07        1
109 8.161944e-03        1
110 9.081003e-03        1
111 4.398558e-04        1
112 4.142788e-03        1
113 4.525226e-05        1
114 5.073319e-03        1
115 1.961073e-05        1
116 2.857230e-03        1
117 4.465907e-05        1
118 1.048950e-03        1
119 4.035352e-06        1
120 8.847353e-03        1
121 5.578323e-04        1
122 1.431844e-03        1
123 8.503304e-04        1
124 7.203417e-04        1
125 1.059119e-04        1
126 2.334273e-02        1
127 2.267264e-04        1
128 4.704437e-05        1
129 6.422307e-06        1
130 4.321854e-03        1
131 3.571810e-04        1
132 2.242179e-03        1
133 5.221832e-05        1
134 8.460109e-06        1
135 3.034318e-02   0.2684
136 4.625613e-04        1
137 2.859205e-03        1
138 5.914854e-03        1
139 1.065264e-03        1
140 3.936232e-04        1
141 3.193226e-06        1
142 1.392488e-03        1
143 2.123253e-04        1
144 2.281745e-04        1
145 3.263202e-03        1
146 4.014869e-03        1
147 1.806920e-07        1
148 1.025741e-03        1
149 2.459537e-03        1
150 5.542479e-03        1
151 9.509111e-04        1
152 5.212404e-05        1
153 7.123122e-04        1
154 1.455187e-03        1
155 7.719303e-05        1
156 7.068545e-04        1
157 8.714486e-05        1
158 5.905348e-03        1
159 3.316312e-04        1
160 1.053456e-03        1
161 3.376055e-05        1
162 3.532509e-03        1
163 3.631095e-04        1
164 2.559106e-03        1
165 1.784421e-03        1
166 4.505455e-05        1
167 1.326519e-03        1
168 4.098281e-02        1
169 2.960503e-05        1
170 3.974555e-03        1
171 1.759561e-03        1
172 8.338662e-04        1
173 2.342701e-02        1
174 5.703286e-04        1
175 1.063712e-02        1
176 9.430177e-04        1
177 9.276556e-06        1
178 8.662710e-02        1
179 1.493120e-03        1
180 6.875050e-04        1
181 5.415360e-02        1
182 3.067360e-01        1
183 7.209066e-05        1
184 2.426148e-02        1
185 3.121016e-04        1
186 5.871746e-03        1
187 2.458371e-03        1
188 2.522146e-03        1
189 4.188225e-03        1
190 4.413408e-03        1
191 2.247704e-03        1
192 6.170723e-04        1
193 4.167449e-03        1
194 1.857572e-05        1
195 4.412852e-03        1
196 2.716083e-03        1
197 1.787239e-03        1
198 1.174049e-04        1
199 2.642816e-04        1
200 2.148420e-03        1
201 9.600051e-03        1
202 8.065355e-04        1
203 1.529314e-03        1
204 3.304447e-04        1
205 3.900712e-03        1
206 5.805374e-05        1
207 5.326977e-03        1
208 9.129519e-04        1
209 3.492525e-03        1
210 4.160300e-03        1
211 1.502602e-01        1
212 1.419023e-03        1
213 1.319352e-05        1
214 1.237229e-03        1
215 1.506852e-03        1
216 1.383996e-03        1
217 7.933838e-04        1
218 9.515882e-04        1
219 7.642416e-05        1
220 4.068642e-03        1
221 2.388126e-07        1
222 1.112387e-02        1
223 3.838437e-04        1
224 1.118647e-03        1
225 2.459819e-04        1
226 1.997981e-03        1
227 1.140333e-05        1
228 1.516831e-03        1
229 1.139480e-02        1
230 7.795225e-03        1
231 9.434865e-04        1
232 3.843869e-01        1
233 2.895743e+00        1
234 9.222233e-04        1
235 6.479067e-05        1
236 8.871977e-06        1
237 1.585089e-05        1
238 2.913595e-03        1
239 7.853087e-08        1
240 2.072912e-04        1
241 2.613924e-05        1
242 4.258134e-04        1
243 1.525210e-03        1
244 2.256863e-03        1
245 1.819519e-04        1
246 6.016411e-03        1
247 2.517451e-04        1
248 1.436528e-02        1
249 1.213169e-04        1
250 2.138122e-05        1
251 2.238233e-06        1
252 6.544067e-07        1
253 5.529662e-03        1
254 4.319342e-04        1
255 1.619919e-03        1
256 1.234506e-03        1
257 4.560083e-04        1
258 3.104437e-03        1
259 4.336529e-04        1
260 3.761035e-07        1
261 2.022699e-03        1
262 8.239643e-04        1
263 5.800608e-04        1
264 3.377248e-03        1
265 4.035651e-03        1
266 3.755668e-04        1
267 9.460035e-05        1
268 1.524293e-02        1
269 1.047810e-03        1
270 6.642462e-03        1
271 3.192426e-07        1
272 6.809957e-04        1
273 1.263477e-02        1
274 8.052364e-04        1
275 2.766541e-03        1
276 3.749725e-04        1
277 6.368587e-05        1
278 5.711257e-03        1
279 1.251206e-02        1
280 1.201328e-03        1
281 2.347132e-03        1
282 3.004862e-03        1
283 2.622629e-03        1
284 2.344936e-05        1
285 2.048370e-06        1
286 8.634955e-05        1
287 3.952518e-04        1
288 4.507892e-05        1
289 3.698554e-03        1
290 1.042743e-03        1
291 4.633098e-04        1
292 4.132080e-03        1
293 3.727522e-03        1
294 1.286142e-09        1
295 5.871334e-03        1
296 6.677732e-03        1
297 2.374419e-03        1
298 2.800529e-04        1
299 8.525868e-05        1
300 1.708925e-06        1
301 4.992490e-03        1
302 2.568636e-03        1
303 1.810610e-04        1
304 1.007570e-04        1
305 1.029404e-04        1
306 1.052836e-03        1
307 6.612778e-04        1
308 1.130907e-05        1
309 5.230691e-03        1
310 3.712596e-02        1
311 1.488442e-04        1
312 8.078213e-04        1
313 1.478239e-04        1
314 4.488357e-05        1
315 1.307283e-03        1
316 7.001065e-03        1
317 1.921202e-04        1
318 1.781689e-04        1
319 6.162810e-03        1
320 2.562190e-04        1
321 5.321149e-05        1
322 6.468708e-05        1
323 1.329420e-03        1
324 9.875986e-04        1
325 2.732901e-03        1
326 5.004581e-05        1
327 1.217800e-03        1
328 1.607132e-04        1
329 2.557958e-05        1
330 1.714100e-03        1
331 2.100657e-03        1
332 2.171290e-04        1
333 6.223096e-03        1
334 1.253620e-03        1
335 1.988301e-02        1
336 3.116144e-03        1
337 6.656283e-03        1
338 1.588224e-03        1
339 2.386669e-03        1
340 4.084832e-04        1
341 9.902736e-03        1
342 3.836128e-04        1
343 1.284601e-05        1
344 3.001258e-02        1
345 1.433877e-05        1
346 7.966394e-06        1
347 3.740260e-03        1
348 1.473979e-02        1
349 6.069509e-05        1
350 2.194570e-02        1
351 4.924135e-02   0.1342
352 9.885905e-06        1
353 3.346838e-03        1
354 4.916128e-03        1
355 3.632557e-03        1
356 3.352953e-04        1
357 2.015884e-02        1
358 3.480575e-03        1
359 6.105845e-03        1
360 3.607114e-04        1
361 3.783970e-04        1
362 2.238666e-03        1
363 7.326012e-04        1
364 1.378175e-03        1
365 2.872560e-07        1
366 6.855560e-04        1
367 8.173504e-03        1
368 1.236913e-03        1
369 9.462242e-03        1
370 3.395115e-03        1
371 1.042874e-04        1
372 7.633974e-04        1
373 3.524630e-03        1
374 3.328625e-03        1
375 5.818954e-04        1
376 5.659850e-04        1
377 1.694164e-05        1
378 3.360765e-03        1
379 3.160089e-04        1
380 5.194319e-03        1
381 1.058516e-10        1
382 1.001126e-06        1
383 4.462238e-06        1
384 9.122111e-05        1
385 2.586282e-03        1
386 5.451620e-03        1
387 3.164875e-03        1
388 1.572524e-06        1
389 6.643423e-06        1
390 3.421998e-04        1
391 2.748878e-05        1
392 7.038799e-04        1
393 1.528266e-03        1
394 1.747632e-02        1
395 8.482896e-04        1
396 5.688477e-04        1
397 1.178024e-04        1
398 2.894218e-03        1
399 5.472727e-03        1
400 5.147401e-03        1
401 8.109818e-04        1
402 1.053639e-02        1
403 1.225788e-03        1
404 2.594684e-05        1
405 3.770426e-03        1
406 5.492391e-03        1
407 4.338445e-04        1
408 4.213404e-03        1
409 2.904844e-05        1
410 3.375354e-03        1
411 4.408729e-04        1
412 2.074233e-03        1
413 1.282772e-03        1
414 1.771418e-03        1
415 2.753033e-03        1
416 3.231793e-03        1
417 3.782165e-03        1
418 8.929566e-04        1
419 2.930681e-03        1
420 7.444216e-04        1
421 6.663820e-04        1
422 3.801253e-04        1
423 1.550187e-03        1
424 5.285630e-05        1
425 2.197726e-04        1
426 1.274023e-03        1
427 6.224884e-03        1
428 1.260742e-02        1
429 6.394757e-04        1
430 2.747871e-06        1
431 4.261650e-03        1
432 3.774432e-03        1
433 4.153316e-04        1
434 2.489986e-03        1
435 2.285962e-03        1
436 1.263779e-03        1
437 2.199878e-04        1
438 6.158061e-04        1
439 2.162145e-03        1
440 4.256439e-04        1
441 1.059420e-03        1
442 4.145769e-05        1
443 9.300664e-04        1
444 1.532352e-02        1
445 4.127108e-03        1
446 2.260340e-03        1
447 1.311660e-03        1
448 1.847842e-03        1
449 5.495286e-04        1
450 4.523287e-04        1
451 7.981557e-04        1
452 3.050837e-03        1
453 1.273970e-05        1
454 5.534359e-03        1
455 6.191889e-04        1
456 2.773063e-04        1
457 2.076577e-03        1
458 8.972611e-04        1
459 8.605792e-05        1
460 3.663646e-03        1
461 5.022449e-03        1
462 4.013225e-03        1
463 1.986018e-03        1
464 1.371220e-02        1
465 7.786071e-07        1
466 3.522011e-04        1
467 1.237098e-04        1
468 6.868182e-04        1
469 1.584949e-04        1
470 2.418257e-02        1
471 1.079040e-01        1
472 8.429558e-03        1
473 6.023796e-05        1
474 1.753100e-01        1
475 4.731707e-04        1
476 2.495136e-04        1
477 1.061186e-03        1
478 3.263690e-03        1
479 5.577627e-03        1
480 4.942055e-04        1
481 5.813377e-03        1
482 1.186354e-02        1
483 1.594170e-03        1
484 1.547261e-04        1
485 3.020563e-03        1
486 6.657707e-03        1
487 2.073620e-03        1
488 1.088783e-04        1
489 1.610343e-03        1
490 6.514871e-03        1
491 1.352917e-02        1
492 1.329841e-02        1
493 2.676277e-03        1
494 1.188899e-02        1
495 8.149587e-03        1
496 2.567516e-03        1
497 4.435451e-04        1
498 1.814354e-03        1
499 2.041857e-05        1
500 8.341138e-03        1
501 5.172986e-03        1
502 2.993449e-05        1
503 1.888229e-07        1
504 1.641781e-05        1
505 6.225285e-01 <0.02684
506 1.496997e-04        1
507 2.005536e-03        1
508 7.501137e-06        1
509 3.377718e-03        1
510 2.709228e-04        1
511 1.098332e-02        1
512 2.357402e-04        1
513 2.018329e-03        1
514 1.117374e-07        1
515 1.833422e-03        1
516 3.469149e-03        1
517 5.276106e-04        1
518 9.402489e-04        1
519 1.409945e-04        1
520 1.704189e-03        1
521 8.818057e-03        1
522 2.596700e-04        1
523 7.491384e-04        1
524 8.595281e-06        1
525 1.145391e-03        1
526 2.701890e-03        1
527 3.036395e-04        1
528 1.083654e-05        1
529 4.146454e-04        1
530 6.053442e-03        1
531 1.563233e-03        1
532 1.042848e-02        1
533 1.084913e-04        1
534 1.633798e-03        1
535 4.072523e-05        1
536 8.045482e-04        1
537 2.585930e-04        1
538 2.854328e-03        1
539 2.664691e-03        1
540 2.112513e-04        1
541 2.857373e-03        1
542 1.142657e-03        1
543 2.094940e-03        1
544 4.088234e-03        1
545 7.260215e-04        1
546 9.386055e-04        1
547 1.041242e-03        1
548 1.477048e-03        1
549 1.308295e-02        1
550 9.720733e-04        1
551 2.824582e-04        1
552 1.107771e-03        1
553 5.474938e-04        1
554 1.056760e-02        1
555 3.512349e-03        1
556 3.217256e-03        1
557 2.447318e-03        1
558 1.442045e-03        1
559 1.656504e-03        1
560 1.276330e-04        1
561 1.864341e-06        1
562 1.624057e-04        1
563 1.811966e-02        1
564 1.724288e-06        1
565 1.743265e-03        1
566 4.948717e-03        1
567 1.281260e-03        1
568 1.057391e-01        1
569 1.455256e-04        1
570 7.925923e-03        1
571 1.410152e-03        1
572 1.550956e-03        1
573 2.521611e-04        1
574 1.092886e-02        1
575 2.733295e-03        1
576 3.970741e-06        1
577 2.127284e-04        1
578 1.609076e-05        1
579 1.264307e-04        1
580 6.134368e-03        1
581 2.877459e-03        1
582 4.572156e-04        1
583 1.440366e-04        1
584 1.582086e-04        1
585 1.049716e-03        1
586 1.858438e-02        1
587 4.913539e-03        1
588 3.182961e-03        1
589 2.049217e-02        1
590 2.848550e-04        1
591 5.491868e-03        1
592 2.873289e-03        1
593 1.562414e-03        1
594 1.309323e-03        1
595 9.241306e-03        1
596 4.395645e-07        1
597 1.415155e-03        1
598 1.976802e-03        1
599 1.282320e-04        1
600 1.143846e+00        1
601 5.312256e-04        1
602 3.246632e-04        1
603 3.365867e-04        1
604 1.447694e-03        1
605 1.052247e-02        1
606 2.059713e-03        1
607 8.365361e-03        1
608 2.769422e-02        1
609 5.023042e-04        1
610 4.619575e-05        1
611 8.985053e-03        1
612 2.186611e-08        1
613 3.852369e-04        1
614 1.685984e-02        1
615 7.532723e-03        1
616 9.791681e-05        1
617 1.629647e-04        1
618 1.473571e-02        1
619 2.233269e-03        1
620 1.348868e-05        1
621 5.921747e-03        1
622 7.918642e-03        1
623 7.347265e-05        1
624 2.576946e-03        1
625 5.453548e-03        1
626 1.371056e-02        1
627 1.037520e-03        1
628 2.099975e-03        1
629 6.728623e-03        1
630 3.152078e-05        1
631 2.904059e-04        1
632 1.228238e-04        1
633 3.068464e-04        1
634 3.486170e-06        1
635 7.339403e-04        1
636 2.346000e-04        1
637 5.862352e-03        1
638 2.603174e-06        1
639 1.634684e-05        1
640 1.411551e-03        1
641 2.075626e-04        1
642 1.588512e-05        1
643 2.483065e-03        1
644 1.944365e-02        1
645 3.535685e-04        1
646 7.537946e-05        1
647 5.472626e-04        1
648 3.550625e-03        1
649 2.392471e-04        1
650 7.792017e-04        1
651 1.354082e-03        1
652 1.417851e-02        1
653 4.036792e-03        1
654 1.862078e-04        1
655 1.637556e-03        1
656 1.067829e-02        1
657 2.206292e-03        1
658 9.508550e-04        1
659 5.830633e-03        1
660 3.366970e-03        1
661 2.638796e-04        1
662 5.940149e-04        1
663 3.533563e-03        1
664 1.974937e-03        1
665 1.033007e-02        1
666 6.046913e-04        1
667 7.722299e-04        1
668 9.347193e-04        1
669 1.038926e-03        1
670 4.684991e-03        1
671 1.007893e-03        1

$`MR-PRESSO results`$`Distortion Test`
$`MR-PRESSO results`$`Distortion Test`$`Outliers Indices`
[1] 505

$`MR-PRESSO results`$`Distortion Test`$`Distortion Coefficient`
beta.exposure 
     44.30569 

$`MR-PRESSO results`$`Distortion Test`$Pvalue
[1] 0.74712



