$`Main MR results`
       Exposure       MR Analysis Causal Estimate        Sd     T-stat
1 beta.exposure               Raw      0.02101213 0.1557104  0.1349437
2 beta.exposure Outlier-corrected     -0.06364030 0.1375286 -0.4627422
    P-value
1 0.8928863
2 0.6444087

$`MR-PRESSO results`
$`MR-PRESSO results`$`Global Test`
$`MR-PRESSO results`$`Global Test`$RSSobs
[1] 170.0968

$`MR-PRESSO results`$`Global Test`$Pvalue
[1] 0.0018


$`MR-PRESSO results`$`Outlier Test`
          RSSobs  Pvalue
1   4.325671e-05       1
2   1.176334e-03       1
3   5.109127e-04       1
4   3.761664e-05       1
5   1.865861e-03       1
6   1.839393e-04       1
7   6.022917e-04       1
8   1.427493e-04       1
9   1.245652e-04       1
10  1.452579e-04       1
11  2.273358e-04       1
12  6.614101e-06       1
13  1.451976e-04       1
14  1.005248e-03       1
15  5.349874e-05       1
16  8.282590e-05       1
17  3.252466e-05       1
18  2.494123e-04       1
19  2.639454e-06       1
20  1.379264e-03       1
21  9.520814e-03 <0.0119
22  9.848026e-06       1
23  5.997768e-04       1
24  2.795347e-04       1
25  1.962918e-04       1
26  1.674183e-05       1
27  7.427957e-04       1
28  1.619032e-03  0.8568
29  1.384514e-04       1
30  4.787212e-04       1
31  1.712538e-04       1
32  2.252762e-03       1
33  4.635085e-05       1
34  1.908308e-05       1
35  3.678601e-04       1
36  4.108827e-06       1
37  1.375676e-05       1
38  7.055620e-03       1
39  3.715750e-04       1
40  1.862206e-05       1
41  4.726713e-04       1
42  8.975258e-04       1
43  9.323754e-05       1
44  4.067800e-04       1
45  1.900145e-04       1
46  1.101391e-05       1
47  2.162294e-04       1
48  1.180979e-03       1
49  1.028610e-05       1
50  8.386890e-05       1
51  9.809154e-09       1
52  7.867849e-05       1
53  1.731090e-04       1
54  2.727800e-03       1
55  1.600258e-03  0.8092
56  1.535431e-03       1
57  8.548923e-07       1
58  7.941801e-05       1
59  1.058165e-04       1
60  1.519000e-04       1
61  4.223187e-05       1
62  1.025259e-05       1
63  5.440589e-04       1
64  5.114905e-05       1
65  2.408190e-07       1
66  4.336525e-05       1
67  1.844846e-04       1
68  1.800952e-04       1
69  8.571716e-07       1
70  5.288146e-04       1
71  5.651123e-04       1
72  6.513897e-08       1
73  4.122825e-06       1
74  2.449972e-05       1
75  9.808567e-04       1
76  7.507874e-05       1
77  9.508221e-05       1
78  1.135826e-03       1
79  2.776064e-04       1
80  1.416863e-05       1
81  2.065262e-06       1
82  1.861497e-04       1
83  1.989784e-04       1
84  2.043722e-04       1
85  2.193363e-08       1
86  2.558757e-03  0.9163
87  2.742878e-06       1
88  1.155199e-05       1
89  7.347642e-05       1
90  3.508377e-06       1
91  2.114380e-04       1
92  1.410255e-05       1
93  1.858231e-04       1
94  3.145093e-04       1
95  1.062677e-03       1
96  1.739606e-04       1
97  3.162870e-04       1
98  1.185263e-06       1
99  6.790906e-03       1
100 1.020625e-04       1
101 8.845721e-04       1
102 3.278547e-04       1
103 3.219239e-06       1
104 1.468066e-04       1
105 9.211406e-05       1
106 1.459432e-06       1
107 7.441181e-04       1
108 1.553432e-03       1
109 1.786272e-03       1
110 4.956158e-05       1
111 5.695551e-05       1
112 7.219657e-05       1
113 8.245788e-04       1
114 5.346669e-04       1
115 7.919266e-04       1
116 1.984548e-04       1
117 1.357484e-04       1
118 1.162734e-03       1
119 5.459272e-05       1

$`MR-PRESSO results`$`Distortion Test`
$`MR-PRESSO results`$`Distortion Test`$`Outliers Indices`
[1] 21

$`MR-PRESSO results`$`Distortion Test`$`Distortion Coefficient`
beta.exposure 
      133.017 

$`MR-PRESSO results`$`Distortion Test`$Pvalue
[1] 0.1967



