$`Main MR results`
       Exposure       MR Analysis Causal Estimate         Sd   T-stat
1 beta.exposure               Raw       0.2483836 0.10384894 2.391778
2 beta.exposure Outlier-corrected       0.3188742 0.09039661 3.527502
       P-value
1 0.0192735253
2 0.0007295912

$`MR-PRESSO results`
$`MR-PRESSO results`$`Global Test`
$`MR-PRESSO results`$`Global Test`$RSSobs
[1] 154.8231

$`MR-PRESSO results`$`Global Test`$Pvalue
[1] "<1e-04"


$`MR-PRESSO results`$`Outlier Test`
         RSSobs  Pvalue
1  4.966782e-04       1
2  2.888036e-05       1
3  6.747532e-06       1
4  5.869151e-05       1
5  1.090178e-06       1
6  2.433915e-04       1
7  3.811887e-07       1
8  1.400957e-04       1
9  2.182979e-04       1
10 4.544994e-05       1
11 2.666615e-05       1
12 4.871214e-06       1
13 4.078792e-04       1
14 1.314038e-04       1
15 5.699435e-04       1
16 1.284638e-04       1
17 3.775285e-04       1
18 1.575177e-05       1
19 1.045051e-04       1
20 1.804829e-04       1
21 3.048911e-04       1
22 1.190173e-07       1
23 6.716622e-04       1
24 4.438589e-06       1
25 1.005019e-05       1
26 3.298650e-05       1
27 2.392281e-04       1
28 1.954689e-04       1
29 6.481489e-04  0.2204
30 8.628414e-05       1
31 7.748542e-06       1
32 1.160664e-05       1
33 4.903628e-05       1
34 6.713324e-04       1
35 7.586796e-06       1
36 5.179069e-08       1
37 2.834645e-04       1
38 1.695087e-03       1
39 5.512512e-04       1
40 4.412537e-04       1
41 6.999267e-05       1
42 6.620648e-04       1
43 2.800913e-04       1
44 8.220393e-04       1
45 2.489061e-04       1
46 6.701375e-08       1
47 3.139385e-04       1
48 6.572750e-08       1
49 1.477402e-03       1
50 1.261948e-04       1
51 1.618774e-05       1
52 6.357226e-04  0.5016
53 1.071764e-03  0.0152
54 1.370637e-04       1
55 1.422209e-05       1
56 7.730564e-06       1
57 3.792497e-06       1
58 5.584208e-05       1
59 8.255833e-08       1
60 4.139056e-04       1
61 2.510624e-05       1
62 2.186244e-04       1
63 4.048212e-03 <0.0076
64 3.523622e-04       1
65 3.619145e-06       1
66 4.784394e-06       1
67 3.238446e-05       1
68 3.415422e-04       1
69 1.636042e-04       1
70 8.870294e-08       1
71 6.540300e-05       1
72 1.483413e-05       1
73 5.259032e-04       1
74 7.560858e-06       1
75 1.237602e-04       1
76 1.944040e-04       1

$`MR-PRESSO results`$`Distortion Test`
$`MR-PRESSO results`$`Distortion Test`$`Outliers Indices`
[1] 53 63

$`MR-PRESSO results`$`Distortion Test`$`Distortion Coefficient`
beta.exposure 
    -22.10607 

$`MR-PRESSO results`$`Distortion Test`$Pvalue
[1] 0.5333



