$`Main MR results`
       Exposure       MR Analysis Causal Estimate           Sd    T-stat
1 beta.exposure               Raw    0.0003843345 0.0007455616 0.5154966
2 beta.exposure Outlier-corrected              NA           NA        NA
    P-value
1 0.6062519
2        NA

$`MR-PRESSO results`
$`MR-PRESSO results`$`Global Test`
$`MR-PRESSO results`$`Global Test`$RSSobs
[1] 2759.362

$`MR-PRESSO results`$`Global Test`$Pvalue
[1] 0.00016


$`MR-PRESSO results`$`Outlier Test`
           RSSobs Pvalue
1    1.708756e-05      1
2    2.852834e-04      1
3    2.893549e-05      1
4    5.611244e-06      1
5    8.592618e-07      1
6    1.339879e-06      1
7    2.527707e-05      1
8    1.298891e-06      1
9    6.423369e-05      1
10   4.897223e-07      1
11   6.606106e-06      1
12   1.869359e-05      1
13   2.173158e-07      1
14   2.158858e-04      1
15   2.996999e-05      1
16   5.640504e-05      1
17   4.920174e-05      1
18   1.928385e-05      1
19   8.169528e-07      1
20   1.424619e-05      1
21   1.676678e-05      1
22   2.000858e-05      1
23   1.021052e-07      1
24   9.311540e-06      1
25   2.877785e-06      1
26   6.775100e-08      1
27   1.109321e-06      1
28   1.297468e-06      1
29   1.026139e-04      1
30   2.599842e-05      1
31   3.578515e-07      1
32   1.776289e-05      1
33   1.560845e-06      1
34   6.095861e-05      1
35   3.746255e-05      1
36   1.841810e-05      1
37   2.482938e-05      1
38   1.200329e-05      1
39   9.531348e-05      1
40   3.075292e-05      1
41   1.162325e-06      1
42   2.168366e-05      1
43   7.845201e-05      1
44   5.583759e-06      1
45   7.084904e-06      1
46   4.337504e-05      1
47   3.921152e-06      1
48   1.168683e-07      1
49   5.593960e-06      1
50   7.626899e-06      1
51   1.451611e-04      1
52   1.113016e-05      1
53   1.595453e-05      1
54   4.698129e-05      1
55   2.568737e-05      1
56   6.295438e-07      1
57   8.530416e-08      1
58   3.617081e-06      1
59   1.257512e-06      1
60   1.934048e-05      1
61   1.971026e-07      1
62   7.318898e-05      1
63   5.444662e-06      1
64   1.287600e-07      1
65   1.538114e-05      1
66   2.467707e-04      1
67   1.506970e-06      1
68   1.556313e-05      1
69   5.845194e-05      1
70   2.265370e-06      1
71   2.298511e-04      1
72   2.054889e-05      1
73   3.893489e-05      1
74   1.370250e-04      1
75   2.182870e-04      1
76   2.091507e-06      1
77   8.377819e-06      1
78   4.068850e-05      1
79   8.171006e-07      1
80   3.192520e-06      1
81   1.253798e-06      1
82   3.290153e-04      1
83   4.779199e-05      1
84   1.202209e-10      1
85   5.420644e-05      1
86   2.741412e-05      1
87   2.754253e-05      1
88   1.011192e-05      1
89   5.192374e-05      1
90   4.401977e-06      1
91   3.161331e-05      1
92   2.225268e-05      1
93   1.450752e-07      1
94   2.106043e-06      1
95   2.907647e-06      1
96   3.863476e-06      1
97   8.304494e-06      1
98   1.351902e-10      1
99   1.035574e-07      1
100  1.552457e-05      1
101  5.234100e-05      1
102  3.346789e-04      1
103  3.128928e-06      1
104  1.796763e-07      1
105  1.407131e-05      1
106  4.529732e-06      1
107  1.718396e-05      1
108  2.095266e-05      1
109  5.742760e-06      1
110  5.081955e-06      1
111  6.004976e-05      1
112  3.688051e-05      1
113  3.909434e-05      1
114  4.966918e-07      1
115  6.481120e-05      1
116  1.871858e-06      1
117  2.500825e-05      1
118  2.786552e-05      1
119  2.873240e-08      1
120  2.906430e-07      1
121  1.621310e-05      1
122  1.207722e-04      1
123  1.370439e-05      1
124  1.087713e-05      1
125  2.341657e-05      1
126  7.190184e-07      1
127  5.946140e-06      1
128  6.175443e-07      1
129  2.106598e-05      1
130  7.339358e-05      1
131  5.538132e-06      1
132  2.435074e-07      1
133  1.968717e-05      1
134  7.288151e-05      1
135  5.967121e-05      1
136  4.792174e-05      1
137  2.554913e-05      1
138  1.547575e-06      1
139  9.403997e-06      1
140  6.486638e-05      1
141  2.501192e-06      1
142  8.471947e-09      1
143  3.968135e-06      1
144  1.704442e-04      1
145  6.389050e-06      1
146  3.474043e-06      1
147  5.142196e-05      1
148  3.524506e-05      1
149  1.856759e-06      1
150  7.633869e-05      1
151  1.996986e-06      1
152  3.287061e-06      1
153  1.388947e-06      1
154  4.624544e-07      1
155  8.862136e-06      1
156  1.337120e-05      1
157  6.686972e-06      1
158  1.762394e-07      1
159  1.430882e-04      1
160  7.742035e-13      1
161  2.698823e-09      1
162  3.755076e-05      1
163  1.711314e-05      1
164  5.234077e-05      1
165  4.400018e-05      1
166  6.723096e-05      1
167  1.334513e-07      1
168  2.313475e-06      1
169  6.569875e-08      1
170  5.936805e-07      1
171  7.450654e-06      1
172  1.222456e-05      1
173  6.511219e-05      1
174  5.064254e-05      1
175  1.346976e-04      1
176  9.869372e-08      1
177  1.731586e-05      1
178  3.545209e-07      1
179  8.071345e-06      1
180  4.256879e-05      1
181  1.056372e-05      1
182  2.109232e-06      1
183  4.531690e-06      1
184  4.222949e-07      1
185  1.908308e-05      1
186  4.050670e-05      1
187  1.511220e-05      1
188  1.010790e-05      1
189  1.021145e-05      1
190  5.603186e-06      1
191  9.353593e-08      1
192  1.058970e-08      1
193  3.931031e-06      1
194  4.503877e-05      1
195  2.007473e-05      1
196  1.371592e-04      1
197  2.252334e-04      1
198  1.816694e-05      1
199  7.063208e-05      1
200  6.892848e-06      1
201  4.770496e-07      1
202  9.074538e-05      1
203  1.196943e-04      1
204  7.720236e-05      1
205  5.941075e-05      1
206  3.796044e-05      1
207  1.459845e-05      1
208  4.851771e-05      1
209  1.043055e-05      1
210  1.162464e-06      1
211  2.484022e-05      1
212  1.856720e-04      1
213  3.905388e-07      1
214  5.482227e-05      1
215  3.558333e-05      1
216  5.429295e-05      1
217  2.297755e-05      1
218  8.593233e-06      1
219  3.571065e-05      1
220  3.315166e-05      1
221  1.449803e-07      1
222  1.049029e-05      1
223  2.299490e-09      1
224  4.372122e-05      1
225  1.052855e-04      1
226  1.654585e-05      1
227  2.060621e-05      1
228  1.538078e-04      1
229  2.433048e-06      1
230  7.583176e-07      1
231  6.985199e-05      1
232  6.058521e-07      1
233  2.955000e-06      1
234  1.576728e-04      1
235  2.177438e-05      1
236  1.169533e-04      1
237  4.024748e-07      1
238  1.711409e-06      1
239  2.353854e-06      1
240  1.657608e-04      1
241  1.901359e-05      1
242  6.295772e-06      1
243  1.394448e-04      1
244  3.358298e-08      1
245  2.373137e-06      1
246  8.150239e-06      1
247  3.203174e-06      1
248  9.114475e-06      1
249  1.256942e-07      1
250  4.242429e-05      1
251  1.072496e-05      1
252  7.771099e-06      1
253  2.136703e-04      1
254  7.633297e-05      1
255  8.759059e-05      1
256  4.098984e-05      1
257  9.922638e-05      1
258  8.980213e-06      1
259  2.693317e-04      1
260  1.757521e-05      1
261  4.872674e-06      1
262  6.100228e-06      1
263  7.864288e-07      1
264  2.034496e-05      1
265  1.100886e-04      1
266  1.926526e-04      1
267  3.712612e-05      1
268  4.689175e-05      1
269  1.047469e-04      1
270  3.772240e-05      1
271  1.045204e-05      1
272  2.617617e-04      1
273  1.620955e-07      1
274  3.311649e-04      1
275  5.038642e-07      1
276  1.563978e-04      1
277  2.183802e-04      1
278  6.159053e-05      1
279  4.561943e-05      1
280  1.054218e-05      1
281  9.698216e-05      1
282  4.385468e-04      1
283  9.349316e-05      1
284  1.380622e-05      1
285  1.787779e-06      1
286  3.694413e-04      1
287  4.268810e-04      1
288  1.458872e-04      1
289  2.321277e-04      1
290  2.138437e-05      1
291  5.782615e-05      1
292  2.261717e-06      1
293  3.760249e-06      1
294  1.689915e-06      1
295  1.966040e-05      1
296  2.898177e-06      1
297  4.842751e-05      1
298  1.583208e-06      1
299  2.212359e-05      1
300  1.240224e-05      1
301  5.005142e-05      1
302  4.361631e-06      1
303  3.198126e-07      1
304  2.365342e-05      1
305  7.400455e-06      1
306  3.521767e-04      1
307  1.243763e-05      1
308  1.541159e-05      1
309  8.961109e-07      1
310  1.318860e-05      1
311  6.579813e-05      1
312  6.775228e-08      1
313  8.018581e-10      1
314  3.347462e-06      1
315  6.819885e-07      1
316  1.304424e-05      1
317  5.774152e-07      1
318  7.167161e-06      1
319  1.152674e-05      1
320  2.110818e-05      1
321  1.597083e-06      1
322  4.006739e-05      1
323  4.930526e-05      1
324  3.792880e-05      1
325  4.108815e-05      1
326  4.781869e-06      1
327  5.606227e-05      1
328  1.645633e-05      1
329  1.174296e-06      1
330  1.341890e-04      1
331  1.765651e-04      1
332  1.266320e-04      1
333  1.298283e-04      1
334  1.760766e-05      1
335  1.056461e-06      1
336  1.260139e-05      1
337  1.503373e-04      1
338  8.948523e-07      1
339  2.920115e-05      1
340  2.791896e-04      1
341  7.877509e-06      1
342  2.335313e-05      1
343  1.199216e-04      1
344  3.523632e-08      1
345  2.094233e-05      1
346  4.250685e-05      1
347  4.438547e-04      1
348  4.916667e-05      1
349  1.232704e-05      1
350  3.084226e-04      1
351  1.489685e-04      1
352  5.021926e-06      1
353  5.060356e-06      1
354  9.636145e-07      1
355  4.119048e-05      1
356  4.338048e-05      1
357  4.016323e-05      1
358  5.989041e-05      1
359  1.278845e-03      1
360  1.441543e-06      1
361  2.880183e-04      1
362  2.635999e-05      1
363  1.520303e-05      1
364  9.486854e-07      1
365  2.649347e-05      1
366  2.229702e-05      1
367  1.873639e-05      1
368  6.813596e-06      1
369  4.947065e-04      1
370  4.209353e-06      1
371  1.600538e-05      1
372  7.432189e-06      1
373  1.290169e-04      1
374  1.064479e-05      1
375  1.364875e-07      1
376  7.801494e-07      1
377  1.118507e-06      1
378  2.706475e-05      1
379  1.032392e-06      1
380  1.616073e-04      1
381  6.007388e-06      1
382  7.815340e-07      1
383  1.126224e-05      1
384  5.641285e-06      1
385  4.161930e-07      1
386  2.984532e-06      1
387  1.155654e-06      1
388  5.470488e-04      1
389  1.485553e-04      1
390  1.354582e-04      1
391  1.796977e-04      1
392  2.662436e-05      1
393  6.332365e-06      1
394  4.234398e-07      1
395  5.072293e-05      1
396  5.594038e-06      1
397  6.639198e-05      1
398  1.432190e-05      1
399  3.046765e-06      1
400  4.753515e-08      1
401  2.292101e-06      1
402  8.525153e-06      1
403  5.322123e-05      1
404  4.550789e-05      1
405  2.741959e-05      1
406  1.367544e-05      1
407  8.423535e-06      1
408  3.884909e-06      1
409  2.285718e-05      1
410  1.401031e-07      1
411  7.789703e-06      1
412  7.408252e-06      1
413  7.628090e-06      1
414  2.687010e-05      1
415  5.542763e-06      1
416  4.512439e-06      1
417  1.407202e-04      1
418  1.531248e-06      1
419  9.338180e-05      1
420  8.234352e-05      1
421  5.248846e-06      1
422  2.485894e-07      1
423  8.352766e-05      1
424  2.519161e-04      1
425  6.292910e-06      1
426  4.335406e-05      1
427  2.427354e-07      1
428  2.273046e-05      1
429  1.858992e-06      1
430  2.190218e-06      1
431  1.134306e-06      1
432  5.569042e-05      1
433  2.018652e-04      1
434  1.510045e-05      1
435  1.585132e-05      1
436  5.100850e-06      1
437  3.397377e-05      1
438  1.038399e-06      1
439  4.064826e-07      1
440  5.144429e-05      1
441  5.084818e-05      1
442  3.134261e-05      1
443  8.846759e-07      1
444  2.272604e-05      1
445  1.183129e-04      1
446  6.394400e-05      1
447  5.256551e-05      1
448  8.544323e-06      1
449  1.154731e-05      1
450  1.063864e-04      1
451  8.298176e-05      1
452  2.062834e-06      1
453  4.766947e-05      1
454  2.283976e-05      1
455  3.952367e-06      1
456  2.383597e-05      1
457  1.771369e-04      1
458  6.882320e-08      1
459  1.876484e-06      1
460  7.399670e-07      1
461  4.970916e-05      1
462  1.639295e-06      1
463  2.004239e-04      1
464  2.628780e-05      1
465  5.894255e-08      1
466  9.189866e-07      1
467  7.232075e-08      1
468  4.045066e-07      1
469  2.597365e-05      1
470  1.405325e-06      1
471  2.795036e-07      1
472  3.661801e-07      1
473  1.545050e-04      1
474  7.841450e-06      1
475  1.005284e-04      1
476  3.180262e-09      1
477  1.787970e-05      1
478  1.067169e-05      1
479  1.659374e-06      1
480  8.583087e-06      1
481  2.178439e-08      1
482  9.166602e-08      1
483  1.910896e-05      1
484  6.761486e-06      1
485  1.044374e-05      1
486  1.696686e-05      1
487  5.610616e-06      1
488  3.540896e-05      1
489  5.169436e-07      1
490  3.467640e-05      1
491  2.859415e-05      1
492  1.571736e-06      1
493  2.839718e-06      1
494  2.723561e-07      1
495  1.244718e-04      1
496  9.004478e-05      1
497  4.236114e-07      1
498  2.319386e-05      1
499  6.578830e-06      1
500  2.128323e-06      1
501  5.162868e-06      1
502  2.724333e-05      1
503  5.963859e-06      1
504  6.289766e-07      1
505  5.708011e-07      1
506  2.760715e-06      1
507  1.332834e-04      1
508  1.378422e-06      1
509  1.918063e-05      1
510  3.480363e-05      1
511  2.788655e-05      1
512  2.961866e-04      1
513  1.182804e-06      1
514  2.596595e-07      1
515  4.832877e-06      1
516  6.496560e-06      1
517  9.828022e-05      1
518  5.022551e-06      1
519  1.282421e-05      1
520  1.992967e-06      1
521  1.210485e-05      1
522  9.243288e-05      1
523  8.817871e-06      1
524  1.566880e-05      1
525  1.738296e-05      1
526  1.820464e-05      1
527  3.184227e-05      1
528  2.563926e-05      1
529  6.896962e-07      1
530  2.454892e-04      1
531  6.975781e-06      1
532  4.635477e-05      1
533  4.087487e-05      1
534  1.591521e-06      1
535  1.620187e-06      1
536  3.209529e-05      1
537  2.715506e-05      1
538  1.129696e-05      1
539  8.788473e-05      1
540  4.461315e-06      1
541  3.199481e-09      1
542  6.222377e-05      1
543  1.490203e-06      1
544  1.663671e-05      1
545  4.973786e-05      1
546  1.332924e-05      1
547  7.800874e-05      1
548  1.474719e-05      1
549  3.321255e-06      1
550  6.321152e-06      1
551  1.525651e-06      1
552  1.639910e-04      1
553  1.310631e-04      1
554  3.655492e-05      1
555  2.871743e-05      1
556  8.613298e-06      1
557  8.510881e-07      1
558  3.184383e-05      1
559  5.001157e-06      1
560  1.147127e-05      1
561  4.846368e-07      1
562  1.277528e-06      1
563  4.227996e-04      1
564  7.942067e-06      1
565  1.166386e-04      1
566  9.577527e-05      1
567  6.743467e-05      1
568  8.723383e-06      1
569  5.603805e-06      1
570  3.980769e-05      1
571  5.352980e-06      1
572  5.451182e-05      1
573  1.956678e-05      1
574  3.646896e-04      1
575  1.985570e-06      1
576  3.116101e-06      1
577  7.690294e-05      1
578  3.322609e-05      1
579  5.041297e-06      1
580  6.307965e-05      1
581  8.689891e-08      1
582  8.890623e-06      1
583  1.303788e-05      1
584  4.314955e-05      1
585  1.869299e-06      1
586  1.271615e-05      1
587  2.179761e-05      1
588  2.776191e-05      1
589  2.042513e-07      1
590  2.673023e-05      1
591  3.551572e-05      1
592  6.905925e-07      1
593  7.146667e-09      1
594  9.132407e-06      1
595  3.828499e-05      1
596  6.222259e-06      1
597  1.264502e-05      1
598  5.953585e-05      1
599  2.462109e-05      1
600  5.686273e-07      1
601  2.791885e-05      1
602  3.063258e-05      1
603  8.574698e-08      1
604  9.597773e-06      1
605  6.573888e-06      1
606  1.072031e-05      1
607  4.302004e-06      1
608  7.054215e-09      1
609  2.013048e-05      1
610  2.216937e-08      1
611  3.079692e-05      1
612  7.730922e-07      1
613  9.126088e-06      1
614  4.044312e-06      1
615  3.551887e-06      1
616  4.066976e-05      1
617  1.378729e-04      1
618  1.394110e-05      1
619  4.682898e-06      1
620  1.273953e-05      1
621  5.059793e-05      1
622  3.017122e-05      1
623  2.960634e-04      1
624  1.313368e-05      1
625  3.837007e-06      1
626  3.765942e-06      1
627  3.225295e-06      1
628  2.991120e-05      1
629  6.726800e-06      1
630  3.091528e-05      1
631  5.978149e-07      1
632  8.643317e-08      1
633  2.040613e-05      1
634  7.728144e-06      1
635  4.444832e-05      1
636  3.185062e-05      1
637  1.036616e-04      1
638  2.513782e-05      1
639  9.087776e-05      1
640  9.799974e-05      1
641  4.708178e-06      1
642  6.967511e-06      1
643  4.877353e-05      1
644  1.374947e-05      1
645  3.784986e-07      1
646  1.147673e-04      1
647  6.404327e-08      1
648  1.346808e-06      1
649  2.189295e-09      1
650  2.825853e-06      1
651  5.051924e-05      1
652  3.948167e-05      1
653  1.045084e-04      1
654  9.138937e-06      1
655  4.909195e-05      1
656  1.804148e-05      1
657  1.579770e-05      1
658  1.088382e-04      1
659  2.690469e-05      1
660  3.779166e-07      1
661  2.140246e-05      1
662  2.644870e-04      1
663  1.209356e-06      1
664  1.013942e-04      1
665  1.479867e-04      1
666  7.601239e-05      1
667  8.088375e-06      1
668  1.768340e-04      1
669  1.333559e-05      1
670  1.238748e-04      1
671  2.096881e-05      1
672  1.061356e-04      1
673  4.294998e-05      1
674  8.917445e-09      1
675  6.693970e-06      1
676  7.125972e-05      1
677  1.677360e-07      1
678  2.769790e-08      1
679  5.667474e-05      1
680  1.070087e-04      1
681  7.535203e-06      1
682  1.415614e-04      1
683  1.173402e-03      1
684  1.116000e-07      1
685  4.436171e-04      1
686  8.333589e-05      1
687  2.376140e-04      1
688  3.360748e-05      1
689  6.425862e-04      1
690  5.801924e-06      1
691  4.468332e-05      1
692  1.258012e-05      1
693  7.382974e-07      1
694  8.008208e-05      1
695  9.596162e-06      1
696  9.534152e-06      1
697  2.055653e-04      1
698  2.611145e-05      1
699  3.225158e-07      1
700  2.739501e-04      1
701  5.782482e-05      1
702  1.673225e-05      1
703  7.690595e-07      1
704  3.518175e-04      1
705  1.115187e-04      1
706  6.148853e-06      1
707  8.090071e-05      1
708  3.713960e-06      1
709  1.521752e-05      1
710  4.847221e-06      1
711  1.997723e-06      1
712  6.002244e-06      1
713  4.564178e-06      1
714  2.122887e-05      1
715  4.676101e-05      1
716  2.397429e-06      1
717  1.095976e-04      1
718  1.462105e-07      1
719  1.421958e-05      1
720  1.599986e-06      1
721  1.660571e-06      1
722  1.010305e-04      1
723  5.627941e-06      1
724  7.996895e-06      1
725  1.741514e-05      1
726  2.856497e-06      1
727  5.054726e-05      1
728  1.168548e-06      1
729  4.520545e-05      1
730  6.670271e-06      1
731  5.397910e-05      1
732  3.364101e-05      1
733  8.232453e-05      1
734  7.429887e-05      1
735  8.762892e-06      1
736  1.777697e-04      1
737  9.140033e-06      1
738  2.978165e-05      1
739  7.240784e-06      1
740  1.310316e-05      1
741  5.137948e-06      1
742  2.650719e-05      1
743  4.876371e-05      1
744  7.569270e-05      1
745  9.183754e-06      1
746  1.590589e-06      1
747  4.222072e-05      1
748  6.377883e-06      1
749  5.074545e-05      1
750  5.401178e-05      1
751  1.109114e-07      1
752  1.760026e-04      1
753  8.379157e-07      1
754  2.115513e-04      1
755  6.887063e-06      1
756  2.146111e-08      1
757  1.109557e-05      1
758  1.618356e-11      1
759  3.966168e-06      1
760  1.715252e-06      1
761  1.335521e-04      1
762  3.809876e-05      1
763  7.657563e-07      1
764  1.934430e-07      1
765  1.575124e-04      1
766  3.609354e-06      1
767  2.839409e-05      1
768  1.585462e-06      1
769  2.678119e-06      1
770  6.209787e-06      1
771  7.252009e-05      1
772  7.629716e-06      1
773  7.618511e-06      1
774  6.912172e-05      1
775  1.806034e-04      1
776  4.106738e-05      1
777  2.321285e-06      1
778  4.223871e-05      1
779  1.356160e-06      1
780  1.676009e-04      1
781  6.467881e-05      1
782  1.486036e-04      1
783  6.807492e-06      1
784  4.563425e-05      1
785  7.418661e-06      1
786  3.384869e-05      1
787  9.693661e-05      1
788  1.212004e-06      1
789  3.310111e-06      1
790  5.039429e-05      1
791  1.326391e-04      1
792  1.049657e-04      1
793  6.308670e-04      1
794  1.264159e-06      1
795  1.499109e-05      1
796  1.732747e-04      1
797  5.913430e-05      1
798  1.840954e-05      1
799  1.288910e-05      1
800  3.087017e-06      1
801  6.687311e-07      1
802  5.023138e-05      1
803  1.846024e-06      1
804  2.551662e-06      1
805  6.456192e-06      1
806  3.516800e-06      1
807  4.501210e-04      1
808  7.831690e-05      1
809  6.658889e-08      1
810  1.427749e-05      1
811  2.323947e-06      1
812  8.936042e-07      1
813  1.027331e-04      1
814  5.957644e-06      1
815  1.777388e-05      1
816  3.215929e-04      1
817  2.901839e-06      1
818  6.317605e-05      1
819  2.373503e-05      1
820  3.909998e-06      1
821  2.301551e-09      1
822  3.898704e-06      1
823  2.952394e-08      1
824  9.666212e-05      1
825  1.321366e-04      1
826  8.347668e-05      1
827  1.632182e-05      1
828  6.296703e-05      1
829  2.936873e-06      1
830  5.341383e-04      1
831  2.624570e-10      1
832  7.339661e-05      1
833  7.303368e-05      1
834  4.562604e-05      1
835  4.150844e-06      1
836  4.823017e-07      1
837  2.862804e-05      1
838  1.001404e-04      1
839  1.075971e-05      1
840  1.975411e-07      1
841  9.129012e-06      1
842  1.437877e-09      1
843  4.073292e-05      1
844  1.026953e-05      1
845  5.146347e-06      1
846  2.851928e-05      1
847  2.637399e-06      1
848  9.199283e-05      1
849  6.759295e-04      1
850  4.540838e-05      1
851  2.144786e-05      1
852  5.199089e-05      1
853  1.212161e-05      1
854  4.641813e-06      1
855  1.281516e-05      1
856  2.847854e-07      1
857  4.088941e-06      1
858  7.359510e-07      1
859  1.858293e-05      1
860  5.339068e-05      1
861  3.055792e-07      1
862  4.496684e-06      1
863  3.181631e-06      1
864  1.088915e-06      1
865  7.271083e-06      1
866  1.201481e-05      1
867  1.171204e-05      1
868  1.468204e-05      1
869  2.840486e-08      1
870  1.013946e-07      1
871  7.493245e-05      1
872  2.010487e-04      1
873  1.687517e-04      1
874  3.013044e-04      1
875  5.416402e-06      1
876  2.903690e-05      1
877  3.495164e-05      1
878  3.939444e-05      1
879  1.677863e-09      1
880  5.500941e-05      1
881  2.792094e-05      1
882  6.538088e-06      1
883  7.211148e-06      1
884  1.151093e-04      1
885  2.878637e-05      1
886  3.093861e-06      1
887  2.611403e-06      1
888  1.870043e-05      1
889  5.127674e-05      1
890  7.524514e-07      1
891  2.932280e-04      1
892  1.212101e-05      1
893  1.369706e-05      1
894  5.963064e-06      1
895  1.703771e-06      1
896  4.587366e-06      1
897  3.913287e-05      1
898  4.395913e-05      1
899  6.692114e-06      1
900  2.367140e-07      1
901  7.215071e-06      1
902  4.535201e-06      1
903  4.109545e-05      1
904  1.625000e-05      1
905  9.790949e-05      1
906  4.682542e-07      1
907  5.981360e-07      1
908  1.696882e-05      1
909  6.163894e-06      1
910  4.968991e-06      1
911  2.895539e-06      1
912  4.743259e-06      1
913  5.255531e-05      1
914  5.222541e-05      1
915  5.230684e-05      1
916  7.067041e-06      1
917  3.114957e-06      1
918  1.836565e-04      1
919  2.689861e-05      1
920  5.792402e-06      1
921  1.155374e-07      1
922  1.133155e-06      1
923  2.740536e-07      1
924  3.832358e-05      1
925  6.730301e-05      1
926  6.894254e-07      1
927  4.093267e-05      1
928  4.914807e-07      1
929  2.798899e-05      1
930  6.130995e-07      1
931  7.494495e-07      1
932  4.382759e-05      1
933  8.080840e-06      1
934  2.332333e-06      1
935  1.568141e-06      1
936  6.554870e-05      1
937  5.022734e-06      1
938  1.759654e-05      1
939  5.815588e-05      1
940  1.250025e-05      1
941  1.328322e-04      1
942  1.493309e-05      1
943  2.431035e-06      1
944  4.061841e-06      1
945  3.868392e-06      1
946  1.494153e-04      1
947  3.078550e-06      1
948  2.251434e-06      1
949  3.070577e-05      1
950  7.345745e-09      1
951  1.047817e-06      1
952  2.562850e-05      1
953  7.012806e-06      1
954  1.877184e-05      1
955  1.232757e-05      1
956  9.807371e-06      1
957  8.320895e-07      1
958  3.352625e-05      1
959  8.699450e-05      1
960  5.686629e-06      1
961  5.322521e-05      1
962  8.897909e-05      1
963  9.515959e-07      1
964  3.401392e-05      1
965  5.392340e-05      1
966  2.193313e-05      1
967  4.195226e-05      1
968  1.883910e-04      1
969  2.376808e-05      1
970  6.521656e-06      1
971  3.836710e-05      1
972  2.119196e-05      1
973  4.618209e-07      1
974  2.180657e-05      1
975  2.334827e-04      1
976  3.362498e-08      1
977  7.508973e-05      1
978  4.914231e-05      1
979  4.744469e-07      1
980  1.412990e-05      1
981  9.937384e-06      1
982  7.510848e-06      1
983  5.215779e-06      1
984  1.622690e-05      1
985  1.848392e-06      1
986  1.241614e-06      1
987  7.963806e-06      1
988  4.733982e-05      1
989  1.121703e-04      1
990  4.387459e-06      1
991  5.594226e-06      1
992  5.523992e-05      1
993  1.330435e-07      1
994  9.744986e-05      1
995  1.819469e-05      1
996  1.052382e-05      1
997  5.960894e-05      1
998  1.461367e-05      1
999  4.772313e-05      1
1000 1.070371e-05      1
1001 5.009236e-04      1
1002 2.646181e-05      1
1003 3.147697e-06      1
1004 3.906352e-07      1
1005 3.676618e-05      1
1006 1.020472e-07      1
1007 1.120886e-05      1
1008 1.072082e-04      1
1009 6.783359e-05      1
1010 1.103386e-05      1
1011 1.463398e-06      1
1012 1.105992e-06      1
1013 1.992131e-05      1
1014 4.359453e-05      1
1015 1.607037e-05      1
1016 8.916911e-06      1
1017 6.278292e-06      1
1018 4.655859e-06      1
1019 6.742240e-06      1
1020 9.321969e-05      1
1021 1.066120e-06      1
1022 3.686688e-09      1
1023 2.211724e-06      1
1024 1.659453e-05      1
1025 1.070801e-05      1
1026 9.233506e-07      1
1027 1.348343e-04      1
1028 6.098653e-07      1
1029 3.108795e-06      1
1030 6.585998e-06      1
1031 1.147570e-05      1
1032 2.164035e-05      1
1033 5.156337e-06      1
1034 3.812175e-05      1
1035 8.164004e-06      1
1036 2.685828e-05      1
1037 4.909695e-07      1
1038 1.592710e-06      1
1039 4.604503e-06      1
1040 4.980385e-05      1
1041 1.376593e-08      1
1042 4.132383e-06      1
1043 2.487928e-06      1
1044 5.144237e-07      1
1045 1.450976e-05      1
1046 3.954486e-05      1
1047 1.171987e-06      1
1048 7.913918e-05      1
1049 1.288611e-05      1
1050 1.208457e-05      1
1051 1.536440e-06      1
1052 3.245833e-06      1
1053 1.647084e-05      1
1054 2.578103e-05      1
1055 6.136691e-06      1
1056 2.878312e-07      1
1057 6.729067e-05      1
1058 9.385141e-07      1
1059 1.090098e-05      1
1060 7.107297e-05      1
1061 1.209576e-04      1
1062 4.573454e-06      1
1063 1.644534e-07      1
1064 4.849124e-06      1
1065 1.418455e-06      1
1066 1.915413e-05      1
1067 9.394923e-06      1
1068 1.163467e-05      1
1069 3.912912e-07      1
1070 8.372232e-07      1
1071 8.845226e-06      1
1072 3.599378e-04      1
1073 1.728943e-04      1
1074 1.099741e-04      1
1075 4.881748e-05      1
1076 4.391908e-05      1
1077 9.521977e-05      1
1078 2.909907e-08      1
1079 9.856089e-06      1
1080 1.779619e-05      1
1081 7.841483e-05      1
1082 7.546258e-10      1
1083 4.651815e-05      1
1084 6.182270e-06      1
1085 1.891165e-05      1
1086 2.048502e-05      1
1087 3.433464e-06      1
1088 1.179927e-04      1
1089 1.059144e-05      1
1090 1.584717e-07      1
1091 1.163441e-06      1
1092 1.678950e-06      1
1093 1.567385e-05      1
1094 9.689571e-05      1
1095 2.193476e-05      1
1096 2.666883e-09      1
1097 4.305850e-06      1
1098 1.757150e-07      1
1099 3.117730e-05      1
1100 7.066999e-09      1
1101 4.951294e-06      1
1102 1.126108e-05      1
1103 4.363573e-07      1
1104 4.243546e-04      1
1105 2.898785e-06      1
1106 2.449432e-05      1
1107 7.496516e-06      1
1108 1.253929e-06      1
1109 3.354706e-05      1
1110 3.904935e-07      1
1111 4.265657e-07      1
1112 5.412723e-06      1
1113 1.325256e-06      1
1114 2.613486e-07      1
1115 9.090863e-06      1
1116 1.040360e-04      1
1117 4.443224e-05      1
1118 5.083934e-05      1
1119 3.969074e-06      1
1120 4.384452e-05      1
1121 5.723945e-07      1
1122 4.796168e-05      1
1123 1.859259e-05      1
1124 7.149302e-07      1
1125 1.780413e-05      1
1126 5.293875e-05      1
1127 4.721055e-06      1
1128 1.341608e-05      1
1129 5.479547e-06      1
1130 1.018743e-06      1
1131 1.235345e-04      1
1132 2.159437e-11      1
1133 6.118089e-06      1
1134 9.224651e-06      1
1135 4.453409e-05      1
1136 2.631221e-05      1
1137 1.388147e-04      1
1138 1.427495e-05      1
1139 5.709775e-05      1
1140 5.045782e-05      1
1141 5.422713e-05      1
1142 3.878809e-05      1
1143 1.914692e-05      1
1144 1.540580e-04      1
1145 2.479289e-05      1
1146 1.155458e-06      1
1147 2.869572e-06      1
1148 2.056630e-06      1
1149 3.539401e-05      1
1150 4.785288e-06      1
1151 2.691216e-07      1
1152 5.575185e-05      1
1153 1.376483e-05      1
1154 4.037929e-05      1
1155 1.755091e-05      1
1156 1.693363e-05      1
1157 1.055762e-07      1
1158 7.293699e-05      1
1159 1.694447e-04      1
1160 9.751927e-06      1
1161 4.890585e-06      1
1162 1.054153e-05      1
1163 1.391555e-04      1
1164 2.468758e-05      1
1165 1.000088e-06      1
1166 1.895566e-05      1
1167 6.629405e-05      1
1168 7.095898e-06      1
1169 2.546432e-05      1
1170 8.874776e-07      1
1171 9.303708e-05      1
1172 1.586168e-06      1
1173 3.146003e-06      1
1174 1.138928e-05      1
1175 8.094557e-06      1
1176 2.629530e-05      1
1177 7.749651e-05      1
1178 1.212539e-05      1
1179 4.131921e-05      1
1180 5.012751e-08      1
1181 3.816055e-06      1
1182 1.941828e-06      1
1183 7.727707e-07      1
1184 4.444870e-06      1
1185 5.366026e-05      1
1186 5.611230e-05      1
1187 1.414111e-04      1
1188 8.463819e-06      1
1189 6.767037e-05      1
1190 1.176229e-05      1
1191 6.249279e-05      1
1192 1.601673e-06      1
1193 1.566338e-07      1
1194 3.026119e-06      1
1195 1.202175e-05      1
1196 1.502737e-05      1
1197 2.352621e-05      1
1198 3.747634e-05      1
1199 1.906620e-04      1
1200 2.622865e-07      1
1201 4.129960e-07      1
1202 6.649890e-05      1
1203 9.800787e-07      1
1204 1.217593e-04      1
1205 2.119042e-05      1
1206 3.258249e-05      1
1207 7.072492e-05      1
1208 2.348417e-04      1
1209 1.191574e-04      1
1210 1.841069e-05      1
1211 2.740266e-06      1
1212 5.891993e-05      1
1213 3.304285e-05      1
1214 5.415075e-05      1
1215 1.186087e-05      1
1216 1.752115e-08      1
1217 5.119303e-06      1
1218 3.818262e-07      1
1219 2.042815e-05      1
1220 7.912382e-07      1
1221 2.550140e-05      1
1222 7.323237e-05      1
1223 9.240452e-07      1
1224 5.379188e-06      1
1225 1.223681e-06      1
1226 1.180910e-05      1
1227 1.521004e-07      1
1228 1.875118e-05      1
1229 7.090913e-06      1
1230 5.522782e-05      1
1231 1.714615e-05      1
1232 2.896020e-05      1
1233 6.142322e-04      1
1234 5.459949e-05      1
1235 1.566692e-05      1
1236 3.513215e-06      1
1237 3.328182e-06      1
1238 4.429367e-05      1
1239 6.583413e-07      1
1240 1.473315e-05      1
1241 1.087338e-04      1
1242 7.195462e-06      1
1243 3.778127e-07      1
1244 4.188183e-08      1
1245 2.500955e-05      1
1246 6.347930e-08      1
1247 1.474829e-04      1
1248 6.831650e-06      1
1249 1.699311e-05      1
1250 3.058139e-08      1
1251 2.109485e-07      1
1252 2.583656e-05      1
1253 9.714928e-06      1
1254 4.846170e-04      1
1255 2.931619e-05      1
1256 2.810981e-05      1
1257 1.787538e-04      1
1258 1.039036e-05      1
1259 2.729914e-05      1
1260 7.078394e-05      1
1261 1.561941e-05      1
1262 4.863679e-05      1
1263 6.871393e-05      1
1264 2.339303e-06      1
1265 1.908685e-08      1
1266 1.140516e-04      1
1267 6.234270e-06      1
1268 1.022826e-04      1
1269 9.365566e-05      1
1270 2.429364e-04      1
1271 5.283917e-06      1
1272 9.639057e-05      1
1273 6.465475e-06      1
1274 5.616824e-06      1
1275 1.633259e-05      1
1276 2.249869e-06      1
1277 2.290852e-04      1
1278 2.914463e-09      1
1279 1.501798e-06      1
1280 1.268220e-04      1
1281 2.563856e-06      1
1282 3.750686e-07      1
1283 4.623360e-06      1
1284 1.014948e-05      1
1285 7.280635e-05      1
1286 3.144718e-04      1
1287 7.842667e-06      1
1288 2.140806e-05      1
1289 1.359303e-04      1
1290 1.112870e-04      1
1291 1.669564e-05      1
1292 1.252455e-05      1
1293 3.326916e-09      1
1294 5.924443e-05      1
1295 1.942142e-05      1
1296 2.454652e-05      1
1297 5.302580e-05      1
1298 9.036221e-05      1
1299 8.559538e-07      1
1300 1.313787e-06      1
1301 4.098523e-04      1
1302 7.703600e-05      1
1303 4.282435e-05      1
1304 1.115551e-06      1
1305 9.114084e-06      1
1306 7.172780e-05      1
1307 3.375602e-06      1
1308 1.576624e-05      1
1309 1.163746e-07      1
1310 2.375406e-06      1
1311 3.376850e-06      1
1312 2.048320e-05      1
1313 9.212841e-07      1
1314 9.111583e-06      1
1315 6.933071e-06      1
1316 3.538888e-06      1
1317 1.167262e-05      1
1318 5.458296e-06      1
1319 8.079827e-06      1
1320 3.371173e-06      1
1321 7.114283e-05      1
1322 5.167364e-08      1
1323 3.508538e-07      1
1324 1.018324e-06      1
1325 3.066713e-06      1
1326 2.028601e-06      1
1327 1.966092e-06      1
1328 2.269673e-05      1
1329 8.341973e-07      1
1330 7.087277e-05      1
1331 3.580753e-05      1
1332 7.834416e-06      1
1333 4.572691e-05      1
1334 1.891086e-06      1
1335 1.837102e-06      1
1336 1.103419e-05      1
1337 1.027788e-04      1
1338 2.799422e-09      1
1339 6.355597e-07      1
1340 1.498287e-06      1
1341 6.049354e-05      1
1342 3.350854e-06      1
1343 7.131252e-06      1
1344 2.218070e-05      1
1345 2.237907e-09      1
1346 1.169747e-05      1
1347 5.007454e-07      1
1348 2.349690e-05      1
1349 2.259675e-04      1
1350 5.526577e-07      1
1351 2.892223e-06      1
1352 1.403937e-05      1
1353 4.026755e-05      1
1354 6.264072e-06      1
1355 8.736127e-06      1
1356 1.359054e-06      1
1357 1.690853e-06      1
1358 1.190333e-06      1
1359 7.191147e-06      1
1360 9.846165e-05      1
1361 6.904908e-07      1
1362 3.684881e-06      1
1363 2.242715e-06      1
1364 6.075284e-05      1
1365 4.308265e-05      1
1366 1.561356e-04      1
1367 3.948514e-05      1
1368 4.142066e-07      1
1369 4.928211e-06      1
1370 3.702844e-05      1
1371 3.132751e-05      1
1372 6.775766e-07      1
1373 1.592841e-05      1
1374 1.812813e-05      1
1375 5.167058e-05      1
1376 2.921650e-05      1
1377 1.336276e-05      1
1378 1.361414e-05      1
1379 2.832136e-05      1
1380 2.579117e-06      1
1381 8.117834e-05      1
1382 9.412494e-06      1
1383 3.738625e-05      1
1384 1.279097e-04      1
1385 8.771936e-07      1
1386 1.325619e-05      1
1387 5.723360e-05      1
1388 1.237853e-06      1
1389 9.161362e-07      1
1390 7.748952e-05      1
1391 7.526538e-09      1
1392 3.591598e-06      1
1393 7.305435e-08      1
1394 2.949764e-05      1
1395 1.858420e-04      1
1396 8.722690e-06      1
1397 3.718644e-05      1
1398 9.761327e-06      1
1399 1.717987e-05      1
1400 2.090260e-06      1
1401 2.134957e-06      1
1402 1.919372e-07      1
1403 4.320918e-05      1
1404 2.451353e-04      1
1405 3.906275e-05      1
1406 4.938899e-06      1
1407 9.135853e-05      1
1408 3.300878e-06      1
1409 4.970920e-05      1
1410 9.852268e-05      1
1411 7.834661e-05      1
1412 3.095768e-06      1
1413 1.285584e-07      1
1414 2.529359e-06      1
1415 3.524366e-05      1
1416 2.587205e-05      1
1417 8.079041e-07      1
1418 5.542249e-05      1
1419 1.397068e-07      1
1420 1.820529e-08      1
1421 3.294887e-06      1
1422 2.723056e-06      1
1423 6.148168e-05      1
1424 1.519039e-08      1
1425 6.974011e-04      1
1426 3.895130e-06      1
1427 3.096550e-08      1
1428 1.482696e-06      1
1429 5.788293e-07      1
1430 5.190036e-06      1
1431 9.104238e-07      1
1432 8.156558e-08      1
1433 1.384319e-05      1
1434 4.748444e-05      1
1435 1.509535e-05      1
1436 1.390822e-06      1
1437 3.723705e-05      1
1438 1.419941e-04      1
1439 2.917027e-05      1
1440 2.660378e-06      1
1441 7.198359e-07      1
1442 4.411768e-06      1
1443 1.518486e-05      1
1444 2.051013e-05      1
1445 1.284123e-05      1
1446 1.543868e-05      1
1447 8.994313e-06      1
1448 1.251297e-05      1
1449 1.755228e-05      1
1450 4.498074e-08      1
1451 8.408218e-06      1
1452 1.172032e-05      1
1453 1.862943e-05      1
1454 3.843698e-05      1
1455 3.808565e-06      1
1456 2.900144e-07      1
1457 9.472346e-10      1
1458 7.922215e-05      1
1459 3.865820e-06      1
1460 4.399544e-09      1
1461 8.198758e-05      1
1462 3.822510e-04      1
1463 1.482404e-04      1
1464 1.218240e-06      1
1465 3.531861e-05      1
1466 3.630980e-06      1
1467 5.914827e-07      1
1468 1.431710e-07      1
1469 4.688200e-05      1
1470 3.583336e-05      1
1471 1.656751e-07      1
1472 4.224476e-06      1
1473 3.382162e-05      1
1474 4.430920e-05      1
1475 4.073335e-05      1
1476 1.101164e-05      1
1477 6.758325e-06      1
1478 3.282191e-05      1
1479 2.322325e-05      1
1480 1.619251e-05      1
1481 8.065345e-05      1
1482 1.325984e-05      1
1483 1.135344e-04      1
1484 9.954391e-05      1
1485 3.296856e-09      1
1486 4.562745e-07      1
1487 1.293124e-04      1
1488 3.063668e-05      1
1489 8.551657e-09      1
1490 6.910501e-06      1
1491 6.742244e-05      1
1492 3.480999e-08      1
1493 7.452530e-06      1
1494 1.706706e-06      1
1495 5.646933e-06      1
1496 8.461207e-06      1
1497 2.762303e-05      1
1498 6.429738e-05      1
1499 3.431095e-05      1
1500 1.910948e-06      1
1501 1.486940e-06      1
1502 1.060135e-05      1
1503 7.947273e-06      1
1504 4.384313e-07      1
1505 8.973930e-05      1
1506 5.328331e-05      1
1507 5.251708e-05      1
1508 1.785674e-07      1
1509 1.007320e-04      1
1510 2.340445e-05      1
1511 2.889864e-06      1
1512 4.001289e-05      1
1513 2.966522e-06      1
1514 1.608005e-05      1
1515 3.724605e-06      1
1516 2.552049e-06      1
1517 8.368231e-06      1
1518 1.355684e-05      1
1519 9.883782e-06      1
1520 2.310463e-05      1
1521 3.352223e-05      1
1522 3.806060e-05      1
1523 4.168783e-08      1
1524 1.175270e-06      1
1525 2.422323e-06      1
1526 2.027525e-05      1
1527 1.143515e-04      1
1528 1.003548e-06      1
1529 2.087746e-06      1
1530 3.278870e-06      1
1531 9.825389e-06      1
1532 2.419927e-06      1
1533 6.413778e-05      1
1534 2.413382e-05      1
1535 2.050143e-05      1
1536 1.706721e-05      1
1537 3.717376e-07      1
1538 1.046128e-05      1
1539 2.885130e-07      1
1540 7.780407e-06      1
1541 1.128116e-07      1
1542 1.461761e-07      1
1543 4.860847e-05      1
1544 3.282386e-07      1
1545 4.711258e-06      1
1546 1.933705e-05      1
1547 9.275899e-08      1
1548 1.170210e-06      1
1549 4.264646e-06      1
1550 1.490885e-05      1
1551 2.248366e-06      1
1552 5.179382e-05      1
1553 1.248419e-05      1
1554 8.218726e-06      1
1555 1.012645e-06      1
1556 3.155366e-05      1
1557 6.784137e-05      1
1558 1.740350e-05      1
1559 6.895106e-06      1
1560 6.314886e-05      1
1561 1.266228e-05      1
1562 6.686244e-07      1
1563 9.688684e-09      1
1564 2.385669e-05      1
1565 1.340303e-05      1
1566 1.288041e-05      1
1567 1.619057e-06      1
1568 2.592619e-05      1
1569 5.208549e-05      1
1570 6.098463e-06      1
1571 3.045088e-05      1
1572 5.220463e-05      1
1573 6.889130e-05      1
1574 3.940566e-05      1
1575 1.559647e-05      1
1576 6.594429e-05      1
1577 2.017479e-05      1
1578 5.160394e-08      1
1579 8.821165e-07      1
1580 1.411597e-06      1
1581 6.228507e-06      1
1582 3.448861e-04      1
1583 4.580388e-05      1
1584 7.933070e-05      1
1585 5.472444e-06      1
1586 3.946230e-05      1
1587 7.277667e-05      1
1588 2.487934e-04      1
1589 8.414349e-05      1
1590 1.319697e-05      1
1591 6.558308e-04      1
1592 5.822514e-07      1
1593 3.213771e-05      1
1594 1.716580e-06      1
1595 3.203234e-05      1
1596 2.530931e-06      1
1597 1.408647e-06      1
1598 1.184099e-04      1
1599 7.771064e-06      1
1600 1.220147e-05      1
1601 1.542487e-04      1
1602 2.836426e-07      1
1603 4.015257e-06      1
1604 3.585317e-06      1
1605 2.750403e-04      1
1606 2.237150e-05      1
1607 9.537415e-07      1
1608 4.505448e-06      1
1609 1.819866e-05      1
1610 7.921316e-06      1
1611 3.401559e-06      1
1612 3.164639e-05      1
1613 1.225020e-06      1
1614 1.850388e-05      1
1615 1.850731e-05      1
1616 5.360444e-05      1
1617 4.512811e-05      1
1618 1.448918e-07      1
1619 5.591228e-05      1
1620 1.069815e-05      1
1621 6.575270e-08      1
1622 1.680748e-05      1
1623 1.868715e-05      1
1624 4.809457e-05      1
1625 2.470003e-05      1
1626 1.561253e-05      1
1627 8.380892e-07      1
1628 3.151654e-05      1
1629 2.362223e-05      1
1630 1.317969e-05      1
1631 1.256200e-05      1
1632 2.431989e-05      1
1633 2.951554e-05      1
1634 2.978901e-04      1
1635 9.621983e-06      1
1636 2.229351e-05      1
1637 2.020638e-05      1
1638 8.853693e-06      1
1639 1.146224e-05      1
1640 4.824589e-07      1
1641 1.010189e-06      1
1642 3.996018e-05      1
1643 8.817869e-07      1
1644 3.247802e-06      1
1645 7.524059e-06      1
1646 6.984807e-06      1
1647 7.132498e-05      1
1648 2.104499e-05      1
1649 7.591201e-06      1
1650 2.747714e-05      1
1651 5.825344e-04      1
1652 5.901064e-05      1
1653 2.192213e-06      1
1654 1.184560e-05      1
1655 5.367746e-06      1
1656 1.096708e-06      1
1657 6.994386e-08      1
1658 3.526906e-05      1
1659 3.131639e-05      1
1660 4.774705e-05      1
1661 6.106488e-07      1
1662 1.771980e-05      1
1663 7.553070e-05      1
1664 1.313022e-05      1
1665 3.896293e-05      1
1666 3.701614e-05      1
1667 7.121132e-06      1
1668 1.746415e-04      1
1669 1.015440e-06      1
1670 3.082938e-07      1
1671 1.356458e-06      1
1672 1.141549e-04      1
1673 3.388104e-06      1
1674 1.085930e-05      1
1675 5.207947e-04      1
1676 4.641266e-05      1
1677 4.288622e-06      1
1678 1.924903e-05      1
1679 5.180795e-06      1
1680 2.428523e-05      1
1681 1.424186e-06      1
1682 2.491607e-04      1
1683 1.084763e-05      1
1684 1.450249e-08      1
1685 6.968990e-07      1
1686 2.714233e-05      1
1687 1.842002e-06      1
1688 4.182431e-07      1
1689 4.089344e-05      1
1690 2.259255e-05      1
1691 6.099470e-05      1
1692 2.304794e-04      1
1693 1.751307e-09      1
1694 9.371689e-07      1
1695 8.583069e-12      1
1696 3.281127e-06      1
1697 2.412747e-05      1
1698 1.593719e-04      1
1699 7.982095e-04      1
1700 1.037173e-05      1
1701 1.435676e-04      1
1702 1.363004e-07      1
1703 2.728162e-04      1
1704 2.041472e-04      1
1705 5.975298e-06      1
1706 1.451055e-05      1
1707 7.654547e-05      1
1708 1.141770e-05      1
1709 5.672193e-05      1
1710 1.669230e-05      1
1711 5.383803e-06      1
1712 1.498686e-08      1
1713 3.048201e-04      1
1714 2.599828e-05      1
1715 7.501990e-05      1
1716 4.095479e-05      1
1717 7.743070e-05      1
1718 3.695397e-06      1
1719 1.277493e-07      1
1720 1.557462e-05      1
1721 1.282218e-05      1
1722 1.122534e-04      1
1723 6.521948e-04      1
1724 1.196514e-04      1
1725 6.692338e-05      1
1726 3.158565e-11      1
1727 2.316098e-05      1
1728 1.324492e-04      1
1729 6.344718e-06      1
1730 1.902711e-05      1
1731 1.597902e-05      1
1732 4.030816e-04      1
1733 2.209063e-04      1
1734 1.134271e-04      1
1735 2.161686e-06      1
1736 5.115121e-06      1
1737 6.033900e-06      1
1738 7.945656e-05      1
1739 5.398330e-05      1
1740 1.181704e-04      1
1741 2.932181e-05      1
1742 1.514743e-08      1
1743 8.880395e-05      1
1744 3.004107e-05      1
1745 2.515951e-05      1
1746 1.699315e-05      1
1747 2.318458e-05      1
1748 6.867242e-07      1
1749 4.189329e-05      1
1750 2.588854e-05      1
1751 3.173928e-05      1
1752 2.362205e-05      1
1753 8.023881e-07      1
1754 5.072374e-05      1
1755 1.819669e-05      1
1756 5.865859e-05      1
1757 8.766627e-05      1
1758 1.612465e-05      1
1759 2.509258e-05      1
1760 8.004604e-06      1
1761 7.782784e-06      1
1762 1.509637e-06      1
1763 3.446882e-06      1
1764 1.940223e-07      1
1765 9.450589e-05      1
1766 8.950963e-05      1
1767 3.756732e-05      1
1768 1.684925e-04      1
1769 1.038436e-04      1
1770 4.262268e-05      1
1771 4.237756e-06      1
1772 4.526622e-05      1
1773 4.577448e-07      1
1774 2.392315e-05      1
1775 8.682895e-06      1
1776 1.482826e-05      1
1777 2.912439e-05      1
1778 1.331761e-04      1
1779 3.692897e-08      1
1780 3.546438e-06      1
1781 7.621370e-06      1
1782 9.897956e-06      1
1783 2.336627e-05      1
1784 2.305456e-05      1
1785 2.391302e-05      1
1786 1.459994e-05      1
1787 9.639696e-06      1
1788 3.260096e-07      1
1789 2.824266e-05      1
1790 8.056266e-09      1
1791 7.365358e-09      1
1792 1.238658e-05      1
1793 4.560039e-05      1
1794 1.146825e-06      1
1795 1.912982e-05      1
1796 1.374429e-05      1
1797 9.718076e-06      1
1798 1.021585e-06      1
1799 5.814380e-07      1
1800 5.544210e-08      1
1801 8.975677e-06      1
1802 1.358398e-05      1
1803 2.647475e-05      1
1804 1.331200e-04      1
1805 1.365611e-06      1
1806 3.205119e-07      1
1807 2.365645e-06      1
1808 4.194254e-05      1
1809 7.979141e-06      1
1810 1.370676e-07      1
1811 1.077590e-06      1
1812 1.918929e-05      1
1813 2.189680e-05      1
1814 1.921500e-05      1
1815 2.775468e-06      1
1816 5.199025e-06      1
1817 5.322247e-06      1
1818 1.781610e-05      1
1819 1.187653e-05      1
1820 1.213096e-04      1
1821 1.353482e-05      1
1822 6.126608e-06      1
1823 2.419145e-04      1
1824 5.895777e-06      1
1825 3.140550e-05      1
1826 3.571167e-04      1
1827 1.259941e-05      1
1828 1.897105e-05      1
1829 6.212317e-05      1
1830 1.406109e-05      1
1831 1.308204e-06      1
1832 2.808018e-05      1
1833 3.023750e-06      1
1834 6.088196e-05      1
1835 6.061269e-05      1
1836 1.441069e-05      1
1837 5.348835e-07      1
1838 1.145389e-06      1
1839 5.214656e-05      1
1840 4.514117e-06      1
1841 2.088973e-05      1
1842 3.983888e-07      1
1843 5.484531e-05      1
1844 3.462251e-06      1
1845 5.839487e-05      1
1846 2.820714e-05      1
1847 6.714209e-06      1
1848 2.521004e-05      1
1849 4.987746e-05      1
1850 2.964643e-05      1
1851 1.050018e-06      1
1852 3.972568e-07      1
1853 6.273037e-06      1
1854 4.830233e-06      1
1855 2.326851e-06      1
1856 2.431162e-06      1
1857 2.042710e-06      1
1858 1.057730e-05      1
1859 2.682211e-05      1
1860 3.126600e-05      1
1861 1.461194e-06      1
1862 1.699892e-05      1
1863 1.059326e-04      1
1864 7.780166e-05      1
1865 2.000322e-05      1
1866 1.249323e-06      1
1867 1.101176e-06      1
1868 8.561457e-10      1
1869 7.024986e-08      1
1870 2.568878e-05      1
1871 5.609257e-07      1
1872 1.255777e-04      1
1873 4.011692e-06      1
1874 3.124765e-06      1
1875 1.330007e-09      1
1876 2.103750e-06      1
1877 3.885303e-05      1
1878 1.254608e-05      1
1879 1.136124e-05      1
1880 1.780608e-05      1
1881 6.701073e-05      1
1882 4.748138e-05      1
1883 1.344349e-05      1
1884 6.557514e-06      1
1885 1.497926e-04      1
1886 2.069928e-07      1
1887 8.166444e-06      1
1888 4.782981e-06      1
1889 1.688596e-06      1
1890 3.388967e-05      1
1891 4.986075e-06      1
1892 3.148744e-05      1
1893 9.218515e-06      1
1894 9.542356e-06      1
1895 6.387923e-06      1
1896 3.758248e-06      1
1897 5.917018e-07      1
1898 3.818783e-07      1
1899 1.630281e-05      1
1900 6.581047e-07      1
1901 2.199334e-05      1
1902 2.786602e-05      1
1903 8.391421e-05      1
1904 2.948038e-05      1
1905 5.069005e-06      1
1906 1.022389e-04      1
1907 2.221483e-05      1
1908 1.764807e-05      1
1909 3.698494e-05      1
1910 1.430289e-08      1
1911 2.966649e-05      1
1912 6.784902e-07      1
1913 3.005457e-05      1
1914 2.277648e-06      1
1915 1.932078e-05      1
1916 3.698113e-06      1
1917 6.445550e-05      1
1918 1.309842e-07      1
1919 1.209766e-05      1
1920 7.676551e-06      1
1921 2.780212e-04      1
1922 8.092947e-06      1
1923 2.877562e-05      1
1924 2.297433e-10      1
1925 5.988481e-05      1
1926 9.324733e-06      1
1927 2.521031e-05      1
1928 7.813926e-07      1
1929 2.048508e-05      1
1930 4.950967e-07      1
1931 1.045592e-04      1
1932 2.935174e-05      1
1933 2.728343e-05      1
1934 4.005706e-09      1
1935 7.147780e-06      1
1936 4.066830e-05      1
1937 1.228612e-06      1
1938 7.487054e-06      1
1939 8.145050e-06      1
1940 3.453860e-05      1
1941 5.185757e-10      1
1942 1.332955e-05      1
1943 3.661952e-04      1
1944 2.074470e-07      1
1945 2.015564e-06      1
1946 1.650233e-04      1
1947 5.851831e-05      1
1948 1.955355e-05      1
1949 1.659040e-04      1
1950 3.041451e-05      1
1951 2.154801e-07      1
1952 1.051597e-07      1
1953 4.646446e-05      1
1954 1.801201e-04      1
1955 4.769311e-07      1
1956 4.312267e-05      1
1957 9.938112e-08      1
1958 4.697388e-05      1
1959 5.021975e-05      1
1960 1.750636e-06      1
1961 5.347721e-05      1
1962 1.642267e-05      1
1963 1.336260e-06      1
1964 5.131034e-06      1
1965 2.083841e-05      1
1966 6.121895e-05      1
1967 4.328460e-07      1
1968 1.659272e-06      1
1969 4.898716e-05      1
1970 1.059573e-06      1
1971 1.716836e-05      1
1972 2.155290e-06      1
1973 8.108654e-06      1
1974 1.097772e-05      1
1975 3.713814e-05      1
1976 6.424732e-07      1
1977 2.932838e-05      1
1978 1.811126e-05      1
1979 3.211141e-07      1
1980 2.167260e-05      1
1981 9.140630e-06      1
1982 4.086656e-05      1
1983 2.048661e-05      1
1984 2.512343e-07      1
1985 8.505053e-07      1
1986 4.684925e-04      1
1987 7.497288e-05      1
1988 4.796528e-06      1
1989 6.129327e-05      1
1990 1.262910e-04      1
1991 1.495538e-05      1
1992 1.536212e-05      1
1993 4.244465e-05      1
1994 1.601201e-06      1
1995 5.680380e-06      1
1996 1.084064e-06      1
1997 3.237477e-06      1
1998 1.094011e-07      1
1999 1.440523e-05      1
2000 1.439319e-06      1
2001 2.157501e-05      1
2002 3.768269e-05      1
2003 2.485357e-04      1
2004 6.363351e-04      1
2005 1.614289e-05      1
2006 1.961385e-05      1
2007 1.574547e-04      1
2008 1.761618e-04      1
2009 9.994309e-07      1
2010 3.639917e-04      1
2011 3.227448e-05      1
2012 2.093298e-05      1
2013 1.152279e-06      1
2014 9.242249e-07      1
2015 4.747318e-04      1
2016 9.736028e-05      1
2017 9.875903e-10      1
2018 4.276626e-06      1
2019 8.421938e-06      1
2020 9.397916e-06      1
2021 4.176517e-05      1
2022 7.763002e-05      1
2023 4.361397e-07      1
2024 2.994476e-04      1
2025 5.533644e-05      1
2026 4.613693e-04      1
2027 1.629170e-04      1
2028 1.758574e-04      1
2029 3.988349e-04      1
2030 1.987982e-05      1
2031 3.813204e-04      1
2032 3.643049e-05      1
2033 1.454514e-06      1
2034 4.367100e-05      1
2035 2.237180e-04      1
2036 4.645116e-05      1
2037 4.063618e-06      1
2038 6.194425e-05      1
2039 2.315367e-04      1
2040 1.922430e-05      1
2041 1.539145e-04      1
2042 2.474156e-05      1
2043 4.359819e-05      1
2044 5.796701e-06      1
2045 5.021762e-06      1
2046 4.539941e-04      1
2047 1.381575e-04      1
2048 1.228050e-04      1
2049 2.630708e-05      1
2050 4.703335e-05      1
2051 6.267597e-06      1
2052 2.896057e-05      1
2053 8.318374e-05      1
2054 2.868774e-04      1
2055 2.383931e-05      1
2056 2.584438e-06      1
2057 3.325204e-05      1
2058 2.174189e-04      1
2059 8.403634e-07      1
2060 6.756684e-06      1
2061 3.369429e-06      1
2062 6.592251e-07      1
2063 6.890845e-05      1
2064 7.703492e-05      1
2065 1.594686e-04      1
2066 3.462327e-05      1
2067 1.515236e-05      1
2068 7.477028e-05      1
2069 2.191063e-04      1
2070 5.083404e-08      1
2071 1.797640e-05      1
2072 1.055514e-04      1
2073 8.893538e-05      1
2074 1.408219e-05      1
2075 2.500475e-05      1
2076 3.690588e-06      1
2077 8.793867e-06      1
2078 2.084012e-05      1
2079 1.297718e-04      1
2080 9.148363e-06      1
2081 8.586066e-05      1
2082 5.334437e-05      1
2083 1.431663e-04      1
2084 2.082751e-05      1
2085 5.520720e-05      1
2086 5.294798e-05      1
2087 1.151673e-04      1
2088 3.900460e-05      1
2089 1.625822e-06      1
2090 2.302363e-05      1
2091 4.004166e-06      1
2092 2.431588e-04      1
2093 3.478587e-04      1
2094 1.005417e-05      1
2095 2.826809e-05      1
2096 5.147263e-06      1
2097 1.791983e-05      1
2098 7.042182e-06      1
2099 7.238112e-05      1
2100 1.113957e-04      1
2101 5.055306e-05      1
2102 3.904276e-07      1
2103 3.256309e-05      1
2104 1.666435e-05      1
2105 2.696746e-05      1
2106 3.074002e-08      1
2107 2.491304e-06      1
2108 6.123464e-07      1
2109 1.381901e-03      1
2110 4.158547e-05      1
2111 2.444122e-05      1
2112 2.209779e-06      1
2113 8.418371e-06      1
2114 4.962254e-06      1
2115 8.639226e-08      1
2116 8.796905e-07      1
2117 3.341508e-04      1
2118 8.419055e-06      1
2119 3.833755e-10      1
2120 1.086285e-05      1
2121 3.340300e-06      1
2122 1.787614e-06      1
2123 1.170793e-04      1
2124 2.629487e-05      1
2125 9.220294e-06      1
2126 1.292553e-05      1
2127 8.246447e-04      1
2128 5.259697e-05      1
2129 2.369529e-05      1
2130 6.058397e-05      1
2131 1.030605e-07      1
2132 8.230558e-06      1
2133 3.589864e-05      1
2134 6.292743e-06      1
2135 8.333486e-06      1
2136 1.907570e-05      1
2137 6.918103e-04      1
2138 5.950478e-08      1
2139 4.373542e-05      1
2140 2.214208e-05      1
2141 1.850259e-05      1
2142 1.184059e-04      1
2143 3.715945e-06      1
2144 3.042990e-05      1
2145 2.361362e-04      1
2146 2.528133e-05      1
2147 6.464188e-06      1
2148 1.620173e-04      1
2149 1.647833e-05      1
2150 5.093846e-04      1
2151 2.564709e-06      1
2152 1.319320e-04      1
2153 1.970065e-05      1
2154 4.168403e-07      1
2155 7.281753e-07      1
2156 1.036049e-06      1
2157 8.972145e-05      1
2158 2.174282e-06      1
2159 1.894251e-06      1
2160 2.230981e-05      1
2161 7.186739e-05      1
2162 4.799278e-05      1
2163 6.715512e-05      1
2164 4.898729e-04      1
2165 7.208889e-06      1
2166 2.807370e-05      1
2167 4.111491e-05      1
2168 1.429933e-07      1
2169 6.722844e-05      1
2170 4.291096e-05      1
2171 1.220369e-05      1
2172 6.447480e-06      1
2173 6.832674e-05      1
2174 1.933081e-05      1
2175 1.556462e-05      1
2176 2.738200e-05      1
2177 7.251395e-06      1
2178 8.926495e-06      1
2179 2.295355e-04      1
2180 1.359599e-08      1
2181 1.138651e-05      1
2182 2.633186e-05      1
2183 4.774849e-05      1
2184 4.724221e-05      1
2185 6.215295e-05      1
2186 1.194398e-06      1
2187 2.106695e-04      1
2188 1.345166e-05      1
2189 2.478194e-04      1
2190 6.806510e-05      1
2191 1.207208e-03      1
2192 6.750822e-05      1
2193 6.858122e-05      1
2194 1.684790e-04      1
2195 8.493998e-05      1
2196 8.915125e-06      1
2197 1.311361e-05      1
2198 6.396785e-05      1
2199 2.035573e-05      1
2200 1.542269e-05      1
2201 1.743642e-05      1
2202 1.451987e-05      1
2203 1.692743e-04      1
2204 4.892323e-07      1
2205 1.632729e-09      1
2206 3.202174e-05      1
2207 1.398180e-05      1
2208 4.402731e-05      1
2209 1.224055e-04      1
2210 2.269664e-05      1
2211 6.490421e-06      1
2212 4.137156e-05      1
2213 2.402723e-05      1
2214 8.634389e-05      1
2215 1.034202e-05      1
2216 6.549231e-07      1
2217 2.204190e-04      1
2218 4.946589e-05      1
2219 5.333198e-06      1
2220 1.395347e-04      1
2221 6.166383e-05      1
2222 2.413300e-05      1
2223 1.016429e-05      1
2224 6.479834e-07      1
2225 1.360543e-05      1
2226 8.627314e-05      1
2227 2.662929e-07      1
2228 1.306838e-05      1
2229 5.945187e-05      1
2230 1.999031e-06      1
2231 4.086022e-04      1
2232 1.126051e-04      1
2233 2.476789e-06      1
2234 1.642786e-06      1
2235 4.153074e-06      1
2236 2.987091e-04      1
2237 7.276198e-05      1
2238 9.369155e-04      1
2239 6.316556e-04      1
2240 2.620399e-06      1
2241 1.189819e-05      1
2242 1.844907e-05      1
2243 5.625087e-05      1
2244 3.533397e-05      1
2245 3.101931e-06      1
2246 7.630890e-08      1
2247 4.234630e-05      1
2248 6.844234e-06      1
2249 6.883399e-05      1
2250 4.046131e-06      1
2251 1.420337e-04      1
2252 8.813022e-07      1
2253 5.414593e-05      1
2254 9.519157e-06      1
2255 1.020727e-05      1
2256 1.160458e-04      1
2257 2.723455e-05      1
2258 5.648412e-05      1
2259 8.580205e-09      1
2260 2.995151e-06      1
2261 9.457876e-05      1
2262 5.617941e-05      1
2263 9.494443e-06      1
2264 9.608320e-06      1
2265 2.551186e-05      1
2266 6.057831e-06      1
2267 2.031332e-06      1
2268 1.151873e-04      1
2269 1.236383e-04      1
2270 6.364622e-05      1
2271 1.269131e-04      1
2272 2.706664e-05      1
2273 9.758554e-05      1
2274 2.234622e-08      1
2275 8.230045e-07      1
2276 1.237555e-07      1
2277 4.665114e-05      1
2278 4.833130e-06      1
2279 8.950663e-07      1
2280 9.039787e-06      1
2281 1.497422e-06      1
2282 3.410843e-05      1
2283 2.972141e-05      1
2284 5.995058e-07      1
2285 3.427610e-05      1
2286 2.129380e-05      1
2287 7.125606e-07      1
2288 3.803971e-05      1
2289 1.602475e-05      1
2290 9.610660e-08      1
2291 1.621080e-05      1
2292 1.984660e-05      1
2293 2.266054e-06      1
2294 4.981516e-06      1
2295 1.858324e-04      1
2296 4.015056e-05      1
2297 1.727030e-06      1
2298 1.336540e-04      1
2299 5.096329e-06      1
2300 4.559983e-07      1
2301 1.500893e-05      1
2302 6.024969e-05      1
2303 7.206834e-05      1
2304 1.436697e-05      1
2305 4.284247e-05      1
2306 1.543792e-04      1
2307 4.837872e-06      1
2308 5.025052e-05      1
2309 2.649253e-04 0.9711
2310 3.330973e-05      1
2311 1.239258e-04      1
2312 2.263928e-04      1
2313 6.799462e-07      1
2314 2.819507e-06      1
2315 1.160410e-04      1
2316 1.580790e-06      1
2317 3.401789e-06      1
2318 3.992862e-04      1
2319 3.543265e-06      1
2320 1.274203e-05      1
2321 2.173889e-04      1
2322 2.720485e-06      1
2323 7.289279e-05      1
2324 1.831458e-05      1
2325 2.938896e-06      1
2326 7.796806e-06      1
2327 6.206553e-09      1
2328 7.260404e-06      1
2329 5.085296e-07      1
2330 8.123436e-07      1
2331 6.454927e-06      1
2332 1.203150e-05      1
2333 2.749291e-05      1
2334 1.162775e-06      1
2335 5.271117e-05      1
2336 2.539283e-05      1
2337 2.411642e-04      1
2338 2.549532e-05      1
2339 4.325210e-06      1
2340 3.731849e-05      1
2341 1.799727e-07      1
2342 1.684152e-04      1
2343 1.753855e-04      1
2344 3.654712e-07      1
2345 7.083733e-07      1
2346 2.589846e-05      1
2347 3.748408e-05      1
2348 6.125958e-07      1
2349 8.494240e-07      1
2350 6.333727e-06      1
2351 1.295826e-06      1
2352 1.889715e-06      1
2353 2.743218e-06      1
2354 4.291255e-05      1
2355 1.099592e-04      1
2356 2.742724e-07      1
2357 3.487530e-05      1
2358 4.562142e-05      1
2359 3.373192e-07      1
2360 3.945614e-07      1
2361 4.644057e-06      1
2362 4.858894e-05      1
2363 9.930490e-05      1
2364 1.629705e-05      1
2365 6.322485e-05      1
2366 2.085160e-05      1
2367 1.382642e-05      1
2368 8.008964e-06      1
2369 2.180365e-05      1
2370 5.681172e-06      1
2371 4.740076e-07      1
2372 1.030003e-05      1
2373 1.465809e-05      1
2374 1.240918e-07      1
2375 5.709636e-07      1
2376 4.576832e-05      1
2377 1.856279e-05      1
2378 8.088550e-06      1
2379 2.726283e-10      1
2380 8.334330e-06      1
2381 9.805336e-06      1
2382 3.706568e-06      1
2383 1.441171e-04      1
2384 2.010621e-06      1
2385 1.134647e-04      1
2386 3.081070e-05      1
2387 5.244487e-06      1
2388 4.132467e-06      1
2389 1.761163e-05      1
2390 7.784277e-06      1
2391 2.504841e-05      1
2392 3.198734e-06      1
2393 1.738361e-05      1
2394 6.398056e-06      1
2395 2.734834e-05      1
2396 9.075247e-07      1
2397 1.922626e-05      1
2398 8.063666e-06      1
2399 1.256089e-05      1
2400 2.466021e-05      1
2401 2.427237e-05      1
2402 7.789132e-06      1
2403 1.883421e-05      1
2404 9.127898e-06      1
2405 2.827511e-04      1
2406 1.252563e-06      1
2407 3.344262e-05      1
2408 1.157775e-06      1
2409 1.724055e-04      1
2410 1.256306e-05      1
2411 4.757912e-08      1
2412 2.184758e-06      1
2413 1.753473e-06      1
2414 6.478827e-06      1
2415 2.494565e-05      1
2416 7.470710e-07      1
2417 3.806803e-05      1
2418 7.461482e-07      1
2419 4.025414e-05      1
2420 1.380535e-05      1
2421 2.784161e-06      1
2422 1.650731e-06      1
2423 1.708752e-06      1
2424 1.310284e-08      1
2425 2.247490e-07      1
2426 1.500753e-05      1
2427 3.925471e-05      1
2428 7.266539e-06      1
2429 8.356281e-05      1
2430 8.725518e-08      1
2431 4.435714e-05      1
2432 3.709645e-08      1
2433 8.866463e-06      1
2434 6.669644e-07      1
2435 3.731819e-07      1
2436 4.711589e-06      1
2437 3.317041e-05      1
2438 7.726118e-06      1
2439 2.103419e-05      1
2440 6.274186e-07      1
2441 1.169600e-06      1
2442 7.482913e-07      1
2443 8.684018e-05      1
2444 3.646459e-05      1
2445 9.563828e-07      1
2446 6.163831e-04      1
2447 2.542188e-06      1
2448 3.211439e-07      1
2449 6.864820e-06      1
2450 5.543272e-05      1
2451 6.941520e-07      1
2452 2.642147e-05      1
2453 7.154758e-06      1
2454 2.927204e-06      1
2455 4.913590e-05      1
2456 1.225212e-05      1
2457 3.676075e-05      1
2458 2.862335e-05      1
2459 8.885911e-08      1
2460 8.001379e-06      1
2461 1.002260e-04      1
2462 3.822192e-06      1
2463 3.038269e-05      1
2464 4.532772e-05      1
2465 2.679195e-05      1
2466 1.257384e-08      1
2467 4.433965e-05      1
2468 1.383957e-05      1
2469 5.425825e-06      1
2470 6.852258e-07      1
2471 3.659492e-06      1
2472 5.472349e-07      1
2473 4.393440e-05      1
2474 3.578470e-07      1
2475 3.779203e-05      1
2476 2.280016e-07      1
2477 6.135005e-07      1
2478 5.039928e-05      1
2479 4.114777e-06      1
2480 2.281664e-05      1
2481 9.765403e-05      1
2482 1.229254e-05      1
2483 3.528772e-05      1
2484 4.494417e-12      1
2485 4.256028e-06      1
2486 2.947405e-06      1
2487 4.923351e-06      1
2488 1.996432e-05      1
2489 1.033428e-05      1
2490 3.884834e-06      1

$`MR-PRESSO results`$`Distortion Test`
$`MR-PRESSO results`$`Distortion Test`$`Outliers Indices`
[1] "No significant outliers"

$`MR-PRESSO results`$`Distortion Test`$`Distortion Coefficient`
[1] NA

$`MR-PRESSO results`$`Distortion Test`$Pvalue
[1] NA



