$`Main MR results`
       Exposure       MR Analysis Causal Estimate         Sd    T-stat  P-value
1 beta.exposure               Raw      0.09483064 0.09836503 0.9640686 0.337991
2 beta.exposure Outlier-corrected              NA         NA        NA       NA

$`MR-PRESSO results`
$`MR-PRESSO results`$`Global Test`
$`MR-PRESSO results`$`Global Test`$RSSobs
[1] 122.1644

$`MR-PRESSO results`$`Global Test`$Pvalue
[1] 0.0019


$`MR-PRESSO results`$`Outlier Test`
         RSSobs Pvalue
1  2.353640e-05      1
2  1.638167e-05      1
3  8.807581e-05      1
4  1.210527e-06      1
5  3.052677e-03      1
6  3.431878e-02      1
7  2.851753e-04      1
8  2.976915e-07      1
9  2.694315e-05      1
10 5.007142e-05      1
11 5.100454e-04      1
12 3.994305e-04      1
13 5.008870e-04      1
14 1.031004e-04      1
15 1.546821e-03      1
16 5.851661e-05      1
17 6.342371e-04      1
18 3.308792e-05      1
19 6.842601e-04      1
20 4.254546e-03      1
21 1.466243e-03      1
22 1.633357e-04      1
23 4.485303e-04      1
24 1.061668e-04      1
25 2.048477e-05      1
26 1.026247e-03      1
27 5.688656e-06      1
28 1.843196e-04      1
29 1.204996e-03      1
30 4.189766e-04      1
31 9.045731e-04      1
32 3.284787e-05      1
33 2.881206e-04      1
34 7.862791e-04      1
35 4.871916e-03      1
36 6.938244e-04      1
37 1.077525e-03      1
38 5.741558e-04      1
39 2.054331e-06      1
40 5.800043e-04      1
41 6.202465e-03      1
42 1.111447e-07      1
43 2.987300e-03 0.5767
44 5.833788e-07      1
45 9.988133e-05      1
46 1.761998e-04      1
47 2.236956e-04      1
48 1.097754e-05      1
49 2.586626e-04      1
50 2.855313e-06      1
51 8.820115e-04      1
52 2.745384e-05      1
53 5.477844e-03 0.1106
54 4.453138e-04      1
55 3.183695e-03 0.1817
56 9.236651e-05      1
57 1.447090e-03      1
58 3.700441e-04      1
59 1.097689e-04      1
60 3.664529e-03 0.0869
61 1.735661e-04      1
62 2.145534e-05      1
63 5.244038e-05      1
64 4.533208e-06      1
65 4.152021e-04      1
66 6.162122e-04      1
67 1.008619e-03      1
68 2.952273e-04      1
69 6.129119e-04      1
70 8.685789e-04      1
71 1.403956e-06      1
72 1.801036e-04      1
73 2.807972e-04      1
74 3.444919e-05      1
75 1.107220e-03      1
76 4.688647e-04      1
77 1.326515e-03      1
78 1.204198e-03      1
79 7.639234e-05      1

$`MR-PRESSO results`$`Distortion Test`
$`MR-PRESSO results`$`Distortion Test`$`Outliers Indices`
[1] "No significant outliers"

$`MR-PRESSO results`$`Distortion Test`$`Distortion Coefficient`
[1] NA

$`MR-PRESSO results`$`Distortion Test`$Pvalue
[1] NA



