$`Main MR results`
       Exposure       MR Analysis Causal Estimate         Sd   T-stat
1 beta.exposure               Raw       0.6233244 0.12020422 5.185545
2 beta.exposure Outlier-corrected       0.1974394 0.04378417 4.509378
       P-value
1 5.257009e-07
2 1.187712e-05

$`MR-PRESSO results`
$`MR-PRESSO results`$`Global Test`
$`MR-PRESSO results`$`Global Test`$RSSobs
[1] 4282.326

$`MR-PRESSO results`$`Global Test`$Pvalue
[1] "<1e-04"


$`MR-PRESSO results`$`Outlier Test`
          RSSobs  Pvalue
1   2.963891e-04       1
2   2.824904e-04       1
3   3.853985e-05       1
4   6.647297e-04       1
5   1.364872e-04       1
6   1.645388e-05       1
7   3.362077e-03       1
8   3.320675e-03       1
9   1.115723e-04       1
10  2.839501e-02 <0.0201
11  1.579085e-02  0.1809
12  3.053145e-03       1
13  5.241037e-02 <0.0201
14  1.813135e-04       1
15  4.239917e-04       1
16  4.576597e-05       1
17  7.752991e-04       1
18  2.140336e-04       1
19  8.788742e-05       1
20  1.230123e-03       1
21  6.247362e-03       1
22  1.309614e-03       1
23  2.486874e-03       1
24  1.630932e-05       1
25  4.342928e-03  0.0201
26  1.001470e-04       1
27  7.738334e-03       1
28  3.139620e-05       1
29  4.219826e-04       1
30  1.617260e-03       1
31  2.642141e-03       1
32  2.195131e-03       1
33  1.554610e-04       1
34  1.574222e-03       1
35  1.602114e-02  0.0201
36  6.812603e-02 <0.0201
37  9.966401e-06       1
38  1.656961e-04       1
39  7.564016e-03  0.3015
40  2.320754e-03       1
41  1.090862e-05       1
42  5.467247e-03       1
43  1.728821e-03       1
44  3.176744e-04       1
45  4.985570e-03 <0.0201
46  3.251517e-03  0.7839
47  1.153066e-03       1
48  4.174716e-04       1
49  2.218747e-04       1
50  6.282314e-04       1
51  1.080168e-02  0.6432
52  2.173534e-04       1
53  5.134515e-04       1
54  1.018281e-01 <0.0201
55  4.246221e-06       1
56  5.387590e-04       1
57  1.845203e-02       1
58  5.930948e-03       1
59  2.092574e-04       1
60  3.135649e-03       1
61  1.722580e-04       1
62  4.834391e-05       1
63  6.302863e-04       1
64  4.806308e-05       1
65  6.619489e-04       1
66  1.228682e-06       1
67  3.996205e-04       1
68  2.444126e-05       1
69  2.603112e-04       1
70  4.531600e-04       1
71  1.049685e-02       1
72  4.328421e-02       1
73  7.941960e-03 <0.0201
74  2.411129e-03       1
75  3.261889e-04       1
76  4.585446e-04       1
77  3.040194e-03       1
78  9.478821e-01 <0.0201
79  5.504067e-03  0.1608
80  2.371057e-03       1
81  1.252773e-03       1
82  9.659986e-04       1
83  3.407312e-04       1
84  5.857255e-04       1
85  1.492443e-04       1
86  3.177941e-05       1
87  1.285889e-03       1
88  8.824523e-05       1
89  3.122315e-04       1
90  4.903926e-05       1
91  2.716863e-04       1
92  2.895466e-03       1
93  4.121502e-04       1
94  1.063658e-04       1
95  2.787248e-03  0.6231
96  7.874212e-04       1
97  1.207634e-03       1
98  1.188119e-03       1
99  8.025615e-04       1
100 3.311286e-02  0.0201
101 2.429515e-03  0.4623
102 1.896188e-02 <0.0201
103 6.601507e-04       1
104 1.805835e-04       1
105 2.797386e-02 <0.0201
106 8.280589e-04       1
107 9.421994e-03 <0.0201
108 1.563735e-03       1
109 7.245530e-05       1
110 8.568715e-04       1
111 1.340195e-03       1
112 1.597580e-04       1
113 1.851292e-03       1
114 4.775581e-05       1
115 1.154658e-05       1
116 4.532636e-03  0.1809
117 3.973317e-04       1
118 8.096731e-03       1
119 2.242441e-03       1
120 5.877363e-03       1
121 5.996720e-02 <0.0201
122 3.550503e-03  0.7236
123 4.687689e-03       1
124 8.373905e-05       1
125 2.518768e-06       1
126 8.687817e-05       1
127 2.587796e-04       1
128 1.996804e-05       1
129 2.002013e-04       1
130 6.790881e-04       1
131 4.658263e-04       1
132 2.169724e-03       1
133 4.137184e-04       1
134 5.224061e-04       1
135 1.107377e-01 <0.0201
136 2.320088e-04       1
137 3.394828e-03       1
138 5.067816e-03       1
139 4.424960e-05       1
140 4.381725e-03  0.7839
141 4.203238e-06       1
142 1.370109e-03       1
143 1.172820e-02  0.1407
144 2.718491e-03       1
145 8.860610e-06       1
146 1.286469e-06       1
147 1.016730e-02 <0.0201
148 5.072788e-04       1
149 2.621334e-04       1
150 8.736039e-04       1
151 1.781401e-03       1
152 8.225097e-03 <0.0201
153 1.734993e-04       1
154 4.664755e-04       1
155 3.126079e-03  0.2412
156 3.837929e-04       1
157 9.541835e-03 <0.0201
158 1.737218e-03       1
159 4.722244e-03  0.0201
160 1.825562e-02 <0.0201
161 4.845855e-03  0.0402
162 1.671928e-03       1
163 1.015088e-02  0.2211
164 2.368142e-03       1
165 8.284293e-04       1
166 1.070285e-05       1
167 2.578493e-05       1
168 1.490104e-04       1
169 4.238712e-04       1
170 1.011318e-03       1
171 4.051193e-04       1
172 7.259363e-04       1
173 4.732797e-03  0.4422
174 3.476172e-01 <0.0201
175 1.343071e-03       1
176 3.064382e-03       1
177 2.841238e-02       1
178 2.545034e-04       1
179 3.482770e-02       1
180 3.803102e-04       1
181 6.949977e-03  0.2211
182 9.386380e-01 <0.0201
183 1.177050e-04       1
184 1.947801e-03       1
185 1.943046e-04       1
186 2.045463e-02  0.1206
187 3.358086e-04       1
188 4.563592e-06       1
189 6.659643e-04       1
190 7.928948e-04       1
191 3.855026e-06       1
192 3.639745e-03  0.0402
193 2.108233e-05       1
194 6.179421e-02 <0.0201
195 5.135246e-04       1
196 1.973222e-03       1
197 1.064913e-04       1
198 8.405919e-06       1
199 1.084297e-03       1
200 1.036724e-03       1
201 2.317061e-03       1

$`MR-PRESSO results`$`Distortion Test`
$`MR-PRESSO results`$`Distortion Test`$`Outliers Indices`
 [1]  10  13  25  35  36  45  54  73  78 100 102 105 107 121 135 147 152 157 159
[20] 160 161 174 182 192 194

$`MR-PRESSO results`$`Distortion Test`$`Distortion Coefficient`
beta.exposure 
     215.7041 

$`MR-PRESSO results`$`Distortion Test`$Pvalue
[1] "<1e-04"



