$`Main MR results`
       Exposure       MR Analysis Causal Estimate          Sd    T-stat
1 beta.exposure               Raw     0.002800628 0.003864416 0.7247222
2 beta.exposure Outlier-corrected     0.003406131 0.003826687 0.8900990
    P-value
1 0.4689117
2 0.3737786

$`MR-PRESSO results`
$`MR-PRESSO results`$`Global Test`
$`MR-PRESSO results`$`Global Test`$RSSobs
[1] 663.0081

$`MR-PRESSO results`$`Global Test`$Pvalue
[1] 0.0162


$`MR-PRESSO results`$`Outlier Test`
          RSSobs  Pvalue
1   2.165247e-05       1
2   5.923012e-04       1
3   2.763958e-04       1
4   1.700820e-03       1
5   2.822627e-04       1
6   2.214846e-05       1
7   6.122557e-07       1
8   1.062130e-03       1
9   2.986895e-06       1
10  5.234915e-05       1
11  4.528812e-06       1
12  1.543161e-04       1
13  3.441000e-04       1
14  1.025977e-04       1
15  1.097241e-06       1
16  1.474480e-04       1
17  3.390291e-04       1
18  1.133607e-05       1
19  2.668202e-03  0.1174
20  4.389121e-04       1
21  5.702273e-05       1
22  3.922876e-04       1
23  1.243681e-03       1
24  3.436543e-04       1
25  2.145375e-08       1
26  2.657339e-06       1
27  1.123430e-04       1
28  1.143473e-05       1
29  1.006564e-03       1
30  3.886556e-04       1
31  5.337526e-04       1
32  1.334246e-04       1
33  9.146285e-04       1
34  5.490815e-05       1
35  4.248104e-04       1
36  6.147827e-04       1
37  2.153945e-05       1
38  5.834666e-04       1
39  3.582925e-05       1
40  9.141657e-04       1
41  1.708250e-04       1
42  5.328425e-04       1
43  2.087451e-05       1
44  4.896358e-06       1
45  1.199416e-05       1
46  2.229458e-04       1
47  4.393974e-07       1
48  1.492185e-04       1
49  7.971214e-08       1
50  7.966846e-05       1
51  2.072635e-04       1
52  5.904991e-06       1
53  1.482117e-04       1
54  2.384240e-03       1
55  1.527681e-03       1
56  1.201203e-05       1
57  5.474914e-04       1
58  1.331314e-05       1
59  6.375985e-04       1
60  1.936560e-05       1
61  1.275253e-05       1
62  2.441677e-06       1
63  5.733987e-03       1
64  1.138916e-05       1
65  1.174854e-06       1
66  7.624720e-04       1
67  3.601764e-03       1
68  1.845600e-04       1
69  2.075297e-04       1
70  1.884289e-03       1
71  2.847103e-06       1
72  2.342912e-06       1
73  2.036634e-07       1
74  2.535699e-04       1
75  2.101953e-03       1
76  5.051121e-04       1
77  1.832763e-04       1
78  6.096855e-05       1
79  1.764889e-05       1
80  9.460194e-05       1
81  2.567383e-03       1
82  1.793327e-05       1
83  5.844012e-05       1
84  7.973426e-06       1
85  1.835669e-05       1
86  7.886543e-05       1
87  3.135033e-04       1
88  2.186977e-04       1
89  1.489669e-05       1
90  3.932025e-03       1
91  2.762673e-05       1
92  2.233740e-02       1
93  2.282410e-03       1
94  9.230163e-06       1
95  2.225141e-08       1
96  2.211533e-02       1
97  8.545345e-03       1
98  4.472322e-06       1
99  1.804586e-06       1
100 4.839931e-04       1
101 7.458939e-04       1
102 4.402702e-04       1
103 1.631543e-03       1
104 1.960407e-03       1
105 4.605509e-04       1
106 6.952228e-04       1
107 2.399981e-05       1
108 2.913200e-04       1
109 6.917100e-06       1
110 7.106726e-05       1
111 1.700979e-04       1
112 1.978223e-06       1
113 7.879112e-05       1
114 6.088412e-03       1
115 7.190908e-04       1
116 1.278216e-04       1
117 1.107914e-03       1
118 3.790564e-04       1
119 1.763963e-05       1
120 1.564791e-04       1
121 1.578145e-04       1
122 7.129439e-06       1
123 4.950758e-05       1
124 6.818342e-04       1
125 1.226295e-02       1
126 5.820729e-06       1
127 3.222782e-03       1
128 1.594150e-03       1
129 5.664867e-05       1
130 3.813807e-05       1
131 8.083916e-04       1
132 2.815955e-04       1
133 1.653528e-04       1
134 6.995669e-04       1
135 2.194994e-06       1
136 7.668549e-06       1
137 6.517464e-04       1
138 4.542254e-04       1
139 1.047543e-04       1
140 3.012479e-05       1
141 6.575217e-05       1
142 2.798548e-03       1
143 3.899397e-06       1
144 3.556469e-07       1
145 1.088976e-05       1
146 1.261068e-04       1
147 1.710861e-04       1
148 2.750628e-04       1
149 4.830306e-05       1
150 2.356389e-04       1
151 1.534769e-04       1
152 4.627017e-04       1
153 9.942639e-05       1
154 1.243200e-04       1
155 4.354912e-06       1
156 6.864258e-04       1
157 7.946034e-05       1
158 9.218645e-03       1
159 1.502739e-03       1
160 2.881414e-03       1
161 5.345436e-05       1
162 1.462877e-04       1
163 1.274568e-02       1
164 3.905739e-04       1
165 1.685653e-03       1
166 1.056359e-02       1
167 2.136262e-04       1
168 2.787137e-03       1
169 1.586320e-03       1
170 7.555703e-06       1
171 1.304428e-03       1
172 1.393314e-03       1
173 1.150520e-04       1
174 1.305324e-03       1
175 1.683809e-05       1
176 4.496374e-05       1
177 1.322259e-03       1
178 4.121610e-02       1
179 2.414574e-04       1
180 1.159473e-07       1
181 3.941720e-04       1
182 3.164580e-05       1
183 5.428906e-04       1
184 7.640555e-04       1
185 1.211273e-04       1
186 4.786303e-04       1
187 3.222658e-04       1
188 1.441993e-04       1
189 5.430061e-05       1
190 1.125614e-04       1
191 1.896656e-04       1
192 1.378590e-03       1
193 7.415964e-05       1
194 2.813629e-04       1
195 6.320176e-04       1
196 5.115391e-06       1
197 4.049352e-05       1
198 1.161281e-04       1
199 8.297234e-05       1
200 2.267262e-04       1
201 8.306749e-04       1
202 3.181500e-05       1
203 7.072613e-04       1
204 1.558363e-03       1
205 7.006902e-07       1
206 2.216054e-04       1
207 4.102022e-06       1
208 1.268652e-05       1
209 4.943055e-05       1
210 8.668571e-04       1
211 1.247135e-03       1
212 6.083101e-05       1
213 1.065269e-02       1
214 1.727759e-05       1
215 3.252677e-04       1
216 2.122622e-03       1
217 2.596515e-04       1
218 1.223857e-04       1
219 1.996984e-04       1
220 3.763817e-04       1
221 3.929753e-05       1
222 3.667003e-04       1
223 6.711368e-06       1
224 2.668707e-03       1
225 5.412537e-03       1
226 3.019457e-04       1
227 1.886457e-06       1
228 1.621743e-03       1
229 4.648038e-04       1
230 2.403082e-04       1
231 1.050739e-04       1
232 9.419049e-04       1
233 5.742680e-03       1
234 1.477642e-04       1
235 4.596221e-05       1
236 1.664568e-07       1
237 9.716217e-06       1
238 4.422435e-04       1
239 1.090923e-03       1
240 6.735895e-04       1
241 2.444018e-04       1
242 2.712292e-04       1
243 1.853215e-03       1
244 1.546347e-04       1
245 1.635311e-04       1
246 1.101974e-04       1
247 1.107457e-04       1
248 3.275278e-05       1
249 1.909388e-09       1
250 1.277042e-03       1
251 8.043122e-05       1
252 1.456642e-03       1
253 2.660483e-04       1
254 7.404702e-04       1
255 2.253048e-06       1
256 2.073362e-04       1
257 4.570679e-04       1
258 3.717089e-04       1
259 1.072776e-04       1
260 2.054055e-04       1
261 1.780148e-04       1
262 4.530513e-04       1
263 1.268695e-05       1
264 2.672384e-04       1
265 1.090462e-04       1
266 3.946717e-04       1
267 1.137499e-04       1
268 2.032677e-04       1
269 1.789304e-04       1
270 4.539644e-06       1
271 1.483640e-03       1
272 4.731766e-06       1
273 3.903902e-05       1
274 2.117644e-07       1
275 6.714572e-05       1
276 1.340501e-03       1
277 5.278482e-05       1
278 2.127291e-05       1
279 1.686219e-04       1
280 1.648223e-05       1
281 4.491205e-06       1
282 1.209298e-03       1
283 8.018028e-04       1
284 8.503170e-05       1
285 2.214451e-04       1
286 7.926900e-04       1
287 2.769086e-06       1
288 2.356396e-03       1
289 9.708382e-05       1
290 5.636565e-04       1
291 4.200048e-06       1
292 4.027376e-03       1
293 5.698549e-04       1
294 7.596855e-04       1
295 1.741119e-03       1
296 9.616265e-05       1
297 2.819407e-05       1
298 1.834863e-07       1
299 2.594842e-04       1
300 1.858815e-05       1
301 9.915667e-04       1
302 9.187674e-05       1
303 1.580345e-03       1
304 5.242865e-04       1
305 1.731410e-04       1
306 5.725340e-04       1
307 5.641702e-05       1
308 3.239333e-05       1
309 3.480669e-04       1
310 2.556694e-04       1
311 3.760620e-05       1
312 2.991656e-04       1
313 8.650203e-04       1
314 2.890086e-04       1
315 2.986789e-04       1
316 4.306686e-04       1
317 2.582946e-05       1
318 5.408829e-03       1
319 1.911511e-05       1
320 6.170948e-05       1
321 2.062449e-04       1
322 5.447614e-05       1
323 2.236964e-03       1
324 2.392483e-03 0.56352
325 1.997307e-03       1
326 3.631852e-04       1
327 4.429311e-04       1
328 5.163265e-05       1
329 7.654857e-04       1
330 2.227457e-08       1
331 2.333887e-04       1
332 2.952231e-04       1
333 3.871318e-04       1
334 6.781565e-04       1
335 3.052090e-03       1
336 5.891064e-05       1
337 5.045710e-05       1
338 2.183143e-05       1
339 1.232528e-05       1
340 5.787240e-04       1
341 5.231502e-05       1
342 6.581914e-05       1
343 1.311029e-06       1
344 7.877763e-04       1
345 1.691826e-06       1
346 3.334244e-05       1
347 5.780058e-04       1
348 1.263159e-06       1
349 1.981827e-04       1
350 2.695841e-04       1
351 6.044647e-06       1
352 1.915727e-04       1
353 1.120519e-06       1
354 6.325526e-06       1
355 2.442120e-05       1
356 9.849369e-04       1
357 2.161176e-04       1
358 1.148181e-06       1
359 1.372046e-04       1
360 1.372511e-04       1
361 2.104232e-04       1
362 1.178544e-04       1
363 1.358677e-05       1
364 2.205017e-04       1
365 1.016182e-04       1
366 1.138375e-03       1
367 1.636924e-04       1
368 1.142800e-03       1
369 5.007234e-04       1
370 4.178009e-04       1
371 1.484550e-04       1
372 1.893277e-04       1
373 1.171794e-07       1
374 6.417518e-04       1
375 7.213543e-05       1
376 4.120665e-04       1
377 7.688069e-03       1
378 7.619120e-04       1
379 4.615024e-04       1
380 3.888898e-04       1
381 1.714883e-03       1
382 1.733881e-04       1
383 3.116403e-03       1
384 5.020325e-04       1
385 2.156737e-04       1
386 9.546031e-04       1
387 4.127731e-05       1
388 7.233795e-04       1
389 7.237098e-06       1
390 4.258093e-04       1
391 4.414633e-05       1
392 5.011675e-04       1
393 2.326277e-04       1
394 2.345538e-04       1
395 1.070114e-03       1
396 1.414319e-05       1
397 4.523247e-05       1
398 3.666858e-04       1
399 6.342812e-05       1
400 6.741048e-05       1
401 1.475282e-03       1
402 4.625127e-04       1
403 1.387075e-04       1
404 9.421673e-05       1
405 2.538130e-05       1
406 1.595993e-02       1
407 1.445622e-06       1
408 1.025755e-04       1
409 2.324884e-03       1
410 6.004612e-05       1
411 2.491932e-03       1
412 2.337382e-04       1
413 2.819369e-03       1
414 1.105587e-03       1
415 1.568843e-03       1
416 3.089087e-05       1
417 1.387063e-05       1
418 7.661792e-04       1
419 3.302088e-04       1
420 8.293937e-06       1
421 1.234530e-06       1
422 5.622321e-04       1
423 5.320708e-04       1
424 3.545528e-03       1
425 8.013314e-04       1
426 8.041687e-05       1
427 2.489011e-04       1
428 1.673411e-04       1
429 2.260115e-05       1
430 3.535701e-04       1
431 9.441666e-05       1
432 3.731278e-04       1
433 1.059217e-03       1
434 7.899080e-04       1
435 6.685278e-05       1
436 6.931748e-06       1
437 2.556191e-05       1
438 9.914905e-05       1
439 2.608590e-04       1
440 2.746263e-04       1
441 6.501480e-05       1
442 2.210131e-03       1
443 2.740767e-04       1
444 6.040617e-05       1
445 2.042023e-05       1
446 3.637193e-04       1
447 1.119317e-04       1
448 8.609434e-04       1
449 1.466469e-04       1
450 4.651851e-03       1
451 2.119565e-04       1
452 2.932755e-06       1
453 1.978819e-04       1
454 7.541201e-04       1
455 4.121449e-04       1
456 2.096381e-05       1
457 1.110745e-06       1
458 1.620953e-07       1
459 4.314160e-05       1
460 1.440733e-03       1
461 5.694201e-04       1
462 7.555793e-06       1
463 4.236571e-08       1
464 9.195691e-06       1
465 4.839652e-06       1
466 1.219042e-03       1
467 1.440611e-03       1
468 1.671220e-04       1
469 1.303054e-04       1
470 5.709268e-04       1
471 7.724611e-03       1
472 3.314399e-03       1
473 4.989832e-05       1
474 3.378170e-05       1
475 8.403949e-05       1
476 5.404831e-05       1
477 1.179889e-04       1
478 5.182701e-04       1
479 3.749193e-04       1
480 1.920799e-03       1
481 8.813462e-05       1
482 2.242358e-04       1
483 1.229212e-05       1
484 1.529027e-06       1
485 6.855968e-04       1
486 2.335517e-03       1
487 2.808559e-05       1
488 7.275364e-05       1
489 6.779458e-04       1
490 1.439152e-02       1
491 2.247181e-05       1
492 9.324999e-06       1
493 3.812432e-05       1
494 3.023021e-04       1
495 3.959321e-04       1
496 1.915117e-04       1
497 8.250818e-03       1
498 3.751431e-04       1
499 2.074429e-03       1
500 1.572990e-03       1
501 2.304930e-02       1
502 1.758703e-08       1
503 3.540313e-04       1
504 2.759216e-04       1
505 1.973188e-06       1
506 5.152966e-06       1
507 1.227736e-05       1
508 7.761972e-04       1
509 1.062726e-04       1
510 1.021783e-03       1
511 4.939115e-03       1
512 3.334786e-05       1
513 4.635763e-04       1
514 1.201261e-05       1
515 3.969543e-04       1
516 1.703703e-04       1
517 1.632905e-04       1
518 8.261624e-06       1
519 2.721110e-04       1
520 2.414596e-04       1
521 5.177972e-03       1
522 1.111099e-04       1
523 1.692666e-05       1
524 2.876448e-05       1
525 2.432495e-04       1
526 1.901743e-04       1
527 1.046110e-04       1
528 3.834612e-05       1
529 3.208811e-04       1
530 2.501491e-03       1
531 8.220088e-04       1
532 1.817760e-05       1
533 1.682443e-04       1
534 1.591909e-04       1
535 3.345032e-05       1
536 2.909518e-05       1
537 1.142841e-03       1
538 5.005141e-04       1
539 3.998368e-04       1
540 7.591703e-04       1
541 3.120639e-04       1
542 1.131831e-05       1
543 2.521650e-03 0.04696
544 6.122093e-06       1
545 2.369328e-05       1
546 2.948389e-04       1
547 1.043963e-05       1
548 3.679765e-03       1
549 1.247439e-04       1
550 4.383946e-06       1
551 4.520259e-05       1
552 6.282284e-04       1
553 4.994498e-05       1
554 6.301517e-04       1
555 4.718546e-06       1
556 3.869875e-04       1
557 1.868865e-08       1
558 3.060628e-04       1
559 5.168679e-03       1
560 3.081333e-03       1
561 1.387479e-04       1
562 3.391365e-05       1
563 1.067010e-04       1
564 4.756055e-04       1
565 9.225452e-04       1
566 1.354279e-05       1
567 8.444118e-06       1
568 1.123703e-04       1
569 5.195307e-04       1
570 1.228126e-03       1
571 5.386190e-04       1
572 5.589199e-07       1
573 5.328278e-04       1
574 1.173903e-03       1
575 1.555273e-07       1
576 5.586856e-06       1
577 3.095321e-05       1
578 1.688237e-04       1
579 5.406651e-04       1
580 4.436556e-04       1
581 8.018535e-08       1
582 2.646489e-04       1
583 1.411496e-05       1
584 1.698109e-04       1
585 5.124189e-04       1
586 3.820521e-04       1
587 9.332116e-05       1

$`MR-PRESSO results`$`Distortion Test`
$`MR-PRESSO results`$`Distortion Test`$`Outliers Indices`
[1] 543

$`MR-PRESSO results`$`Distortion Test`$`Distortion Coefficient`
beta.exposure 
    -17.77685 

$`MR-PRESSO results`$`Distortion Test`$Pvalue
[1] 0.8958



