$`Main MR results`
       Exposure       MR Analysis Causal Estimate        Sd   T-stat   P-value
1 beta.exposure               Raw       0.8890621 0.6687535 1.329432 0.1864314
2 beta.exposure Outlier-corrected       0.1498415 0.1481125 1.011673 0.3139347

$`MR-PRESSO results`
$`MR-PRESSO results`$`Global Test`
$`MR-PRESSO results`$`Global Test`$RSSobs
[1] 2617.742

$`MR-PRESSO results`$`Global Test`$Pvalue
[1] "<1e-04"


$`MR-PRESSO results`$`Outlier Test`
          RSSobs  Pvalue
1   1.786239e-03       1
2   2.383373e-04       1
3   5.976257e-04       1
4   7.660300e-04       1
5   2.387891e-04       1
6   5.520435e-04       1
7   6.701966e-05       1
8   2.129380e-04       1
9   1.590068e-05       1
10  1.955406e-09       1
11  2.616020e-04       1
12  5.547847e-03       1
13  1.244125e-04       1
14  6.745664e-03       1
15  1.386451e-04       1
16  1.683510e-04       1
17  2.600617e-04       1
18  1.060963e-02       1
19  8.720778e-07       1
20  1.456307e-03       1
21  2.671969e-09       1
22  1.191229e-04       1
23  1.253893e-03       1
24  1.137604e-04       1
25  5.491096e-04       1
26  5.154321e-04       1
27  9.899263e-04       1
28  7.740405e-06       1
29  2.575422e-03       1
30  1.914689e-05       1
31  4.360207e-04       1
32  4.105479e-04       1
33  1.291248e-02       1
34  2.484201e-04       1
35  2.787395e-03       1
36  3.587857e-04       1
37  3.342353e-05       1
38  1.348029e-04       1
39  1.538267e-03       1
40  3.011052e-06       1
41  1.139371e-05       1
42  1.425050e-03       1
43  2.946083e-04       1
44  2.800307e-04       1
45  7.005770e-06       1
46  1.045722e-04       1
47  4.855726e-04       1
48  9.355918e-05       1
49  5.410500e-04       1
50  6.129645e-04       1
51  9.932147e-06       1
52  6.930846e-05       1
53  2.708230e-03       1
54  2.326288e-04       1
55  3.118208e-03  0.0336
56  3.199327e-05       1
57  3.880630e-04       1
58  1.243381e-03       1
59  3.591122e-04       1
60  6.755351e-05       1
61  2.844437e-03       1
62  1.112620e-06       1
63  1.403993e-04       1
64  2.146608e-04       1
65  6.672297e-04       1
66  3.877902e-04       1
67  1.816768e+00 <0.0112
68  3.958625e-04       1
69  5.648879e-04       1
70  6.923493e-04       1
71  3.392666e-04       1
72  7.135604e-05       1
73  5.822040e-06       1
74  1.038924e-03       1
75  5.337224e-06       1
76  5.269541e-04       1
77  3.010480e-07       1
78  9.400107e-06       1
79  6.486082e-04       1
80  3.626199e-03       1
81  5.123387e-05       1
82  1.025851e-02       1
83  7.281421e-06       1
84  5.399049e-04       1
85  5.444715e-04       1
86  5.123532e-04       1
87  3.130084e-04       1
88  1.543953e-04       1
89  3.454027e-04       1
90  7.449379e-04       1
91  1.043110e-03       1
92  7.872975e-04       1
93  4.537407e-05       1
94  5.632131e-04       1
95  1.294022e-03       1
96  8.767203e-06       1
97  1.309589e-04       1
98  1.604462e-05       1
99  1.583280e-05       1
100 5.989567e-04       1
101 1.898429e-03       1
102 8.990120e-06       1
103 3.553577e-05       1
104 2.835134e-06       1
105 4.010190e-05       1
106 1.793708e-03       1
107 7.699076e-05       1
108 1.245788e-04       1
109 9.001465e-05       1
110 6.762613e-05       1
111 2.792432e-03  0.5936
112 3.863612e-03   0.112

$`MR-PRESSO results`$`Distortion Test`
$`MR-PRESSO results`$`Distortion Test`$`Outliers Indices`
[1] 55 67

$`MR-PRESSO results`$`Distortion Test`$`Distortion Coefficient`
beta.exposure 
     493.3349 

$`MR-PRESSO results`$`Distortion Test`$Pvalue
[1] "<1e-04"



