$`Main MR results`
       Exposure       MR Analysis Causal Estimate         Sd   T-stat
1 beta.exposure               Raw       0.5964815 0.11088639 5.379212
2 beta.exposure Outlier-corrected       0.2553434 0.09184233 2.780237
       P-value
1 1.971277e-07
2 5.927781e-03

$`MR-PRESSO results`
$`MR-PRESSO results`$`Global Test`
$`MR-PRESSO results`$`Global Test`$RSSobs
[1] 498.3544

$`MR-PRESSO results`$`Global Test`$Pvalue
[1] "<1e-04"


$`MR-PRESSO results`$`Outlier Test`
          RSSobs  Pvalue
1   7.123248e-03       1
2   6.811771e-03       1
3   2.646599e-03       1
4   1.386970e-04       1
5   1.977211e-03       1
6   2.701811e-02       1
7   8.592553e-03       1
8   3.484820e-02       1
9   1.602621e-03       1
10  2.712957e-06       1
11  6.833007e-02       1
12  4.350955e-02       1
13  1.303565e-03       1
14  4.627845e-02  0.4899
15  2.381403e-03       1
16  1.501240e-03       1
17  9.849567e-04       1
18  1.726011e-06       1
19  2.405684e-03       1
20  6.511102e-04       1
21  1.538431e-04       1
22  7.472653e-05       1
23  5.576294e-04       1
24  4.751450e-03       1
25  7.132056e-03       1
26  2.704234e-05       1
27  1.875301e-02       1
28  6.851442e-03       1
29  4.049222e-03       1
30  9.962164e-03       1
31  2.789564e-02       1
32  8.457767e-04       1
33  9.116004e-05       1
34  3.627973e-04       1
35  4.476125e-05       1
36  1.838636e-07       1
37  8.318680e-03       1
38  1.007376e-02       1
39  2.416127e-02       1
40  6.308948e-02  0.3195
41  8.845957e-04       1
42  3.178001e-04       1
43  6.171067e-04       1
44  1.486743e-06       1
45  2.410128e+00       1
46  1.371615e-02       1
47  1.988782e-02       1
48  8.056180e-03       1
49  2.530241e-04       1
50  3.287029e-03       1
51  4.587385e-03       1
52  2.180699e-03       1
53  5.742674e-03       1
54  4.337822e-04       1
55  3.985442e-03       1
56  1.009833e-03       1
57  7.063955e-02       1
58  2.794112e-05       1
59  2.447202e-03       1
60  8.856936e-02 <0.0213
61  1.699043e-03       1
62  7.841859e-04       1
63  3.120662e-02       1
64  1.764051e-02       1
65  4.564107e-03       1
66  6.317091e-03       1
67  2.571880e-05       1
68  1.778396e-02       1
69  5.018479e-05       1
70  1.443636e-05       1
71  8.693625e-05       1
72  3.250647e-05       1
73  5.222581e-04       1
74  2.143154e-02       1
75  3.367553e-04       1
76  4.595422e-03       1
77  1.310200e-03       1
78  2.854761e-02       1
79  6.759677e-03       1
80  6.290715e-05       1
81  6.706485e-04       1
82  8.182376e-04       1
83  1.929486e-03       1
84  4.116225e-01 <0.0213
85  6.593270e-03       1
86  2.318858e-03       1
87  2.514273e-04       1
88  2.317138e-03       1
89  1.097704e-02       1
90  1.250291e-02       1
91  1.039633e-03       1
92  1.217350e-03       1
93  6.960149e-03       1
94  7.165751e-04       1
95  6.244776e-03       1
96  9.895872e-04       1
97  5.981421e-04       1
98  1.223537e-02       1
99  8.947183e-05       1
100 2.562400e-03       1
101 3.486890e-04       1
102 1.059467e-04       1
103 2.200527e-04       1
104 1.058472e-02       1
105 2.230169e-03       1
106 1.004815e-02       1
107 2.885537e-04       1
108 1.381626e-02       1
109 8.804140e-05       1
110 4.839289e-05       1
111 9.490999e-03       1
112 1.649933e-03       1
113 1.877741e-03       1
114 5.954938e-04       1
115 1.648687e-04       1
116 1.668382e-02       1
117 3.326775e-03       1
118 3.431080e-03       1
119 1.578242e-04       1
120 8.228756e-04       1
121 1.415947e-04       1
122 2.451373e-05       1
123 1.605697e-06       1
124 2.973965e-02       1
125 1.603855e-03       1
126 4.987343e-02       1
127 2.569963e-02  0.2343
128 4.676495e-03       1
129 3.059412e-04       1
130 2.276978e-04       1
131 4.438747e-03       1
132 3.261411e-03       1
133 2.032045e-04       1
134 1.808039e-03       1
135 3.628470e-03       1
136 1.058134e-02       1
137 1.017738e-02       1
138 3.293542e-03       1
139 6.892373e-03       1
140 3.685367e-04       1
141 9.545888e-03       1
142 6.118415e-02 <0.0213
143 1.474448e-05       1
144 3.139841e-03       1
145 1.561778e-02       1
146 3.850390e-04       1
147 2.605657e-02       1
148 2.733422e-03       1
149 8.304799e-03       1
150 3.713522e-03       1
151 6.592065e-04       1
152 2.203058e-04       1
153 7.062174e-03       1
154 4.473034e-03       1
155 3.356607e-03       1
156 6.025621e-04       1
157 1.305006e-02       1
158 1.928075e-04       1
159 2.383054e-03       1
160 4.513707e-03       1
161 2.548521e-03       1
162 1.234302e-03       1
163 6.499363e-06       1
164 7.055649e-03       1
165 2.772689e-03       1
166 3.368022e-02       1
167 3.502377e-02       1
168 5.361836e-03       1
169 1.723757e-03       1
170 2.023652e-02       1
171 7.464862e-03       1
172 6.207004e-03       1
173 2.310130e-03       1
174 2.467024e-03       1
175 3.544541e-05       1
176 1.071714e-04       1
177 1.070051e-02       1
178 8.384546e-04       1
179 1.140931e-03       1
180 2.807686e-03       1
181 7.500703e-02  0.3621
182 2.073133e-02       1
183 1.602576e-02       1
184 1.830354e-02       1
185 3.812938e-03       1
186 1.097211e-02       1
187 2.001901e-03       1
188 1.174154e-02       1
189 3.806508e-01  0.3408
190 2.825917e-02       1
191 1.431598e-03       1
192 1.081687e-03       1
193 6.458500e-04       1
194 8.529679e-02       1
195 3.738760e-04       1
196 5.030600e-04       1
197 5.454295e-04       1
198 4.106860e-03       1
199 1.748535e-03       1
200 3.067664e-05       1
201 9.002174e-04       1
202 3.023394e-03       1
203 1.656661e-02       1
204 1.891363e-04       1
205 9.056487e-04       1
206 3.109902e-03       1
207 3.133082e-03       1
208 2.496025e-02       1
209 3.858138e-03       1
210 1.050322e-03       1
211 1.828475e-04       1
212 2.087236e-04       1
213 3.893382e-05       1

$`MR-PRESSO results`$`Distortion Test`
$`MR-PRESSO results`$`Distortion Test`$`Outliers Indices`
[1]  60  84 142

$`MR-PRESSO results`$`Distortion Test`$`Distortion Coefficient`
beta.exposure 
     133.5997 

$`MR-PRESSO results`$`Distortion Test`$Pvalue
[1] 2e-04



