$`Main MR results`
       Exposure       MR Analysis Causal Estimate         Sd     T-stat
1 beta.exposure               Raw     -0.02236587 0.04926698 -0.4539728
2 beta.exposure Outlier-corrected      0.03421381 0.03490472  0.9802058
    P-value
1 0.6498995
2 0.3271078

$`MR-PRESSO results`
$`MR-PRESSO results`$`Global Test`
$`MR-PRESSO results`$`Global Test`$RSSobs
[1] 4384.204

$`MR-PRESSO results`$`Global Test`$Pvalue
[1] "<1e-05"


$`MR-PRESSO results`$`Outlier Test`
           RSSobs   Pvalue
1    2.227913e-04        1
2    1.211166e-04        1
3    8.251640e-04        1
4    2.179616e-03        1
5    1.958398e-04        1
6    1.743747e-04        1
7    7.520716e-04        1
8    1.565345e-04        1
9    2.289078e-05        1
10   1.075483e-05        1
11   1.529658e-05        1
12   1.470048e-03        1
13   2.201094e-05        1
14   4.472971e-07        1
15   1.124517e-04        1
16   1.383141e-03        1
17   4.343382e-04        1
18   6.959696e-04        1
19   1.798123e-04        1
20   3.374535e-05        1
21   4.826573e-04        1
22   8.491764e-04        1
23   5.388932e-04        1
24   5.434533e-04        1
25   8.648406e-04        1
26   2.457022e-03        1
27   6.334860e-05        1
28   5.872721e-05        1
29   1.817067e-04        1
30   3.387083e-04        1
31   3.270245e-04        1
32   7.670933e-04        1
33   5.977674e-06        1
34   9.683653e-04        1
35   3.595019e-06        1
36   2.589434e-04        1
37   4.217363e-05        1
38   4.369225e-07        1
39   5.450179e-05        1
40   5.498348e-06        1
41   7.708155e-04        1
42   2.309887e-05        1
43   7.246434e-04        1
44   1.225203e-05        1
45   8.129520e-05        1
46   8.734859e-04        1
47   5.162068e-05        1
48   7.433266e-04        1
49   2.526121e-04        1
50   5.690344e-07        1
51   4.992349e-05        1
52   1.442355e-05        1
53   1.135908e-03        1
54   2.485007e-05        1
55   1.746962e-03        1
56   5.220260e-04        1
57   3.865851e-04        1
58   3.331763e-04        1
59   1.457184e-03        1
60   3.775184e-04        1
61   8.347732e-03        1
62   6.484579e-04        1
63   1.450711e-04        1
64   3.548059e-06        1
65   1.429320e-04        1
66   2.265943e-03        1
67   2.299204e-04        1
68   2.285045e-04        1
69   1.035756e-04        1
70   1.195718e-04        1
71   6.706219e-05        1
72   7.104712e-04        1
73   4.096337e-05        1
74   3.444841e-05        1
75   3.602801e-08        1
76   2.762641e-04        1
77   4.900684e-05        1
78   2.572816e-03        1
79   2.100066e-03        1
80   3.691127e-04        1
81   2.099272e-03        1
82   7.337607e-06        1
83   4.768809e-04        1
84   3.882168e-04        1
85   1.814359e-03        1
86   1.706105e-06        1
87   3.619396e-04        1
88   3.351491e-05        1
89   2.226214e-03        1
90   1.398464e-04        1
91   8.195224e-05        1
92   7.221416e-03        1
93   3.861326e-05        1
94   5.053685e-06        1
95   2.926222e-05        1
96   2.205122e-05        1
97   2.059471e-04        1
98   3.448788e-04        1
99   5.908074e-04        1
100  3.519995e-05        1
101  2.624016e-04        1
102  1.983346e-04        1
103  1.400849e-05        1
104  2.781004e-07        1
105  1.163030e-04        1
106  8.741218e-06        1
107  7.215907e-06        1
108  1.569479e-03        1
109  7.916291e-07        1
110  2.615692e-04        1
111  5.954382e-05        1
112  2.461112e-04        1
113  4.002960e-04        1
114  8.021312e-05        1
115  1.272430e-03        1
116  4.707169e-04        1
117  6.805918e-05        1
118  7.834667e-04        1
119  1.933704e-04        1
120  6.791850e-04        1
121  7.694382e-04        1
122  5.917135e-05        1
123  4.666314e-04        1
124  6.092609e-06        1
125  1.673932e-05        1
126  4.641537e-05        1
127  3.855710e-06        1
128  3.929128e-04        1
129  4.662409e-06        1
130  2.726993e-04        1
131  1.101670e-03        1
132  6.267104e-05        1
133  9.377051e-04        1
134  1.848542e-04        1
135  5.711425e-05        1
136  1.446041e-04        1
137  5.304425e-04        1
138  9.394162e-04        1
139  1.607827e-04        1
140  7.341499e-04        1
141  5.749403e-04        1
142  3.742937e-05        1
143  1.163602e-05        1
144  1.792569e-03        1
145  2.975384e-06        1
146  2.666367e-05        1
147  1.767377e-04        1
148  1.363645e-04        1
149  7.718685e-05        1
150  1.841629e-04        1
151  1.593635e-04        1
152  5.557011e-05        1
153  1.181603e-04        1
154  1.587550e-04        1
155  8.701549e-05        1
156  1.528354e-04        1
157  2.860209e-05        1
158  3.416786e-05        1
159  1.574972e-03        1
160  7.146340e-04        1
161  3.458052e-04        1
162  3.298450e-07        1
163  5.432637e-04        1
164  4.134777e-03        1
165  2.514043e-04        1
166  6.394072e-06        1
167  8.674172e-05        1
168  5.132380e-04        1
169  1.931994e-07        1
170  9.142375e-06        1
171  4.535844e-04        1
172  3.727095e-04        1
173  4.963058e-05        1
174  3.496006e-04        1
175  3.187113e-04        1
176  4.778850e-04        1
177  1.268864e-04        1
178  1.500787e-05        1
179  5.476075e-04        1
180  1.298065e-04        1
181  1.319842e-03        1
182  2.426628e-04        1
183  7.383290e-05        1
184  1.293379e-03        1
185  7.837002e-06        1
186  1.527286e-04        1
187  2.110190e-05        1
188  1.080005e-03        1
189  3.093184e-04        1
190  5.895181e-04        1
191  1.223436e-04        1
192  5.555762e-04        1
193  2.192129e-04        1
194  1.137223e-05        1
195  1.492229e-04        1
196  5.890177e-06        1
197  4.677611e-05        1
198  2.761877e-04        1
199  4.870554e-04        1
200  3.755900e-05        1
201  7.374352e-06        1
202  3.181140e-06        1
203  4.610258e-06        1
204  7.101240e-04        1
205  3.382946e-04        1
206  1.667737e-04        1
207  1.125423e-03        1
208  1.349730e-04        1
209  4.067088e-04        1
210  1.899084e-04        1
211  1.618950e-05        1
212  2.133684e-04        1
213  2.190203e-04        1
214  7.650356e-04        1
215  8.132334e-04        1
216  8.018246e-04        1
217  1.295366e-04        1
218  1.508221e-04        1
219  6.332633e-04        1
220  3.173980e-03        1
221  8.083086e-05        1
222  5.454522e-05        1
223  7.579374e-05        1
224  1.435729e-03        1
225  7.522978e-04        1
226  7.085839e-04        1
227  2.159858e-05        1
228  1.643296e-04        1
229  2.115545e-03        1
230  2.185316e-04        1
231  2.810601e-04        1
232  1.289114e-06        1
233  3.753143e-08        1
234  6.180136e-04        1
235  1.363185e-03        1
236  5.795646e-04        1
237  1.169920e-03        1
238  7.241094e-04        1
239  4.346362e-05        1
240  1.518588e-04        1
241  4.931895e-04        1
242  5.008164e-05        1
243  8.148168e-04        1
244  1.771190e-05        1
245  4.241340e-06        1
246  5.480842e-04        1
247  5.811611e-04        1
248  7.510972e-04        1
249  8.331439e-04        1
250  3.694924e-06        1
251  5.475091e-05        1
252  7.054845e-05        1
253  6.275755e-05        1
254  1.922522e-03        1
255  1.148356e-03        1
256  9.637086e-06        1
257  3.969620e-04        1
258  1.993876e-04        1
259  1.047246e-04        1
260  1.086058e-05        1
261  5.483698e-04        1
262  2.133125e-04        1
263  8.491180e-04        1
264  9.309624e-04        1
265  3.274045e-03        1
266  1.062852e-07        1
267  5.385227e-05        1
268  9.127397e-04        1
269  7.763342e-04        1
270  1.482566e-04        1
271  1.482598e-03        1
272  6.343390e-05        1
273  2.916705e-05        1
274  1.803824e-03        1
275  1.388777e-04        1
276  6.019060e-05        1
277  1.790547e-03        1
278  1.350007e-03        1
279  5.435264e-05        1
280  1.605762e-04        1
281  6.022960e-05        1
282  7.668656e-05        1
283  6.419354e-07        1
284  7.231168e-04        1
285  8.427807e-04        1
286  4.475053e-05        1
287  1.235051e-04        1
288  2.226994e-04        1
289  4.199795e-05        1
290  8.402668e-05        1
291  4.917325e-05        1
292  2.447913e-04        1
293  2.798902e-04        1
294  4.701348e-05        1
295  1.430767e-04        1
296  1.498653e-05        1
297  1.144977e-03        1
298  2.337178e-04        1
299  1.952125e-06        1
300  1.094970e-03        1
301  4.210756e-03        1
302  5.867745e-06        1
303  3.452783e-05        1
304  4.103501e-06        1
305  2.438759e-03        1
306  9.134829e-05        1
307  8.039729e-06        1
308  6.010217e-04        1
309  2.281031e-06        1
310  3.252818e-05        1
311  5.827919e-04        1
312  6.462795e-04        1
313  4.873760e-05        1
314  1.556243e-04        1
315  1.863367e-04        1
316  3.378867e-04        1
317  2.425690e-04        1
318  1.502301e-06        1
319  3.995729e-05        1
320  2.020727e-04        1
321  3.027656e-05        1
322  1.115733e-04        1
323  3.293615e-07        1
324  6.451123e-05        1
325  1.555673e-03        1
326  9.450691e-05        1
327  9.408765e-05        1
328  1.644432e-03        1
329  3.277207e-05        1
330  1.777411e-04        1
331  1.217290e-05        1
332  8.257656e-03        1
333  5.163436e-05        1
334  4.188839e-04        1
335  4.335143e-03        1
336  2.181888e-05        1
337  4.378700e-04        1
338  1.443694e-04        1
339  4.252829e-04        1
340  4.763237e-03        1
341  4.463428e-05        1
342  2.531162e-04        1
343  2.599628e-04        1
344  6.014143e-04        1
345  3.694000e-05        1
346  6.657942e-05        1
347  1.587168e-03        1
348  1.355323e-05        1
349  1.736160e-05        1
350  2.429091e-04        1
351  7.112557e-05        1
352  2.239156e-03        1
353  5.767758e-05        1
354  1.845529e-04        1
355  3.460681e-05        1
356  8.560432e-05        1
357  1.505934e-04        1
358  1.206250e-03        1
359  1.057625e-04        1
360  2.839963e-04        1
361  5.279660e-05        1
362  2.293004e-03        1
363  1.862049e-03        1
364  2.020566e-03        1
365  4.751568e-04        1
366  1.514133e-04        1
367  1.226212e-04        1
368  5.067759e-04        1
369  1.688371e-05        1
370  3.879103e-04        1
371  1.936450e-05        1
372  1.349730e-04        1
373  7.400292e-06        1
374  1.302341e-05        1
375  2.311899e-04        1
376  3.808312e-04        1
377  4.325631e-04        1
378  2.562778e-04        1
379  2.627996e-04        1
380  7.094297e-05        1
381  3.891720e-04        1
382  1.583967e-05        1
383  1.668278e-05        1
384  2.873239e-06        1
385  6.340624e-09        1
386  9.724136e-05        1
387  2.045096e-04        1
388  2.104189e-05        1
389  6.414906e-03  0.84832
390  6.753694e-05        1
391  3.156666e-06        1
392  3.597034e-03        1
393  1.264261e-03        1
394  7.631381e-04        1
395  1.521270e-03        1
396  6.964096e-06        1
397  4.712386e-05        1
398  1.279691e-05        1
399  6.807355e-07        1
400  1.268753e-03        1
401  4.289595e-05        1
402  1.327043e-03        1
403  3.637800e-04        1
404  6.883480e-03        1
405  6.267506e-05        1
406  1.315681e-05        1
407  5.564269e-06        1
408  2.096895e-04        1
409  1.314470e-03        1
410  2.689228e-03        1
411  1.808649e-03        1
412  3.022235e-05        1
413  1.300503e-03        1
414  2.717891e-05        1
415  3.646868e-04        1
416  5.254915e-05        1
417  8.224117e-04        1
418  3.331012e-04        1
419  1.846164e-04        1
420  4.832457e-04        1
421  1.339103e-03        1
422  1.074081e-03        1
423  8.372010e-04        1
424  8.031796e-04        1
425  1.661768e-03        1
426  1.689014e-05        1
427  1.071872e-06        1
428  1.276893e-07        1
429  5.371629e-04        1
430  8.116667e-06        1
431  3.763377e-12        1
432  4.913911e-04        1
433  8.573127e-04        1
434  1.744564e-03        1
435  3.501034e-04        1
436  2.568176e-04        1
437  4.217628e-05        1
438  8.316977e-06        1
439  3.284851e-04        1
440  2.153831e-04        1
441  3.471358e-04        1
442  5.424916e-04        1
443  2.467317e-03        1
444  4.087167e-04        1
445  1.008757e-03        1
446  6.982185e-04        1
447  2.086995e-04        1
448  1.641899e-04        1
449  1.366139e-04        1
450  1.510222e-04        1
451  3.859741e-05        1
452  3.587373e-04        1
453  1.132737e-05        1
454  5.077325e-04        1
455  4.839694e-04        1
456  1.976336e-04        1
457  2.432591e-04        1
458  1.396029e-05        1
459  3.058192e-04        1
460  1.733764e-05        1
461  1.296860e-03        1
462  6.679241e-04        1
463  6.430984e-05        1
464  2.596484e-04        1
465  4.793048e-05        1
466  1.294523e-05        1
467  4.973919e-05        1
468  2.829707e-04        1
469  6.643270e-04        1
470  2.120433e-05        1
471  2.246427e-04        1
472  6.106044e-04        1
473  5.772452e-05        1
474  1.840806e-04        1
475  1.392035e-04        1
476  3.580926e-04        1
477  4.492725e-04        1
478  7.591673e-05        1
479  1.944524e-03        1
480  7.039801e-04        1
481  1.656103e-04        1
482  4.938978e-04        1
483  9.215363e-05        1
484  1.608380e-04        1
485  1.627433e-05        1
486  4.797734e-04        1
487  1.333267e-05        1
488  1.170626e-03        1
489  1.070543e-03        1
490  1.337053e-05        1
491  1.413190e-04        1
492  1.638832e-05        1
493  7.147110e-04        1
494  6.205990e-07        1
495  2.145977e-04        1
496  1.409133e-04        1
497  2.144790e-03        1
498  2.712411e-03        1
499  6.968999e-06        1
500  1.391026e-04        1
501  7.747029e-05        1
502  1.634864e-04        1
503  2.780388e-04        1
504  1.354531e-04        1
505  1.031374e-05        1
506  5.561044e-04        1
507  3.634400e-07        1
508  2.736439e-04        1
509  1.991908e-04        1
510  6.872096e-05        1
511  5.176510e-04        1
512  7.299565e-05        1
513  1.531710e-04        1
514  4.690067e-04        1
515  1.771647e-04        1
516  1.809310e-04        1
517  4.267169e-04        1
518  2.743423e-04        1
519  6.747665e-04        1
520  2.226736e-03        1
521  1.571459e-04        1
522  1.586922e-03        1
523  7.838390e-05        1
524  7.065622e-04        1
525  3.077047e-04        1
526  6.171515e-07        1
527  1.778974e-04        1
528  5.227842e-06        1
529  6.733257e-06        1
530  3.856108e-05        1
531  1.443218e-04        1
532  1.665886e-04        1
533  1.735770e-04        1
534  1.661786e-04        1
535  2.370482e-04        1
536  3.669757e-04        1
537  3.987843e-04        1
538  4.325101e-06        1
539  3.295874e-05        1
540  8.777431e-06        1
541  7.338447e-06        1
542  1.106526e-04        1
543  4.418350e-04        1
544  1.467429e-04        1
545  7.279357e-04        1
546  1.302341e-05        1
547  1.096485e-03        1
548  2.894810e-06        1
549  9.483803e-04        1
550  1.012474e-03        1
551  5.155627e-06        1
552  1.707656e-04        1
553  1.496048e-04        1
554  5.036313e-04        1
555  2.231611e-06        1
556  3.975208e-04        1
557  3.796525e-05        1
558  1.849338e-05        1
559  9.483442e-04        1
560  1.312586e-04        1
561  1.571499e-03        1
562  1.319491e-03        1
563  7.543216e-05        1
564  2.459670e-04        1
565  2.529452e-04        1
566  1.528111e-04        1
567  5.590992e-06        1
568  5.633769e-04        1
569  2.441358e-04        1
570  1.045429e-03        1
571  4.349079e-05        1
572  1.623878e-03        1
573  7.480981e-04        1
574  6.269728e-04        1
575  1.275141e-04        1
576  3.645062e-07        1
577  2.083503e-05        1
578  3.089764e-05        1
579  6.425935e-04        1
580  2.148571e-06        1
581  1.552282e-03        1
582  7.146288e-05        1
583  4.703427e-05        1
584  7.808041e-05        1
585  2.586115e-04        1
586  3.488247e-07        1
587  4.297809e-04        1
588  3.835751e-04        1
589  3.061204e-04        1
590  1.156582e-04        1
591  4.220081e-04        1
592  4.081695e-04        1
593  6.206620e-07        1
594  4.427936e-06        1
595  9.333632e-08        1
596  1.316702e-08        1
597  5.540529e-06        1
598  1.649096e-03        1
599  1.850758e-05        1
600  5.710997e-04        1
601  1.926419e-04        1
602  5.752019e-04        1
603  6.985367e-05        1
604  2.837672e-04        1
605  1.492798e-04        1
606  1.384619e-03        1
607  3.257396e-04        1
608  7.183650e-05        1
609  3.049633e-04        1
610  1.259741e-03        1
611  1.074891e-03        1
612  6.350841e-04        1
613  6.656752e-04        1
614  8.293683e-04        1
615  1.832311e-04        1
616  1.076189e-04        1
617  4.478851e-08        1
618  1.658659e-04        1
619  6.810905e-04        1
620  1.144512e-04        1
621  5.301159e-05        1
622  1.130313e-05        1
623  3.610715e-04        1
624  1.195733e-04        1
625  5.253276e-07        1
626  3.701889e-05        1
627  3.968706e-04        1
628  1.895507e-03        1
629  1.092716e-04        1
630  2.426720e-04        1
631  2.719269e-04        1
632  3.931711e-05        1
633  8.641237e-05        1
634  6.779137e-04        1
635  1.467912e-04        1
636  8.604941e-06        1
637  3.296467e-03        1
638  5.296641e-04        1
639  1.018725e-04        1
640  8.888271e-04        1
641  1.959729e-05        1
642  2.753849e-04        1
643  1.483953e-04        1
644  2.665790e-03        1
645  1.548435e-06        1
646  6.163013e-04        1
647  5.608150e-06        1
648  1.117039e-04        1
649  4.388086e-06        1
650  6.635851e-04        1
651  3.731530e-04        1
652  7.376089e-05        1
653  3.651095e-04        1
654  4.935075e-05        1
655  1.220543e-03        1
656  1.659809e-08        1
657  5.333374e-05        1
658  1.275298e-03        1
659  4.702924e-03        1
660  2.071246e-04        1
661  2.201677e-03        1
662  1.434193e-04        1
663  8.517295e-05        1
664  4.292391e-05        1
665  3.038283e-04        1
666  3.960827e-04        1
667  1.282377e-03        1
668  1.543955e-03        1
669  2.373247e-04        1
670  1.336300e-04        1
671  4.736152e-04        1
672  5.393725e-03        1
673  1.000410e-04        1
674  8.138430e-04        1
675  2.916593e-05        1
676  3.063090e-06        1
677  4.321396e-05        1
678  5.589620e-05        1
679  1.150375e-03        1
680  2.741196e-05        1
681  1.857847e-06        1
682  4.118127e-04        1
683  4.493523e-04        1
684  3.087343e-06        1
685  1.428679e-05        1
686  9.534151e-05        1
687  7.947955e-04        1
688  2.615293e-04        1
689  1.658949e-02        1
690  2.041647e-04        1
691  9.969316e-06        1
692  6.757105e-03        1
693  1.369024e-03        1
694  1.211215e-04        1
695  1.995248e-06        1
696  2.781192e-04        1
697  2.155843e-04        1
698  6.278654e-05        1
699  1.134405e-04        1
700  2.581802e-03        1
701  2.220511e-05        1
702  2.055551e-03        1
703  8.477687e-04        1
704  1.003360e-04        1
705  2.064183e-03        1
706  1.173203e-03        1
707  1.807941e-03        1
708  4.742934e-04        1
709  1.138634e-04        1
710  4.762935e-05        1
711  2.678065e-04        1
712  8.422429e-06        1
713  2.034109e-04        1
714  2.061372e-03        1
715  1.034178e-04        1
716  5.005537e-06        1
717  3.960371e-03        1
718  8.409996e-04        1
719  1.129949e-03        1
720  8.451187e-05        1
721  1.778506e-03        1
722  1.990054e-06        1
723  1.921733e-04        1
724  1.746222e-06        1
725  7.892913e-04        1
726  9.369147e-05        1
727  1.623167e-04        1
728  7.449601e-04        1
729  6.643916e-04        1
730  4.487830e-06        1
731  2.047599e-06        1
732  4.306682e-07        1
733  8.285121e-04        1
734  1.604151e-05        1
735  2.143421e-04        1
736  1.408212e-03        1
737  4.920249e-05        1
738  6.162555e-07        1
739  6.171308e-05        1
740  1.916559e-05        1
741  1.054206e-06        1
742  7.398844e-04        1
743  4.673951e-03        1
744  4.166586e-05        1
745  7.501154e-05        1
746  4.519135e-04        1
747  7.757057e-05        1
748  5.519055e-03        1
749  9.781285e-04        1
750  5.803295e-04        1
751  6.999731e-05        1
752  2.009683e-04        1
753  1.921905e-04        1
754  1.452201e-04        1
755  3.687090e-04        1
756  7.087810e-05        1
757  2.895528e-05        1
758  1.183008e-03        1
759  7.602682e-04        1
760  1.895061e-04        1
761  8.064318e-04        1
762  1.554622e-05        1
763  6.384851e-04        1
764  4.892248e-05        1
765  2.648701e-06        1
766  5.809917e-06        1
767  7.738465e-05        1
768  2.688971e-04        1
769  7.079576e-04        1
770  8.821055e-05        1
771  4.851595e-05        1
772  1.757533e-03        1
773  1.129578e-04        1
774  1.833855e-04        1
775  4.019624e-03        1
776  6.753106e-04        1
777  1.430120e-03        1
778  1.440951e-04        1
779  1.493643e-03        1
780  3.655247e-03        1
781  3.013830e-04        1
782  3.379409e-07        1
783  1.813802e-06        1
784  9.754824e-04        1
785  5.901343e-04        1
786  2.013113e-04        1
787  2.062698e-07        1
788  9.355053e-06        1
789  3.421148e-03        1
790  9.217281e-04        1
791  1.834289e-04        1
792  5.698330e-05        1
793  1.390588e-04        1
794  5.652063e-07        1
795  2.642306e-04        1
796  4.642583e-07        1
797  4.230600e-04        1
798  3.770179e-07        1
799  1.498592e-06        1
800  1.076228e-03        1
801  3.476728e-05        1
802  5.393758e-04        1
803  5.409241e-06        1
804  6.317866e-04        1
805  7.028410e-05        1
806  3.124892e-04        1
807  1.438415e-03        1
808  3.898870e-05        1
809  3.185911e-04        1
810  6.891243e-05        1
811  2.448299e-04        1
812  1.637956e-04        1
813  2.135829e-05        1
814  1.528567e-03        1
815  1.040469e-03        1
816  6.951550e-04        1
817  2.852942e-03        1
818  7.421160e-04        1
819  7.708107e-04        1
820  2.666346e-05        1
821  1.425917e-04        1
822  2.960108e-04        1
823  4.288539e-06        1
824  2.527465e-04        1
825  9.691695e-04        1
826  7.567492e-06        1
827  1.416248e-05        1
828  1.086959e-03        1
829  3.906277e-06        1
830  3.918440e-04        1
831  8.342683e-05        1
832  3.696055e-05        1
833  4.274490e-07        1
834  8.674526e-05        1
835  4.280073e-04        1
836  7.666163e-05        1
837  6.832705e-04        1
838  1.756817e-05        1
839  5.736262e-06        1
840  5.664782e-03        1
841  5.956904e-04        1
842  1.145309e-04        1
843  5.385479e-04        1
844  3.580231e-04        1
845  2.086571e-06        1
846  4.231714e-03        1
847  7.869592e-05        1
848  1.190067e-03        1
849  1.785331e-04        1
850  9.188054e-06        1
851  2.541568e-03        1
852  1.891521e-04        1
853  8.496495e-05        1
854  1.097899e-04        1
855  6.241603e-04        1
856  1.517247e-03        1
857  3.092399e-05        1
858  2.852155e-03        1
859  1.113953e-03        1
860  2.296418e-03        1
861  3.165163e-05        1
862  3.307225e-03        1
863  1.712130e-04        1
864  4.975161e-05        1
865  1.775291e-06        1
866  9.315251e-04        1
867  7.000003e-04        1
868  3.270355e-07        1
869  1.113836e-03        1
870  6.436956e-05        1
871  8.681430e-04        1
872  1.086291e+00 <0.01928
873  1.052480e-03        1
874  1.158370e-03        1
875  1.304003e-06        1
876  1.232624e-05        1
877  3.783075e-05        1
878  5.072856e-04        1
879  8.579217e-07        1
880  9.029102e-03        1
881  7.281220e-04        1
882  2.856406e-04        1
883  3.681324e-04        1
884  3.477462e-05        1
885  4.165901e-05        1
886  2.661452e-05        1
887  8.732315e-04        1
888  2.247069e-04        1
889  2.012529e-04        1
890  1.629464e-04        1
891  5.135963e-04        1
892  5.476068e-04        1
893  8.683598e-05        1
894  8.515617e-04        1
895  1.440517e-04        1
896  1.089202e-03        1
897  8.294180e-04        1
898  2.096456e-04        1
899  8.121868e-07        1
900  1.288337e-03        1
901  1.629646e-04        1
902  1.532064e-04        1
903  8.829501e-04        1
904  2.700951e-04        1
905  1.354656e-05        1
906  4.750366e-04        1
907  5.010680e-07        1
908  1.405933e-03        1
909  2.210156e-05        1
910  8.110482e-05        1
911  6.301234e-04        1
912  3.773297e-04        1
913  1.285844e-04        1
914  6.054293e-05        1
915  7.165523e-05        1
916  6.127729e-06        1
917  5.211665e-04        1
918  1.152297e-06        1
919  7.652485e-04        1
920  6.716820e-04        1
921  1.528480e-05        1
922  3.213696e-06        1
923  5.589975e-04        1
924  2.051915e-03        1
925  5.517244e-04        1
926  1.622189e-03        1
927  2.791131e-04        1
928  6.391388e-05        1
929  2.275661e-04        1
930  1.440100e-03        1
931  1.091833e-05        1
932  1.829980e-03        1
933  2.704721e-05        1
934  8.606784e-04        1
935  9.155972e-06        1
936  5.277781e-04        1
937  1.165806e-04        1
938  1.686857e-04        1
939  1.017323e-04        1
940  2.797422e-05        1
941  3.781707e-04        1
942  7.946489e-04        1
943  4.286819e-05        1
944  1.428557e-03        1
945  2.195713e-05        1
946  6.224796e-03 <0.01928
947  2.486421e-05        1
948  8.886649e-09        1
949  1.437333e-06        1
950  1.416168e-03        1
951  2.198076e-05        1
952  1.141765e-03        1
953  6.543463e-03        1
954  6.348886e-04        1
955  2.220354e-04        1
956  1.090591e-05        1
957  1.565281e-04        1
958  1.804580e-03        1
959  2.388524e-03        1
960  3.136868e-04        1
961  3.261490e-04        1
962  1.604983e-04        1
963  3.086406e-04        1
964  3.465814e-04        1
965  7.725082e-05        1
966  1.449571e-03        1
967  1.193513e-04        1
968  1.603990e-03        1
969  1.298073e-04        1
970  5.752321e-03        1
971  9.377570e-05        1
972  8.056527e-05        1
973  8.583128e-05        1
974  1.237157e-06        1
975  2.781021e-04        1
976  1.934123e-03        1
977  3.518907e-04        1
978  1.516377e-04        1
979  9.357924e-04        1
980  3.442718e-05        1
981  4.274231e-05        1
982  2.547013e-04        1
983  1.850598e-04        1
984  4.867857e-05        1
985  9.828784e-04        1
986  7.981627e-08        1
987  4.354592e-05        1
988  6.638102e-05        1
989  3.118930e-04        1
990  1.200666e-03        1
991  2.784180e-03        1
992  1.144778e-03        1
993  7.023698e-05        1
994  1.435300e-04        1
995  2.097572e-04        1
996  8.813491e-06        1
997  5.405840e-05        1
998  2.651577e-05        1
999  1.443467e-05        1
1000 3.417756e-05        1
1001 7.153144e-04        1
1002 1.440702e-04        1
1003 1.534882e-05        1
1004 1.866862e-04        1
1005 3.498510e-05        1
1006 1.266465e-05        1
1007 6.279840e-06        1
1008 1.202173e-04        1
1009 3.817431e-04        1
1010 3.482052e-05        1
1011 1.374495e-04        1
1012 1.598490e-05        1
1013 1.367637e-05        1
1014 1.016656e-06        1
1015 5.912814e-04        1
1016 4.959822e-04        1
1017 2.254036e-06        1
1018 2.733615e-04        1
1019 8.787510e-05        1
1020 1.308511e-08        1
1021 1.091091e-05        1
1022 2.157198e-04        1
1023 3.537184e-04        1
1024 8.282101e-04        1
1025 3.493802e-04        1
1026 1.611519e-04        1
1027 7.722929e-05        1
1028 7.614747e-04        1
1029 7.270691e-04        1
1030 8.714813e-04        1
1031 1.131444e-04        1
1032 2.495972e-04        1
1033 4.757143e-05        1
1034 3.208092e-04        1
1035 1.705068e-06        1
1036 4.040643e-04        1
1037 1.445740e-03        1
1038 2.911968e-05        1
1039 2.242195e-04        1
1040 7.211184e-05        1
1041 4.454325e-03  0.05784
1042 1.453594e-04        1
1043 3.505769e-04        1
1044 3.285349e-04        1
1045 3.433887e-06        1
1046 4.308296e-05        1
1047 1.568658e-04        1
1048 9.199919e-07        1
1049 1.018888e-03        1
1050 2.116288e-05        1
1051 2.820271e-04        1
1052 4.995341e-04        1
1053 2.275580e-06        1
1054 1.276550e-03        1
1055 3.890318e-05        1
1056 1.154705e-04        1
1057 6.738710e-04        1
1058 1.763959e-05        1
1059 7.300200e-05        1
1060 8.365755e-05        1
1061 5.467312e-04        1
1062 4.968914e-05        1
1063 4.787598e-05        1
1064 1.286247e-05        1
1065 5.440675e-05        1
1066 5.356861e-07        1
1067 5.101800e-04        1
1068 2.628491e-05        1
1069 5.236054e-04        1
1070 2.824487e-05        1
1071 7.252046e-05        1
1072 1.739213e-04        1
1073 5.476239e-04        1
1074 1.952160e-06        1
1075 2.423075e-05        1
1076 1.345612e-03        1
1077 1.508165e-03        1
1078 3.052897e-04        1
1079 2.897315e-04        1
1080 9.131158e-06        1
1081 1.050905e-03        1
1082 1.748725e-04        1
1083 1.805076e-05        1
1084 2.502355e-05        1
1085 6.615026e-04        1
1086 3.963833e-05        1
1087 2.284401e-04        1
1088 6.959877e-05        1
1089 1.113418e-04        1
1090 1.112067e-03        1
1091 8.562376e-05        1
1092 7.874140e-04        1
1093 9.422402e-04        1
1094 2.077255e-06        1
1095 5.571999e-05        1
1096 3.748728e-05        1
1097 5.661648e-04        1
1098 2.351565e-04        1
1099 2.588217e-04        1
1100 9.588731e-04        1
1101 1.949164e-04        1
1102 5.754569e-05        1
1103 7.640599e-04        1
1104 3.356821e-05        1
1105 3.493709e-04        1
1106 3.406293e-04        1
1107 3.008358e-05        1
1108 6.140779e-07        1
1109 1.279672e-03        1
1110 2.197607e-04        1
1111 1.904155e-04        1
1112 3.725777e-04        1
1113 8.821029e-04        1
1114 2.110510e-04        1
1115 9.630105e-04        1
1116 2.068723e-05        1
1117 1.830407e-04        1
1118 2.715728e-06        1
1119 1.931862e-04        1
1120 3.837526e-04        1
1121 1.694736e-05        1
1122 2.785133e-06        1
1123 3.452913e-04        1
1124 2.779060e-03        1
1125 1.501761e-04        1
1126 3.445972e-04        1
1127 7.254542e-05        1
1128 4.783127e-07        1
1129 6.651656e-04        1
1130 3.265293e-04        1
1131 2.283610e-04        1
1132 1.002527e-04        1
1133 2.353494e-04        1
1134 2.655000e-04        1
1135 3.605907e-05        1
1136 1.479584e-03        1
1137 7.834744e-04        1
1138 8.192432e-06        1
1139 1.429211e-04        1
1140 6.255932e-04        1
1141 1.056214e-03        1
1142 9.717145e-05        1
1143 2.062429e-04        1
1144 2.191956e-05        1
1145 2.434704e-05        1
1146 6.658031e-04        1
1147 4.071054e-04        1
1148 4.770686e-04        1
1149 8.924151e-07        1
1150 1.557479e-03        1
1151 7.885857e-04        1
1152 5.630827e-04        1
1153 1.618847e-03        1
1154 2.719708e-05        1
1155 4.419616e-04        1
1156 6.246090e-04        1
1157 3.662887e-04        1
1158 1.134380e-03        1
1159 4.884698e-05        1
1160 1.095702e-03        1
1161 3.661114e-04        1
1162 1.528827e-08        1
1163 1.060922e-06        1
1164 1.620007e-04        1
1165 7.977562e-04        1
1166 4.962959e-04        1
1167 4.412671e-03        1
1168 5.289268e-05        1
1169 7.358244e-04        1
1170 2.353257e-05        1
1171 2.954031e-04        1
1172 4.211041e-04        1
1173 1.414923e-03        1
1174 1.239207e-04        1
1175 8.098788e-05        1
1176 1.038005e-03        1
1177 7.604913e-05        1
1178 2.474096e-05        1
1179 8.123172e-05        1
1180 3.663438e-03  0.25064
1181 5.970886e-06        1
1182 1.795269e-04        1
1183 3.540626e-04        1
1184 1.323767e-04        1
1185 3.652507e-04        1
1186 8.228823e-04        1
1187 4.594999e-04        1
1188 9.511042e-06        1
1189 4.866755e-06        1
1190 4.662240e-04        1
1191 2.466081e-04        1
1192 3.040085e-04        1
1193 1.688709e-04        1
1194 7.547649e-06        1
1195 3.592162e-04        1
1196 1.615521e-04        1
1197 2.338653e-04        1
1198 3.284141e-05        1
1199 7.915152e-04        1
1200 4.122806e-03        1
1201 1.077955e-04        1
1202 1.228363e-06        1
1203 2.588689e-04        1
1204 3.849019e-03  0.52056
1205 6.406142e-04        1
1206 2.288473e-04        1
1207 5.882249e-05        1
1208 2.698014e-04        1
1209 6.837488e-04        1
1210 1.278298e-05        1
1211 2.621053e-04        1
1212 6.099574e-05        1
1213 4.815054e-04        1
1214 9.358299e-05        1
1215 2.181328e-03        1
1216 8.172435e-06        1
1217 8.268269e-04        1
1218 2.302165e-05        1
1219 7.724312e-05        1
1220 1.782209e-04        1
1221 3.657380e-04        1
1222 8.840917e-04        1
1223 1.421253e-04        1
1224 6.061492e-05        1
1225 2.564638e-04        1
1226 2.928596e-04        1
1227 1.266807e-04        1
1228 2.071615e-06        1
1229 1.194676e-03        1
1230 7.849778e-06        1
1231 2.010034e-04        1
1232 8.650400e-04        1
1233 1.283317e-04        1
1234 1.852849e-05        1
1235 6.454524e-08        1
1236 1.154256e-04        1
1237 5.187243e-04        1
1238 2.959162e-04        1
1239 9.272822e-05        1
1240 8.668945e-05        1
1241 1.619623e-04        1
1242 1.201040e-03        1
1243 1.087563e-05        1
1244 1.286794e-03        1
1245 3.375909e-07        1
1246 3.053683e-04        1
1247 1.231508e-04        1
1248 1.739193e-06        1
1249 1.573080e-04        1
1250 3.338432e-05        1
1251 1.238353e-05        1
1252 3.611042e-03        1
1253 4.867568e-05        1
1254 7.879993e-05        1
1255 9.447063e-05        1
1256 8.891838e-04        1
1257 6.787135e-05        1
1258 5.399274e-04        1
1259 3.203548e-04        1
1260 4.968330e-04        1
1261 1.129611e-04        1
1262 1.300346e-04        1
1263 9.947159e-05        1
1264 8.243193e-07        1
1265 1.728368e-05        1
1266 1.588052e-06        1
1267 2.437512e-04        1
1268 1.541277e-04        1
1269 1.847276e-05        1
1270 1.858273e-04        1
1271 3.107388e-04        1
1272 6.063196e-05        1
1273 3.482807e-05        1
1274 1.188559e-04        1
1275 2.731354e-04        1
1276 6.807911e-05        1
1277 4.110183e-04        1
1278 1.008311e-05        1
1279 1.417261e-06        1
1280 1.560023e-04        1
1281 1.832179e-04        1
1282 9.312889e-05        1
1283 2.177008e-06        1
1284 5.053578e-04        1
1285 2.899540e-05        1
1286 2.555042e-03        1
1287 3.962617e-04        1
1288 1.426522e-03        1
1289 6.581950e-05        1
1290 1.818079e-04        1
1291 9.259139e-04        1
1292 6.560254e-05        1
1293 1.090114e-03        1
1294 6.545746e-04        1
1295 8.580454e-05        1
1296 9.975265e-04        1
1297 4.432595e-04        1
1298 3.023581e-04        1
1299 2.053806e-04        1
1300 6.602708e-04        1
1301 6.782940e-06        1
1302 4.587132e-06        1
1303 1.418202e-04        1
1304 1.397535e-04        1
1305 2.558670e-05        1
1306 2.916451e-05        1
1307 1.853171e-05        1
1308 4.063011e-04        1
1309 3.252673e-05        1
1310 4.351627e-05        1
1311 2.656117e-04        1
1312 1.969940e-04        1
1313 3.013376e-05        1
1314 9.169046e-05        1
1315 2.373181e-08        1
1316 3.949996e-05        1
1317 3.590221e-05        1
1318 1.736584e-04        1
1319 5.458627e-04        1
1320 6.435013e-05        1
1321 1.457945e-04        1
1322 4.770806e-04        1
1323 1.443232e-06        1
1324 1.714699e-03        1
1325 2.337840e-04        1
1326 5.685781e-05        1
1327 2.555893e-07        1
1328 1.387981e-04        1
1329 1.975002e-03        1
1330 3.899423e-04        1
1331 1.318257e-03        1
1332 4.472981e-06        1
1333 8.900970e-05        1
1334 5.583972e-05        1
1335 4.255399e-04        1
1336 4.148264e-04        1
1337 1.278504e-03        1
1338 1.300028e-04        1
1339 5.794952e-05        1
1340 3.852604e-04        1
1341 4.672873e-04        1
1342 9.279148e-05        1
1343 7.004033e-05        1
1344 1.027941e-04        1
1345 1.211841e-03        1
1346 1.084570e-05        1
1347 1.182842e-03        1
1348 7.646668e-06        1
1349 1.130554e-04        1
1350 1.163838e-05        1
1351 3.534438e-04        1
1352 6.780575e-04        1
1353 1.717013e-04        1
1354 1.665678e-03        1
1355 2.077625e-04        1
1356 7.117653e-05        1
1357 5.112693e-03  0.07712
1358 2.090143e-05        1
1359 3.436478e-06        1
1360 2.105082e-04        1
1361 9.372765e-04        1
1362 3.115636e-06        1
1363 2.920107e-04        1
1364 4.249094e-04        1
1365 9.428862e-04        1
1366 1.666945e-04        1
1367 3.648052e-04        1
1368 2.458893e-06        1
1369 8.459847e-06        1
1370 5.663893e-04        1
1371 1.309941e-04        1
1372 4.278615e-05        1
1373 1.763061e-04        1
1374 1.117048e-03        1
1375 7.159959e-05        1
1376 4.326316e-04        1
1377 2.048173e-04        1
1378 1.619861e-06        1
1379 1.066975e-04        1
1380 2.653690e-04        1
1381 2.310925e-04        1
1382 4.718894e-04        1
1383 1.739734e-07        1
1384 2.433127e-05        1
1385 4.182528e-04        1
1386 1.028111e-04        1
1387 1.116718e-03        1
1388 1.167656e-04        1
1389 2.346368e-04        1
1390 1.449397e-05        1
1391 2.745661e-03        1
1392 6.453814e-04        1
1393 7.614915e-04        1
1394 3.620161e-04        1
1395 2.536318e-04        1
1396 8.853162e-04        1
1397 4.763190e-04        1
1398 1.819223e-04        1
1399 1.295695e-03        1
1400 6.939108e-04        1
1401 3.808650e-07        1
1402 3.024080e-03        1
1403 3.161813e-04        1
1404 4.330631e-04        1
1405 2.738242e-04        1
1406 2.138733e-04        1
1407 4.274223e-04        1
1408 3.552683e-04        1
1409 1.968273e-04        1
1410 4.245134e-04        1
1411 8.803332e-06        1
1412 6.402330e-05        1
1413 2.051995e-05        1
1414 4.065538e-05        1
1415 4.848889e-06        1
1416 2.332998e-04        1
1417 2.522452e-04        1
1418 6.614140e-05        1
1419 5.121709e-04        1
1420 2.546243e-05        1
1421 1.433744e-04        1
1422 4.618625e-04        1
1423 1.025302e-03        1
1424 4.130509e-08        1
1425 2.283396e-04        1
1426 3.052869e-05        1
1427 5.319040e-04        1
1428 4.404654e-04        1
1429 2.790659e-05        1
1430 1.709407e-04        1
1431 4.401660e-04        1
1432 1.019537e-05        1
1433 2.797583e-04        1
1434 2.868295e-04        1
1435 7.673948e-04        1
1436 6.595800e-05        1
1437 1.532100e-04        1
1438 3.994874e-04        1
1439 6.133123e-04        1
1440 1.852732e-04        1
1441 1.448914e-03        1
1442 6.952637e-04        1
1443 7.594433e-04        1
1444 2.444199e-04        1
1445 1.011318e-04        1
1446 1.995601e-05        1
1447 1.899605e-04        1
1448 6.009243e-04        1
1449 7.198870e-06        1
1450 1.233552e-06        1
1451 7.882192e-07        1
1452 1.798174e-04        1
1453 1.728803e-03        1
1454 5.136656e-08        1
1455 3.992213e-05        1
1456 2.250240e-04        1
1457 6.075547e-06        1
1458 1.086857e-04        1
1459 3.901855e-04        1
1460 1.012210e-04        1
1461 1.821393e-03        1
1462 3.503310e-04        1
1463 1.142780e-03        1
1464 2.032968e-05        1
1465 4.180809e-05        1
1466 4.033854e-04        1
1467 1.103581e-05        1
1468 8.159181e-04        1
1469 1.872118e-04        1
1470 1.857616e-03        1
1471 1.295304e-04        1
1472 2.242069e-04        1
1473 7.622774e-05        1
1474 1.456486e-05        1
1475 8.250027e-07        1
1476 1.057723e-03        1
1477 5.335693e-04        1
1478 3.224852e-05        1
1479 1.741592e-05        1
1480 6.563866e-05        1
1481 2.721743e-04        1
1482 1.479779e-03        1
1483 4.003817e-04        1
1484 2.558527e-02        1
1485 7.609989e-05        1
1486 2.328260e-06        1
1487 5.791327e-08        1
1488 3.150100e-04        1
1489 4.141444e-05        1
1490 2.638606e-05        1
1491 7.188746e-05        1
1492 6.786995e-05        1
1493 1.201798e-03        1
1494 1.386006e-04        1
1495 4.043174e-04        1
1496 1.713375e-04        1
1497 3.829504e-04        1
1498 4.838809e-05        1
1499 2.511110e-05        1
1500 2.201148e-06        1
1501 1.515148e-06        1
1502 4.880385e-05        1
1503 1.043023e-03        1
1504 4.879437e-04        1
1505 3.841255e-05        1
1506 1.310974e-03        1
1507 7.535686e-05        1
1508 1.625074e-04        1
1509 1.297647e-04        1
1510 9.575600e-05        1
1511 1.171539e-05        1
1512 1.605937e-04        1
1513 1.042761e-05        1
1514 3.926896e-06        1
1515 1.103185e-05        1
1516 2.466844e-04        1
1517 3.600955e-04        1
1518 2.983267e-06        1
1519 3.559406e-04        1
1520 1.221135e-05        1
1521 2.711462e-05        1
1522 6.269277e-05        1
1523 5.841437e-07        1
1524 7.985804e-06        1
1525 2.943562e-04        1
1526 1.664197e-04        1
1527 2.999507e-04        1
1528 2.905268e-04        1
1529 6.508531e-04        1
1530 1.142573e-03        1
1531 2.963885e-04        1
1532 1.065170e-03        1
1533 1.057105e-04        1
1534 5.922985e-04        1
1535 1.500555e-04        1
1536 2.844489e-05        1
1537 6.967169e-05        1
1538 5.240853e-04        1
1539 5.299830e-04        1
1540 2.186691e-04        1
1541 6.933226e-04        1
1542 7.703929e-04        1
1543 6.099444e-05        1
1544 5.796411e-04        1
1545 9.333149e-04        1
1546 5.262769e-05        1
1547 6.878409e-04        1
1548 2.104280e-04        1
1549 5.740434e-04        1
1550 1.690822e-04        1
1551 6.403378e-04        1
1552 3.724835e-05        1
1553 7.899617e-04        1
1554 1.048309e-03        1
1555 3.692399e-06        1
1556 1.355888e-05        1
1557 1.253941e-04        1
1558 1.100046e-04        1
1559 2.421872e-03        1
1560 4.747960e-04        1
1561 8.008605e-04        1
1562 8.768104e-04        1
1563 2.847430e-05        1
1564 3.720354e-03  0.07712
1565 3.497810e-05        1
1566 1.212177e-05        1
1567 2.039586e-06        1
1568 1.020309e-02        1
1569 9.498713e-06        1
1570 1.251605e-05        1
1571 2.894892e-05        1
1572 1.549279e-05        1
1573 2.868476e-05        1
1574 9.640183e-05        1
1575 2.036286e-05        1
1576 2.164289e-04        1
1577 4.852258e-05        1
1578 2.926473e-04        1
1579 6.680639e-05        1
1580 8.611563e-05        1
1581 9.010370e-05        1
1582 6.384617e-05        1
1583 3.515432e-05        1
1584 3.032321e-05        1
1585 3.109585e-05        1
1586 5.027135e-05        1
1587 8.136620e-05        1
1588 1.844921e-03        1
1589 7.737741e-04        1
1590 2.680517e-05        1
1591 1.279646e-04        1
1592 1.114297e-04        1
1593 9.622277e-05        1
1594 1.169931e-04        1
1595 1.229648e-04        1
1596 6.021604e-04        1
1597 6.423688e-07        1
1598 3.771052e-04        1
1599 2.104780e-05        1
1600 9.498939e-06        1
1601 3.631738e-05        1
1602 1.287059e-04        1
1603 2.687902e-07        1
1604 6.221859e-02  0.01928
1605 2.455819e-04        1
1606 8.956353e-04        1
1607 2.944040e-04        1
1608 5.067448e-06        1
1609 1.429217e-07        1
1610 3.643138e-06        1
1611 2.802231e-06        1
1612 2.504101e-03        1
1613 5.085453e-04        1
1614 1.646939e-04        1
1615 9.632369e-07        1
1616 2.424815e-06        1
1617 3.060596e-05        1
1618 1.140639e-04        1
1619 1.232527e-05        1
1620 1.894166e-04        1
1621 6.557342e-05        1
1622 1.562611e-03        1
1623 2.007332e-04        1
1624 5.802686e-05        1
1625 3.136391e-04        1
1626 6.808520e-04        1
1627 4.332100e-04        1
1628 1.007654e-06        1
1629 5.376878e-04        1
1630 4.734524e-04        1
1631 3.174478e-04        1
1632 6.559650e-05        1
1633 1.545032e-03        1
1634 5.062693e-05        1
1635 1.288595e-06        1
1636 4.694089e-08        1
1637 5.079090e-06        1
1638 2.456665e-04        1
1639 6.484816e-04        1
1640 5.549260e-06        1
1641 3.177008e-04        1
1642 5.509664e-05        1
1643 6.026492e-05        1
1644 1.324491e-03        1
1645 1.084547e-02        1
1646 4.230696e-06        1
1647 8.720264e-05        1
1648 2.017410e-03        1
1649 3.571728e-04        1
1650 2.053435e-04        1
1651 7.326158e-06        1
1652 5.714823e-04        1
1653 1.254988e-03        1
1654 3.486555e-04        1
1655 2.940197e-04        1
1656 4.888870e-05        1
1657 5.682950e-05        1
1658 9.935150e-05        1
1659 7.585581e-04        1
1660 1.256997e-04        1
1661 1.222901e-04        1
1662 3.510664e-07        1
1663 3.654228e-04        1
1664 1.196565e-04        1
1665 4.290005e-04        1
1666 1.397985e-04        1
1667 4.176812e-06        1
1668 1.005504e-04        1
1669 4.532142e-04        1
1670 4.004052e-03        1
1671 1.220762e-06        1
1672 3.129339e-04        1
1673 2.477545e-03        1
1674 1.792715e-04        1
1675 9.126315e-05        1
1676 1.271805e-04        1
1677 6.156972e-05        1
1678 4.729807e-07        1
1679 2.922597e-04        1
1680 1.234103e-04        1
1681 1.764160e-05        1
1682 5.556563e-07        1
1683 2.125925e-04        1
1684 2.829578e-04        1
1685 1.134058e-03        1
1686 1.664913e-05        1
1687 2.577434e-05        1
1688 9.613786e-05        1
1689 4.135346e-05        1
1690 7.930040e-04        1
1691 2.223531e-04        1
1692 5.201000e-04        1
1693 1.038061e-07        1
1694 1.065194e-08        1
1695 4.973075e-04        1
1696 1.101080e-05        1
1697 4.985597e-06        1
1698 1.664486e-05        1
1699 1.232367e-03        1
1700 1.442750e-03        1
1701 2.787415e-04        1
1702 4.740653e-05        1
1703 1.501662e-05        1
1704 4.468771e-05        1
1705 1.504309e-03        1
1706 6.475900e-04        1
1707 6.204349e-06        1
1708 8.149704e-04        1
1709 1.636059e-04        1
1710 6.647390e-06        1
1711 7.066806e-04        1
1712 5.616994e-05        1
1713 9.156179e-04        1
1714 1.367152e-07        1
1715 4.663942e-04        1
1716 1.774911e-04        1
1717 4.462497e-04        1
1718 2.917906e-05        1
1719 3.631064e-04        1
1720 1.459306e-06        1
1721 3.010193e-06        1
1722 3.779590e-04        1
1723 2.268470e-06        1
1724 3.214131e-07        1
1725 2.582757e-04        1
1726 5.308350e-05        1
1727 3.878852e-05        1
1728 2.612648e-06        1
1729 1.346170e-04        1
1730 1.432238e-03        1
1731 2.237076e-05        1
1732 2.935446e-04        1
1733 6.688885e-06        1
1734 2.074548e-04        1
1735 4.548546e-08        1
1736 5.168814e-04        1
1737 7.842174e-04        1
1738 1.368317e-04        1
1739 6.949505e-04        1
1740 3.377494e-05        1
1741 4.747357e-04        1
1742 8.637270e-04        1
1743 4.979481e-05        1
1744 8.183078e-06        1
1745 9.553496e-06        1
1746 1.293744e-03        1
1747 8.363861e-04        1
1748 9.154986e-05        1
1749 8.001734e-07        1
1750 2.596358e-04        1
1751 3.963129e-04        1
1752 2.013546e-04        1
1753 9.744444e-04        1
1754 2.727458e-04        1
1755 9.241044e-05        1
1756 1.317436e-04        1
1757 4.459141e-04        1
1758 3.914043e-04        1
1759 3.868820e-04        1
1760 2.368429e-06        1
1761 3.598656e-03        1
1762 9.787584e-04        1
1763 2.648655e-05        1
1764 7.239616e-05        1
1765 1.003266e-06        1
1766 4.833846e-05        1
1767 1.963294e-03        1
1768 7.933785e-04        1
1769 1.204328e-04        1
1770 1.996799e-05        1
1771 3.540165e-06        1
1772 2.276316e-05        1
1773 2.595184e-04        1
1774 3.214264e-06        1
1775 5.962112e-04        1
1776 3.698456e-04        1
1777 9.554252e-05        1
1778 1.089078e-03        1
1779 1.028112e-04        1
1780 1.277364e-04        1
1781 7.048948e-06        1
1782 3.503043e-05        1
1783 9.308200e-04        1
1784 9.834951e-04        1
1785 1.647769e-04        1
1786 5.633943e-04        1
1787 1.803281e-04        1
1788 2.070085e-06        1
1789 3.318468e-04        1
1790 4.927352e-05        1
1791 6.641992e-04        1
1792 4.225712e-04        1
1793 1.088985e-04        1
1794 8.271239e-04        1
1795 8.134183e-06        1
1796 7.006741e-05        1
1797 2.819967e-04        1
1798 3.001691e-04        1
1799 1.769550e-03        1
1800 1.327288e-03        1
1801 1.254945e-06        1
1802 3.600338e-04        1
1803 7.000953e-03 <0.01928
1804 2.218142e-04        1
1805 2.789048e-04        1
1806 8.670562e-05        1
1807 5.803924e-03        1
1808 5.481161e-05        1
1809 1.889724e-04        1
1810 4.212683e-04        1
1811 2.226860e-04        1
1812 2.555726e-04        1
1813 6.205864e-04        1
1814 2.260167e-05        1
1815 3.678503e-04        1
1816 8.209539e-05        1
1817 2.111320e-05        1
1818 8.037055e-04        1
1819 5.940955e-04        1
1820 4.015826e-07        1
1821 7.769917e-05        1
1822 9.996050e-04        1
1823 7.757627e-04        1
1824 4.397452e-04        1
1825 7.820781e-05        1
1826 1.184577e-05        1
1827 2.156436e-04        1
1828 1.053470e-03        1
1829 1.085791e-05        1
1830 4.816872e-04        1
1831 4.917243e-05        1
1832 3.269187e-04        1
1833 2.014585e-04        1
1834 1.712409e-04        1
1835 1.692073e-04        1
1836 2.857769e-04        1
1837 1.736304e-05        1
1838 1.115818e-04        1
1839 4.092767e-03        1
1840 8.457710e-04        1
1841 1.196489e-04        1
1842 2.001863e-03        1
1843 3.939901e-05        1
1844 4.890803e-04        1
1845 8.026916e-04        1
1846 3.480347e-04        1
1847 1.134612e-03        1
1848 5.242386e-05        1
1849 2.951462e-04        1
1850 9.914730e-04        1
1851 2.110581e-04        1
1852 4.273242e-05        1
1853 9.736996e-04        1
1854 2.519859e-03        1
1855 5.421174e-05        1
1856 3.989521e-06        1
1857 1.177282e-03        1
1858 3.504896e-04        1
1859 4.782091e-04        1
1860 4.490272e-05        1
1861 1.935645e-03        1
1862 3.744148e-04        1
1863 1.752173e-04        1
1864 9.299966e-05        1
1865 5.887672e-05        1
1866 4.636855e-06        1
1867 1.937762e-03        1
1868 1.251099e-03        1
1869 1.515390e-04        1
1870 5.977536e-04        1
1871 1.563782e-04        1
1872 8.896504e-05        1
1873 9.676803e-04        1
1874 7.673070e-06        1
1875 3.129660e-05        1
1876 1.849699e-04        1
1877 9.771186e-05        1
1878 2.381004e-04        1
1879 1.003608e-04        1
1880 3.141670e-05        1
1881 4.057116e-04        1
1882 3.603466e-04        1
1883 2.335984e-04        1
1884 6.161863e-05        1
1885 3.843916e-05        1
1886 3.444663e-05        1
1887 4.176363e-05        1
1888 3.241271e-07        1
1889 5.662987e-04        1
1890 1.530990e-04        1
1891 8.047085e-04        1
1892 9.036960e-05        1
1893 8.415034e-03        1
1894 2.651206e-07        1
1895 2.129780e-04        1
1896 1.083453e-03        1
1897 7.693755e-05        1
1898 2.801789e-03        1
1899 2.744365e-07        1
1900 6.849451e-07        1
1901 7.561157e-04        1
1902 3.320131e-04        1
1903 2.262293e-04        1
1904 9.257336e-05        1
1905 9.982949e-04        1
1906 1.254476e-03        1
1907 7.738835e-06        1
1908 2.087204e-03        1
1909 5.143191e-04        1
1910 2.845847e-03        1
1911 2.378093e-04        1
1912 1.360927e-04        1
1913 1.081418e-05        1
1914 9.649113e-04        1
1915 6.657460e-04        1
1916 1.646753e-03        1
1917 1.445125e-04        1
1918 2.856895e-04        1
1919 1.209492e-05        1
1920 1.625233e-03        1
1921 4.719307e-05        1
1922 5.683341e-06        1
1923 1.202593e-03        1
1924 8.708114e-04        1
1925 8.080234e-05        1
1926 4.867118e-04        1
1927 5.998335e-05        1
1928 6.607654e-04        1

$`MR-PRESSO results`$`Distortion Test`
$`MR-PRESSO results`$`Distortion Test`$`Outliers Indices`
[1]  872  946 1604 1803

$`MR-PRESSO results`$`Distortion Test`$`Distortion Coefficient`
beta.exposure 
    -165.3709 

$`MR-PRESSO results`$`Distortion Test`$Pvalue
[1] 0.28883



