$`Main MR results`
       Exposure       MR Analysis Causal Estimate         Sd    T-stat
1 beta.exposure               Raw     0.008624262 0.02051101 0.4204699
2 beta.exposure Outlier-corrected     0.016018612 0.01951773 0.8207211
    P-value
1 0.6753134
2 0.4143720

$`MR-PRESSO results`
$`MR-PRESSO results`$`Global Test`
$`MR-PRESSO results`$`Global Test`$RSSobs
[1] 104.2373

$`MR-PRESSO results`$`Global Test`$Pvalue
[1] 0.0301


$`MR-PRESSO results`$`Outlier Test`
         RSSobs Pvalue
1  4.660586e-05      1
2  6.593476e-05      1
3  2.523415e-06      1
4  1.978785e-04 0.0312
5  8.389340e-06      1
6  1.835009e-06      1
7  1.068739e-04      1
8  2.270619e-05      1
9  8.567664e-05      1
10 3.152985e-05      1
11 4.874059e-06      1
12 3.160453e-06      1
13 1.008667e-06      1
14 1.089228e-04      1
15 1.850421e-06      1
16 3.255731e-05      1
17 8.645860e-06      1
18 9.753512e-05      1
19 2.297733e-05      1
20 4.185918e-05      1
21 4.469531e-06      1
22 2.836793e-05      1
23 1.904544e-05      1
24 2.574348e-05      1
25 1.113394e-04      1
26 1.381612e-05      1
27 2.185122e-05      1
28 1.623682e-05      1
29 2.000891e-05      1
30 2.801795e-05      1
31 9.514598e-05      1
32 5.576943e-05      1
33 9.696205e-05      1
34 3.136099e-05      1
35 7.054820e-05      1
36 1.033832e-06      1
37 9.567096e-07      1
38 1.230414e-05      1
39 8.254297e-07      1
40 3.469186e-05      1
41 8.213170e-05      1
42 1.319589e-07      1
43 2.027841e-05      1
44 1.433054e-05      1
45 8.844548e-07      1
46 1.723832e-05      1
47 1.190960e-05      1
48 8.404443e-05      1
49 5.281490e-06      1
50 1.751843e-09      1
51 5.310618e-05      1
52 3.392455e-05      1
53 9.340920e-05      1
54 1.687672e-06      1
55 3.303848e-05      1
56 4.230307e-06      1
57 2.778711e-05      1
58 4.326445e-06      1
59 2.915774e-06      1
60 1.674733e-05      1
61 1.337873e-05      1
62 1.783427e-05      1
63 2.687173e-06      1
64 2.089893e-04      1
65 5.228968e-06      1
66 4.619351e-07      1
67 1.752486e-06      1
68 5.550131e-07      1
69 2.078079e-05      1
70 4.276171e-05      1
71 2.099934e-05      1
72 6.626784e-05      1
73 2.875455e-05      1
74 9.759182e-05      1
75 1.092616e-05      1
76 8.402235e-06      1
77 5.429177e-06      1
78 9.711914e-06      1

$`MR-PRESSO results`$`Distortion Test`
$`MR-PRESSO results`$`Distortion Test`$`Outliers Indices`
[1] 4

$`MR-PRESSO results`$`Distortion Test`$`Distortion Coefficient`
beta.exposure 
    -46.16099 

$`MR-PRESSO results`$`Distortion Test`$Pvalue
[1] 0.7878



