$`Main MR results`
       Exposure       MR Analysis Causal Estimate         Sd    T-stat
1 beta.exposure               Raw      -0.2982094 0.04938683 -6.038238
2 beta.exposure Outlier-corrected      -0.2926959 0.04903217 -5.969465
       P-value
1 1.892870e-09
2 2.867813e-09

$`MR-PRESSO results`
$`MR-PRESSO results`$`Global Test`
$`MR-PRESSO results`$`Global Test`$RSSobs
[1] 2130.937

$`MR-PRESSO results`$`Global Test`$Pvalue
[1] "<1e-05"


$`MR-PRESSO results`$`Outlier Test`
           RSSobs   Pvalue
1    1.351305e-07        1
2    5.687839e-06        1
3    1.834707e-04        1
4    6.311856e-06        1
5    1.282484e-03        1
6    1.536995e-03        1
7    2.302968e-05        1
8    3.576266e-04        1
9    1.998365e-04        1
10   1.006746e-05        1
11   2.161543e-05        1
12   7.956408e-04        1
13   2.299124e-03        1
14   6.264378e-05        1
15   9.640074e-04        1
16   2.610865e-04        1
17   1.157582e-04        1
18   6.809059e-06        1
19   2.082858e-05        1
20   1.707512e-04        1
21   2.980555e-05        1
22   6.477502e-05        1
23   3.529330e-05        1
24   4.683973e-04        1
25   4.185601e-05        1
26   3.953339e-04        1
27   1.632958e-07        1
28   8.523537e-04        1
29   2.100248e-03        1
30   3.654222e-04        1
31   3.658332e-06        1
32   2.628356e-05        1
33   1.455619e-03        1
34   5.074754e-06        1
35   7.045690e-09        1
36   2.595637e-04        1
37   8.575919e-04        1
38   3.609570e-06        1
39   1.526604e-05        1
40   1.992892e-03        1
41   1.137914e-03        1
42   6.461067e-04        1
43   6.883555e-05        1
44   4.438988e-03        1
45   7.247623e-04        1
46   2.574018e-04        1
47   1.063652e-04        1
48   5.622706e-04        1
49   1.923693e-04        1
50   7.474306e-04        1
51   9.490737e-04        1
52   1.595911e-03        1
53   1.664721e-06        1
54   6.753079e-04        1
55   3.270233e-04        1
56   1.977260e-04        1
57   2.796756e-04        1
58   6.320157e-04        1
59   4.316224e-04        1
60   9.316477e-06        1
61   3.669756e-04        1
62   1.133609e-03        1
63   2.755408e-04        1
64   3.908407e-04        1
65   1.115262e-04        1
66   2.083225e-04        1
67   1.024694e-04        1
68   8.582824e-05        1
69   4.619225e-03        1
70   1.071269e-05        1
71   4.750626e-04        1
72   2.664317e-05        1
73   2.996637e-06        1
74   8.411495e-05        1
75   8.989607e-04        1
76   3.448832e-04        1
77   1.608977e-03        1
78   3.067495e-07        1
79   1.598223e-03        1
80   5.572764e-04        1
81   1.067919e-05        1
82   6.666734e-05        1
83   6.335210e-05        1
84   8.822917e-05        1
85   2.798844e-04        1
86   2.626846e-05        1
87   3.030397e-05        1
88   1.681202e-04        1
89   3.132049e-03        1
90   4.022487e-05        1
91   9.300233e-04        1
92   1.674826e-04        1
93   9.537285e-05        1
94   7.871661e-04        1
95   9.727989e-07        1
96   1.389010e-04        1
97   1.729879e-04        1
98   3.975147e-04        1
99   2.036881e-05        1
100  2.398852e-04        1
101  1.207101e-03        1
102  1.214107e-04        1
103  4.044172e-04        1
104  3.550238e-04        1
105  3.458115e-06        1
106  1.101823e-03        1
107  3.019173e-04        1
108  1.250623e-03        1
109  6.215590e-04        1
110  2.294579e-06        1
111  1.336488e-06        1
112  1.852672e-04        1
113  1.088287e-04        1
114  2.937629e-05        1
115  2.390461e-03        1
116  2.254810e-05        1
117  1.312852e-03        1
118  3.110676e-04        1
119  1.605748e-05        1
120  5.530984e-04        1
121  2.940253e-05        1
122  1.070699e-04        1
123  2.802682e-03        1
124  4.196572e-04        1
125  1.426061e-04        1
126  2.755471e-04        1
127  6.563562e-04        1
128  1.009596e-03        1
129  1.764476e-04        1
130  4.119135e-04        1
131  5.527971e-06        1
132  3.708378e-05        1
133  2.387816e-04        1
134  3.014866e-04        1
135  1.231696e-05        1
136  6.279472e-05        1
137  1.579165e-05        1
138  1.324180e-04        1
139  1.264132e-03        1
140  9.550774e-06        1
141  4.164837e-05        1
142  1.897846e-04        1
143  1.787264e-04        1
144  9.876759e-05        1
145  3.930115e-04        1
146  5.346748e-04        1
147  1.606297e-04        1
148  1.877741e-05        1
149  8.949738e-06        1
150  6.478361e-04        1
151  9.825310e-04        1
152  1.815995e-04        1
153  1.662058e-04        1
154  2.171605e-04        1
155  9.340207e-04        1
156  7.480870e-04        1
157  1.979552e-05        1
158  5.981632e-05        1
159  6.548339e-04        1
160  2.962724e-05        1
161  2.986581e-04        1
162  2.017738e-04        1
163  1.200266e-03        1
164  1.213149e-04        1
165  5.990825e-04        1
166  1.150409e-04        1
167  9.970570e-05        1
168  1.401843e-03        1
169  3.448223e-05        1
170  7.158957e-04        1
171  1.040144e-04        1
172  1.617624e-04        1
173  1.227418e-04        1
174  2.764715e-03        1
175  2.293548e-04        1
176  2.855666e-03        1
177  8.919850e-06        1
178  5.432592e-05        1
179  9.526344e-05        1
180  6.100409e-05        1
181  5.795073e-03        1
182  4.748723e-03        1
183  1.099416e-05        1
184  3.500932e-02        1
185  3.781955e-04        1
186  9.748661e-04        1
187  7.318260e-04        1
188  1.156944e-03        1
189  8.984594e-04        1
190  1.435301e-04        1
191  3.397704e-03        1
192  1.539433e-03        1
193  3.293520e-03        1
194  1.558445e-03        1
195  1.047251e-03        1
196  1.076717e-05        1
197  5.523878e-03        1
198  3.964131e-05        1
199  3.805407e-03        1
200  2.884131e-03        1
201  1.563896e-04        1
202  9.605568e-04        1
203  2.442935e-04        1
204  1.151629e-02        1
205  4.880281e-04        1
206  6.829771e-04        1
207  4.488921e-05        1
208  1.592979e-02        1
209  6.616245e-04        1
210  8.477412e-03        1
211  3.546788e-04        1
212  2.088879e-04        1
213  1.260740e-03        1
214  7.789734e-06        1
215  2.808985e-04        1
216  1.180350e-03        1
217  1.014266e-03        1
218  8.055288e-05        1
219  1.059367e-04        1
220  2.002530e-04        1
221  7.750215e-04        1
222  9.189526e-04        1
223  1.141282e-04        1
224  7.293360e-05        1
225  5.702615e-04        1
226  2.766559e-03        1
227  5.165762e-05        1
228  5.043534e-07        1
229  1.265779e-05        1
230  4.214686e-04        1
231  2.858938e-04        1
232  1.239464e-04        1
233  8.074307e-04        1
234  5.589693e-04        1
235  5.344688e-05        1
236  6.044068e-04        1
237  4.981307e-04        1
238  1.147309e-03        1
239  6.066118e-05        1
240  4.005307e-04        1
241  8.376136e-06        1
242  7.565545e-03        1
243  3.546860e-06        1
244  3.953431e-05        1
245  1.132286e-03        1
246  3.753724e-05        1
247  6.630092e-04        1
248  3.910022e-04        1
249  1.897659e-02        1
250  1.536826e-04        1
251  9.164723e-05        1
252  8.970118e-04        1
253  9.701857e-07        1
254  6.622734e-06        1
255  1.884906e-03        1
256  1.120773e-04        1
257  8.014676e-05        1
258  8.540891e-06        1
259  3.358569e-04        1
260  9.341628e-05        1
261  2.827854e-05        1
262  5.022360e-03        1
263  3.169581e-05        1
264  3.204112e-03        1
265  1.368545e-06        1
266  4.966780e-04        1
267  2.960324e-04        1
268  1.245167e-03        1
269  1.417976e-04        1
270  1.054443e-02        1
271  5.113326e-05        1
272  1.359525e-02        1
273  9.504614e-03        1
274  3.654014e-04        1
275  7.757231e-04        1
276  1.485718e-05        1
277  2.114340e-06        1
278  3.893516e-05        1
279  1.433803e-03        1
280  1.443119e-08        1
281  5.600563e-04        1
282  9.771185e-05        1
283  6.668166e-04        1
284  7.384592e-05        1
285  1.114796e-03        1
286  3.161343e-04        1
287  1.468680e-04        1
288  1.491130e-04        1
289  7.421205e-05        1
290  9.321517e-05        1
291  6.800025e-04        1
292  6.649488e-05        1
293  1.208263e-04        1
294  3.812342e-04        1
295  1.753791e-05        1
296  1.329924e-04        1
297  2.242157e-05        1
298  2.017027e-04        1
299  8.219164e-04        1
300  2.110172e-04        1
301  1.131070e-04        1
302  3.903476e-05        1
303  3.126329e-04        1
304  3.859945e-04        1
305  1.648556e-04        1
306  1.576028e-05        1
307  6.970075e-04        1
308  1.110215e-04        1
309  4.794973e-05        1
310  2.842744e-04        1
311  8.587074e-05        1
312  1.457068e-04        1
313  3.639640e-04        1
314  3.425960e-06        1
315  1.434519e-05        1
316  2.717082e-04        1
317  8.005635e-05        1
318  1.800388e-02        1
319  4.404125e-03        1
320  7.349715e-04        1
321  2.872816e-05        1
322  2.349419e-04        1
323  4.144136e-05        1
324  4.751101e-04        1
325  9.797415e-05        1
326  5.165052e-05        1
327  2.407314e-05        1
328  3.309209e-05        1
329  5.323830e-05        1
330  5.800694e-04        1
331  6.425684e-05        1
332  2.249310e-04        1
333  2.975946e-04        1
334  4.910665e-04        1
335  4.528577e-06        1
336  1.485407e-04        1
337  4.074747e-05        1
338  9.657067e-04        1
339  7.301581e-05        1
340  1.015957e-04        1
341  1.628342e-05        1
342  4.827276e-04        1
343  3.568285e-04        1
344  1.193322e-03        1
345  3.000314e-05        1
346  2.940033e-04        1
347  5.440494e-06        1
348  1.066764e-05        1
349  6.257833e-04        1
350  2.604557e-05        1
351  2.550352e-04        1
352  2.313054e-05        1
353  2.549304e-05        1
354  2.272003e-03        1
355  2.246808e-05        1
356  3.231564e-05        1
357  3.967116e-04        1
358  5.910578e-04        1
359  1.916624e-05        1
360  4.207315e-07        1
361  2.550337e-04        1
362  2.579272e-05        1
363  6.301152e-06        1
364  2.575525e-05        1
365  1.038992e-03        1
366  1.483212e-03        1
367  2.134138e-04        1
368  1.508393e-04        1
369  2.956026e-04        1
370  5.327750e-04        1
371  1.008542e-04        1
372  7.218610e-04        1
373  4.964789e-04        1
374  1.076479e-03        1
375  3.003788e-05        1
376  2.611194e-04        1
377  3.637121e-04        1
378  8.608588e-04        1
379  6.021890e-04        1
380  3.076983e-05        1
381  1.336239e-03        1
382  1.929148e-04        1
383  3.903782e-05        1
384  1.901702e-05        1
385  8.701894e-05        1
386  9.226783e-05        1
387  1.995354e-04        1
388  1.903047e-03        1
389  4.480906e-04        1
390  3.409208e-05        1
391  3.249945e-03        1
392  1.192153e-03        1
393  3.555702e-04        1
394  2.576363e-04        1
395  2.009861e-02        1
396  1.545485e-05        1
397  1.850792e-04        1
398  4.906049e-05        1
399  9.548624e-05        1
400  2.014224e-04        1
401  9.858668e-04        1
402  1.049163e-03        1
403  3.261390e-04        1
404  2.931406e-06        1
405  3.665454e-05        1
406  1.459993e-04        1
407  5.664261e-04        1
408  2.405393e-04        1
409  2.017946e-04        1
410  1.117487e-04        1
411  9.469658e-07        1
412  3.955097e-05        1
413  2.426249e-05        1
414  4.310810e-05        1
415  9.060357e-05        1
416  5.252010e-05        1
417  1.522304e-04        1
418  8.396033e-04        1
419  6.417613e-05        1
420  8.246541e-05        1
421  3.086514e-04        1
422  1.424298e-04        1
423  1.846376e-04        1
424  1.905766e-04        1
425  1.335882e-04        1
426  2.283734e-04        1
427  1.790846e-04        1
428  2.922409e-04        1
429  7.702251e-05        1
430  4.657806e-04        1
431  1.919731e-03        1
432  8.077970e-04        1
433  4.144542e-05        1
434  1.037997e-03        1
435  5.578173e-05        1
436  5.580080e-05        1
437  4.011728e-05        1
438  3.458175e-04        1
439  1.055359e-04        1
440  7.677643e-05        1
441  8.300443e-04        1
442  3.117498e-04        1
443  2.312965e-06        1
444  3.822103e-03        1
445  6.185085e-05        1
446  8.164099e-05        1
447  6.633881e-04        1
448  4.250421e-06        1
449  2.466016e-05        1
450  4.203009e-09        1
451  3.391393e-05        1
452  1.114060e-04        1
453  1.468492e-05        1
454  3.912938e-03        1
455  1.199612e-04        1
456  1.454012e-06        1
457  1.632446e-04        1
458  1.740395e-04        1
459  3.643615e-05        1
460  6.004672e-04        1
461  4.221280e-05        1
462  5.911742e-04        1
463  8.411458e-08        1
464  7.292748e-04        1
465  4.758827e-04        1
466  3.977095e-05        1
467  3.513914e-04        1
468  2.408256e-04        1
469  1.359909e-03        1
470  2.809031e-05        1
471  9.784560e-05        1
472  1.107803e-04        1
473  7.139160e-04        1
474  6.998938e-05        1
475  1.436704e-04        1
476  4.191890e-05        1
477  7.053045e-06        1
478  1.340253e-04        1
479  8.351250e-05        1
480  6.605310e-04        1
481  1.991254e-04        1
482  4.834571e-04        1
483  2.596677e-05        1
484  2.871319e-04        1
485  5.185072e-03        1
486  2.136702e-03        1
487  6.551075e-04        1
488  6.399318e-03        1
489  6.408855e-03        1
490  8.172962e-04        1
491  1.676104e-03        1
492  2.720595e-03        1
493  4.285652e-05        1
494  1.354307e-05        1
495  2.434658e-05        1
496  7.252928e-06        1
497  3.751635e-04        1
498  1.169755e-03        1
499  3.664855e-05        1
500  6.615618e-06        1
501  3.554005e-06        1
502  6.523406e-05        1
503  3.671348e-03        1
504  1.521114e-04        1
505  1.040955e-04        1
506  3.882245e-04        1
507  4.421180e-04        1
508  1.090327e-05        1
509  5.088257e-06        1
510  2.082882e-04        1
511  1.163048e-04        1
512  1.503903e-03        1
513  1.252726e-04        1
514  2.273978e-05        1
515  9.960511e-05        1
516  1.302569e-04        1
517  7.587412e-04        1
518  2.914617e-04        1
519  3.150655e-02        1
520  8.901765e-05        1
521  8.927641e-04        1
522  4.808115e-04        1
523  3.122412e-04        1
524  8.020656e-04        1
525  9.989565e-05        1
526  1.256104e-05        1
527  6.958058e-04        1
528  7.585672e-04        1
529  6.833340e-04        1
530  3.260589e-04        1
531  1.153784e-04        1
532  5.708829e-04        1
533  1.390200e-04        1
534  5.641784e-05        1
535  1.234938e-04        1
536  9.336472e-05        1
537  7.825604e-04        1
538  3.912883e-03  0.10662
539  3.524430e-05        1
540  6.317274e-04        1
541  4.333846e-04        1
542  7.670854e-05        1
543  1.213002e-05        1
544  7.235306e-05        1
545  7.505790e-05        1
546  3.313044e-04        1
547  1.001409e-03        1
548  1.089130e-04        1
549  6.854527e-04        1
550  1.917669e-04        1
551  1.186228e-04        1
552  4.388589e-05        1
553  2.825430e-05        1
554  3.950495e-05        1
555  7.924554e-05        1
556  3.310111e-05        1
557  6.019008e-04        1
558  2.187829e-05        1
559  1.084830e-07        1
560  2.085767e-05        1
561  1.237125e-04        1
562  2.277673e-06        1
563  6.551209e-04        1
564  1.052339e-04        1
565  7.158919e-05        1
566  1.155359e-04        1
567  1.790704e-03        1
568  1.020500e-03        1
569  8.825765e-04        1
570  3.481551e-04        1
571  3.362515e-04        1
572  2.638225e-04        1
573  8.206482e-05        1
574  7.707669e-05        1
575  8.888477e-08        1
576  2.807336e-03        1
577  1.848815e-04        1
578  8.417502e-04        1
579  4.443894e-04        1
580  1.860922e-04        1
581  1.589077e-03        1
582  2.938010e-03        1
583  8.926445e-05        1
584  2.021202e-03        1
585  4.624881e-05        1
586  2.185760e-05        1
587  5.596639e-03        1
588  2.406201e-05        1
589  1.228383e-04        1
590  4.094249e-04        1
591  3.480946e-04        1
592  6.972399e-04        1
593  1.678294e-04        1
594  3.147281e-04        1
595  9.627207e-06        1
596  2.549367e-04        1
597  9.943600e-04        1
598  1.060281e-03        1
599  6.031982e-05        1
600  6.280201e-04        1
601  5.760544e-04        1
602  4.116489e-05        1
603  3.164542e-04        1
604  6.952079e-05        1
605  3.073518e-04        1
606  4.424607e-05        1
607  1.777577e-03        1
608  7.362380e-05        1
609  1.966170e-03        1
610  1.350502e-04        1
611  1.439346e-03        1
612  1.232279e-05        1
613  5.753424e-04        1
614  5.738066e-04        1
615  1.703251e-04        1
616  1.606173e-04        1
617  1.369531e-03        1
618  1.494376e-03        1
619  4.442763e-04        1
620  3.921300e-06        1
621  3.792631e-04        1
622  1.664826e-03        1
623  1.416837e-04        1
624  3.830590e-05        1
625  8.529345e-05        1
626  7.534840e-05        1
627  5.561171e-04        1
628  3.719760e-04        1
629  5.289303e-04        1
630  1.525024e-05        1
631  9.192625e-05        1
632  2.492669e-04        1
633  1.868802e-05        1
634  3.610943e-04        1
635  3.125843e-04        1
636  9.543276e-05        1
637  1.103011e-03        1
638  3.916235e-04        1
639  4.012038e-04        1
640  2.728093e-04        1
641  5.611747e-06        1
642  1.295465e-04        1
643  1.027322e-02        1
644  1.692058e-05        1
645  4.046381e-05        1
646  2.530873e-04        1
647  1.386481e-04        1
648  3.534227e-04        1
649  5.529959e-04        1
650  5.092447e-04        1
651  1.881390e-04        1
652  3.726765e-04        1
653  3.836208e-06        1
654  1.062523e-04        1
655  3.192164e-04        1
656  2.094057e-04        1
657  3.751105e-04        1
658  1.279737e-07        1
659  8.559712e-06        1
660  1.154336e-06        1
661  6.323005e-05        1
662  1.703449e-03        1
663  4.716638e-04        1
664  5.039184e-06        1
665  4.214220e-04        1
666  1.351486e-04        1
667  2.232624e-02        1
668  8.678711e-04        1
669  3.112164e-04        1
670  6.845002e-04        1
671  2.129543e-05        1
672  4.830542e-04        1
673  1.397794e-04        1
674  4.600830e-06        1
675  1.730839e-05        1
676  2.987840e-05        1
677  6.456446e-04        1
678  3.344741e-06        1
679  2.144698e-04        1
680  2.688387e-03        1
681  7.652857e-04        1
682  3.595575e-04        1
683  1.140742e-03        1
684  2.860123e-04        1
685  2.655977e-04        1
686  2.103256e-04        1
687  1.980611e-04        1
688  4.794622e-04        1
689  2.557957e-04        1
690  1.936295e-04        1
691  4.904190e-05        1
692  6.643589e-05        1
693  1.262605e-05        1
694  3.553538e-04        1
695  7.981059e-04        1
696  1.056555e-04        1
697  4.422311e-05        1
698  7.016286e-04        1
699  2.273752e-05        1
700  1.291214e-04        1
701  6.459317e-04        1
702  2.501936e-04        1
703  1.971334e-04        1
704  1.556260e-03        1
705  3.086961e-04        1
706  5.812846e-04        1
707  4.150770e-05        1
708  1.540501e-05        1
709  7.122053e-04        1
710  1.149104e-04        1
711  9.757067e-03        1
712  2.581184e-04        1
713  2.613796e-04        1
714  5.860035e-04        1
715  1.676028e-03        1
716  7.595801e-04        1
717  2.724829e-05        1
718  2.620815e-04        1
719  2.735104e-04        1
720  7.682302e-04        1
721  2.449425e-04        1
722  2.565816e-04        1
723  1.791651e-04        1
724  2.912786e-04        1
725  3.028803e-04        1
726  9.611997e-05        1
727  1.002496e-04        1
728  1.938024e-03        1
729  7.790818e-05        1
730  2.598985e-04        1
731  7.614148e-04        1
732  1.051327e-04        1
733  4.313666e-04        1
734  4.617058e-04        1
735  3.091305e-04        1
736  7.345224e-05        1
737  2.952261e-06        1
738  2.092675e-05        1
739  7.192790e-04        1
740  3.798852e-04        1
741  7.451374e-04        1
742  9.895338e-04        1
743  2.539564e-04        1
744  3.126397e-05        1
745  8.257995e-06        1
746  3.638821e-04        1
747  3.555011e-04        1
748  2.119864e-06        1
749  5.520778e-05        1
750  2.020079e-04        1
751  2.255213e-05        1
752  8.291547e-06        1
753  3.400573e-05        1
754  1.655514e-03        1
755  4.425728e-04        1
756  1.070425e-03        1
757  2.730359e-04        1
758  3.321375e-06        1
759  1.985765e-04        1
760  1.373208e-03        1
761  2.451334e-04        1
762  9.012940e-06        1
763  1.526431e-05        1
764  1.815735e-03        1
765  1.654245e-04        1
766  1.890753e-04        1
767  6.823585e-05        1
768  1.843299e-05        1
769  9.475423e-06        1
770  7.974840e-05        1
771  5.836699e-05        1
772  1.097731e-03        1
773  5.254966e-04        1
774  1.190845e-03        1
775  9.853778e-05        1
776  1.331527e-03        1
777  1.159387e-04        1
778  7.903515e-03        1
779  2.281202e-04        1
780  5.860169e-05        1
781  4.757192e-07        1
782  4.924371e-04        1
783  7.673266e-05        1
784  1.033753e-04        1
785  1.218078e-03        1
786  2.575735e-04        1
787  3.187275e-04        1
788  1.210282e-03        1
789  2.564883e-04        1
790  4.501863e-04        1
791  9.011558e-05        1
792  5.016807e-04        1
793  1.089854e-09        1
794  1.444439e-03        1
795  9.293372e-05        1
796  6.861546e-04        1
797  7.044555e-06        1
798  8.964558e-05        1
799  4.700185e-04        1
800  1.022148e-04        1
801  6.851475e-04        1
802  3.030998e-05        1
803  6.009667e-04        1
804  1.793027e-04        1
805  3.184148e-05        1
806  2.067969e-03        1
807  6.232961e-05        1
808  8.739444e-05        1
809  1.429382e-04        1
810  7.010276e-05        1
811  4.955051e-04        1
812  6.571320e-04        1
813  5.909889e-07        1
814  3.225840e-08        1
815  5.719446e-04        1
816  1.732727e-04        1
817  1.480892e-06        1
818  2.633229e-04        1
819  7.291037e-03        1
820  3.113876e-04        1
821  3.735791e-04        1
822  4.473955e-04        1
823  4.287904e-04        1
824  1.761852e-04        1
825  1.786170e-04        1
826  4.122296e-03  0.67526
827  9.320960e-08        1
828  5.449202e-04        1
829  7.289072e-04        1
830  7.246819e-04        1
831  1.052192e-03        1
832  1.871899e-03        1
833  4.323661e-04        1
834  1.442316e-05        1
835  2.831662e-05        1
836  8.342335e-04        1
837  8.047567e-04        1
838  2.505640e-03        1
839  1.646323e-04        1
840  7.406168e-06        1
841  2.081183e-06        1
842  1.397951e-04        1
843  2.051365e-04        1
844  5.268477e-06        1
845  5.064381e-05        1
846  6.494035e-04        1
847  3.464828e-04        1
848  3.793625e-04        1
849  2.064653e-03        1
850  2.572002e-03        1
851  2.291728e-05        1
852  9.392903e-05        1
853  2.105686e-04        1
854  6.827602e-04        1
855  1.342535e-03        1
856  1.840864e-03        1
857  9.621008e-06        1
858  2.958529e-05        1
859  8.290396e-05        1
860  4.856636e-04        1
861  1.750852e-05        1
862  2.153545e-04        1
863  2.900405e-06        1
864  1.564312e-04        1
865  1.483482e-04        1
866  2.037716e-05        1
867  3.280617e-05        1
868  1.738479e-03        1
869  1.989510e-02        1
870  1.147888e-04        1
871  1.118225e-05        1
872  1.801417e-04        1
873  7.239786e-04        1
874  1.081311e-05        1
875  1.788752e-04        1
876  3.021598e-05        1
877  1.603214e-03        1
878  2.581682e-03        1
879  1.405159e-03        1
880  1.008049e-04        1
881  5.912965e-04        1
882  9.886171e-04        1
883  4.034055e-04        1
884  1.116112e-03        1
885  3.954556e-04        1
886  1.548834e-04        1
887  4.519744e-05        1
888  1.323179e-03        1
889  1.033782e-04        1
890  2.891726e-04        1
891  1.917898e-03        1
892  5.243299e-06        1
893  9.611384e-05        1
894  8.838796e-05        1
895  4.462220e-04        1
896  9.864501e-04        1
897  1.140276e-04        1
898  1.106001e-03        1
899  1.753168e-04        1
900  1.648721e-07        1
901  2.078858e-03        1
902  1.066905e-05        1
903  1.908547e-04        1
904  1.962800e-03        1
905  1.162023e-04        1
906  1.061815e-05        1
907  8.832673e-04        1
908  1.100771e-03        1
909  2.529606e-04        1
910  4.511680e-03        1
911  9.768860e-05        1
912  7.347856e-03        1
913  1.763626e-03        1
914  2.336073e-03        1
915  1.004350e-03        1
916  7.501845e-06        1
917  8.510042e-04        1
918  3.776638e-04        1
919  3.388097e-04        1
920  2.491480e-04        1
921  2.692833e-05        1
922  1.955631e-03        1
923  1.003403e-05        1
924  1.206932e-04        1
925  3.258510e-03        1
926  1.025948e-03        1
927  2.525043e-04        1
928  1.436892e-03        1
929  7.160541e-05        1
930  1.542343e-05        1
931  7.715995e-05        1
932  3.449335e-07        1
933  6.576190e-05        1
934  4.148808e-03        1
935  3.700310e-04        1
936  1.013394e-02        1
937  8.065133e-04        1
938  2.008832e-05        1
939  4.828049e-05        1
940  7.479259e-06        1
941  4.756483e-04        1
942  2.743259e-03        1
943  2.114292e-04        1
944  2.915026e-04        1
945  3.967790e-04        1
946  5.171165e-06        1
947  3.485062e-04        1
948  2.017052e-05        1
949  2.067662e-03        1
950  6.095298e-05        1
951  5.862349e-03        1
952  5.928025e-04        1
953  4.997496e-04        1
954  1.749272e-04        1
955  2.400321e-05        1
956  1.436956e-04        1
957  6.420563e-04        1
958  1.060301e-05        1
959  2.722962e-07        1
960  3.759227e-05        1
961  5.049284e-05        1
962  1.793052e-07        1
963  1.426999e-04        1
964  2.017706e-04        1
965  3.174881e-04        1
966  9.569193e-05        1
967  2.830098e-04        1
968  4.929612e-04        1
969  1.925089e-05        1
970  6.891856e-04        1
971  1.257295e-07        1
972  3.310885e-04        1
973  5.570742e-06        1
974  1.803670e-04        1
975  2.561416e-04        1
976  5.166278e-04        1
977  5.655492e-05        1
978  8.892415e-04        1
979  1.496380e-05        1
980  8.058704e-04        1
981  1.322593e-05        1
982  5.894552e-04        1
983  1.255332e-04        1
984  1.353412e-04        1
985  1.169563e-04        1
986  9.748497e-05        1
987  2.501904e-05        1
988  7.501446e-05        1
989  4.174118e-05        1
990  1.258943e-03        1
991  5.859459e-05        1
992  6.352431e-05        1
993  5.505524e-06        1
994  9.914809e-04        1
995  2.439921e-04        1
996  6.452440e-05        1
997  1.345269e-04        1
998  1.778076e-05        1
999  3.310581e-05        1
1000 1.646178e-05        1
1001 5.624999e-04        1
1002 1.113011e-05        1
1003 1.427512e-06        1
1004 4.128138e-04        1
1005 8.299919e-05        1
1006 6.233452e-04        1
1007 1.456018e-03        1
1008 1.003053e-03        1
1009 2.066147e-03        1
1010 6.718105e-04        1
1011 1.352993e-05        1
1012 3.626665e-06        1
1013 2.817549e-07        1
1014 1.143133e-05        1
1015 2.333316e-04        1
1016 1.862066e-04        1
1017 1.149943e-04        1
1018 5.884941e-04        1
1019 1.635152e-03        1
1020 7.179329e-04        1
1021 2.330177e-06        1
1022 1.992304e-04        1
1023 9.199334e-05        1
1024 2.788515e-04        1
1025 1.154093e-04        1
1026 8.350468e-04        1
1027 6.022892e-05        1
1028 3.000280e-04        1
1029 1.674893e-04        1
1030 8.940254e-06        1
1031 6.389333e-08        1
1032 1.237411e-04        1
1033 7.835477e-05        1
1034 1.066091e-03        1
1035 5.084698e-04        1
1036 6.747587e-05        1
1037 2.760146e-03        1
1038 2.143601e-04        1
1039 2.024949e-05        1
1040 1.186627e-03        1
1041 6.533216e-06        1
1042 4.872396e-04        1
1043 7.443332e-05        1
1044 4.649271e-04        1
1045 9.699527e-08        1
1046 3.716330e-04        1
1047 4.717798e-04        1
1048 1.157066e-03        1
1049 8.881210e-05        1
1050 1.268869e-04        1
1051 5.608385e-05        1
1052 6.589220e-04        1
1053 3.047326e-06        1
1054 3.636327e-05        1
1055 3.450212e-04        1
1056 2.837025e-06        1
1057 1.739839e-05        1
1058 2.664722e-06        1
1059 8.247619e-04        1
1060 2.014504e-04        1
1061 8.070959e-04        1
1062 5.697288e-05        1
1063 1.404622e-04        1
1064 9.756129e-04        1
1065 2.248789e-05        1
1066 4.126386e-08        1
1067 1.520316e-04        1
1068 4.427814e-04        1
1069 7.456243e-05        1
1070 1.530107e-05        1
1071 6.824342e-04        1
1072 1.140650e-03        1
1073 2.956216e-04        1
1074 2.472869e-04        1
1075 1.129126e-03        1
1076 6.915298e-05        1
1077 7.725792e-05        1
1078 1.287159e-05        1
1079 9.729853e-04        1
1080 1.864482e-04        1
1081 6.210982e-05        1
1082 5.634177e-05        1
1083 2.068601e-04        1
1084 1.561260e-04        1
1085 4.235221e-04        1
1086 8.965036e-04        1
1087 2.277532e-05        1
1088 3.546732e-04        1
1089 7.433467e-05        1
1090 7.141499e-05        1
1091 1.898336e-04        1
1092 4.720505e-05        1
1093 2.115588e-03        1
1094 1.345172e-06        1
1095 6.185619e-05        1
1096 2.978939e-04        1
1097 4.284558e-06        1
1098 5.772606e-04        1
1099 1.583491e-05        1
1100 1.687924e-02        1
1101 1.854032e-03        1
1102 1.653956e-04        1
1103 2.351309e-04        1
1104 7.943366e-06        1
1105 4.138608e-04        1
1106 7.369085e-04        1
1107 3.018130e-04        1
1108 1.057358e-03        1
1109 1.617624e-04        1
1110 3.282144e-05        1
1111 2.863599e-04        1
1112 4.207622e-05        1
1113 4.800691e-04        1
1114 6.324739e-06        1
1115 8.498663e-05        1
1116 3.210861e-04        1
1117 4.589287e-04        1
1118 3.559525e-05        1
1119 2.172472e-05        1
1120 1.018883e-04        1
1121 1.027381e-04        1
1122 7.902883e-06        1
1123 1.695534e-05        1
1124 2.405338e-04        1
1125 1.261699e-03        1
1126 4.658838e-04        1
1127 3.593254e-05        1
1128 6.086199e-04        1
1129 4.413586e-05        1
1130 3.151471e-03        1
1131 1.407591e-03        1
1132 8.628782e-06        1
1133 2.889959e-06        1
1134 4.688036e-03        1
1135 1.969045e-06        1
1136 9.184117e-05        1
1137 9.319784e-06        1
1138 8.241613e-04        1
1139 3.944169e-03        1
1140 6.164026e-05        1
1141 8.448808e-04        1
1142 3.916353e-04        1
1143 9.074966e-04        1
1144 1.574083e-04        1
1145 4.972683e-04        1
1146 8.830864e-07        1
1147 3.414744e-06        1
1148 2.483923e-08        1
1149 3.316450e-04        1
1150 1.696886e-04        1
1151 5.328430e-05        1
1152 1.276527e-04        1
1153 1.282165e-03        1
1154 2.890943e-03        1
1155 3.456885e-04        1
1156 2.651297e-05        1
1157 1.743670e-03        1
1158 2.687214e-04        1
1159 2.066280e-04        1
1160 1.650391e-03        1
1161 2.516280e-06        1
1162 1.821720e-04        1
1163 6.147664e-04        1
1164 1.889378e-03        1
1165 1.671469e-04        1
1166 1.231503e-04        1
1167 1.384859e-04        1
1168 6.353014e-05        1
1169 1.645539e-04        1
1170 1.032462e-02        1
1171 2.215959e-04        1
1172 5.615410e-04        1
1173 1.316706e-04        1
1174 1.232788e-03        1
1175 1.960717e-05        1
1176 5.473353e-04        1
1177 1.582709e-05        1
1178 1.626136e-05        1
1179 3.272010e-04        1
1180 2.397472e-04        1
1181 5.173547e-04        1
1182 1.623658e-04        1
1183 4.378699e-04        1
1184 3.942157e-05        1
1185 1.598964e-03        1
1186 2.011083e-04        1
1187 1.404959e-03        1
1188 1.107963e-03        1
1189 9.085688e-04        1
1190 1.222380e-06        1
1191 1.097275e-04        1
1192 1.275047e-03        1
1193 5.253457e-05        1
1194 3.381709e-05        1
1195 1.321551e-04        1
1196 2.154071e-03        1
1197 6.878877e-05        1
1198 4.362492e-03        1
1199 1.889547e-04        1
1200 1.656369e-04        1
1201 1.402521e-03        1
1202 3.979879e-04        1
1203 7.608333e-06        1
1204 4.799739e-05        1
1205 6.202131e-04        1
1206 5.066281e-04        1
1207 3.027348e-05        1
1208 2.347839e-04        1
1209 1.153069e-05        1
1210 5.555583e-05        1
1211 1.257058e-03        1
1212 1.634950e-03        1
1213 1.208180e-04        1
1214 3.112565e-04        1
1215 4.030394e-03        1
1216 3.358945e-05        1
1217 1.114986e-05        1
1218 6.713217e-04        1
1219 5.889078e-04        1
1220 9.285759e-05        1
1221 4.260845e-04        1
1222 9.480628e-05        1
1223 3.890423e-04        1
1224 2.240335e-06        1
1225 1.821194e-03        1
1226 3.906071e-06        1
1227 2.236727e-04        1
1228 4.076559e-05        1
1229 2.266876e-04        1
1230 2.136250e-05        1
1231 1.324310e-05        1
1232 1.455353e-06        1
1233 7.849998e-04        1
1234 9.797764e-06        1
1235 2.147907e-05        1
1236 9.895022e-05        1
1237 4.581057e-08        1
1238 3.782233e-05        1
1239 2.107079e-04        1
1240 4.134102e-05        1
1241 4.909640e-04        1
1242 1.924264e-06        1
1243 9.235755e-05        1
1244 1.095003e-04        1
1245 2.600914e-04        1
1246 6.334221e-04        1
1247 1.782414e-05        1
1248 1.550990e-05        1
1249 5.688301e-06        1
1250 3.212453e-07        1
1251 6.836823e-05        1
1252 1.110344e-03        1
1253 1.788853e-05        1
1254 1.781117e-04        1
1255 1.662727e-04        1
1256 9.540938e-05        1
1257 4.212315e-04        1
1258 9.001955e-04        1
1259 1.083312e-05        1
1260 3.231696e-04        1
1261 2.953115e-04        1
1262 2.054912e-06        1
1263 4.859615e-04        1
1264 6.157443e-05        1
1265 2.591191e-04        1
1266 9.569935e-04        1
1267 3.784334e-04        1
1268 1.106914e-03        1
1269 4.147454e-03        1
1270 1.008876e-03        1
1271 4.518705e-04        1
1272 2.107781e-04        1
1273 1.970101e-04        1
1274 5.025343e-05        1
1275 2.850574e-06        1
1276 1.620099e-04        1
1277 1.491522e-04        1
1278 7.068607e-04        1
1279 1.329514e-05        1
1280 9.974934e-05        1
1281 6.772610e-04        1
1282 5.525060e-04        1
1283 9.567656e-06        1
1284 3.030720e-04        1
1285 2.848336e-04        1
1286 4.472682e-04        1
1287 4.203352e-04        1
1288 4.817445e-04        1
1289 2.911573e-04        1
1290 1.455124e-03        1
1291 1.839138e-04        1
1292 7.292362e-05        1
1293 4.636663e-05        1
1294 4.897063e-04        1
1295 3.052612e-05        1
1296 1.247656e-05        1
1297 1.980015e-04        1
1298 2.097997e-05        1
1299 5.047301e-05        1
1300 1.341679e-03        1
1301 5.647009e-04        1
1302 9.380074e-05        1
1303 2.844464e-05        1
1304 9.684904e-06        1
1305 3.504092e-07        1
1306 5.024718e-05        1
1307 1.555664e-04        1
1308 1.590120e-04        1
1309 1.453280e-06        1
1310 1.306933e-04        1
1311 3.489820e-05        1
1312 1.476879e-03        1
1313 1.360681e-03        1
1314 5.486566e-04        1
1315 5.030077e-04        1
1316 2.899913e-04        1
1317 4.704747e-04        1
1318 3.886405e-06        1
1319 4.973030e-04        1
1320 4.019942e-05        1
1321 2.895483e-04        1
1322 1.327686e-03        1
1323 5.660891e-06        1
1324 4.043394e-04        1
1325 8.059801e-04        1
1326 4.706871e-04        1
1327 3.935554e-03        1
1328 4.029429e-05        1
1329 4.405593e-04        1
1330 1.322737e-04        1
1331 1.727043e-03        1
1332 4.419214e-05        1
1333 1.039421e-03        1
1334 1.227057e-03        1
1335 5.828110e-04        1
1336 1.632217e-03        1
1337 3.345312e-05        1
1338 3.299972e-04        1
1339 5.755300e-04        1
1340 1.402002e-05        1
1341 3.258741e-04        1
1342 1.136152e-03        1
1343 3.753317e-06        1
1344 1.595079e-04        1
1345 1.421219e-03        1
1346 4.473360e-07        1
1347 3.710255e-04        1
1348 1.820021e-03        1
1349 8.880857e-05        1
1350 1.165078e-03        1
1351 2.786246e-04        1
1352 2.547964e-05        1
1353 6.468222e-04        1
1354 3.205427e-04        1
1355 1.565372e-04        1
1356 1.941165e-03        1
1357 7.906555e-04        1
1358 4.966984e-06        1
1359 2.887286e-04        1
1360 6.525343e-06        1
1361 1.162545e-03        1
1362 1.806693e-05        1
1363 1.368185e-04        1
1364 1.204817e-03        1
1365 6.018243e-04        1
1366 2.881978e-05        1
1367 2.346247e-04        1
1368 2.509847e-04        1
1369 9.388087e-05        1
1370 2.696466e-04        1
1371 6.192211e-06        1
1372 1.178552e-04        1
1373 8.458986e-04        1
1374 3.258256e-04        1
1375 7.345777e-05        1
1376 8.835713e-07        1
1377 9.557861e-06        1
1378 5.213630e-05        1
1379 1.020850e-03        1
1380 2.503082e-07        1
1381 7.447000e-04        1
1382 1.682229e-03        1
1383 6.216865e-05        1
1384 8.214717e-04        1
1385 8.744445e-05        1
1386 2.253410e-05        1
1387 4.415693e-04        1
1388 1.167799e-03        1
1389 3.885373e-04        1
1390 1.027031e-04        1
1391 6.546314e-05        1
1392 5.013217e-05        1
1393 3.089532e-04        1
1394 6.716662e-04        1
1395 1.817864e-03        1
1396 7.998328e-04        1
1397 2.110233e-04        1
1398 2.434163e-04        1
1399 3.372669e-04        1
1400 3.110814e-04        1
1401 3.499160e-04        1
1402 3.629658e-04        1
1403 3.355783e-04        1
1404 1.206573e-03        1
1405 7.342429e-03        1
1406 4.187346e-04        1
1407 6.020623e-04        1
1408 3.423031e-03        1
1409 2.434576e-03        1
1410 6.322319e-03        1
1411 2.489511e-05        1
1412 4.933989e-04        1
1413 1.357342e-04        1
1414 5.716861e-04        1
1415 2.408449e-07        1
1416 4.576346e-04        1
1417 1.452757e-04        1
1418 2.365212e-04        1
1419 3.247859e-04        1
1420 3.761978e-03        1
1421 9.249250e-05        1
1422 1.028735e-05        1
1423 8.347834e-05        1
1424 1.006214e-03        1
1425 3.790814e-03        1
1426 4.531277e-05        1
1427 4.535584e-04        1
1428 6.364922e-04        1
1429 6.218989e-04        1
1430 5.126119e-04        1
1431 3.624379e-04        1
1432 1.532011e-07        1
1433 1.041068e-03        1
1434 1.056453e-03        1
1435 5.390651e-04        1
1436 1.525012e-04        1
1437 6.444490e-04        1
1438 9.898742e-06        1
1439 2.939692e-04        1
1440 4.745289e-04        1
1441 2.361580e-04        1
1442 1.953332e-06        1
1443 2.240224e-04        1
1444 6.824503e-04        1
1445 8.267937e-05        1
1446 1.193765e-04        1
1447 8.796211e-05        1
1448 2.010655e-05        1
1449 2.129900e-04        1
1450 1.147039e-03        1
1451 1.359451e-04        1
1452 2.715944e-03        1
1453 2.016760e-04        1
1454 1.634356e-04        1
1455 6.128478e-04        1
1456 1.335162e-03        1
1457 4.817904e-03        1
1458 1.377673e-04        1
1459 5.947121e-04        1
1460 1.907252e-04        1
1461 3.191758e-05        1
1462 1.792242e-04        1
1463 3.928423e-03        1
1464 1.450574e-03        1
1465 4.428606e-03        1
1466 2.575005e-03        1
1467 1.119199e-05        1
1468 1.066215e-03        1
1469 8.306983e-04        1
1470 1.501882e-04        1
1471 2.423235e-04        1
1472 4.744690e-05        1
1473 1.096728e-02        1
1474 4.752133e-03        1
1475 6.146869e-04        1
1476 2.075095e-04        1
1477 7.832989e-04        1
1478 4.148820e-05        1
1479 1.406112e-03        1
1480 4.481685e-04        1
1481 4.913465e-04        1
1482 5.609483e-06        1
1483 5.676686e-04        1
1484 1.959179e-04        1
1485 1.057781e-03        1
1486 6.683320e-07        1
1487 2.153512e-04        1
1488 6.204888e-06        1
1489 1.071838e-03        1
1490 2.106132e-04        1
1491 1.389498e-03        1
1492 8.408270e-04        1
1493 1.739271e-04        1
1494 6.359664e-04        1
1495 6.120628e-04        1
1496 8.607531e-07        1
1497 2.013400e-04        1
1498 2.677734e-05        1
1499 5.949755e-06        1
1500 1.317144e-04        1
1501 2.000354e-05        1
1502 1.367972e-04        1
1503 3.123217e-07        1
1504 1.756290e-05        1
1505 9.162733e-03        1
1506 2.967703e-04        1
1507 3.543160e-04        1
1508 4.321886e-03        1
1509 1.333663e-04        1
1510 3.173071e-04        1
1511 8.120866e-03        1
1512 2.372414e-04        1
1513 2.674130e-05        1
1514 3.318226e-04        1
1515 2.717489e-07        1
1516 4.227047e-03        1
1517 5.574156e-04        1
1518 2.529484e-04        1
1519 5.825995e-04        1
1520 9.963542e-04        1
1521 1.465735e-04        1
1522 3.260017e-03        1
1523 4.675592e-04        1
1524 9.757280e-03        1
1525 2.403458e-03        1
1526 3.861934e-04        1
1527 4.839686e-04        1
1528 3.308147e-03        1
1529 4.224662e-06        1
1530 3.516342e-05        1
1531 4.706665e-04        1
1532 5.421130e-05        1
1533 3.996288e-04        1
1534 9.662356e-03        1
1535 1.016006e-03        1
1536 1.145797e-04        1
1537 7.813949e-06        1
1538 2.350643e-03        1
1539 2.284239e-04        1
1540 3.290410e-04        1
1541 5.575282e-04        1
1542 6.060114e-05        1
1543 1.326756e-05        1
1544 2.514431e-04        1
1545 1.509779e-03        1
1546 2.651020e-04        1
1547 2.234478e-04        1
1548 6.568938e-04        1
1549 3.434153e-04        1
1550 2.259970e-04        1
1551 9.118766e-03        1
1552 2.393252e-05        1
1553 2.947866e-04        1
1554 8.965837e-05        1
1555 1.595537e-04        1
1556 1.527836e-05        1
1557 2.033611e-04        1
1558 5.510450e-06        1
1559 5.601706e-06        1
1560 2.026951e-03        1
1561 1.224652e-05        1
1562 9.106126e-05        1
1563 7.121403e-05        1
1564 2.956533e-03        1
1565 2.077794e-06        1
1566 1.704670e-04        1
1567 1.207503e-03        1
1568 6.309166e-05        1
1569 1.919483e-06        1
1570 2.497807e-03        1
1571 1.998644e-03        1
1572 3.423496e-02        1
1573 3.947653e-03        1
1574 3.132730e-05        1
1575 4.517899e-06        1
1576 2.748622e-05        1
1577 2.787939e-04        1
1578 2.102222e-04        1
1579 4.643110e-05        1
1580 9.544749e-05        1
1581 2.058136e-03        1
1582 7.836675e-04        1
1583 8.802740e-05        1
1584 1.041609e-05        1
1585 4.210619e-04        1
1586 5.173477e-04        1
1587 7.463224e-05        1
1588 6.735444e-04        1
1589 1.678156e-04        1
1590 2.441379e-05        1
1591 1.262444e-05        1
1592 4.272595e-05        1
1593 1.158163e-04        1
1594 9.916072e-05        1
1595 2.367732e-04        1
1596 8.350019e-03 <0.01777
1597 2.481359e-05        1
1598 8.002758e-06        1
1599 1.716438e-05        1
1600 5.183822e-05        1
1601 1.475552e-02        1
1602 1.859474e-04        1
1603 4.177182e-03        1
1604 5.464895e-04        1
1605 1.007652e-04        1
1606 5.149631e-04        1
1607 7.606402e-05        1
1608 2.537315e-04        1
1609 1.853202e-04        1
1610 9.855525e-04        1
1611 6.315166e-04        1
1612 6.460518e-04        1
1613 2.034558e-04        1
1614 4.196192e-02        1
1615 1.275588e-03        1
1616 2.390520e-03        1
1617 6.515560e-04        1
1618 2.031724e-03        1
1619 7.436773e-04        1
1620 7.371395e-06        1
1621 1.986918e-03        1
1622 7.572385e-05        1
1623 4.138372e-05        1
1624 1.243138e-04        1
1625 7.114349e-06        1
1626 1.326455e-04        1
1627 1.154898e-06        1
1628 8.864495e-04        1
1629 6.282697e-05        1
1630 7.799142e-04        1
1631 4.363231e-04        1
1632 5.717155e-06        1
1633 1.021543e-05        1
1634 2.894613e-04        1
1635 4.258204e-04        1
1636 3.725159e-04        1
1637 1.421893e-05        1
1638 6.146836e-06        1
1639 6.839611e-05        1
1640 3.269054e-04        1
1641 5.690874e-05        1
1642 2.469991e-05        1
1643 6.169901e-09        1
1644 7.665152e-07        1
1645 2.649749e-04        1
1646 1.494895e-07        1
1647 1.023532e-04        1
1648 2.747833e-05        1
1649 3.197267e-04        1
1650 2.609128e-04        1
1651 6.483319e-05        1
1652 1.155386e-04        1
1653 1.493961e-06        1
1654 1.013306e-04        1
1655 8.698451e-06        1
1656 5.741612e-05        1
1657 8.466377e-05        1
1658 2.590436e-03        1
1659 2.201652e-04        1
1660 3.207950e-04        1
1661 9.176511e-04        1
1662 2.294791e-04        1
1663 5.580523e-04        1
1664 3.452975e-04        1
1665 5.637433e-04        1
1666 1.253108e-05        1
1667 2.733932e-04        1
1668 2.940818e-04        1
1669 1.698628e-03        1
1670 8.804912e-04        1
1671 5.081408e-03  0.69303
1672 1.785323e-07        1
1673 1.734064e-04        1
1674 1.856658e-05        1
1675 1.162952e-03        1
1676 3.345387e-07        1
1677 6.163791e-05        1
1678 2.632284e-04        1
1679 6.640179e-05        1
1680 1.528626e-03        1
1681 6.672109e-05        1
1682 1.688838e-04        1
1683 6.645146e-06        1
1684 7.579992e-04        1
1685 2.602463e-05        1
1686 1.196493e-04        1
1687 1.453695e-05        1
1688 5.551137e-04        1
1689 2.244998e-07        1
1690 2.876344e-04        1
1691 3.718424e-05        1
1692 2.010678e-06        1
1693 8.950294e-08        1
1694 3.855287e-06        1
1695 2.516485e-02        1
1696 1.420694e-05        1
1697 5.237228e-04        1
1698 5.034442e-04        1
1699 7.766780e-04        1
1700 3.188974e-04        1
1701 1.124692e-03        1
1702 7.078340e-04        1
1703 9.030485e-05        1
1704 4.137355e-04        1
1705 6.601680e-05        1
1706 4.462589e-05        1
1707 6.463165e-05        1
1708 7.285027e-04        1
1709 1.457816e-05        1
1710 5.114415e-06        1
1711 8.008402e-04        1
1712 1.752917e-04        1
1713 5.556613e-04        1
1714 1.782611e-03        1
1715 9.201506e-07        1
1716 6.839318e-06        1
1717 3.625123e-03        1
1718 1.291546e-04        1
1719 7.797377e-04        1
1720 2.216013e-04        1
1721 3.269455e-05        1
1722 3.908835e-04        1
1723 5.388171e-05        1
1724 2.023550e-04        1
1725 1.784286e-03        1
1726 1.051577e-04        1
1727 1.148106e-03        1
1728 1.372797e-05        1
1729 8.911966e-04        1
1730 1.093997e-04        1
1731 3.193261e-05        1
1732 1.982861e-04        1
1733 7.202487e-04        1
1734 4.515584e-05        1
1735 4.786786e-08        1
1736 1.136820e-04        1
1737 1.383138e-03        1
1738 8.655677e-04        1
1739 5.692718e-04        1
1740 1.623914e-04        1
1741 2.937358e-05        1
1742 2.139090e-04        1
1743 1.434886e-04        1
1744 2.638880e-09        1
1745 6.315358e-04        1
1746 1.407880e-04        1
1747 8.662768e-04        1
1748 5.161197e-06        1
1749 1.486251e-03        1
1750 6.652418e-05        1
1751 1.683887e-07        1
1752 7.424949e-05        1
1753 4.351744e-05        1
1754 5.568846e-06        1
1755 2.907996e-04        1
1756 5.511737e-05        1
1757 2.093193e-04        1
1758 6.247502e-04        1
1759 5.499494e-04        1
1760 6.511130e-04        1
1761 1.589947e-04        1
1762 1.981659e-04        1
1763 2.760677e-04        1
1764 1.133857e-03        1
1765 8.945836e-05        1
1766 3.326245e-04        1
1767 1.203417e-04        1
1768 1.171977e-09        1
1769 6.191773e-04        1
1770 1.804707e-04        1
1771 1.805492e-03        1
1772 7.419473e-04        1
1773 1.779271e-06        1
1774 1.176230e-06        1
1775 1.972155e-05        1
1776 4.307115e-05        1
1777 1.660905e-04        1

$`MR-PRESSO results`$`Distortion Test`
$`MR-PRESSO results`$`Distortion Test`$`Outliers Indices`
[1] 1596

$`MR-PRESSO results`$`Distortion Test`$`Distortion Coefficient`
beta.exposure 
     -1.88371 

$`MR-PRESSO results`$`Distortion Test`$Pvalue
[1] 0.90824



