$`Main MR results`
       Exposure       MR Analysis Causal Estimate          Sd    T-stat
1 beta.exposure               Raw    -0.004129974 0.003258492 -1.267449
2 beta.exposure Outlier-corrected              NA          NA        NA
    P-value
1 0.2086263
2        NA

$`MR-PRESSO results`
$`MR-PRESSO results`$`Global Test`
$`MR-PRESSO results`$`Global Test`$RSSobs
[1] 126.9884

$`MR-PRESSO results`$`Global Test`$Pvalue
[1] 0.0014


$`MR-PRESSO results`$`Outlier Test`
         RSSobs Pvalue
1  1.383000e-04      1
2  2.164542e-08      1
3  2.336060e-09      1
4  1.738053e-05      1
5  4.352235e-05      1
6  2.152850e-06      1
7  1.316298e-04      1
8  6.706785e-05      1
9  1.362648e-05      1
10 4.825741e-05      1
11 1.554217e-05      1
12 1.898713e-04      1
13 3.699647e-11      1
14 2.585995e-04      1
15 1.951867e-06      1
16 6.918686e-04      1
17 7.297245e-05      1
18 3.017482e-05      1
19 1.157987e-04  0.861
20 1.054272e-05      1
21 3.972004e-05      1
22 1.435044e-06      1
23 2.271118e-04      1
24 1.295107e-05      1
25 7.284529e-05      1
26 1.183661e-03  0.492
27 8.246978e-04      1
28 8.311319e-04      1
29 5.285409e-05      1
30 2.290392e-06      1
31 1.095152e-08      1
32 1.352788e-05      1
33 3.277641e-05      1
34 7.546691e-07      1
35 6.984175e-05      1
36 4.469178e-06      1
37 2.032102e-05      1
38 5.035204e-05      1
39 1.798036e-05      1
40 4.028412e-05      1
41 2.225659e-06      1
42 3.083040e-05      1
43 4.337097e-06      1
44 8.503424e-05      1
45 5.836925e-07      1
46 1.725587e-04      1
47 1.492175e-05      1
48 4.472450e-06      1
49 5.973534e-06      1
50 3.619199e-05      1
51 2.793869e-06      1
52 7.804023e-06      1
53 1.130891e-05      1
54 5.258186e-05      1
55 2.741651e-05      1
56 1.357892e-04      1
57 4.817271e-05      1
58 7.879526e-06      1
59 1.158662e-04      1
60 2.819703e-05      1
61 2.358106e-06      1
62 1.111077e-08      1
63 1.242114e-05      1
64 4.600629e-04 0.0656
65 6.165771e-07      1
66 4.462656e-05      1
67 6.626499e-06      1
68 3.128411e-06      1
69 1.333485e-04      1
70 2.121606e-04 0.0574
71 1.027055e-06      1
72 2.738511e-05      1
73 8.680950e-05      1
74 2.235957e-04      1
75 1.786171e-04  0.246
76 3.276321e-06      1
77 5.280845e-05      1
78 1.450160e-04      1
79 2.704057e-06      1
80 1.630516e-05      1
81 4.881903e-06      1
82 5.093626e-06      1

$`MR-PRESSO results`$`Distortion Test`
$`MR-PRESSO results`$`Distortion Test`$`Outliers Indices`
[1] "No significant outliers"

$`MR-PRESSO results`$`Distortion Test`$`Distortion Coefficient`
[1] NA

$`MR-PRESSO results`$`Distortion Test`$Pvalue
[1] NA



