$`Main MR results`
       Exposure       MR Analysis Causal Estimate         Sd    T-stat
1 beta.exposure               Raw      0.01277229 0.01982211 0.6443455
2 beta.exposure Outlier-corrected              NA         NA        NA
    P-value
1 0.5210467
2        NA

$`MR-PRESSO results`
$`MR-PRESSO results`$`Global Test`
$`MR-PRESSO results`$`Global Test`$RSSobs
[1] 114.116

$`MR-PRESSO results`$`Global Test`$Pvalue
[1] 0.0397


$`MR-PRESSO results`$`Outlier Test`
         RSSobs Pvalue
1  1.879616e-03      1
2  4.079256e-04      1
3  1.390463e-04      1
4  1.561195e-03      1
5  4.120361e-03      1
6  1.211129e-05      1
7  2.664796e-04      1
8  6.435908e-05      1
9  1.889092e-05      1
10 6.197891e-04      1
11 1.428192e-02      1
12 4.033141e-07      1
13 4.255827e-03      1
14 2.954605e-03      1
15 3.261471e-03      1
16 9.121653e-04      1
17 5.527424e-02      1
18 1.170250e-02 0.0616
19 1.821151e-05      1
20 5.534587e-07      1
21 1.789844e-04      1
22 4.721764e-04      1
23 1.761751e-04      1
24 1.019865e-01      1
25 2.023968e-04      1
26 1.614699e-04      1
27 2.343963e-02      1
28 1.659016e-02      1
29 1.807678e-02      1
30 1.502117e-04      1
31 1.467910e-05      1
32 6.963856e-05      1
33 5.260830e-03      1
34 1.967759e-05      1
35 1.997845e-04      1
36 1.080413e-04      1
37 3.105456e-03      1
38 4.886925e-03 0.2992
39 4.689904e-03 0.3696
40 1.115647e-05      1
41 4.158870e-04      1
42 3.147336e-05      1
43 1.007574e-03      1
44 1.198227e-03      1
45 4.122939e-04      1
46 2.944782e-03      1
47 6.116437e-04      1
48 6.886583e-04      1
49 6.643053e-05      1
50 1.546035e-02      1
51 3.397735e-02      1
52 4.076139e-04      1
53 1.868211e-05      1
54 2.415622e-03      1
55 8.878364e-05      1
56 6.783247e-04      1
57 2.691555e-03      1
58 8.289748e-04      1
59 5.141281e-05      1
60 2.390314e-04      1
61 2.332308e-03      1
62 1.284689e-04      1
63 2.714175e-03      1
64 2.010600e-05      1
65 1.552939e-03      1
66 9.340603e-05      1
67 5.150205e-05      1
68 1.339566e-03      1
69 1.138145e-03      1
70 6.837491e-03 0.8536
71 3.075421e-04      1
72 9.113025e-04      1
73 7.334885e-04      1
74 1.123305e-03      1
75 1.281167e-05      1
76 1.563257e-05      1
77 2.207961e-03      1
78 2.336558e-03      1
79 2.517649e-06      1
80 7.900984e-03      1
81 8.212958e-04      1
82 5.589557e-04      1
83 2.810546e-04      1
84 1.529089e-03      1
85 4.007121e-03      1
86 1.400491e-03      1
87 2.842583e-04      1
88 6.652292e-04      1

$`MR-PRESSO results`$`Distortion Test`
$`MR-PRESSO results`$`Distortion Test`$`Outliers Indices`
[1] "No significant outliers"

$`MR-PRESSO results`$`Distortion Test`$`Distortion Coefficient`
[1] NA

$`MR-PRESSO results`$`Distortion Test`$Pvalue
[1] NA



