$`Main MR results`
       Exposure       MR Analysis Causal Estimate        Sd    T-stat   P-value
1 beta.exposure               Raw      0.88859136 0.7075769 1.2558231 0.2119941
2 beta.exposure Outlier-corrected      0.06712051 0.1517017 0.4424506 0.6590909

$`MR-PRESSO results`
$`MR-PRESSO results`$`Global Test`
$`MR-PRESSO results`$`Global Test`$RSSobs
[1] 2608.469

$`MR-PRESSO results`$`Global Test`$Pvalue
[1] "<1e-04"


$`MR-PRESSO results`$`Outlier Test`
          RSSobs  Pvalue
1   1.787387e-03       1
2   2.384385e-04       1
3   7.667575e-04       1
4   2.393511e-04       1
5   5.522480e-04       1
6   6.718816e-05       1
7   2.129497e-04       1
8   1.596759e-05       1
9   2.439410e-09       1
10  2.616852e-04       1
11  5.550767e-03       1
12  1.248562e-04       1
13  6.749940e-03       1
14  1.389080e-04       1
15  1.684014e-04       1
16  2.600241e-04       1
17  1.061318e-02       1
18  8.628036e-07       1
19  3.354316e-09       1
20  1.190921e-04       1
21  1.255185e-03       1
22  1.137124e-04       1
23  5.163134e-04       1
24  9.905013e-04       1
25  7.719766e-06       1
26  2.576750e-03       1
27  1.910870e-05       1
28  4.106471e-04       1
29  1.291281e-02       1
30  2.484892e-04       1
31  2.789067e-03       1
32  3.589167e-04       1
33  3.352068e-05       1
34  1.348109e-04       1
35  1.539307e-03       1
36  2.993858e-06       1
37  1.148015e-05       1
38  1.426676e-03       1
39  2.947411e-04       1
40  2.800957e-04       1
41  7.039472e-06       1
42  1.045588e-04       1
43  4.857882e-04       1
44  9.355499e-05       1
45  5.412604e-04       1
46  6.132592e-04       1
47  9.909111e-06       1
48  6.928378e-05       1
49  2.710218e-03       1
50  2.330415e-04       1
51  3.120831e-03   0.063
52  3.187033e-05       1
53  3.881755e-04       1
54  1.244401e-03       1
55  3.593740e-04       1
56  6.746390e-05       1
57  2.845439e-03       1
58  1.133495e-06       1
59  1.403213e-04       1
60  2.149695e-04       1
61  6.676343e-04       1
62  3.879208e-04       1
63  1.819328e+00 <0.0105
64  3.964016e-04       1
65  5.651528e-04       1
66  6.927917e-04       1
67  3.394194e-04       1
68  7.154410e-05       1
69  5.855450e-06       1
70  1.039474e-03       1
71  5.369595e-06       1
72  5.271981e-04       1
73  3.078001e-07       1
74  9.451989e-06       1
75  6.496248e-04       1
76  1.474537e-06       1
77  5.116948e-05       1
78  1.025787e-02       1
79  7.260646e-06       1
80  5.406487e-04       1
81  5.447248e-04       1
82  3.131440e-04       1
83  1.546847e-04       1
84  3.455676e-04       1
85  7.458823e-04       1
86  7.883315e-04       1
87  4.550106e-05       1
88  5.641130e-04       1
89  1.294316e-03       1
90  8.743012e-06       1
91  1.308896e-04       1
92  1.610055e-05       1
93  1.588893e-05       1
94  5.992033e-04       1
95  1.900334e-03       1
96  8.964792e-06       1
97  3.544346e-05       1
98  2.856009e-06       1
99  4.007295e-05       1
100 1.795446e-03  0.8295
101 7.699663e-05       1
102 1.248554e-04       1
103 6.759625e-05       1
104 2.794957e-03   0.567
105 3.866382e-03  0.1155

$`MR-PRESSO results`$`Distortion Test`
$`MR-PRESSO results`$`Distortion Test`$`Outliers Indices`
[1] 63

$`MR-PRESSO results`$`Distortion Test`$`Distortion Coefficient`
beta.exposure 
     1223.874 

$`MR-PRESSO results`$`Distortion Test`$Pvalue
[1] "<1e-04"



