$`Main MR results`
       Exposure       MR Analysis Causal Estimate          Sd    T-stat
1 beta.exposure               Raw     0.004467895 0.010138063 0.4407050
2 beta.exposure Outlier-corrected     0.007954017 0.009981522 0.7968741
    P-value
1 0.6594598
2 0.4255901

$`MR-PRESSO results`
$`MR-PRESSO results`$`Global Test`
$`MR-PRESSO results`$`Global Test`$RSSobs
[1] 3024.783

$`MR-PRESSO results`$`Global Test`$Pvalue
[1] 0.02315


$`MR-PRESSO results`$`Outlier Test`
           RSSobs   Pvalue
1    3.915108e-06        1
2    1.266800e-05        1
3    8.258824e-05        1
4    1.014637e-04        1
5    2.019480e-05        1
6    3.592244e-05        1
7    6.282539e-06        1
8    1.243685e-04        1
9    1.369558e-04        1
10   1.638635e-05        1
11   2.405168e-04        1
12   1.826068e-05        1
13   7.433683e-07        1
14   1.223674e-04        1
15   3.206213e-06        1
16   7.753954e-06        1
17   1.360195e-06        1
18   5.087694e-06        1
19   3.479773e-06        1
20   7.782214e-05        1
21   3.239315e-06        1
22   5.398995e-05        1
23   1.642204e-04        1
24   1.449672e-07        1
25   8.158637e-08        1
26   3.919018e-05        1
27   3.787177e-07        1
28   5.486659e-06        1
29   7.920251e-06        1
30   2.013935e-05        1
31   4.517204e-08        1
32   9.031638e-05        1
33   1.348740e-05        1
34   4.947625e-05        1
35   5.929484e-05        1
36   2.048478e-04        1
37   1.370856e-05        1
38   1.192852e-04        1
39   8.979120e-05        1
40   9.562877e-05        1
41   8.903015e-07        1
42   6.313705e-05        1
43   1.705111e-05        1
44   2.026434e-06        1
45   2.274460e-04        1
46   8.881789e-06        1
47   4.795332e-05        1
48   1.133548e-05        1
49   9.757727e-05        1
50   6.122689e-05        1
51   8.673587e-08        1
52   4.309354e-05        1
53   1.785668e-04        1
54   1.185620e-05        1
55   7.712883e-08        1
56   1.867348e-05        1
57   1.889151e-08        1
58   4.745855e-05        1
59   6.517370e-04        1
60   2.763214e-05        1
61   2.303114e-04        1
62   1.804879e-05        1
63   1.891447e-04        1
64   3.993218e-05        1
65   1.204718e-04        1
66   6.007857e-06        1
67   4.038942e-08        1
68   1.037292e-10        1
69   1.508129e-06        1
70   1.027212e-04        1
71   1.586805e-06        1
72   1.608494e-06        1
73   1.246654e-05        1
74   1.074045e-04        1
75   3.642336e-06        1
76   2.600151e-05        1
77   1.303427e-06        1
78   1.010269e-04        1
79   3.016724e-05        1
80   3.989190e-05        1
81   1.885177e-05        1
82   2.768440e-06        1
83   3.617504e-05        1
84   8.772479e-06        1
85   5.972077e-09        1
86   2.118913e-06        1
87   5.428244e-06        1
88   1.545299e-05        1
89   3.815110e-06        1
90   6.842964e-05        1
91   7.251697e-06        1
92   6.171507e-05        1
93   4.824972e-05        1
94   2.467895e-05        1
95   1.628255e-09        1
96   8.939932e-05        1
97   1.410919e-04        1
98   2.221412e-05        1
99   9.963746e-05        1
100  2.999082e-06        1
101  3.147778e-05        1
102  1.165818e-04        1
103  1.385073e-05        1
104  3.534237e-07        1
105  2.149552e-06        1
106  1.325802e-05        1
107  5.348253e-06        1
108  3.198282e-05        1
109  4.116916e-05        1
110  5.611338e-05        1
111  1.389107e-05        1
112  4.606020e-05        1
113  3.857297e-06        1
114  8.076636e-04        1
115  4.555467e-06        1
116  2.118957e-06        1
117  1.581769e-04        1
118  1.049502e-04        1
119  1.875891e-05        1
120  5.458859e-05        1
121  2.955997e-04        1
122  6.132569e-05        1
123  2.559114e-04        1
124  6.615069e-05        1
125  1.433170e-05        1
126  3.608008e-05        1
127  1.957652e-05        1
128  2.509956e-04        1
129  1.595399e-05        1
130  1.181864e-05        1
131  1.793276e-04        1
132  3.222826e-06        1
133  1.385924e-05        1
134  4.010907e-05        1
135  2.208421e-05        1
136  2.441161e-05        1
137  9.692988e-07        1
138  2.358155e-05        1
139  3.057968e-05        1
140  1.467635e-05        1
141  4.305659e-05        1
142  2.895887e-05        1
143  1.225524e-07        1
144  8.797170e-05        1
145  2.454926e-05        1
146  4.305799e-06        1
147  2.764831e-06        1
148  2.713546e-06        1
149  7.985825e-06        1
150  7.277950e-05        1
151  7.646607e-06        1
152  1.207077e-05        1
153  6.228192e-06        1
154  4.952906e-06        1
155  1.186879e-04        1
156  1.289106e-05        1
157  1.791651e-06        1
158  4.177528e-05        1
159  4.127743e-05        1
160  4.955888e-06        1
161  9.962169e-05        1
162  2.012840e-04        1
163  1.243681e-05        1
164  2.635773e-05        1
165  9.941452e-07        1
166  1.006538e-04        1
167  7.284844e-07        1
168  5.220600e-06        1
169  1.034341e-05        1
170  3.303838e-06        1
171  2.504862e-05        1
172  1.735905e-05        1
173  7.054896e-06        1
174  9.416998e-06        1
175  9.577940e-05        1
176  2.567272e-07        1
177  8.028928e-05        1
178  7.373069e-06        1
179  4.837543e-06        1
180  5.446705e-05        1
181  5.916970e-05        1
182  1.155609e-06        1
183  5.327497e-06        1
184  6.258739e-06        1
185  1.759424e-06        1
186  2.824129e-05        1
187  1.122340e-05        1
188  4.627643e-04        1
189  3.384308e-06        1
190  1.241289e-06        1
191  1.142472e-04        1
192  2.600392e-04        1
193  2.926625e-05        1
194  4.971621e-06        1
195  1.745560e-05        1
196  6.291626e-05        1
197  2.859321e-07        1
198  4.625676e-04        1
199  6.192404e-05        1
200  2.159597e-05        1
201  4.659928e-05        1
202  2.241093e-05        1
203  1.245015e-04        1
204  3.480680e-05        1
205  9.998098e-05        1
206  1.847428e-05        1
207  1.103822e-06        1
208  6.550402e-06        1
209  9.703074e-07        1
210  2.341472e-05        1
211  2.727888e-05        1
212  9.728435e-06        1
213  7.711095e-05        1
214  1.994560e-06        1
215  1.205621e-05        1
216  6.699432e-05        1
217  6.626445e-08        1
218  5.391903e-05        1
219  1.341662e-04        1
220  6.867257e-05        1
221  4.274003e-05        1
222  4.146864e-06        1
223  2.979783e-05        1
224  1.170871e-05        1
225  4.775024e-05        1
226  1.609541e-05        1
227  4.733596e-06        1
228  2.139359e-04        1
229  9.320030e-07        1
230  1.943531e-04        1
231  5.907131e-06        1
232  1.101709e-05        1
233  5.489696e-05        1
234  1.085294e-04        1
235  1.006251e-06        1
236  1.440476e-04        1
237  1.418853e-04        1
238  4.310547e-05        1
239  3.564521e-05        1
240  5.217281e-05        1
241  1.412918e-04        1
242  4.160733e-05        1
243  9.046467e-05        1
244  6.107539e-06        1
245  1.335417e-07        1
246  2.180218e-04        1
247  4.114500e-04        1
248  7.378390e-05        1
249  4.138584e-05        1
250  2.175489e-05        1
251  1.925100e-05        1
252  1.818532e-04        1
253  7.221798e-05        1
254  3.417880e-04        1
255  8.135886e-07        1
256  2.915416e-05        1
257  1.112256e-04        1
258  6.349651e-06        1
259  5.087709e-05        1
260  1.432564e-04        1
261  5.781407e-06        1
262  5.133508e-06        1
263  1.212958e-05        1
264  2.554869e-05        1
265  3.203910e-05        1
266  2.780813e-04        1
267  6.596270e-06        1
268  3.866381e-05        1
269  1.066428e-04        1
270  6.112470e-06        1
271  2.350645e-04        1
272  1.219650e-05        1
273  2.286901e-06        1
274  1.300633e-11        1
275  1.212994e-06        1
276  3.544065e-05        1
277  1.525796e-04        1
278  6.977503e-05        1
279  2.363883e-05        1
280  3.038470e-06        1
281  3.030387e-08        1
282  3.285557e-05        1
283  9.010636e-05        1
284  3.683478e-05        1
285  1.930901e-05        1
286  2.988183e-04        1
287  6.823758e-06        1
288  2.400493e-05        1
289  1.669364e-05        1
290  6.074634e-06        1
291  1.001852e-05        1
292  2.457553e-06        1
293  1.655320e-05        1
294  4.044024e-08        1
295  1.102988e-05        1
296  5.798378e-05        1
297  2.411873e-08        1
298  8.654392e-05        1
299  2.827719e-04        1
300  1.310670e-04        1
301  3.006797e-04        1
302  1.781230e-05        1
303  4.780550e-06        1
304  1.920140e-04        1
305  9.789123e-05        1
306  3.215192e-07        1
307  4.132668e-05        1
308  1.925794e-06        1
309  1.510289e-04        1
310  3.820079e-06        1
311  1.568065e-07        1
312  6.879126e-06        1
313  8.990947e-07        1
314  1.328387e-04        1
315  3.556633e-05        1
316  6.126084e-08        1
317  3.079482e-04        1
318  4.919504e-05        1
319  4.619841e-06        1
320  3.939394e-06        1
321  5.090379e-11        1
322  8.511597e-06        1
323  6.539709e-06        1
324  4.025143e-06        1
325  5.318605e-06        1
326  2.913002e-07        1
327  8.995926e-06        1
328  1.204691e-05        1
329  9.612115e-05        1
330  1.799961e-05        1
331  4.482620e-08        1
332  9.071191e-05        1
333  7.770422e-06        1
334  6.282919e-06        1
335  1.734127e-05        1
336  2.029787e-05        1
337  2.181712e-05        1
338  7.616061e-07        1
339  1.712639e-05        1
340  2.016380e-05        1
341  3.668219e-05        1
342  3.404606e-05        1
343  6.548421e-05        1
344  3.596535e-05        1
345  8.553528e-05        1
346  1.118874e-04        1
347  6.252225e-05        1
348  1.081241e-05        1
349  1.610799e-06        1
350  3.507329e-05        1
351  5.411958e-06        1
352  2.447790e-05        1
353  3.283141e-06        1
354  1.056216e-04        1
355  6.699750e-05        1
356  6.179141e-05        1
357  3.168772e-05        1
358  2.303152e-06        1
359  2.119935e-05        1
360  4.688856e-06        1
361  2.355368e-05        1
362  2.116384e-06        1
363  2.271498e-06        1
364  3.193709e-05        1
365  2.615157e-05        1
366  1.389468e-04        1
367  4.478784e-05        1
368  1.110506e-04        1
369  7.120131e-05        1
370  1.025368e-07        1
371  1.803535e-04        1
372  6.629223e-07        1
373  4.569318e-05        1
374  1.448276e-04        1
375  4.513369e-05        1
376  1.059358e-05        1
377  7.715952e-06        1
378  1.827925e-05        1
379  1.494908e-05        1
380  6.381103e-08        1
381  4.559222e-06        1
382  3.383807e-04        1
383  1.477638e-09        1
384  3.835128e-05        1
385  7.956083e-08        1
386  1.587091e-05        1
387  2.870991e-06        1
388  1.096350e-04        1
389  1.109493e-04        1
390  1.284731e-04        1
391  1.770980e-04        1
392  3.530460e-06        1
393  4.780782e-05        1
394  2.839574e-05        1
395  7.815258e-05        1
396  1.957911e-05        1
397  7.153511e-05        1
398  2.148512e-04        1
399  4.018458e-07        1
400  6.635046e-05        1
401  1.650498e-05        1
402  2.114177e-04        1
403  1.244625e-05        1
404  8.901404e-06        1
405  1.125961e-05        1
406  8.799042e-06        1
407  4.947965e-05        1
408  1.752577e-05        1
409  3.200129e-07        1
410  2.449518e-04        1
411  4.903034e-06        1
412  2.459713e-06        1
413  1.115516e-04        1
414  8.594784e-06        1
415  1.164582e-05        1
416  2.195390e-04        1
417  1.482082e-05        1
418  7.314073e-05        1
419  2.918329e-04        1
420  7.667427e-05        1
421  1.305443e-04        1
422  2.216483e-05        1
423  1.795923e-06        1
424  1.974331e-05        1
425  2.275744e-05        1
426  1.171636e-05        1
427  1.200225e-06        1
428  1.490357e-06        1
429  1.355909e-06        1
430  3.160281e-06        1
431  3.803945e-05        1
432  7.630100e-05        1
433  1.101809e-05        1
434  2.155383e-08        1
435  2.262946e-08        1
436  1.273885e-05        1
437  3.441888e-05        1
438  7.282085e-06        1
439  1.914818e-05        1
440  2.252646e-05        1
441  1.203806e-06        1
442  7.556852e-05        1
443  6.624260e-05        1
444  2.714577e-05        1
445  6.472099e-05        1
446  5.030443e-05        1
447  2.107919e-05        1
448  1.002401e-04        1
449  3.897328e-05        1
450  8.647422e-05        1
451  1.722455e-06        1
452  2.553416e-04        1
453  1.660278e-06        1
454  6.177903e-07        1
455  1.881088e-06        1
456  4.276591e-05        1
457  2.924737e-05        1
458  1.704878e-04        1
459  5.930324e-05        1
460  6.446082e-05        1
461  1.622973e-04        1
462  2.889302e-05        1
463  5.955519e-06        1
464  5.606895e-09        1
465  8.144510e-06        1
466  2.668913e-05        1
467  1.436355e-06        1
468  3.220824e-04        1
469  7.586747e-08        1
470  2.315889e-05        1
471  3.203360e-05        1
472  2.769588e-04        1
473  2.427009e-04        1
474  3.098370e-07        1
475  9.165776e-05        1
476  2.151555e-05        1
477  2.205662e-06        1
478  7.228210e-05        1
479  8.385054e-05        1
480  2.565090e-07        1
481  1.909733e-05        1
482  5.458648e-05        1
483  1.803322e-05        1
484  1.155035e-05        1
485  3.400996e-04        1
486  2.193995e-06        1
487  5.283900e-08        1
488  1.588153e-05        1
489  5.616133e-07        1
490  1.943784e-06        1
491  2.842419e-06        1
492  3.152916e-06        1
493  3.576385e-05        1
494  2.408475e-04        1
495  4.753727e-05        1
496  3.887382e-05        1
497  8.782165e-06        1
498  1.545981e-04        1
499  3.606959e-05        1
500  1.592445e-05        1
501  5.143213e-06        1
502  3.050038e-07        1
503  2.976202e-04        1
504  1.842740e-06        1
505  3.446343e-06        1
506  1.290016e-04        1
507  4.018348e-06        1
508  3.880248e-05        1
509  4.726667e-06        1
510  2.085838e-05        1
511  2.504982e-04        1
512  1.677968e-06        1
513  3.192937e-05        1
514  2.199646e-05        1
515  1.639841e-06        1
516  1.559942e-05        1
517  1.133363e-04        1
518  6.715528e-05        1
519  6.464192e-06        1
520  2.600299e-05        1
521  7.095327e-05        1
522  3.675064e-04        1
523  3.569309e-05        1
524  1.030971e-06        1
525  1.400083e-05        1
526  3.181653e-06        1
527  2.444050e-05        1
528  1.649649e-04        1
529  1.070740e-06        1
530  2.396786e-04        1
531  6.503855e-06        1
532  3.128975e-05        1
533  1.570576e-04        1
534  7.400423e-04        1
535  2.080081e-05        1
536  8.159221e-06        1
537  1.293695e-05        1
538  6.523035e-05        1
539  8.850915e-05        1
540  1.204857e-05        1
541  7.545838e-06        1
542  3.534318e-06        1
543  2.511964e-05        1
544  3.931231e-06        1
545  1.212068e-04        1
546  7.227428e-05        1
547  3.270147e-06        1
548  1.786738e-04        1
549  1.937454e-04        1
550  3.987192e-06        1
551  4.079758e-06        1
552  4.575723e-06        1
553  1.351881e-04        1
554  9.748485e-06        1
555  4.609519e-05        1
556  3.681184e-08        1
557  9.500305e-06        1
558  4.603951e-05        1
559  5.669247e-07        1
560  5.896499e-05        1
561  2.472758e-07        1
562  7.855267e-05        1
563  8.561679e-05        1
564  1.619350e-05        1
565  1.291801e-04        1
566  1.169958e-05        1
567  8.896589e-05        1
568  5.566415e-05        1
569  1.057957e-04        1
570  1.641922e-05        1
571  1.683958e-05        1
572  3.081493e-06        1
573  3.950802e-05        1
574  1.248382e-04        1
575  3.242602e-05        1
576  5.265843e-07        1
577  4.987768e-05        1
578  1.495683e-06        1
579  5.316355e-04        1
580  1.063826e-05        1
581  1.559269e-05        1
582  2.826261e-05        1
583  5.524134e-05        1
584  2.499050e-05        1
585  8.566709e-06        1
586  1.313368e-04        1
587  1.790391e-05        1
588  3.603156e-08        1
589  1.048423e-08        1
590  2.534834e-05        1
591  2.791853e-06        1
592  4.061162e-04        1
593  2.760361e-08        1
594  1.689077e-05        1
595  8.732319e-06        1
596  6.372539e-05        1
597  1.253858e-04        1
598  1.103566e-04        1
599  4.718456e-06        1
600  2.607797e-05        1
601  2.335475e-04        1
602  5.561109e-06        1
603  9.396649e-05        1
604  5.853332e-06        1
605  4.643248e-06        1
606  1.764274e-04        1
607  3.204713e-05        1
608  7.251728e-06        1
609  1.450342e-05        1
610  7.795936e-05        1
611  2.377919e-04        1
612  4.593450e-05        1
613  3.396307e-05        1
614  4.892443e-07        1
615  4.479477e-04        1
616  8.318446e-05        1
617  2.632226e-04        1
618  1.326214e-05        1
619  1.008054e-07        1
620  2.127904e-05        1
621  8.739931e-05        1
622  7.453462e-05        1
623  5.012116e-06        1
624  1.294880e-04        1
625  3.273278e-05        1
626  1.991713e-04        1
627  2.604053e-05        1
628  5.442022e-05        1
629  3.274222e-05        1
630  4.059200e-06        1
631  3.580798e-07        1
632  9.408631e-05        1
633  1.257825e-09        1
634  9.961889e-06        1
635  1.416344e-04        1
636  1.320989e-04        1
637  2.235312e-05        1
638  2.182983e-05        1
639  1.689666e-05        1
640  4.866016e-04        1
641  2.874544e-05        1
642  2.923085e-05        1
643  1.297870e-05        1
644  7.008393e-05        1
645  1.955244e-06        1
646  1.551975e-04        1
647  1.106579e-04        1
648  7.481474e-08        1
649  1.594122e-06        1
650  2.343375e-05        1
651  5.969268e-05        1
652  3.492670e-05        1
653  2.446647e-06        1
654  1.885109e-04        1
655  5.738749e-05        1
656  3.361856e-05        1
657  8.703096e-06        1
658  1.315274e-06        1
659  1.567511e-05        1
660  2.407307e-05        1
661  2.065647e-05        1
662  5.245651e-05        1
663  1.778136e-05        1
664  7.290303e-05        1
665  7.248551e-05        1
666  3.307337e-08        1
667  3.935659e-05        1
668  2.996831e-04        1
669  8.475474e-08        1
670  1.272961e-04        1
671  7.040926e-06        1
672  3.656125e-05        1
673  5.812903e-07        1
674  2.640221e-05        1
675  4.094139e-04        1
676  1.901548e-06        1
677  5.245913e-05        1
678  1.076352e-04        1
679  5.854578e-07        1
680  1.841452e-06        1
681  4.101862e-04        1
682  9.747926e-06        1
683  3.199490e-04        1
684  2.630541e-05        1
685  3.298978e-05        1
686  3.036143e-06        1
687  1.111405e-04        1
688  2.050764e-05        1
689  7.041415e-05        1
690  1.367047e-04        1
691  9.338880e-05        1
692  2.156565e-05        1
693  2.598893e-04        1
694  4.168934e-05        1
695  7.027929e-04        1
696  1.724689e-06        1
697  4.480781e-05        1
698  4.973678e-05        1
699  4.067388e-04        1
700  6.363728e-04        1
701  1.308234e-05        1
702  8.435475e-06        1
703  1.340127e-07        1
704  5.738541e-07        1
705  1.450446e-05        1
706  4.093044e-06        1
707  1.551464e-05        1
708  5.234366e-05        1
709  5.149469e-05        1
710  1.199671e-05        1
711  1.494481e-04        1
712  1.658896e-05        1
713  2.289015e-05        1
714  4.080541e-05        1
715  4.304027e-05        1
716  2.167468e-05        1
717  2.183311e-05        1
718  3.137282e-05        1
719  4.090570e-06        1
720  5.220461e-05        1
721  5.053491e-05        1
722  2.590710e-04        1
723  2.129287e-06        1
724  2.850184e-06        1
725  1.003838e-06        1
726  1.018381e-07        1
727  1.090612e-05        1
728  1.504987e-05        1
729  6.784345e-06        1
730  8.311650e-05        1
731  1.819038e-07        1
732  1.721179e-04        1
733  1.267713e-04        1
734  1.508207e-05        1
735  7.247031e-06        1
736  1.631264e-05        1
737  2.279195e-05        1
738  1.048264e-04        1
739  2.262717e-05        1
740  5.786850e-05        1
741  1.143100e-06        1
742  4.416891e-05        1
743  2.531311e-07        1
744  2.256833e-04        1
745  4.399990e-05        1
746  1.042065e-04        1
747  5.215505e-06        1
748  2.182459e-04        1
749  4.494891e-05        1
750  1.187336e-04        1
751  2.399514e-04        1
752  2.445179e-04        1
753  3.414742e-05        1
754  9.481978e-05        1
755  4.167873e-04        1
756  1.934928e-04        1
757  1.410297e-05        1
758  6.659827e-05        1
759  1.642817e-05        1
760  6.320806e-04        1
761  3.009211e-05        1
762  1.872188e-05        1
763  8.893118e-06        1
764  5.768211e-05        1
765  1.235311e-06        1
766  9.449452e-05        1
767  1.580459e-04        1
768  4.259977e-06        1
769  6.871060e-05        1
770  2.450239e-05        1
771  2.252885e-04        1
772  2.597137e-05        1
773  1.532663e-06        1
774  2.182760e-07        1
775  1.830373e-06        1
776  2.228708e-07        1
777  8.052262e-06        1
778  1.340526e-09        1
779  1.157973e-05        1
780  4.254752e-07        1
781  1.902079e-05        1
782  3.515310e-05        1
783  2.639670e-05        1
784  1.363229e-05        1
785  4.933770e-05        1
786  1.384164e-05        1
787  6.808422e-06        1
788  8.029008e-09        1
789  5.079052e-05        1
790  3.347325e-04        1
791  4.369002e-05        1
792  2.272783e-05        1
793  8.358179e-08        1
794  6.927963e-05        1
795  1.683387e-05        1
796  4.002341e-07        1
797  1.313766e-06        1
798  1.533542e-07        1
799  2.257703e-04        1
800  4.111770e-07        1
801  3.767231e-05        1
802  1.041555e-04        1
803  1.304986e-06        1
804  1.034888e-05        1
805  1.467353e-05        1
806  9.258559e-09        1
807  1.430019e-06        1
808  1.450103e-06        1
809  1.011612e-05        1
810  4.608244e-06        1
811  2.567760e-04        1
812  1.111667e-05        1
813  4.549739e-05        1
814  3.496693e-05        1
815  7.473421e-06        1
816  5.045846e-05        1
817  5.068579e-07        1
818  2.733944e-05        1
819  1.521510e-04        1
820  4.254160e-08        1
821  7.681499e-05        1
822  1.377957e-04        1
823  1.034188e-06        1
824  1.768895e-05        1
825  1.876408e-05        1
826  5.886717e-05        1
827  5.083614e-05        1
828  6.062848e-05        1
829  9.841147e-06        1
830  4.015363e-06        1
831  1.042228e-04        1
832  7.754406e-06        1
833  7.088763e-06        1
834  2.268816e-05        1
835  9.611821e-05        1
836  1.026504e-05        1
837  1.270545e-04        1
838  1.297967e-05        1
839  6.159337e-05        1
840  2.247786e-04        1
841  2.584874e-05        1
842  6.331026e-05        1
843  8.129659e-06        1
844  2.448439e-05        1
845  6.020301e-05        1
846  6.062481e-05        1
847  4.822878e-05        1
848  1.335986e-03        1
849  1.358766e-06        1
850  1.725524e-06        1
851  8.031145e-05        1
852  7.956965e-06        1
853  2.171494e-05        1
854  4.020419e-07        1
855  1.429573e-04        1
856  1.507687e-04        1
857  5.509568e-05        1
858  8.909398e-06        1
859  1.336007e-05        1
860  4.699162e-05        1
861  2.489518e-05        1
862  2.968658e-07        1
863  2.163003e-06        1
864  1.708511e-04        1
865  1.052115e-08        1
866  9.427510e-07        1
867  6.709691e-07        1
868  2.849620e-05        1
869  3.776110e-05        1
870  1.476363e-06        1
871  5.779203e-06        1
872  1.092578e-04        1
873  1.626702e-06        1
874  6.993456e-05        1
875  1.755295e-06        1
876  1.216291e-05        1
877  3.946167e-06        1
878  8.686665e-05        1
879  5.280558e-06        1
880  1.844666e-05        1
881  1.871656e-05        1
882  3.214162e-06        1
883  8.131672e-06        1
884  6.100001e-06        1
885  9.959378e-06        1
886  5.789749e-05        1
887  3.755479e-05        1
888  2.808127e-06        1
889  6.131626e-05        1
890  2.013030e-06        1
891  1.117507e-04        1
892  1.771393e-06        1
893  4.313781e-06        1
894  2.893501e-06        1
895  3.018962e-07        1
896  4.633043e-06        1
897  5.331286e-06        1
898  1.082103e-06        1
899  2.506301e-06        1
900  5.017619e-05        1
901  5.646753e-08        1
902  5.010309e-09        1
903  2.733193e-05        1
904  5.479318e-05        1
905  1.545321e-06        1
906  8.468088e-06        1
907  1.632442e-06        1
908  1.387376e-05        1
909  6.930025e-05        1
910  5.827140e-05        1
911  4.429945e-05        1
912  7.064484e-05        1
913  1.538084e-06        1
914  9.673593e-06        1
915  1.502533e-05        1
916  5.450842e-05        1
917  1.180012e-05        1
918  3.456713e-05        1
919  1.810922e-05        1
920  6.786394e-06        1
921  1.532897e-05        1
922  1.845334e-05        1
923  1.668538e-05        1
924  1.317052e-04        1
925  3.072970e-06        1
926  2.158074e-04        1
927  9.455303e-07        1
928  1.157541e-05        1
929  7.408187e-08        1
930  8.448570e-05        1
931  1.151249e-07        1
932  2.971436e-06        1
933  1.284671e-06        1
934  5.060955e-07        1
935  1.572738e-05        1
936  4.454028e-07        1
937  9.689121e-06        1
938  3.906747e-07        1
939  6.840402e-06        1
940  9.559866e-06        1
941  2.268336e-05        1
942  1.903901e-05        1
943  5.986489e-05        1
944  3.085632e-06        1
945  9.160066e-05        1
946  4.340346e-05        1
947  3.222076e-05        1
948  6.592039e-06        1
949  7.630748e-05        1
950  7.750366e-05        1
951  7.941683e-05        1
952  6.556608e-05        1
953  2.183434e-05        1
954  1.535866e-05        1
955  3.102469e-05        1
956  8.985325e-05        1
957  2.205070e-05        1
958  6.694988e-05        1
959  5.520832e-05        1
960  1.376990e-04        1
961  1.389474e-05        1
962  2.713746e-05        1
963  3.752582e-05        1
964  4.361044e-07        1
965  5.345806e-05        1
966  5.315945e-04        1
967  6.767154e-05        1
968  2.307513e-05        1
969  5.583444e-07        1
970  1.490109e-04        1
971  1.510609e-04        1
972  4.415796e-05        1
973  6.042463e-06        1
974  3.650698e-05        1
975  4.149655e-05        1
976  1.033101e-05        1
977  2.426860e-05        1
978  2.834029e-06        1
979  1.187666e-04        1
980  1.880538e-04        1
981  9.018612e-06        1
982  3.805067e-05        1
983  6.487317e-04        1
984  5.546153e-06        1
985  9.271737e-05        1
986  5.029000e-05        1
987  3.049300e-04        1
988  2.866940e-09        1
989  7.075660e-05        1
990  3.545609e-05        1
991  2.839882e-04        1
992  3.147639e-05        1
993  3.926314e-05        1
994  1.316202e-05        1
995  3.333949e-05        1
996  6.634668e-05        1
997  2.697467e-05        1
998  1.170612e-06        1
999  1.897981e-04        1
1000 3.623393e-05        1
1001 1.141986e-04        1
1002 1.830801e-07        1
1003 2.097202e-04        1
1004 6.380837e-05        1
1005 4.417802e-05        1
1006 3.730659e-05        1
1007 1.879619e-06        1
1008 2.196446e-05        1
1009 2.051342e-06        1
1010 4.604675e-06        1
1011 3.762011e-05        1
1012 2.446401e-05        1
1013 3.238985e-08        1
1014 7.967080e-05        1
1015 1.724086e-05        1
1016 1.251896e-05        1
1017 4.186830e-05        1
1018 5.989728e-05        1
1019 7.807589e-09        1
1020 2.725240e-06        1
1021 5.518850e-05        1
1022 3.617327e-05        1
1023 3.288269e-05        1
1024 3.685777e-04        1
1025 8.081717e-05        1
1026 3.828643e-04        1
1027 2.613169e-04        1
1028 6.157636e-06        1
1029 5.594914e-05        1
1030 1.052204e-04        1
1031 4.246541e-05        1
1032 1.032281e-04        1
1033 3.386234e-04        1
1034 9.711765e-05        1
1035 4.224258e-04        1
1036 2.993318e-05        1
1037 1.200606e-06        1
1038 1.435343e-04        1
1039 1.606686e-05        1
1040 3.883347e-05        1
1041 5.612134e-06        1
1042 3.938855e-05        1
1043 1.162034e-05        1
1044 8.646551e-05        1
1045 6.423733e-07        1
1046 1.591961e-05        1
1047 7.125851e-05        1
1048 4.909540e-05        1
1049 1.295064e-04        1
1050 5.036359e-05        1
1051 1.237194e-04        1
1052 5.749264e-05        1
1053 4.309983e-05        1
1054 1.146310e-03        1
1055 1.538001e-05        1
1056 1.175452e-05        1
1057 4.841505e-05        1
1058 1.843694e-07        1
1059 4.426974e-05        1
1060 2.268483e-06        1
1061 2.777004e-06        1
1062 1.099135e-05        1
1063 7.870134e-05        1
1064 9.826338e-05        1
1065 4.079874e-04        1
1066 2.649404e-05        1
1067 1.392599e-04        1
1068 7.627831e-05        1
1069 6.300131e-05        1
1070 3.492171e-05        1
1071 1.457066e-05        1
1072 1.575579e-05        1
1073 1.078747e-06        1
1074 3.237537e-05        1
1075 2.084547e-04        1
1076 1.799456e-05        1
1077 1.192742e-06        1
1078 1.132025e-04        1
1079 3.712381e-05        1
1080 2.455963e-05        1
1081 1.143350e-05        1
1082 1.758999e-05        1
1083 1.073593e-07        1
1084 1.215277e-06        1
1085 7.037513e-06        1
1086 4.344918e-05        1
1087 1.223302e-04        1
1088 1.171933e-05        1
1089 4.208190e-04        1
1090 4.512185e-07        1
1091 1.074512e-04        1
1092 3.708639e-05        1
1093 8.997641e-05        1
1094 2.651415e-04        1
1095 5.570466e-05        1
1096 9.399422e-05        1
1097 4.451731e-04        1
1098 1.863478e-05        1
1099 3.536869e-05        1
1100 6.708641e-08        1
1101 1.012331e-05        1
1102 1.226893e-04        1
1103 1.493588e-04        1
1104 2.688685e-05        1
1105 2.577916e-06        1
1106 4.958161e-05        1
1107 1.066673e-04        1
1108 1.968412e-05        1
1109 2.049996e-04        1
1110 3.634715e-04        1
1111 1.228706e-04        1
1112 3.620281e-04        1
1113 1.688793e-04        1
1114 1.378173e-05        1
1115 1.470409e-04        1
1116 1.170035e-04        1
1117 2.076713e-05        1
1118 4.054181e-05        1
1119 7.694162e-04        1
1120 2.649117e-06        1
1121 8.920218e-05        1
1122 1.410083e-06        1
1123 3.089946e-05        1
1124 1.545421e-04        1
1125 5.487561e-05        1
1126 2.187666e-05        1
1127 2.532966e-07        1
1128 3.153927e-05        1
1129 2.878077e-04        1
1130 3.911468e-04        1
1131 2.082012e-05        1
1132 4.875179e-05        1
1133 4.374784e-06        1
1134 1.531929e-06        1
1135 5.803729e-05        1
1136 1.540235e-04        1
1137 5.266822e-05        1
1138 1.267177e-04        1
1139 4.761018e-05        1
1140 4.099376e-05        1
1141 2.874052e-04        1
1142 5.571071e-06        1
1143 3.124663e-05        1
1144 1.072739e-04        1
1145 4.624247e-06        1
1146 2.882729e-07        1
1147 1.296325e-04        1
1148 5.809093e-05        1
1149 4.685616e-05        1
1150 2.430643e-04        1
1151 3.151712e-06        1
1152 3.062257e-04        1
1153 9.597134e-06        1
1154 1.319473e-04        1
1155 6.738811e-05        1
1156 1.277397e-05        1
1157 1.132891e-05        1
1158 2.985154e-07        1
1159 7.522040e-06        1
1160 1.174396e-05        1
1161 4.488198e-05        1
1162 7.016511e-06        1
1163 4.596178e-05        1
1164 2.392969e-05        1
1165 2.351677e-04        1
1166 4.418514e-06        1
1167 9.275618e-06        1
1168 8.858680e-05        1
1169 3.269347e-04        1
1170 1.157321e-05        1
1171 3.503539e-04        1
1172 7.189692e-06        1
1173 2.781237e-08        1
1174 1.073567e-04        1
1175 6.230172e-08        1
1176 8.790924e-05        1
1177 3.337464e-04        1
1178 1.001353e-04        1
1179 2.596655e-05        1
1180 5.870165e-05        1
1181 1.064101e-07        1
1182 2.845639e-04        1
1183 3.401758e-05        1
1184 2.676786e-05        1
1185 1.485521e-04        1
1186 1.326277e-04        1
1187 1.023480e-04        1
1188 4.822782e-07        1
1189 1.200570e-03        1
1190 1.249571e-04        1
1191 1.412006e-07        1
1192 2.077534e-08        1
1193 6.743282e-05        1
1194 4.865642e-05        1
1195 1.474046e-05        1
1196 1.466738e-06        1
1197 6.332841e-05        1
1198 8.584739e-05        1
1199 5.796823e-06        1
1200 2.964583e-07        1
1201 1.076716e-06        1
1202 3.993153e-05        1
1203 3.813125e-05        1
1204 1.273166e-06        1
1205 9.976012e-06        1
1206 1.032308e-06        1
1207 4.324082e-07        1
1208 5.554062e-06        1
1209 2.433908e-05        1
1210 9.414894e-05        1
1211 7.206168e-05        1
1212 7.068968e-05        1
1213 6.102348e-05        1
1214 1.222587e-04        1
1215 1.343564e-04        1
1216 2.476252e-06        1
1217 8.763472e-06        1
1218 1.881036e-05        1
1219 7.127792e-06        1
1220 3.063987e-05        1
1221 2.092263e-04        1
1222 6.641276e-06        1
1223 1.632987e-06        1
1224 1.891034e-05        1
1225 3.958679e-06        1
1226 3.407544e-04        1
1227 4.929421e-05        1
1228 1.500109e-05        1
1229 1.743753e-05        1
1230 3.012210e-07        1
1231 2.447922e-05        1
1232 2.179009e-04        1
1233 3.946935e-05        1
1234 2.000032e-05        1
1235 3.244105e-05        1
1236 4.039935e-05        1
1237 1.966948e-04        1
1238 1.345643e-04        1
1239 9.383176e-07        1
1240 4.953713e-05        1
1241 9.139602e-05        1
1242 1.244197e-04        1
1243 2.144954e-06        1
1244 9.775270e-05        1
1245 9.602484e-06        1
1246 3.756768e-06        1
1247 2.785864e-04        1
1248 7.786040e-05        1
1249 1.745520e-05        1
1250 6.476907e-06        1
1251 8.093647e-07        1
1252 6.018954e-05        1
1253 9.273397e-07        1
1254 8.334202e-06        1
1255 7.248981e-05        1
1256 2.317741e-05        1
1257 4.557138e-05        1
1258 3.399718e-05        1
1259 1.119824e-04        1
1260 5.501385e-07        1
1261 8.408298e-05        1
1262 1.383913e-04        1
1263 4.898431e-05        1
1264 7.731405e-05        1
1265 2.686112e-06        1
1266 9.537202e-07        1
1267 1.208926e-06        1
1268 3.907993e-05        1
1269 1.176793e-06        1
1270 5.954212e-05        1
1271 6.226233e-05        1
1272 4.653822e-06        1
1273 2.461749e-06        1
1274 3.195299e-09        1
1275 5.496164e-05        1
1276 4.559351e-05        1
1277 8.457288e-05        1
1278 3.667741e-05        1
1279 1.436199e-05        1
1280 3.487805e-05        1
1281 8.946725e-05        1
1282 5.394482e-06        1
1283 2.106464e-05        1
1284 5.505639e-05        1
1285 1.602364e-04        1
1286 4.418231e-05        1
1287 2.733950e-04        1
1288 2.789612e-05        1
1289 1.836442e-05        1
1290 4.188126e-07        1
1291 5.650523e-07        1
1292 2.595806e-05        1
1293 2.673891e-05        1
1294 2.394752e-04        1
1295 2.104486e-04        1
1296 2.356251e-04        1
1297 1.707444e-05        1
1298 2.822482e-05        1
1299 4.436103e-03 <0.02871
1300 3.924136e-06        1
1301 5.635120e-05        1
1302 5.109470e-05        1
1303 8.683626e-07        1
1304 4.448494e-06        1
1305 3.501934e-06        1
1306 1.439786e-06        1
1307 5.801676e-05        1
1308 2.821083e-05        1
1309 5.128743e-05        1
1310 1.709678e-06        1
1311 3.088297e-05        1
1312 1.226143e-04        1
1313 6.044339e-06        1
1314 1.445081e-06        1
1315 9.371415e-06        1
1316 7.743311e-08        1
1317 5.688369e-05        1
1318 1.472290e-05        1
1319 9.150249e-06        1
1320 1.509568e-06        1
1321 2.845401e-05        1
1322 4.753229e-05        1
1323 1.346912e-04        1
1324 3.829731e-06        1
1325 1.116384e-04        1
1326 6.608826e-05        1
1327 1.654618e-05        1
1328 1.573134e-04        1
1329 3.883386e-05        1
1330 4.610424e-05        1
1331 5.416301e-07        1
1332 1.873512e-05        1
1333 1.893920e-04        1
1334 7.699078e-05        1
1335 9.469281e-05        1
1336 2.137440e-05        1
1337 3.421091e-06        1
1338 8.755306e-05        1
1339 1.032327e-04        1
1340 3.817177e-05        1
1341 1.361070e-05        1
1342 4.587600e-05        1
1343 3.534448e-07        1
1344 2.560524e-06        1
1345 7.377266e-06        1
1346 3.009237e-06        1
1347 8.656631e-05        1
1348 1.003340e-05        1
1349 3.007548e-05        1
1350 2.806171e-05        1
1351 1.316479e-04        1
1352 2.988672e-05        1
1353 4.658279e-05        1
1354 1.470053e-05        1
1355 2.112478e-04        1
1356 1.269916e-05        1
1357 4.532172e-05        1
1358 1.100281e-05        1
1359 1.948765e-06        1
1360 1.679312e-05        1
1361 2.764916e-04        1
1362 1.305361e-07        1
1363 3.735698e-05        1
1364 2.449908e-05        1
1365 6.160613e-07        1
1366 1.997321e-07        1
1367 7.942140e-07        1
1368 5.356060e-06        1
1369 1.089562e-04        1
1370 7.924211e-05        1
1371 1.375337e-06        1
1372 1.124286e-04        1
1373 1.349992e-05        1
1374 2.604062e-05        1
1375 1.927066e-08        1
1376 7.503978e-05        1
1377 1.783027e-05        1
1378 4.392107e-05        1
1379 9.826143e-06        1
1380 2.750025e-05        1
1381 6.150469e-05        1
1382 7.159106e-07        1
1383 9.869297e-05        1
1384 2.554359e-04        1
1385 1.381280e-05        1
1386 2.624416e-05        1
1387 3.480153e-05        1
1388 3.117435e-05        1
1389 1.141578e-05        1
1390 8.617093e-06        1
1391 3.701247e-06        1
1392 5.963886e-06        1
1393 4.435051e-05        1
1394 2.056404e-05        1
1395 6.161986e-07        1
1396 7.812519e-08        1
1397 6.083041e-05        1
1398 3.243640e-04        1
1399 2.559968e-06        1
1400 1.110428e-05        1
1401 1.619937e-07        1
1402 1.852723e-04        1
1403 5.115955e-06        1
1404 4.229129e-05        1
1405 6.778874e-05        1
1406 1.554331e-04        1
1407 4.212404e-06        1
1408 1.426919e-05        1
1409 4.565534e-05        1
1410 3.944989e-04        1
1411 1.088088e-05        1
1412 4.974575e-05        1
1413 2.104969e-05        1
1414 1.784480e-04        1
1415 7.166540e-05        1
1416 4.943189e-05        1
1417 6.766125e-05        1
1418 3.190226e-04        1
1419 1.085612e-05        1
1420 4.848447e-05        1
1421 1.185560e-05        1
1422 9.838656e-06        1
1423 1.743732e-04        1
1424 1.809301e-05        1
1425 1.877262e-05        1
1426 7.758197e-06        1
1427 2.934610e-05        1
1428 5.895552e-07        1
1429 6.161824e-07        1
1430 4.504973e-05        1
1431 6.999984e-05        1
1432 1.302034e-04        1
1433 5.064270e-07        1
1434 3.172921e-05        1
1435 8.587379e-06        1
1436 1.033476e-05        1
1437 1.081452e-07        1
1438 2.017457e-05        1
1439 9.514933e-07        1
1440 1.046008e-05        1
1441 5.198098e-05        1
1442 1.965333e-04        1
1443 8.896777e-07        1
1444 1.151951e-05        1
1445 9.889398e-05        1
1446 5.293219e-05        1
1447 3.901986e-05        1
1448 1.076188e-05        1
1449 3.970591e-06        1
1450 9.717275e-07        1
1451 4.983144e-06        1
1452 2.186233e-06        1
1453 4.249782e-05        1
1454 5.118557e-05        1
1455 2.538042e-05        1
1456 4.550986e-05        1
1457 3.676539e-07        1
1458 1.801425e-04        1
1459 4.422148e-05        1
1460 2.995870e-05        1
1461 2.967019e-05        1
1462 4.602964e-07        1
1463 1.489765e-05        1
1464 7.984052e-05        1
1465 3.631581e-06        1
1466 1.879079e-05        1
1467 1.316821e-06        1
1468 3.999815e-08        1
1469 1.164654e-07        1
1470 7.181059e-05        1
1471 3.252823e-07        1
1472 2.308478e-05        1
1473 1.249795e-04        1
1474 6.464662e-05        1
1475 1.305268e-05        1
1476 1.108794e-05        1
1477 5.888989e-05        1
1478 7.397173e-05        1
1479 2.531260e-06        1
1480 1.672605e-04        1
1481 1.605274e-04        1
1482 2.334151e-07        1
1483 9.531304e-07        1
1484 2.965368e-08        1
1485 1.096824e-05        1
1486 9.974364e-07        1
1487 7.873234e-05        1
1488 1.718062e-05        1
1489 7.805578e-05        1
1490 5.636286e-06        1
1491 2.377167e-05        1
1492 4.556294e-05        1
1493 1.882866e-05        1
1494 4.134654e-06        1
1495 1.485198e-05        1
1496 1.851241e-05        1
1497 1.406876e-05        1
1498 4.591694e-05        1
1499 7.587505e-06        1
1500 3.749012e-05        1
1501 1.486917e-04        1
1502 8.991808e-05        1
1503 1.196235e-05        1
1504 2.101195e-05        1
1505 2.072862e-05        1
1506 9.392651e-07        1
1507 9.913298e-05        1
1508 3.770266e-07        1
1509 5.194525e-05        1
1510 2.706815e-07        1
1511 1.474090e-06        1
1512 1.524693e-05        1
1513 5.546183e-05        1
1514 4.860663e-05        1
1515 6.819070e-05        1
1516 3.717403e-06        1
1517 1.800089e-06        1
1518 4.576251e-07        1
1519 6.212029e-05        1
1520 3.534249e-06        1
1521 1.493513e-04        1
1522 1.537398e-05        1
1523 1.123695e-06        1
1524 1.120026e-05        1
1525 1.522055e-05        1
1526 4.587930e-05        1
1527 8.394752e-06        1
1528 9.918155e-05        1
1529 2.279179e-04        1
1530 1.810264e-04        1
1531 9.756811e-05        1
1532 3.347524e-05        1
1533 6.815089e-06        1
1534 6.249901e-05        1
1535 6.510536e-05        1
1536 3.855117e-07        1
1537 2.670197e-05        1
1538 4.339438e-05        1
1539 2.580375e-05        1
1540 2.605001e-05        1
1541 2.283235e-06        1
1542 8.826552e-06        1
1543 1.760015e-05        1
1544 3.641194e-05        1
1545 3.053119e-07        1
1546 2.340264e-06        1
1547 4.672062e-07        1
1548 9.916315e-06        1
1549 7.805128e-10        1
1550 2.070129e-04        1
1551 3.686974e-06        1
1552 4.721597e-05        1
1553 1.757249e-04        1
1554 7.011039e-06        1
1555 1.602110e-04        1
1556 1.058752e-05        1
1557 7.581157e-05        1
1558 3.864829e-05        1
1559 2.167006e-05        1
1560 2.141087e-05        1
1561 2.276388e-05        1
1562 3.934434e-05        1
1563 1.158266e-05        1
1564 6.983635e-04  0.11484
1565 3.551402e-07        1
1566 1.116984e-05        1
1567 5.915828e-06        1
1568 1.917838e-06        1
1569 2.681989e-05        1
1570 2.573234e-04        1
1571 4.482148e-05        1
1572 8.229656e-06        1
1573 4.390777e-06        1
1574 1.308018e-05        1
1575 9.099392e-05        1
1576 1.839654e-05        1
1577 1.652276e-08        1
1578 3.902966e-05        1
1579 1.161067e-05        1
1580 2.596764e-05        1
1581 3.847038e-07        1
1582 1.092614e-05        1
1583 1.514327e-04        1
1584 2.401076e-05        1
1585 1.236662e-05        1
1586 1.334268e-06        1
1587 5.871547e-05        1
1588 4.484265e-06        1
1589 1.845653e-05        1
1590 9.928884e-06        1
1591 9.432736e-06        1
1592 6.444827e-06        1
1593 1.149430e-05        1
1594 1.945968e-08        1
1595 1.521710e-07        1
1596 3.647072e-07        1
1597 1.128296e-05        1
1598 4.471525e-05        1
1599 2.341629e-05        1
1600 6.015185e-05        1
1601 8.250498e-05        1
1602 1.820786e-05        1
1603 9.418611e-07        1
1604 9.424140e-07        1
1605 6.319603e-06        1
1606 9.451043e-05        1
1607 1.787757e-07        1
1608 5.540749e-05        1
1609 1.909590e-05        1
1610 2.613907e-05        1
1611 2.208828e-07        1
1612 8.277238e-05        1
1613 4.364019e-06        1
1614 4.984692e-05        1
1615 3.877964e-07        1
1616 1.302992e-04        1
1617 7.487360e-06        1
1618 5.216350e-05        1
1619 1.066083e-06        1
1620 2.392325e-05        1
1621 1.312964e-05        1
1622 3.936730e-06        1
1623 6.158469e-06        1
1624 1.113029e-04        1
1625 1.962549e-04        1
1626 2.589641e-07        1
1627 1.605887e-06        1
1628 6.544904e-05        1
1629 1.370905e-05        1
1630 4.007244e-06        1
1631 1.890031e-05        1
1632 6.816270e-05        1
1633 3.382711e-06        1
1634 8.758293e-06        1
1635 2.491974e-06        1
1636 1.655365e-04        1
1637 1.960747e-06        1
1638 6.209921e-06        1
1639 1.044542e-06        1
1640 1.216454e-05        1
1641 1.255583e-04        1
1642 1.017440e-06        1
1643 2.604210e-07        1
1644 7.767145e-05        1
1645 3.235556e-06        1
1646 1.993071e-04        1
1647 1.595576e-06        1
1648 5.635396e-06        1
1649 2.947474e-06        1
1650 1.469307e-06        1
1651 3.104372e-05        1
1652 3.090725e-04        1
1653 5.045278e-05        1
1654 6.620632e-05        1
1655 4.557334e-05        1
1656 5.112359e-05        1
1657 1.990599e-04        1
1658 7.713361e-05        1
1659 1.555012e-04        1
1660 1.690028e-07        1
1661 7.499116e-06        1
1662 5.279841e-06        1
1663 4.138735e-05        1
1664 5.692787e-05        1
1665 1.029865e-06        1
1666 3.898160e-06        1
1667 1.263739e-04        1
1668 5.758642e-06        1
1669 7.019042e-06        1
1670 8.930168e-07        1
1671 1.152030e-05        1
1672 9.800518e-05        1
1673 7.117277e-05        1
1674 6.198545e-07        1
1675 8.732883e-06        1
1676 9.409465e-05        1
1677 1.389465e-05        1
1678 1.009613e-05        1
1679 4.599198e-06        1
1680 2.478402e-06        1
1681 5.424022e-05        1
1682 7.616741e-05        1
1683 1.738930e-05        1
1684 9.072741e-05        1
1685 7.492475e-05        1
1686 1.056565e-04        1
1687 1.164816e-04        1
1688 5.238478e-05        1
1689 3.714618e-05        1
1690 1.843180e-04        1
1691 2.734680e-05        1
1692 2.466219e-05        1
1693 4.110340e-05        1
1694 4.172159e-05        1
1695 2.031797e-05        1
1696 1.841715e-05        1
1697 1.051441e-06        1
1698 1.924569e-04        1
1699 2.046433e-05        1
1700 6.268312e-05        1
1701 5.304791e-05        1
1702 2.848799e-05        1
1703 4.181931e-05        1
1704 2.918635e-05        1
1705 1.775169e-05        1
1706 9.237959e-05        1
1707 8.984590e-07        1
1708 2.317747e-05        1
1709 2.531102e-05        1
1710 3.767005e-07        1
1711 8.214704e-07        1
1712 1.303244e-05        1
1713 6.548951e-05        1
1714 9.733437e-05        1
1715 1.025894e-06        1
1716 1.355681e-04        1
1717 2.528727e-05        1
1718 1.417097e-04        1
1719 1.270195e-06        1
1720 1.229153e-04        1
1721 9.844757e-05        1
1722 1.942806e-08        1
1723 2.135124e-05        1
1724 1.212964e-04        1
1725 8.358445e-06        1
1726 1.427721e-06        1
1727 5.331030e-06        1
1728 2.573244e-04        1
1729 1.038398e-04        1
1730 1.718497e-04        1
1731 3.462713e-04        1
1732 5.397456e-06        1
1733 4.568379e-05        1
1734 1.884579e-04        1
1735 3.670805e-07        1
1736 7.799494e-05        1
1737 1.089019e-05        1
1738 6.441286e-05        1
1739 4.105215e-05        1
1740 6.611816e-05        1
1741 4.624618e-05        1
1742 2.343509e-03        1
1743 1.509540e-05        1
1744 1.792136e-06        1
1745 5.350929e-06        1
1746 1.556092e-05        1
1747 9.344182e-05        1
1748 5.349053e-05        1
1749 1.023726e-04        1
1750 9.996482e-08        1
1751 1.176914e-08        1
1752 1.460184e-05        1
1753 2.678169e-04        1
1754 7.056367e-07        1
1755 4.103482e-05        1
1756 1.937947e-07        1
1757 4.350898e-07        1
1758 1.041121e-04        1
1759 4.496233e-05        1
1760 3.130456e-05        1
1761 6.625778e-05        1
1762 3.637633e-04        1
1763 4.950425e-05        1
1764 6.642289e-05        1
1765 2.215005e-05        1
1766 3.385943e-04        1
1767 3.769903e-06        1
1768 2.513539e-04        1
1769 6.489072e-05        1
1770 2.451297e-04        1
1771 4.422908e-05        1
1772 1.122143e-04        1
1773 4.066547e-05        1
1774 1.885638e-05        1
1775 7.395365e-06        1
1776 2.059760e-07        1
1777 2.393708e-06        1
1778 1.036627e-06        1
1779 5.400674e-05        1
1780 3.520443e-05        1
1781 8.331167e-06        1
1782 2.677677e-05        1
1783 2.199964e-07        1
1784 2.734534e-05        1
1785 3.536194e-05        1
1786 1.134373e-04        1
1787 1.697012e-04        1
1788 8.033529e-06        1
1789 4.527799e-06        1
1790 5.046872e-05        1
1791 3.240745e-05        1
1792 2.225225e-04        1
1793 4.452893e-05        1
1794 1.338257e-06        1
1795 6.828713e-05        1
1796 2.100702e-05        1
1797 1.357119e-05        1
1798 1.112233e-06        1
1799 2.665428e-10        1
1800 2.930290e-05        1
1801 5.948819e-07        1
1802 1.238719e-07        1
1803 9.454074e-05        1
1804 9.206129e-06        1
1805 7.625490e-07        1
1806 9.772554e-05        1
1807 2.049891e-06        1
1808 8.673144e-06        1
1809 5.851079e-06        1
1810 7.397797e-06        1
1811 5.902226e-05        1
1812 1.052923e-05        1
1813 2.659747e-07        1
1814 1.009877e-05        1
1815 9.491448e-05        1
1816 2.257433e-06        1
1817 9.861028e-06        1
1818 1.388718e-06        1
1819 1.211983e-06        1
1820 4.943331e-05        1
1821 1.288711e-04        1
1822 4.592420e-08        1
1823 5.192721e-05        1
1824 3.649701e-05        1
1825 7.920499e-05        1
1826 1.437405e-05        1
1827 2.524552e-07        1
1828 1.059867e-06        1
1829 4.706404e-06        1
1830 4.213426e-05        1
1831 3.451400e-07        1
1832 3.966259e-06        1
1833 3.777352e-07        1
1834 1.797929e-04        1
1835 2.029878e-05        1
1836 5.768022e-04        1
1837 1.853668e-04        1
1838 4.284642e-05        1
1839 1.093153e-05        1
1840 8.565218e-05        1
1841 1.066534e-04        1
1842 2.347968e-04        1
1843 3.347406e-05        1
1844 1.280910e-06        1
1845 1.618446e-05        1
1846 6.591234e-05        1
1847 6.602857e-06        1
1848 1.314872e-04        1
1849 8.233023e-04        1
1850 2.923905e-07        1
1851 5.784579e-05        1
1852 3.103738e-05        1
1853 3.830660e-05        1
1854 2.900488e-04        1
1855 3.516179e-05        1
1856 2.981719e-05        1
1857 2.255580e-04        1
1858 1.187256e-05        1
1859 2.813352e-05        1
1860 8.784030e-06        1
1861 2.377139e-05        1
1862 1.566341e-06        1
1863 3.155392e-05        1
1864 2.108886e-06        1
1865 2.197944e-04        1
1866 7.062349e-05        1
1867 2.676028e-07        1
1868 7.180374e-07        1
1869 8.868023e-06        1
1870 1.795153e-05        1
1871 1.866779e-05        1
1872 2.127145e-06        1
1873 4.707223e-05        1
1874 2.901270e-07        1
1875 1.545758e-04        1
1876 5.843844e-06        1
1877 1.375659e-06        1
1878 2.560597e-05        1
1879 4.009027e-06        1
1880 1.832825e-04        1
1881 1.246683e-04        1
1882 2.369941e-05        1
1883 1.766639e-04        1
1884 6.212404e-05        1
1885 2.619114e-06        1
1886 1.637267e-04        1
1887 1.782861e-05        1
1888 6.500058e-05        1
1889 3.136305e-05        1
1890 8.804823e-06        1
1891 6.383826e-07        1
1892 1.939658e-04        1
1893 1.559603e-06        1
1894 4.287134e-06        1
1895 5.659314e-06        1
1896 8.191864e-05        1
1897 1.543687e-05        1
1898 1.481386e-06        1
1899 3.600833e-05        1
1900 3.080585e-06        1
1901 1.471788e-04        1
1902 4.148458e-05        1
1903 1.725832e-05        1
1904 2.827420e-04        1
1905 3.746151e-07        1
1906 2.804008e-06        1
1907 9.104643e-05        1
1908 1.072837e-04        1
1909 1.338983e-04        1
1910 4.639947e-05        1
1911 7.459969e-06        1
1912 1.997084e-05        1
1913 8.812493e-06        1
1914 1.576838e-04        1
1915 5.966126e-05        1
1916 1.121866e-05        1
1917 2.331008e-05        1
1918 8.138744e-05        1
1919 2.261583e-05        1
1920 5.224013e-07        1
1921 2.978662e-05        1
1922 1.143999e-05        1
1923 3.349013e-05        1
1924 1.127464e-05        1
1925 2.144612e-06        1
1926 7.078687e-06        1
1927 1.339264e-05        1
1928 8.952440e-05        1
1929 3.739175e-07        1
1930 1.834807e-06        1
1931 2.758700e-04        1
1932 2.328036e-04        1
1933 9.276606e-05        1
1934 5.181016e-05        1
1935 1.096077e-05        1
1936 3.411482e-05        1
1937 2.066492e-04        1
1938 1.443129e-05        1
1939 7.123317e-05        1
1940 4.586327e-05        1
1941 7.947692e-04        1
1942 2.004552e-06        1
1943 1.320669e-04        1
1944 1.384227e-05        1
1945 5.138484e-05        1
1946 6.296761e-05        1
1947 2.503957e-06        1
1948 1.262467e-06        1
1949 9.672073e-06        1
1950 1.332916e-05        1
1951 5.073976e-06        1
1952 4.639750e-06        1
1953 9.513522e-06        1
1954 2.060877e-06        1
1955 1.120670e-04        1
1956 1.848043e-04        1
1957 6.428947e-05        1
1958 4.335388e-06        1
1959 5.061224e-05        1
1960 2.740335e-05        1
1961 4.558362e-08        1
1962 1.295197e-05        1
1963 1.188261e-04        1
1964 1.409034e-04        1
1965 5.211561e-05        1
1966 3.195019e-07        1
1967 9.593503e-07        1
1968 1.379008e-04        1
1969 6.779386e-05        1
1970 9.770804e-07        1
1971 9.050266e-06        1
1972 3.903785e-06        1
1973 2.778117e-04        1
1974 2.269972e-06        1
1975 4.507623e-05        1
1976 1.204801e-05        1
1977 6.774547e-05        1
1978 2.872349e-07        1
1979 1.027063e-05        1
1980 2.324490e-05        1
1981 5.253684e-05        1
1982 4.983787e-05        1
1983 1.424465e-06        1
1984 8.053897e-06        1
1985 1.119225e-04        1
1986 1.330907e-04        1
1987 3.633838e-08        1
1988 3.205352e-05        1
1989 2.432446e-05        1
1990 1.852263e-05        1
1991 2.541426e-06        1
1992 6.039337e-05        1
1993 2.101710e-06        1
1994 3.260951e-05        1
1995 4.969575e-05        1
1996 5.039975e-07        1
1997 3.358220e-06        1
1998 7.616721e-05        1
1999 4.225061e-06        1
2000 9.219721e-07        1
2001 2.169983e-05        1
2002 5.451371e-05        1
2003 3.357534e-04        1
2004 4.430340e-05        1
2005 6.103549e-06        1
2006 1.835527e-04        1
2007 1.478790e-06        1
2008 2.014500e-05        1
2009 2.727484e-05        1
2010 1.472068e-04        1
2011 1.389120e-05        1
2012 3.886949e-05        1
2013 7.864599e-05        1
2014 5.524434e-07        1
2015 3.980507e-05        1
2016 4.325674e-05        1
2017 4.290440e-06        1
2018 6.776333e-07        1
2019 8.747787e-05        1
2020 9.375593e-06        1
2021 1.178465e-06        1
2022 1.216464e-06        1
2023 5.115227e-06        1
2024 1.387066e-05        1
2025 6.434474e-06        1
2026 2.653914e-06        1
2027 1.695000e-05        1
2028 3.065632e-07        1
2029 2.462745e-08        1
2030 5.526380e-04        1
2031 3.410387e-06        1
2032 1.283915e-06        1
2033 2.427203e-04        1
2034 2.093555e-04        1
2035 4.125572e-05        1
2036 1.363343e-06        1
2037 6.419470e-06        1
2038 1.024611e-05        1
2039 4.802895e-07        1
2040 3.176022e-05        1
2041 5.031944e-06        1
2042 6.770921e-06        1
2043 2.774238e-05        1
2044 8.415159e-05        1
2045 2.338502e-05        1
2046 1.153644e-04        1
2047 1.089527e-04        1
2048 3.301023e-05        1
2049 4.710779e-05        1
2050 1.772131e-05        1
2051 2.533736e-05        1
2052 2.671784e-05        1
2053 8.343501e-07        1
2054 1.425671e-07        1
2055 7.451328e-05        1
2056 2.926317e-05        1
2057 1.795543e-04        1
2058 3.822555e-06        1
2059 6.415211e-05        1
2060 2.554358e-07        1
2061 4.227312e-05        1
2062 1.029452e-04        1
2063 6.623154e-06        1
2064 2.733461e-07        1
2065 2.149160e-04        1
2066 6.523915e-05        1
2067 8.185558e-05        1
2068 2.207591e-05        1
2069 1.006233e-05        1
2070 1.152619e-04        1
2071 8.232699e-05        1
2072 8.315681e-05        1
2073 5.023524e-05        1
2074 2.379678e-05        1
2075 1.684225e-05        1
2076 1.865949e-04        1
2077 1.318161e-04        1
2078 1.068044e-04        1
2079 1.123813e-06        1
2080 1.902631e-05        1
2081 4.912191e-05        1
2082 5.859848e-05        1
2083 1.400951e-04        1
2084 7.349827e-05        1
2085 5.810051e-06        1
2086 1.035568e-05        1
2087 3.214856e-06        1
2088 5.878498e-05        1
2089 6.827697e-08        1
2090 1.176974e-04        1
2091 2.849879e-05        1
2092 3.190983e-05        1
2093 4.191804e-08        1
2094 3.610207e-04        1
2095 3.901082e-06        1
2096 7.255121e-05        1
2097 5.897767e-05        1
2098 1.517910e-05        1
2099 9.383161e-05        1
2100 6.507670e-06        1
2101 2.678046e-04        1
2102 7.636643e-06        1
2103 4.722289e-05        1
2104 5.805531e-04        1
2105 1.056428e-04        1
2106 1.975201e-05        1
2107 2.884060e-05        1
2108 7.700116e-06        1
2109 2.570784e-05        1
2110 1.087547e-04        1
2111 2.499179e-05        1
2112 4.049866e-05        1
2113 2.703935e-05        1
2114 1.652316e-05        1
2115 2.037241e-04        1
2116 2.999241e-05        1
2117 3.791922e-05        1
2118 2.180177e-05        1
2119 4.884406e-05        1
2120 1.003505e-04        1
2121 7.732859e-06        1
2122 1.498518e-05        1
2123 1.325191e-05        1
2124 1.532796e-04        1
2125 7.323206e-05        1
2126 7.082223e-07        1
2127 5.719640e-05        1
2128 6.027473e-09        1
2129 4.807636e-06        1
2130 7.702639e-06        1
2131 3.997347e-06        1
2132 1.154265e-05        1
2133 3.764199e-05        1
2134 7.815626e-05        1
2135 5.343196e-05        1
2136 8.719521e-06        1
2137 2.117524e-04        1
2138 1.778707e-04        1
2139 3.192297e-06        1
2140 6.451717e-05        1
2141 6.919238e-05        1
2142 2.881409e-05        1
2143 1.032452e-05        1
2144 3.140784e-06        1
2145 7.687065e-06        1
2146 8.732077e-07        1
2147 9.576637e-06        1
2148 2.681724e-05        1
2149 7.857157e-05        1
2150 7.807184e-05        1
2151 7.527108e-05        1
2152 9.091333e-06        1
2153 1.129345e-05        1
2154 1.553577e-06        1
2155 5.539420e-06        1
2156 1.263453e-05        1
2157 7.434581e-05        1
2158 1.578493e-05        1
2159 5.172261e-05        1
2160 9.346306e-06        1
2161 6.063347e-06        1
2162 6.727832e-05        1
2163 9.604917e-05        1
2164 1.759988e-05        1
2165 4.217704e-07        1
2166 4.535852e-05        1
2167 1.648813e-04        1
2168 8.052930e-05        1
2169 3.112585e-05        1
2170 1.749208e-07        1
2171 2.461823e-05        1
2172 4.685972e-05        1
2173 4.236843e-07        1
2174 5.530331e-05        1
2175 1.526968e-05        1
2176 4.996084e-05        1
2177 2.124540e-05        1
2178 9.620205e-06        1
2179 3.753414e-06        1
2180 1.975723e-05        1
2181 3.914632e-05        1
2182 6.587567e-05        1
2183 4.585408e-07        1
2184 4.296238e-05        1
2185 6.390894e-05        1
2186 4.806732e-05        1
2187 1.493083e-05        1
2188 3.991014e-05        1
2189 2.344346e-04        1
2190 4.873523e-08        1
2191 1.774549e-07        1
2192 1.588356e-04        1
2193 5.549840e-05        1
2194 8.179126e-08        1
2195 8.681639e-05        1
2196 2.318596e-05        1
2197 2.225717e-06        1
2198 1.094729e-07        1
2199 1.114187e-06        1
2200 5.649691e-05        1
2201 1.878446e-06        1
2202 1.812688e-04        1
2203 3.058884e-05        1
2204 8.032985e-05        1
2205 3.968387e-05        1
2206 1.371210e-05        1
2207 3.780053e-05        1
2208 1.051506e-06        1
2209 8.258003e-05        1
2210 6.590552e-05        1
2211 2.120614e-06        1
2212 1.670594e-05        1
2213 5.393963e-06        1
2214 5.831842e-05        1
2215 2.928725e-09        1
2216 1.041329e-04        1
2217 2.497008e-05        1
2218 1.053820e-06        1
2219 3.035822e-08        1
2220 3.760886e-08        1
2221 6.724619e-06        1
2222 1.186370e-04        1
2223 1.151406e-04        1
2224 1.347146e-07        1
2225 4.380377e-07        1
2226 2.577817e-08        1
2227 4.693100e-04        1
2228 6.656726e-05        1
2229 5.118754e-04        1
2230 9.379505e-05        1
2231 6.899168e-06        1
2232 4.692837e-05        1
2233 2.570090e-05        1
2234 1.049646e-05        1
2235 7.269185e-05        1
2236 1.605683e-05        1
2237 1.747995e-04        1
2238 1.288216e-06        1
2239 1.149937e-06        1
2240 1.976386e-05        1
2241 2.838405e-06        1
2242 1.388904e-06        1
2243 2.731240e-05        1
2244 3.426413e-05        1
2245 8.220570e-08        1
2246 1.200532e-04        1
2247 9.052032e-05        1
2248 1.967651e-05        1
2249 8.917266e-05        1
2250 8.192891e-04        1
2251 9.500032e-06        1
2252 2.714098e-05        1
2253 1.279512e-04        1
2254 9.792330e-06        1
2255 1.546225e-05        1
2256 2.063352e-05        1
2257 7.500248e-08        1
2258 3.882511e-05        1
2259 6.593653e-04        1
2260 9.171600e-05        1
2261 1.738420e-05        1
2262 6.017652e-05        1
2263 4.363511e-05        1
2264 1.684307e-05        1
2265 2.169235e-05        1
2266 2.952226e-05        1
2267 3.292464e-10        1
2268 2.914675e-06        1
2269 3.615307e-06        1
2270 1.489620e-07        1
2271 4.361696e-05        1
2272 1.904418e-05        1
2273 1.015038e-06        1
2274 4.070903e-05        1
2275 1.093726e-05        1
2276 6.060165e-05        1
2277 3.590390e-05        1
2278 2.987843e-04        1
2279 4.182683e-05        1
2280 1.161048e-04        1
2281 5.559483e-06        1
2282 5.847795e-05        1
2283 1.006317e-04        1
2284 3.264441e-06        1
2285 7.860361e-05        1
2286 3.635935e-05        1
2287 2.961571e-05        1
2288 2.364750e-05        1
2289 1.067796e-06        1
2290 6.780167e-06        1
2291 1.056741e-04        1
2292 6.376756e-06        1
2293 9.566716e-06        1
2294 1.586856e-07        1
2295 5.144522e-06        1
2296 2.190483e-05        1
2297 2.885203e-07        1
2298 2.081511e-04        1
2299 7.142692e-05        1
2300 8.503968e-06        1
2301 9.491513e-06        1
2302 7.649188e-07        1
2303 1.763354e-04        1
2304 2.268761e-05        1
2305 2.764335e-05        1
2306 4.181139e-06        1
2307 2.185848e-08        1
2308 3.326428e-05        1
2309 2.136066e-04        1
2310 5.297449e-12        1
2311 4.460019e-05        1
2312 2.376724e-05        1
2313 1.225415e-04        1
2314 1.059314e-06        1
2315 9.416114e-06        1
2316 1.347560e-05        1
2317 1.579052e-05        1
2318 5.237607e-06        1
2319 2.068795e-04        1
2320 1.304145e-08        1
2321 1.140934e-05        1
2322 7.728638e-05        1
2323 7.747588e-05        1
2324 1.068925e-06        1
2325 1.151564e-05        1
2326 9.455285e-06        1
2327 1.085056e-04        1
2328 6.530208e-05        1
2329 1.802504e-04        1
2330 4.786385e-05        1
2331 9.572805e-05        1
2332 4.669822e-05        1
2333 1.184301e-05        1
2334 3.865178e-07        1
2335 2.129516e-05        1
2336 8.328223e-07        1
2337 3.402436e-05        1
2338 3.000539e-05        1
2339 3.951485e-06        1
2340 3.370533e-05        1
2341 4.684182e-04        1
2342 3.423091e-05        1
2343 2.503392e-04        1
2344 3.681787e-05        1
2345 1.223835e-05        1
2346 3.021479e-04        1
2347 1.421338e-05        1
2348 5.145958e-04        1
2349 2.630726e-06        1
2350 2.606235e-05        1
2351 6.838386e-06        1
2352 3.341888e-05        1
2353 4.817705e-05        1
2354 6.377883e-05        1
2355 1.252889e-05        1
2356 3.686078e-04        1
2357 3.183935e-05        1
2358 4.663314e-05        1
2359 6.170284e-08        1
2360 7.970969e-08        1
2361 8.059690e-05        1
2362 7.584789e-05        1
2363 1.508790e-05        1
2364 2.201930e-06        1
2365 1.141736e-05        1
2366 2.153971e-05        1
2367 3.523023e-07        1
2368 1.498528e-07        1
2369 5.319881e-05        1
2370 2.061186e-05        1
2371 8.729231e-06        1
2372 6.698794e-05        1
2373 1.629396e-05        1
2374 1.828908e-05        1
2375 2.073838e-05        1
2376 9.081621e-05        1
2377 6.669683e-05        1
2378 1.430763e-05        1
2379 3.811146e-08        1
2380 1.861231e-04        1
2381 9.159823e-07        1
2382 3.814019e-07        1
2383 2.012187e-06        1
2384 1.141508e-04        1
2385 5.778394e-05        1
2386 1.828644e-05        1
2387 1.578915e-07        1
2388 6.889296e-06        1
2389 1.705708e-05        1
2390 8.599188e-05        1
2391 4.030506e-06        1
2392 4.664088e-05        1
2393 5.438730e-06        1
2394 2.308906e-05        1
2395 2.501832e-04        1
2396 2.184095e-05        1
2397 7.763993e-05        1
2398 1.024725e-05        1
2399 1.331085e-05        1
2400 1.069337e-06        1
2401 1.231917e-05        1
2402 2.093519e-05        1
2403 4.166429e-05        1
2404 1.899791e-04        1
2405 1.346501e-05        1
2406 1.202216e-05        1
2407 7.604950e-07        1
2408 5.773960e-05        1
2409 2.065074e-08        1
2410 8.471550e-05        1
2411 1.789324e-05        1
2412 3.122363e-05        1
2413 2.293226e-05        1
2414 2.616791e-05        1
2415 6.445585e-05        1
2416 4.221469e-05        1
2417 3.127327e-05        1
2418 5.556987e-05        1
2419 2.064269e-05        1
2420 7.488418e-06        1
2421 1.364728e-06        1
2422 3.266488e-04        1
2423 5.530149e-05        1
2424 1.639530e-05        1
2425 5.845813e-05        1
2426 1.996931e-05        1
2427 1.062940e-06        1
2428 8.558078e-06        1
2429 8.274731e-06        1
2430 1.641214e-06        1
2431 3.324670e-07        1
2432 9.278197e-05        1
2433 3.493376e-05        1
2434 6.914208e-05        1
2435 5.595213e-05        1
2436 1.590449e-05        1
2437 9.489417e-06        1
2438 4.484683e-06        1
2439 2.278405e-05        1
2440 1.042449e-05        1
2441 5.546529e-05        1
2442 5.389817e-05        1
2443 5.633045e-07        1
2444 1.523424e-05        1
2445 5.528772e-06        1
2446 5.281225e-06        1
2447 7.209949e-05        1
2448 2.119804e-06        1
2449 6.628493e-06        1
2450 7.783424e-05        1
2451 8.987115e-06        1
2452 5.176327e-05        1
2453 4.176670e-04        1
2454 6.173819e-05        1
2455 4.559485e-05        1
2456 6.202204e-05        1
2457 5.445686e-06        1
2458 4.540276e-05        1
2459 5.630578e-06        1
2460 8.095721e-06        1
2461 7.195221e-05        1
2462 1.250642e-04        1
2463 1.365227e-05        1
2464 3.189391e-05        1
2465 5.878018e-05        1
2466 2.945835e-04        1
2467 7.621525e-05        1
2468 1.638925e-06        1
2469 2.510797e-08        1
2470 5.395713e-05        1
2471 2.105752e-05        1
2472 3.422222e-05        1
2473 2.412346e-06        1
2474 3.494400e-05        1
2475 8.937195e-05        1
2476 8.829742e-05        1
2477 1.974918e-06        1
2478 2.076430e-05        1
2479 9.424716e-05        1
2480 9.056278e-08        1
2481 4.202166e-06        1
2482 4.363425e-07        1
2483 1.068837e-04        1
2484 2.211863e-05        1
2485 4.868055e-07        1
2486 2.610377e-06        1
2487 8.142862e-06        1
2488 4.770483e-05        1
2489 1.640470e-04        1
2490 5.532174e-05        1
2491 7.737021e-06        1
2492 5.433184e-08        1
2493 4.200304e-05        1
2494 1.865251e-05        1
2495 1.331878e-05        1
2496 1.810573e-05        1
2497 1.177526e-04        1
2498 3.076943e-06        1
2499 1.110132e-04        1
2500 8.990069e-08        1
2501 1.016857e-04        1
2502 3.672956e-06        1
2503 3.902472e-05        1
2504 1.436984e-05        1
2505 2.926935e-07        1
2506 2.145043e-06        1
2507 1.377312e-05        1
2508 8.964080e-05        1
2509 1.510853e-07        1
2510 1.296414e-05        1
2511 2.383162e-05        1
2512 3.836660e-06        1
2513 2.875712e-05        1
2514 8.329467e-06        1
2515 1.027703e-04        1
2516 9.076430e-05        1
2517 1.146413e-06        1
2518 1.513410e-05        1
2519 1.964206e-05        1
2520 1.979644e-05        1
2521 1.709581e-04        1
2522 7.128858e-04        1
2523 8.517817e-06        1
2524 1.777793e-04        1
2525 1.077846e-04        1
2526 1.191848e-04        1
2527 3.667459e-05        1
2528 1.556734e-04        1
2529 2.354886e-05        1
2530 1.026556e-04        1
2531 3.787407e-05        1
2532 1.079501e-05        1
2533 3.064054e-05        1
2534 3.980221e-05        1
2535 5.179736e-07        1
2536 1.285986e-04        1
2537 4.882271e-05        1
2538 7.082037e-06        1
2539 8.864409e-06        1
2540 5.223540e-11        1
2541 1.659357e-06        1
2542 5.170534e-04        1
2543 1.373889e-07        1
2544 1.648105e-08        1
2545 1.867478e-05        1
2546 3.043116e-07        1
2547 1.459005e-05        1
2548 3.037917e-05        1
2549 9.103321e-05        1
2550 1.084852e-05        1
2551 8.916565e-05        1
2552 1.775491e-05        1
2553 5.534183e-06        1
2554 3.067804e-05        1
2555 1.470855e-06        1
2556 2.151926e-06        1
2557 1.131600e-04        1
2558 1.958318e-05        1
2559 3.023354e-04        1
2560 8.451430e-09        1
2561 2.157276e-07        1
2562 7.253920e-05        1
2563 9.052842e-06        1
2564 5.222493e-05        1
2565 5.994595e-04  0.63162
2566 1.672142e-05        1
2567 1.689719e-06        1
2568 1.998713e-07        1
2569 1.596017e-05        1
2570 2.046564e-05        1
2571 2.892325e-05        1
2572 2.847772e-05        1
2573 8.288909e-06        1
2574 5.425676e-05        1
2575 1.946122e-05        1
2576 7.035303e-07        1
2577 3.978447e-07        1
2578 1.456797e-07        1
2579 3.597169e-05        1
2580 3.046284e-05        1
2581 8.089510e-05        1
2582 5.337399e-05        1
2583 2.806318e-05        1
2584 2.053652e-06        1
2585 9.517512e-06        1
2586 4.204343e-05        1
2587 1.107300e-04        1
2588 2.671801e-08        1
2589 5.438732e-09        1
2590 1.010957e-04        1
2591 6.430901e-06        1
2592 1.966159e-06        1
2593 2.576286e-05        1
2594 8.280063e-06        1
2595 1.146104e-04        1
2596 1.937761e-05        1
2597 3.740209e-06        1
2598 1.129697e-04        1
2599 7.279158e-06        1
2600 3.814264e-05        1
2601 2.160801e-05        1
2602 3.481480e-05        1
2603 1.498709e-05        1
2604 1.640389e-06        1
2605 9.316082e-07        1
2606 1.967811e-04        1
2607 6.026222e-05        1
2608 2.514176e-06        1
2609 4.284712e-06        1
2610 5.939758e-06        1
2611 4.207944e-05        1
2612 1.387842e-05        1
2613 2.041422e-05        1
2614 1.041989e-06        1
2615 9.888677e-05        1
2616 1.864268e-05        1
2617 1.210643e-06        1
2618 2.589909e-06        1
2619 7.065309e-04        1
2620 1.095313e-05        1
2621 6.598058e-06        1
2622 2.713290e-05        1
2623 3.141163e-06        1
2624 2.337235e-04        1
2625 5.257638e-05        1
2626 1.489319e-05        1
2627 5.663063e-05        1
2628 4.078822e-06        1
2629 4.665146e-06        1
2630 8.435066e-05        1
2631 5.061258e-05        1
2632 5.389287e-05        1
2633 8.827133e-06        1
2634 2.190516e-04        1
2635 4.145448e-05        1
2636 5.102537e-05        1
2637 3.071564e-05        1
2638 2.429965e-05        1
2639 9.003819e-06        1
2640 3.469205e-05        1
2641 2.201457e-05        1
2642 1.224957e-04        1
2643 1.112870e-04        1
2644 4.439963e-07        1
2645 6.421849e-05        1
2646 3.223486e-04        1
2647 4.417218e-07        1
2648 6.996065e-06        1
2649 4.666970e-05        1
2650 4.583574e-05        1
2651 5.728798e-07        1
2652 4.317962e-04        1
2653 7.108964e-08        1
2654 1.907232e-04        1
2655 7.700738e-06        1
2656 1.248280e-05        1
2657 2.137505e-06        1
2658 2.000578e-05        1
2659 5.459918e-05        1
2660 1.621230e-04        1
2661 5.168436e-08        1
2662 6.683552e-06        1
2663 1.163226e-03        1
2664 1.369408e-04        1
2665 6.074541e-05        1
2666 2.188354e-05        1
2667 9.593780e-05        1
2668 2.096975e-04        1
2669 2.684636e-05        1
2670 2.583522e-05        1
2671 1.246689e-06        1
2672 8.013571e-06        1
2673 6.837202e-06        1
2674 6.685332e-05        1
2675 1.019714e-05        1
2676 7.191236e-07        1
2677 2.958039e-06        1
2678 1.377249e-04        1
2679 5.792055e-06        1
2680 2.792538e-05        1
2681 9.793350e-05        1
2682 4.557821e-06        1
2683 2.903090e-05        1
2684 8.536474e-07        1
2685 1.469510e-04        1
2686 1.533274e-05        1
2687 3.245552e-07        1
2688 1.052179e-04        1
2689 4.972744e-06        1
2690 1.685933e-06        1
2691 2.750677e-05        1
2692 1.956984e-05        1
2693 6.440318e-06        1
2694 6.548140e-05        1
2695 1.973232e-04        1
2696 5.051934e-04        1
2697 2.326079e-05        1
2698 1.299721e-05        1
2699 4.580867e-06        1
2700 1.233753e-05        1
2701 7.081326e-07        1
2702 1.151168e-04        1
2703 9.829289e-06        1
2704 2.252980e-04        1
2705 2.192068e-05        1
2706 8.893094e-05        1
2707 3.251911e-04        1
2708 1.924248e-06        1
2709 5.476117e-06        1
2710 1.384418e-05        1
2711 7.774416e-07        1
2712 1.876857e-04        1
2713 5.939534e-06        1
2714 2.768713e-05        1
2715 2.127955e-05        1
2716 1.062716e-06        1
2717 7.381503e-08        1
2718 2.273655e-07        1
2719 3.522519e-05        1
2720 6.116203e-05        1
2721 1.608615e-04        1
2722 4.047175e-05        1
2723 8.533094e-05        1
2724 2.049031e-05        1
2725 2.337000e-05        1
2726 7.896866e-07        1
2727 6.051325e-06        1
2728 4.186679e-05        1
2729 3.695943e-05        1
2730 1.585569e-05        1
2731 5.580648e-07        1
2732 1.085815e-05        1
2733 7.205493e-05        1
2734 2.629246e-07        1
2735 1.016071e-06        1
2736 3.128647e-06        1
2737 1.057611e-05        1
2738 1.538802e-04        1
2739 7.394425e-06        1
2740 3.943044e-05        1
2741 1.725453e-05        1
2742 1.051130e-05        1
2743 1.155884e-05        1
2744 2.823440e-05        1
2745 5.956232e-04        1
2746 9.542904e-06        1
2747 5.044709e-05        1
2748 2.378186e-04        1
2749 2.584452e-04        1
2750 6.531258e-05        1
2751 1.193025e-05        1
2752 1.193504e-06        1
2753 3.401121e-06        1
2754 1.528012e-04        1
2755 6.993919e-06        1
2756 1.188449e-07        1
2757 4.307693e-05        1
2758 2.005283e-06        1
2759 4.731082e-05        1
2760 3.517121e-05        1
2761 4.075832e-04        1
2762 7.326986e-06        1
2763 1.385312e-04        1
2764 2.149998e-05        1
2765 2.915702e-05        1
2766 9.424169e-05        1
2767 7.342826e-05        1
2768 6.142507e-05        1
2769 1.997120e-05        1
2770 9.176918e-05        1
2771 6.787811e-05        1
2772 1.093693e-07        1
2773 1.361688e-03        1
2774 1.177043e-07        1
2775 6.600566e-05        1
2776 3.341801e-05        1
2777 1.878721e-05        1
2778 5.788169e-05        1
2779 1.048917e-04        1
2780 2.464083e-05        1
2781 4.068821e-05        1
2782 8.119217e-06        1
2783 1.313063e-04        1
2784 1.584571e-04        1
2785 1.031181e-04        1
2786 1.335420e-04        1
2787 1.033204e-05        1
2788 1.289334e-05        1
2789 2.424197e-04        1
2790 2.040740e-05        1
2791 2.271389e-05        1
2792 4.130915e-06        1
2793 1.777409e-05        1
2794 4.583358e-07        1
2795 1.520308e-07        1
2796 1.323715e-05        1
2797 8.990097e-05        1
2798 2.167855e-05        1
2799 2.847649e-06        1
2800 1.428986e-07        1
2801 1.564182e-09        1
2802 1.557161e-05        1
2803 1.040906e-07        1
2804 1.028349e-06        1
2805 2.858371e-06        1
2806 1.139860e-05        1
2807 2.307710e-08        1
2808 2.576155e-08        1
2809 5.000281e-05        1
2810 5.558260e-05        1
2811 7.412166e-05        1
2812 1.063213e-04        1
2813 1.533822e-05        1
2814 2.431140e-05        1
2815 7.053508e-06        1
2816 4.749495e-05        1
2817 1.329713e-07        1
2818 7.483995e-06        1
2819 4.470101e-06        1
2820 2.166080e-06        1
2821 4.184595e-06        1
2822 4.198253e-05        1
2823 4.903759e-06        1
2824 1.100591e-04        1
2825 4.964547e-05        1
2826 9.004156e-06        1
2827 5.360464e-06        1
2828 2.316923e-05        1
2829 1.080324e-05        1
2830 6.402085e-06        1
2831 1.724304e-10        1
2832 2.283477e-04        1
2833 1.140677e-06        1
2834 3.001595e-05        1
2835 2.955513e-06        1
2836 1.216659e-04        1
2837 1.355358e-04        1
2838 6.958332e-05        1
2839 3.903182e-07        1
2840 7.084185e-05        1
2841 1.798603e-04        1
2842 4.716180e-05        1
2843 9.558639e-05        1
2844 1.528461e-07        1
2845 1.097244e-05        1
2846 5.928290e-08        1
2847 3.719662e-05        1
2848 4.555826e-05        1
2849 1.657577e-07        1
2850 7.966045e-05        1
2851 9.913626e-05        1
2852 3.970778e-05        1
2853 5.664376e-05        1
2854 5.454468e-05        1
2855 1.683942e-04        1
2856 4.851113e-05        1
2857 8.117698e-05        1
2858 1.366118e-04        1
2859 1.940577e-06        1
2860 2.550538e-08        1
2861 5.922566e-06        1
2862 1.709792e-04        1
2863 1.608378e-05        1
2864 2.583984e-05        1
2865 7.685903e-05        1
2866 5.317959e-06        1
2867 7.741318e-07        1
2868 1.388022e-06        1
2869 3.582853e-06        1
2870 5.377997e-05        1
2871 9.171166e-06        1

$`MR-PRESSO results`$`Distortion Test`
$`MR-PRESSO results`$`Distortion Test`$`Outliers Indices`
[1] 1299

$`MR-PRESSO results`$`Distortion Test`$`Distortion Coefficient`
beta.exposure 
    -43.82845 

$`MR-PRESSO results`$`Distortion Test`$Pvalue
[1] 0.81035



