$`Main MR results`
       Exposure       MR Analysis Causal Estimate         Sd     T-stat
1 beta.exposure               Raw     -0.02610625 0.09610991 -0.2716291
2 beta.exposure Outlier-corrected              NA         NA         NA
   P-value
1 0.786186
2       NA

$`MR-PRESSO results`
$`MR-PRESSO results`$`Global Test`
$`MR-PRESSO results`$`Global Test`$RSSobs
[1] 237.8339

$`MR-PRESSO results`$`Global Test`$Pvalue
[1] 0.0489


$`MR-PRESSO results`$`Outlier Test`
          RSSobs Pvalue
1   4.562258e-06      1
2   5.257346e-06      1
3   4.946192e-04      1
4   5.382273e-04      1
5   1.783145e-03      1
6   2.652861e-03      1
7   2.041349e-05      1
8   6.124040e-04      1
9   6.150064e-04      1
10  1.547517e-04      1
11  6.127293e-04      1
12  4.865061e-05      1
13  1.459958e-05      1
14  2.181024e-05      1
15  7.512694e-04      1
16  1.332738e-04      1
17  4.280871e-05      1
18  1.578351e-04      1
19  5.305155e-06      1
20  6.093122e-08      1
21  5.511544e-05      1
22  3.306651e-04      1
23  3.723795e-04      1
24  4.464131e-05      1
25  7.427566e-05      1
26  2.184923e-03      1
27  1.101666e-05      1
28  1.317976e-02      1
29  4.898168e-04      1
30  2.180471e-04      1
31  1.737475e-04      1
32  1.866130e-06      1
33  1.813088e-06      1
34  2.203635e-03      1
35  7.800651e-04      1
36  9.730608e-04      1
37  6.884064e-05      1
38  4.586986e-03      1
39  2.841633e-06      1
40  1.394254e-05      1
41  6.866313e-05      1
42  3.973374e-04      1
43  1.895799e-03      1
44  2.964647e-04      1
45  1.088686e-03      1
46  3.929142e-05      1
47  5.392870e-03      1
48  1.841450e-05      1
49  4.104342e-04      1
50  6.352803e-04      1
51  2.759123e-04      1
52  2.138917e-04      1
53  2.378423e-06      1
54  2.047477e-05      1
55  4.200452e-04      1
56  2.931042e-06      1
57  3.872674e-04      1
58  3.311654e-04      1
59  6.755773e-06      1
60  1.658456e-04      1
61  1.429288e-04      1
62  1.232667e-03      1
63  5.678400e-03      1
64  1.281778e-04      1
65  7.249209e-05      1
66  1.767094e-04      1
67  5.193856e-05      1
68  1.912040e-04      1
69  4.815599e-04      1
70  1.120882e-03      1
71  3.673280e-02      1
72  7.684236e-05      1
73  1.288191e-05      1
74  1.173142e-04      1
75  1.338056e-03      1
76  1.288228e-03      1
77  1.252644e-04      1
78  4.953607e-05      1
79  7.261285e-05      1
80  6.102020e-05      1
81  3.729194e-06      1
82  2.411881e-04      1
83  2.238388e-04      1
84  5.918625e-03      1
85  6.232530e-04      1
86  1.111957e-04      1
87  5.059766e-05      1
88  1.790813e-04      1
89  1.639103e-05      1
90  2.505559e-04      1
91  3.938316e-04      1
92  2.080239e-07      1
93  4.057029e-04      1
94  5.920552e-05      1
95  1.136005e-05      1
96  5.213519e-04      1
97  1.654359e-03      1
98  1.919006e-04      1
99  2.717768e-04      1
100 1.800051e-03      1
101 4.221437e-05      1
102 1.671953e-03      1
103 1.586203e-04      1
104 5.090519e-04      1
105 8.606697e-04      1
106 6.328123e-06      1
107 8.190288e-03      1
108 4.090893e-04      1
109 9.819598e-06      1
110 2.480819e-04      1
111 7.537529e-04      1
112 4.952621e-04      1
113 4.097207e-04      1
114 6.533283e-04      1
115 7.042480e-04      1
116 8.211947e-06      1
117 9.141755e-02      1
118 9.348312e-05      1
119 3.954775e-06      1
120 1.606624e-06      1
121 2.057043e-04      1
122 4.788564e-04      1
123 1.670695e-07      1
124 1.008834e-04      1
125 1.542754e-04      1
126 2.191940e-07      1
127 2.317969e-03 0.0606
128 1.985593e-06      1
129 1.690012e-04      1
130 2.461444e-04      1
131 5.898781e-05      1
132 1.308506e-05      1
133 3.897645e-04      1
134 3.375123e-03      1
135 8.641192e-05      1
136 1.390616e-03      1
137 8.047139e-04      1
138 2.372056e-04      1
139 1.220452e-04      1
140 2.463332e-04      1
141 4.237911e-04      1
142 3.893656e-04      1
143 9.109115e-03      1
144 7.302849e-04      1
145 6.690631e-06      1
146 1.948103e-04      1
147 6.658001e-03      1
148 3.897342e-04      1
149 5.052567e-05      1
150 3.340492e-04      1
151 1.163748e-04      1
152 1.713219e-04      1
153 1.026096e-05      1
154 1.494766e-03      1
155 1.505540e-04      1
156 7.329690e-05      1
157 9.369372e-04      1
158 1.069306e-04      1
159 2.379912e-05      1
160 1.698952e-03      1
161 1.388852e-03      1
162 4.680686e-04      1
163 4.806062e-05      1
164 2.872437e-04      1
165 3.231484e-03      1
166 7.709729e-05      1
167 5.456915e-04      1
168 5.475273e-04      1
169 3.536360e-03      1
170 2.596782e-03      1
171 1.733734e-03      1
172 3.895364e-04      1
173 3.726150e-04      1
174 1.888136e-05      1
175 9.789499e-07      1
176 8.651897e-02      1
177 1.845730e-03      1
178 9.969143e-04      1
179 1.468272e-03      1
180 1.572382e-05      1
181 6.536130e-05      1
182 8.530049e-06      1
183 1.270954e-04      1
184 7.027920e-04      1
185 8.592324e-04      1
186 3.484796e-04      1
187 1.015909e-05      1
188 3.466654e-04      1
189 4.324055e-03      1
190 3.141609e-04      1
191 3.061498e-05      1
192 1.277430e-04      1
193 1.058469e-04      1
194 5.599135e-06      1
195 9.678629e-04      1
196 1.124122e-05      1
197 4.279992e-05      1
198 1.268222e-04      1
199 1.961630e-05      1
200 3.910817e-04      1
201 1.384292e-03      1
202 3.627728e-04      1

$`MR-PRESSO results`$`Distortion Test`
$`MR-PRESSO results`$`Distortion Test`$`Outliers Indices`
[1] "No significant outliers"

$`MR-PRESSO results`$`Distortion Test`$`Distortion Coefficient`
[1] NA

$`MR-PRESSO results`$`Distortion Test`$Pvalue
[1] NA



