$`Main MR results`
       Exposure       MR Analysis Causal Estimate           Sd   T-stat
1 beta.exposure               Raw    0.0004434117 0.0004166296 1.064283
2 beta.exposure Outlier-corrected    0.0005025462 0.0004115138 1.221214
    P-value
1 0.2874145
2 0.2222452

$`MR-PRESSO results`
$`MR-PRESSO results`$`Global Test`
$`MR-PRESSO results`$`Global Test`$RSSobs
[1] 1626.363

$`MR-PRESSO results`$`Global Test`$Pvalue
[1] "<2e-05"


$`MR-PRESSO results`$`Outlier Test`
           RSSobs   Pvalue
1    1.489815e-07        1
2    1.344646e-07        1
3    7.911911e-06        1
4    2.186730e-06        1
5    3.870484e-05        1
6    1.011419e-04  0.74524
7    3.719801e-06        1
8    1.514442e-05        1
9    5.684118e-06        1
10   2.453582e-07        1
11   5.732390e-07        1
12   2.614831e-09        1
13   3.931606e-06        1
14   3.064976e-06        1
15   6.339344e-09        1
16   9.247487e-06        1
17   4.841276e-06        1
18   3.868386e-07        1
19   1.127663e-07        1
20   5.601229e-06        1
21   2.224599e-05        1
22   1.429042e-09        1
23   1.454883e-05        1
24   2.591310e-05        1
25   1.738388e-06        1
26   8.295147e-07        1
27   5.311105e-06        1
28   1.626045e-05        1
29   2.423757e-05        1
30   9.728645e-06        1
31   2.695600e-06        1
32   1.857310e-05        1
33   2.126445e-06        1
34   3.542385e-05        1
35   5.608570e-07        1
36   3.840272e-05        1
37   8.712810e-06        1
38   4.933992e-05        1
39   8.585616e-06        1
40   8.260133e-07        1
41   2.689087e-06        1
42   5.254380e-06        1
43   5.352001e-06        1
44   1.157594e-06        1
45   3.997957e-06        1
46   3.161687e-06        1
47   7.822292e-06        1
48   1.437264e-06        1
49   5.035725e-06        1
50   1.731771e-06        1
51   4.076237e-06        1
52   7.572832e-06        1
53   3.009283e-06        1
54   4.448393e-06        1
55   1.312517e-05        1
56   1.405316e-06        1
57   1.883197e-06        1
58   1.875163e-05        1
59   4.678056e-07        1
60   4.454183e-06        1
61   2.062238e-05        1
62   5.150169e-05        1
63   2.252116e-05        1
64   9.749254e-06        1
65   7.892915e-07        1
66   2.554643e-06        1
67   1.703005e-05        1
68   5.654578e-06        1
69   8.807098e-07        1
70   4.209267e-06        1
71   5.808773e-09        1
72   9.315582e-06        1
73   3.143313e-07        1
74   1.329302e-05        1
75   2.027966e-05        1
76   1.710143e-06        1
77   3.778798e-07        1
78   1.248003e-05        1
79   4.625135e-06        1
80   2.471342e-07        1
81   1.263949e-05        1
82   3.272278e-06        1
83   1.064913e-05        1
84   9.045030e-06        1
85   5.416774e-06        1
86   3.751788e-05        1
87   9.552323e-07        1
88   2.442664e-08        1
89   3.076904e-05        1
90   9.102804e-06        1
91   1.977718e-05        1
92   8.110066e-06        1
93   3.828963e-05        1
94   1.357609e-06        1
95   2.285039e-07        1
96   3.340723e-06        1
97   4.511012e-05        1
98   2.672628e-05        1
99   3.882236e-05        1
100  2.113599e-05        1
101  2.988757e-06        1
102  1.184151e-05        1
103  3.399766e-06        1
104  3.135744e-06        1
105  4.767376e-08        1
106  4.184540e-06        1
107  4.896085e-08        1
108  3.710909e-06        1
109  1.234467e-05        1
110  1.278392e-05        1
111  1.117806e-05        1
112  3.075299e-05        1
113  9.015886e-07        1
114  5.682585e-07        1
115  1.221685e-05        1
116  7.640475e-06        1
117  2.122184e-05        1
118  2.987179e-05        1
119  5.797697e-06        1
120  1.543719e-07        1
121  8.412297e-08        1
122  3.452755e-07        1
123  2.323569e-06        1
124  3.234818e-05        1
125  5.093718e-05        1
126  8.021074e-08        1
127  1.883137e-05        1
128  7.851605e-06        1
129  6.744090e-06        1
130  1.558411e-07        1
131  2.136830e-05        1
132  3.253922e-07        1
133  7.028482e-07        1
134  1.738932e-06        1
135  2.298690e-06        1
136  5.207264e-05        1
137  2.061256e-06        1
138  9.416987e-06        1
139  2.475930e-06        1
140  1.208102e-05        1
141  2.403007e-05        1
142  1.895442e-06        1
143  7.492812e-05        1
144  2.849656e-07        1
145  1.746091e-05        1
146  8.177065e-06        1
147  5.684308e-06        1
148  1.245298e-06        1
149  5.970150e-06        1
150  7.270281e-07        1
151  3.907847e-06        1
152  2.199525e-06        1
153  3.227766e-06        1
154  8.389629e-06        1
155  6.960567e-06        1
156  2.228818e-08        1
157  1.275232e-05        1
158  5.858374e-07        1
159  1.743060e-05        1
160  2.101886e-05        1
161  1.318810e-07        1
162  1.039156e-06        1
163  2.637270e-05        1
164  5.933390e-07        1
165  5.607622e-05        1
166  2.439307e-06        1
167  2.682096e-07        1
168  3.547851e-07        1
169  5.550106e-06        1
170  8.692025e-06        1
171  6.336853e-07        1
172  1.319495e-05        1
173  1.321096e-06        1
174  1.421893e-05        1
175  1.107762e-05        1
176  5.361578e-07        1
177  2.737325e-06        1
178  3.039841e-07        1
179  2.078899e-06        1
180  6.145031e-06        1
181  9.454998e-06        1
182  8.888274e-06        1
183  6.756927e-06        1
184  3.925031e-05        1
185  1.874869e-05        1
186  2.393241e-06        1
187  1.787784e-05        1
188  1.695147e-08        1
189  1.034581e-07        1
190  2.751547e-05        1
191  2.656100e-06        1
192  3.827309e-05        1
193  5.939513e-05        1
194  3.339990e-05        1
195  2.917697e-06        1
196  3.208381e-07        1
197  5.310052e-05        1
198  3.788004e-05        1
199  6.437745e-08        1
200  1.056818e-05        1
201  1.969635e-07        1
202  2.327739e-05        1
203  6.243526e-06        1
204  1.510808e-06        1
205  2.485975e-05        1
206  1.099515e-05        1
207  4.156597e-09        1
208  3.879974e-05        1
209  4.847017e-07        1
210  8.366664e-07        1
211  6.107212e-05        1
212  3.034156e-05        1
213  2.266742e-08        1
214  2.829515e-05        1
215  8.169411e-06        1
216  9.838127e-06        1
217  2.600658e-06        1
218  5.536130e-06        1
219  8.643740e-06        1
220  9.996423e-07        1
221  5.016336e-06        1
222  1.437140e-06        1
223  1.558828e-05        1
224  2.499172e-05        1
225  3.924740e-07        1
226  1.243786e-08        1
227  1.692849e-05        1
228  1.746811e-06        1
229  5.689283e-06        1
230  6.466089e-06        1
231  9.536453e-06        1
232  2.583886e-07        1
233  2.070817e-05        1
234  1.839030e-06        1
235  8.135827e-07        1
236  9.557111e-06        1
237  1.216749e-06        1
238  1.250545e-06        1
239  8.953990e-07        1
240  8.859955e-06        1
241  5.194167e-05        1
242  5.934774e-06        1
243  1.576291e-05        1
244  2.125894e-06        1
245  3.945188e-06        1
246  8.172524e-08        1
247  6.925712e-06        1
248  1.797141e-06        1
249  2.303707e-05        1
250  6.062960e-05        1
251  7.369156e-06        1
252  1.061792e-05        1
253  3.912491e-07        1
254  4.277949e-08        1
255  1.202797e-06        1
256  3.609537e-07        1
257  2.332447e-09        1
258  7.334097e-06        1
259  8.030057e-06        1
260  1.951098e-05        1
261  3.840063e-07        1
262  6.075316e-06        1
263  4.716202e-05        1
264  1.445834e-05        1
265  2.586538e-05        1
266  4.747145e-08        1
267  4.752937e-06        1
268  1.618887e-06        1
269  1.834461e-06        1
270  2.561035e-06        1
271  1.073882e-07        1
272  3.295832e-06        1
273  1.616626e-05        1
274  3.160158e-06        1
275  2.395808e-07        1
276  1.759749e-06        1
277  2.843657e-06        1
278  2.973697e-07        1
279  1.065693e-04  0.74524
280  7.064963e-06        1
281  6.769038e-07        1
282  1.593127e-06        1
283  6.898288e-08        1
284  6.804601e-07        1
285  1.739444e-05        1
286  1.192401e-05        1
287  1.199501e-06        1
288  6.546122e-07        1
289  1.485774e-04  0.07212
290  5.627735e-07        1
291  1.870912e-05        1
292  2.544686e-05        1
293  1.486519e-05        1
294  7.131616e-06        1
295  5.994674e-09        1
296  1.987142e-07        1
297  5.329319e-08        1
298  2.941365e-05        1
299  1.571722e-06        1
300  9.701118e-08        1
301  1.565107e-05        1
302  1.044762e-05        1
303  1.670526e-07        1
304  1.040377e-05        1
305  4.749010e-07        1
306  4.411930e-06        1
307  2.562869e-05        1
308  1.214740e-06        1
309  2.752825e-06        1
310  1.497981e-05        1
311  4.655594e-06        1
312  1.984979e-05        1
313  6.088809e-07        1
314  1.432818e-05        1
315  2.012773e-05        1
316  1.927474e-05        1
317  3.686867e-06        1
318  7.371369e-06        1
319  4.400566e-08        1
320  5.524712e-05        1
321  1.333725e-05        1
322  3.299155e-06        1
323  8.868103e-07        1
324  2.334913e-05        1
325  3.407946e-07        1
326  5.788163e-07        1
327  6.392736e-06        1
328  2.798794e-06        1
329  7.640683e-08        1
330  4.800876e-06        1
331  1.353754e-05        1
332  6.028335e-06        1
333  1.459721e-08        1
334  2.558149e-07        1
335  4.092500e-06        1
336  9.273440e-06        1
337  4.796231e-06        1
338  4.916015e-07        1
339  1.444406e-06        1
340  2.004784e-05        1
341  5.153040e-06        1
342  4.827982e-06        1
343  4.376236e-07        1
344  3.009541e-05        1
345  4.139867e-06        1
346  2.071452e-05        1
347  1.598862e-05        1
348  9.215624e-08        1
349  1.236409e-06        1
350  2.047427e-05        1
351  9.602289e-06        1
352  4.049124e-06        1
353  3.868075e-06        1
354  9.704677e-07        1
355  3.618013e-06        1
356  1.345158e-07        1
357  3.528048e-07        1
358  1.386273e-05        1
359  1.302954e-06        1
360  1.494523e-06        1
361  6.396489e-06        1
362  3.423161e-07        1
363  1.027423e-05        1
364  1.697890e-05        1
365  1.614982e-05        1
366  7.444718e-06        1
367  3.996932e-07        1
368  6.013480e-08        1
369  8.648303e-07        1
370  1.960252e-05        1
371  8.293606e-06        1
372  7.362568e-07        1
373  2.122730e-07        1
374  4.803322e-09        1
375  1.354461e-05        1
376  1.788966e-05        1
377  3.186964e-08        1
378  2.162238e-05        1
379  1.999268e-06        1
380  2.420627e-06        1
381  2.003170e-06        1
382  3.241717e-07        1
383  3.780933e-06        1
384  1.105756e-09        1
385  1.538256e-05        1
386  5.306181e-05        1
387  9.353589e-05        1
388  4.896535e-07        1
389  1.136042e-05        1
390  5.316635e-06        1
391  3.876697e-08        1
392  3.354998e-06        1
393  5.157455e-05        1
394  7.167885e-07        1
395  1.426547e-05        1
396  9.609666e-07        1
397  9.009746e-06        1
398  1.377086e-05        1
399  6.514941e-06        1
400  1.861616e-05        1
401  3.813321e-05        1
402  8.140576e-08        1
403  1.007442e-05        1
404  2.959177e-06        1
405  6.640823e-06        1
406  5.661727e-07        1
407  1.910216e-05        1
408  3.439243e-06        1
409  1.454753e-05        1
410  8.632875e-06        1
411  3.344536e-06        1
412  2.962031e-08        1
413  4.068783e-05        1
414  9.050132e-06        1
415  3.001892e-06        1
416  1.213170e-05        1
417  3.318760e-06        1
418  5.370327e-06        1
419  1.240076e-07        1
420  1.511585e-06        1
421  7.991244e-07        1
422  1.368404e-05        1
423  5.654145e-06        1
424  1.291592e-07        1
425  3.999822e-06        1
426  5.224239e-06        1
427  1.259846e-05        1
428  3.959653e-06        1
429  9.495468e-08        1
430  3.497103e-05        1
431  1.369590e-05        1
432  1.349250e-06        1
433  2.526357e-05        1
434  1.390872e-07        1
435  1.225888e-05        1
436  3.004593e-07        1
437  1.393597e-05        1
438  4.627408e-06        1
439  3.172621e-05        1
440  4.300153e-06        1
441  1.630520e-05        1
442  3.971585e-06        1
443  1.015156e-07        1
444  1.604862e-05        1
445  1.692499e-06        1
446  2.108919e-05        1
447  1.849692e-05        1
448  2.420244e-06        1
449  5.386107e-07        1
450  2.375968e-06        1
451  2.179055e-06        1
452  1.418704e-05        1
453  5.939238e-06        1
454  7.400705e-08        1
455  3.275857e-06        1
456  1.045019e-06        1
457  2.971424e-06        1
458  1.968125e-05        1
459  1.863556e-06        1
460  1.396021e-05        1
461  3.089549e-08        1
462  9.289689e-08        1
463  2.801743e-06        1
464  1.145706e-06        1
465  9.269009e-07        1
466  8.876490e-06        1
467  1.786518e-06        1
468  1.153191e-05        1
469  2.654179e-05        1
470  7.688380e-06        1
471  9.607799e-06        1
472  9.756821e-07        1
473  3.342632e-07        1
474  8.389665e-08        1
475  3.126116e-06        1
476  1.113099e-05        1
477  7.106801e-06        1
478  6.534145e-07        1
479  3.102497e-06        1
480  9.681178e-06        1
481  3.320957e-06        1
482  1.241801e-08        1
483  2.470886e-05        1
484  1.526265e-05        1
485  5.204663e-06        1
486  7.301748e-07        1
487  1.432786e-07        1
488  2.391970e-05        1
489  4.033626e-10        1
490  2.809491e-06        1
491  4.051596e-07        1
492  2.291091e-06        1
493  6.164537e-05        1
494  5.300079e-06        1
495  6.565391e-06        1
496  1.000050e-08        1
497  2.739533e-05        1
498  3.141874e-05        1
499  1.269022e-05        1
500  1.426153e-05        1
501  5.150024e-06        1
502  2.126631e-05        1
503  4.011788e-06        1
504  3.669890e-07        1
505  6.450596e-06        1
506  2.066965e-06        1
507  9.564173e-09        1
508  7.781966e-06        1
509  8.689559e-06        1
510  8.523252e-06        1
511  5.172886e-06        1
512  1.192973e-05        1
513  1.734221e-05        1
514  6.297276e-06        1
515  3.976997e-05        1
516  2.821751e-07        1
517  1.018198e-04  0.67312
518  3.036805e-09        1
519  3.147107e-06        1
520  6.491195e-05        1
521  1.140707e-05        1
522  1.068951e-05        1
523  8.010392e-07        1
524  3.171798e-07        1
525  2.580005e-06        1
526  1.013105e-06        1
527  6.900434e-06        1
528  8.657218e-06        1
529  2.393835e-05        1
530  6.307149e-08        1
531  6.171363e-07        1
532  4.678836e-06        1
533  2.656865e-08        1
534  4.331656e-06        1
535  9.264513e-07        1
536  2.496832e-06        1
537  2.330931e-05        1
538  6.202576e-06        1
539  1.005899e-05        1
540  7.783948e-06        1
541  4.411474e-08        1
542  5.157106e-06        1
543  4.622926e-06        1
544  2.367287e-06        1
545  2.347803e-05        1
546  1.061443e-05        1
547  1.577221e-09        1
548  1.369297e-06        1
549  1.411946e-06        1
550  1.763759e-05        1
551  8.581152e-06        1
552  4.212878e-05        1
553  1.073425e-05        1
554  2.723362e-05        1
555  1.001244e-06        1
556  3.511970e-08        1
557  5.404587e-06        1
558  4.641205e-06        1
559  1.852342e-06        1
560  6.204998e-05        1
561  2.793676e-05        1
562  2.587713e-07        1
563  1.152078e-05        1
564  8.299798e-06        1
565  6.857368e-05        1
566  2.120755e-07        1
567  2.170679e-06        1
568  3.984847e-06        1
569  2.559229e-05        1
570  1.169304e-07        1
571  8.235331e-06        1
572  7.696112e-06        1
573  1.611763e-07        1
574  1.223838e-05        1
575  6.002076e-07        1
576  1.495207e-05        1
577  2.094591e-05        1
578  5.094051e-05        1
579  2.417454e-07        1
580  4.695158e-06        1
581  6.505183e-06        1
582  4.634663e-06        1
583  7.800674e-05        1
584  2.318178e-05        1
585  1.363078e-06        1
586  4.405485e-05        1
587  9.128313e-07        1
588  1.111706e-06        1
589  1.607149e-05        1
590  3.835383e-05        1
591  2.529994e-05        1
592  1.982940e-05        1
593  1.090363e-05        1
594  7.367980e-07        1
595  1.292743e-05        1
596  8.573975e-06        1
597  1.155464e-05        1
598  1.646213e-07        1
599  1.417105e-05        1
600  5.634855e-06        1
601  5.985243e-06        1
602  2.811054e-06        1
603  1.695875e-05        1
604  3.520853e-05        1
605  2.550032e-05        1
606  1.768886e-05        1
607  3.032574e-06        1
608  2.630138e-06        1
609  6.208482e-07        1
610  2.561744e-05        1
611  1.328482e-05        1
612  6.395848e-06        1
613  1.131124e-05        1
614  1.132788e-04   0.3606
615  4.522026e-05        1
616  6.921873e-06        1
617  2.913905e-06        1
618  6.993276e-06        1
619  1.914876e-05        1
620  3.386433e-06        1
621  3.128576e-05        1
622  8.050855e-06        1
623  7.497835e-08        1
624  2.703728e-06        1
625  1.591366e-05        1
626  1.504372e-06        1
627  1.777554e-06        1
628  5.624530e-06        1
629  2.087961e-05        1
630  4.851453e-07        1
631  4.001621e-08        1
632  2.963654e-06        1
633  2.003978e-05        1
634  9.322627e-07        1
635  7.013194e-05        1
636  5.166433e-06        1
637  1.015329e-06        1
638  1.082495e-05        1
639  5.085027e-05        1
640  5.650192e-09        1
641  6.545248e-07        1
642  2.136845e-05        1
643  3.751406e-06        1
644  1.185351e-06        1
645  5.969053e-06        1
646  1.234789e-05        1
647  2.793240e-07        1
648  6.519554e-07        1
649  2.466909e-05        1
650  1.273185e-05        1
651  6.376603e-08        1
652  9.802010e-06        1
653  9.903650e-11        1
654  7.083769e-07        1
655  8.548142e-08        1
656  3.374056e-06        1
657  1.692975e-07        1
658  8.825914e-06        1
659  4.531594e-06        1
660  4.798748e-07        1
661  2.623058e-07        1
662  1.034602e-05        1
663  8.000513e-08        1
664  2.981562e-06        1
665  3.381600e-06        1
666  1.056071e-05        1
667  2.099394e-05        1
668  2.232147e-06        1
669  1.580423e-05        1
670  2.648839e-06        1
671  1.199148e-05        1
672  7.175402e-06        1
673  1.175791e-05        1
674  3.896797e-05        1
675  8.463485e-06        1
676  4.474596e-06        1
677  3.577974e-05        1
678  5.455482e-06        1
679  1.203351e-06        1
680  3.060581e-05        1
681  1.885869e-05        1
682  7.210120e-06        1
683  1.463555e-05        1
684  3.002231e-05        1
685  2.687892e-05        1
686  5.736199e-07        1
687  1.721613e-05        1
688  4.982652e-06        1
689  5.325317e-07        1
690  3.583061e-08        1
691  3.949774e-07        1
692  2.052899e-05        1
693  1.236036e-06        1
694  8.968532e-06        1
695  7.669445e-05        1
696  4.661151e-05        1
697  1.372447e-06        1
698  3.760379e-06        1
699  2.072835e-05        1
700  9.355967e-06        1
701  3.138087e-06        1
702  4.110488e-06        1
703  1.545411e-06        1
704  2.639362e-07        1
705  4.097834e-06        1
706  1.536520e-06        1
707  1.053149e-05        1
708  4.543937e-05        1
709  1.110062e-05        1
710  2.255776e-05        1
711  4.763858e-08        1
712  5.350150e-07        1
713  1.717497e-06        1
714  4.580922e-06        1
715  1.649306e-05        1
716  1.634640e-07        1
717  3.105541e-07        1
718  5.420400e-06        1
719  5.162279e-07        1
720  1.684327e-06        1
721  2.010239e-05        1
722  2.460274e-05        1
723  5.838112e-05        1
724  4.018419e-05        1
725  2.762040e-07        1
726  1.099389e-05        1
727  5.412435e-07        1
728  5.478083e-05        1
729  2.044773e-07        1
730  9.027727e-09        1
731  2.729845e-07        1
732  2.169422e-08        1
733  1.212357e-05        1
734  3.934939e-06        1
735  4.088946e-05        1
736  9.737106e-06        1
737  2.526937e-06        1
738  2.934670e-05        1
739  1.096731e-06        1
740  6.296259e-06        1
741  7.319548e-08        1
742  4.032376e-05        1
743  9.325365e-10        1
744  2.351303e-06        1
745  1.169358e-05        1
746  3.129003e-09        1
747  3.573686e-05        1
748  5.357995e-06        1
749  1.361795e-05        1
750  6.920147e-06        1
751  2.709095e-05        1
752  1.344478e-05        1
753  2.634430e-06        1
754  9.915547e-06        1
755  1.264008e-05        1
756  2.890944e-06        1
757  7.661110e-06        1
758  1.701879e-06        1
759  1.479000e-07        1
760  2.114480e-05        1
761  9.234109e-06        1
762  2.515016e-05        1
763  4.239720e-06        1
764  8.590193e-05        1
765  1.868125e-05        1
766  7.136545e-06        1
767  7.163850e-08        1
768  2.859838e-06        1
769  4.648261e-06        1
770  8.778897e-07        1
771  4.082302e-07        1
772  4.023139e-06        1
773  1.419729e-05        1
774  1.470688e-07        1
775  6.709355e-06        1
776  1.687375e-07        1
777  4.711030e-07        1
778  2.062930e-09        1
779  2.881126e-05        1
780  4.199714e-06        1
781  4.199501e-06        1
782  2.948112e-06        1
783  5.230187e-06        1
784  1.416188e-05        1
785  4.458901e-10        1
786  2.726484e-06        1
787  8.206482e-06        1
788  4.171044e-06        1
789  8.948787e-08        1
790  2.568847e-05        1
791  6.632584e-05        1
792  3.937200e-06        1
793  1.117828e-05        1
794  4.797256e-06        1
795  1.289498e-06        1
796  7.451039e-05        1
797  1.635196e-06        1
798  1.924478e-06        1
799  9.276772e-06        1
800  4.852834e-07        1
801  1.580596e-05        1
802  1.050407e-06        1
803  4.923880e-06        1
804  1.600081e-06        1
805  3.284531e-05        1
806  6.842496e-06        1
807  5.648005e-06        1
808  4.014114e-06        1
809  5.759737e-06        1
810  2.699445e-07        1
811  2.232268e-07        1
812  1.405423e-05        1
813  5.761769e-06        1
814  4.495442e-06        1
815  7.323091e-07        1
816  2.077741e-05        1
817  3.668645e-07        1
818  3.693194e-06        1
819  1.033976e-06        1
820  4.356967e-06        1
821  1.856754e-07        1
822  1.032194e-05        1
823  4.545372e-05        1
824  3.009410e-05        1
825  4.020756e-08        1
826  3.842920e-07        1
827  7.497023e-05        1
828  6.484234e-06        1
829  6.362216e-07        1
830  8.881139e-05        1
831  1.933803e-05        1
832  2.209563e-05        1
833  7.302104e-06        1
834  2.005977e-06        1
835  1.587794e-06        1
836  1.039957e-05        1
837  2.414944e-05        1
838  2.622700e-05        1
839  1.164473e-05        1
840  7.993856e-06        1
841  2.680254e-06        1
842  1.379865e-05        1
843  2.376166e-05        1
844  5.609548e-06        1
845  1.322728e-06        1
846  3.996064e-05        1
847  9.682231e-06        1
848  7.447181e-05        1
849  9.087634e-06        1
850  1.016598e-05        1
851  8.622939e-08        1
852  1.917344e-05        1
853  1.591672e-05        1
854  7.735131e-06        1
855  1.049549e-06        1
856  4.638466e-06        1
857  2.318318e-06        1
858  1.315273e-05        1
859  2.169552e-05        1
860  6.330908e-06        1
861  1.720843e-06        1
862  1.027063e-04  0.86544
863  4.464121e-06        1
864  1.394918e-06        1
865  2.648294e-06        1
866  3.763425e-08        1
867  8.496113e-08        1
868  5.324413e-06        1
869  3.052835e-06        1
870  1.346099e-05        1
871  6.229285e-06        1
872  6.217873e-05        1
873  4.151266e-05        1
874  1.556555e-05        1
875  8.246380e-06        1
876  3.502869e-05        1
877  6.668712e-05        1
878  3.176250e-07        1
879  2.571546e-05        1
880  5.865693e-06        1
881  1.858365e-05        1
882  1.151113e-05        1
883  8.926506e-06        1
884  1.477268e-10        1
885  1.203180e-07        1
886  7.758115e-08        1
887  2.764652e-05        1
888  2.795929e-05        1
889  5.437821e-06        1
890  1.977872e-07        1
891  3.231062e-06        1
892  1.863912e-06        1
893  1.561471e-05        1
894  1.246952e-05        1
895  2.154604e-05        1
896  4.565477e-05        1
897  1.124738e-05        1
898  2.188244e-06        1
899  5.713096e-06        1
900  1.044947e-05        1
901  3.182917e-05        1
902  4.046874e-05        1
903  2.926116e-06        1
904  1.344827e-05        1
905  2.292963e-05        1
906  6.579312e-06        1
907  5.987148e-06        1
908  7.995086e-08        1
909  5.568706e-05        1
910  1.995037e-05        1
911  4.438847e-06        1
912  1.407859e-07        1
913  6.302667e-06        1
914  3.505414e-05        1
915  8.609355e-06        1
916  3.686077e-05        1
917  3.131095e-06        1
918  1.668303e-06        1
919  1.118839e-05        1
920  2.846115e-07        1
921  7.534947e-07        1
922  2.189189e-05        1
923  5.553740e-06        1
924  2.027316e-06        1
925  4.614801e-06        1
926  2.173568e-05        1
927  2.166280e-06        1
928  1.365125e-05        1
929  1.153013e-05        1
930  5.295813e-05        1
931  3.766739e-06        1
932  1.519296e-04  0.16828
933  5.802413e-09        1
934  1.774508e-07        1
935  7.091606e-06        1
936  1.464719e-06        1
937  6.900531e-05        1
938  8.107350e-06        1
939  5.932352e-06        1
940  1.118009e-05        1
941  7.513822e-08        1
942  3.492897e-05        1
943  1.415454e-06        1
944  3.539692e-06        1
945  9.948529e-06        1
946  1.984982e-06        1
947  2.205874e-06        1
948  1.284470e-06        1
949  5.085301e-06        1
950  1.443985e-06        1
951  1.252272e-09        1
952  3.406694e-06        1
953  2.259091e-05        1
954  6.725755e-06        1
955  1.009971e-06        1
956  1.428642e-06        1
957  2.346388e-05        1
958  3.985373e-06        1
959  2.645081e-06        1
960  1.261277e-06        1
961  2.019795e-05        1
962  3.359985e-05        1
963  1.350868e-05        1
964  2.255093e-05        1
965  2.072827e-06        1
966  1.114472e-05        1
967  7.022214e-06        1
968  1.500250e-05        1
969  2.477022e-05        1
970  9.890619e-06        1
971  3.140940e-06        1
972  1.675431e-05        1
973  1.694404e-05        1
974  3.146481e-06        1
975  5.404578e-06        1
976  7.910500e-07        1
977  4.085266e-05        1
978  4.267423e-06        1
979  7.240681e-06        1
980  3.996301e-05        1
981  5.127729e-07        1
982  5.447444e-08        1
983  2.686540e-05        1
984  1.354944e-05        1
985  6.353732e-07        1
986  6.405958e-06        1
987  5.423049e-06        1
988  8.011294e-07        1
989  5.972460e-06        1
990  9.827878e-06        1
991  2.020731e-07        1
992  6.631246e-06        1
993  1.926694e-07        1
994  2.448245e-05        1
995  2.197264e-05        1
996  3.388728e-05        1
997  9.414465e-09        1
998  1.047639e-05        1
999  1.877595e-05        1
1000 2.267229e-06        1
1001 1.899096e-06        1
1002 2.521277e-07        1
1003 7.887663e-07        1
1004 1.120855e-06        1
1005 4.317401e-06        1
1006 1.172980e-05        1
1007 5.227855e-05        1
1008 3.949271e-06        1
1009 4.165073e-05        1
1010 2.849462e-06        1
1011 6.857809e-07        1
1012 2.992851e-06        1
1013 1.405453e-05        1
1014 9.147317e-06        1
1015 6.431596e-07        1
1016 9.733298e-07        1
1017 4.411640e-05        1
1018 8.379577e-05        1
1019 2.261010e-06        1
1020 1.303892e-05        1
1021 2.690381e-05        1
1022 1.236038e-07        1
1023 1.654192e-05        1
1024 3.178684e-06        1
1025 2.447097e-06        1
1026 2.774666e-05        1
1027 1.588379e-06        1
1028 7.027920e-07        1
1029 6.119281e-07        1
1030 3.325056e-06        1
1031 6.684428e-07        1
1032 5.776275e-06        1
1033 3.153308e-07        1
1034 3.823228e-06        1
1035 2.193865e-04 <0.02404
1036 1.508153e-05        1
1037 1.250906e-08        1
1038 5.386804e-06        1
1039 4.753834e-07        1
1040 5.913831e-06        1
1041 8.936249e-06        1
1042 2.490223e-06        1
1043 1.478127e-06        1
1044 3.987576e-08        1
1045 3.874395e-06        1
1046 1.265576e-05        1
1047 3.841636e-06        1
1048 1.820414e-05        1
1049 8.548572e-06        1
1050 2.196440e-05        1
1051 1.274702e-06        1
1052 6.866176e-06        1
1053 3.992766e-06        1
1054 9.755482e-07        1
1055 9.396592e-10        1
1056 2.115547e-05        1
1057 6.680051e-06        1
1058 3.082516e-07        1
1059 2.312252e-05        1
1060 1.022498e-07        1
1061 4.139568e-06        1
1062 3.295728e-06        1
1063 3.056818e-06        1
1064 5.829317e-05        1
1065 2.743487e-05        1
1066 7.900826e-06        1
1067 2.986332e-05        1
1068 5.548318e-06        1
1069 2.541013e-06        1
1070 1.642966e-05        1
1071 3.450880e-05        1
1072 3.408933e-07        1
1073 1.236229e-05        1
1074 2.722690e-06        1
1075 9.739382e-06        1
1076 2.084485e-06        1
1077 3.485730e-08        1
1078 1.252064e-05        1
1079 1.284852e-05        1
1080 1.061493e-05        1
1081 6.195882e-06        1
1082 3.587727e-06        1
1083 1.431599e-05        1
1084 1.606167e-05        1
1085 4.014914e-06        1
1086 4.513232e-06        1
1087 1.342435e-05        1
1088 8.321785e-06        1
1089 3.321893e-05        1
1090 5.317711e-06        1
1091 5.707905e-07        1
1092 1.606449e-05        1
1093 2.140925e-05        1
1094 5.962218e-08        1
1095 5.248973e-06        1
1096 5.358771e-05        1
1097 1.304004e-05        1
1098 1.636262e-05        1
1099 2.317394e-06        1
1100 2.832531e-07        1
1101 6.672275e-06        1
1102 1.908757e-07        1
1103 5.620116e-06        1
1104 1.695038e-06        1
1105 1.353893e-07        1
1106 1.601060e-05        1
1107 7.327784e-06        1
1108 8.000157e-07        1
1109 3.751939e-07        1
1110 8.772633e-06        1
1111 3.762136e-06        1
1112 4.313143e-08        1
1113 4.324817e-08        1
1114 3.529007e-06        1
1115 6.741875e-05        1
1116 3.592435e-06        1
1117 1.880362e-05        1
1118 2.818771e-05        1
1119 4.718287e-05        1
1120 2.160374e-06        1
1121 2.945687e-08        1
1122 2.117004e-05        1
1123 3.734527e-07        1
1124 2.749469e-06        1
1125 2.824197e-06        1
1126 3.073511e-05        1
1127 2.739392e-05        1
1128 3.990372e-05        1
1129 2.389658e-05        1
1130 1.166456e-06        1
1131 1.424573e-07        1
1132 1.519966e-05        1
1133 8.459901e-06        1
1134 1.264152e-08        1
1135 4.341293e-07        1
1136 7.993321e-06        1
1137 3.081056e-05        1
1138 7.560995e-06        1
1139 6.662630e-06        1
1140 7.087209e-06        1
1141 2.314998e-05        1
1142 5.854578e-05        1
1143 9.659315e-06        1
1144 1.244179e-06        1
1145 1.022671e-06        1
1146 8.499463e-06        1
1147 4.221699e-05        1
1148 5.658117e-06        1
1149 1.394914e-07        1
1150 5.014063e-06        1
1151 1.032279e-05        1
1152 8.920486e-05        1
1153 9.580111e-07        1
1154 2.574476e-05        1
1155 2.624150e-07        1
1156 3.218560e-05        1
1157 2.970172e-05        1
1158 1.296694e-05        1
1159 4.103351e-06        1
1160 4.493546e-08        1
1161 1.251560e-06        1
1162 3.760273e-08        1
1163 4.205014e-07        1
1164 1.039074e-07        1
1165 6.549163e-06        1
1166 2.815902e-05        1
1167 9.518062e-06        1
1168 1.524627e-07        1
1169 6.312142e-07        1
1170 4.952806e-06        1
1171 1.465968e-05        1
1172 7.711649e-07        1
1173 2.847843e-05        1
1174 3.742326e-06        1
1175 2.740476e-06        1
1176 1.365041e-06        1
1177 3.036427e-07        1
1178 2.019887e-06        1
1179 2.606774e-05        1
1180 9.335175e-07        1
1181 9.913948e-06        1
1182 1.811946e-04 <0.02404
1183 1.298792e-04  0.28848
1184 3.826234e-05        1
1185 1.345798e-05        1
1186 2.003281e-05        1
1187 4.331789e-05        1
1188 2.299996e-07        1
1189 3.955986e-05        1
1190 3.907673e-05        1
1191 3.824016e-07        1
1192 2.609229e-05        1
1193 9.847036e-06        1
1194 8.673042e-06        1
1195 1.006087e-05        1
1196 9.277042e-07        1
1197 3.789407e-05        1
1198 1.001620e-06        1
1199 3.752459e-05        1
1200 1.360806e-04  0.14424
1201 2.055228e-05        1
1202 3.592637e-06        1

$`MR-PRESSO results`$`Distortion Test`
$`MR-PRESSO results`$`Distortion Test`$`Outliers Indices`
[1] 1035 1182

$`MR-PRESSO results`$`Distortion Test`$`Distortion Coefficient`
beta.exposure 
    -11.76698 

$`MR-PRESSO results`$`Distortion Test`$Pvalue
[1] 0.8943



