$`Main MR results`
       Exposure       MR Analysis Causal Estimate          Sd    T-stat
1 beta.exposure               Raw    -0.004498539 0.001591288 -2.826979
2 beta.exposure Outlier-corrected    -0.005632561 0.001514067 -3.720152
       P-value
1 0.0047296733
2 0.0002027122

$`MR-PRESSO results`
$`MR-PRESSO results`$`Global Test`
$`MR-PRESSO results`$`Global Test`$RSSobs
[1] 4183.808

$`MR-PRESSO results`$`Global Test`$Pvalue
[1] "<1e-05"


$`MR-PRESSO results`$`Outlier Test`
           RSSobs  Pvalue
1    7.360985e-04       1
2    2.073981e-06       1
3    2.090547e-05       1
4    5.381690e-05       1
5    5.957058e-05       1
6    6.683314e-04       1
7    1.064575e-04       1
8    3.000763e-03       1
9    2.999119e-06       1
10   5.179620e-04       1
11   2.183894e-04       1
12   2.650570e-06       1
13   8.473047e-04       1
14   1.241434e-05       1
15   5.764469e-05       1
16   1.314981e-03       1
17   9.497572e-04       1
18   1.778019e-04       1
19   6.705139e-04       1
20   1.487488e-06       1
21   4.520883e-05       1
22   2.621262e-04       1
23   5.712528e-05       1
24   6.799204e-04       1
25   7.549808e-06       1
26   9.071631e-06       1
27   4.263825e-05       1
28   8.687220e-06       1
29   8.387964e-04       1
30   1.317132e-09       1
31   3.163250e-04       1
32   7.760571e-04       1
33   1.091358e-06       1
34   2.519377e-04       1
35   1.667436e-04       1
36   9.267440e-05       1
37   2.326684e-03       1
38   2.252045e-05       1
39   1.712539e-03       1
40   9.985381e-05       1
41   7.789083e-04       1
42   2.806255e-04       1
43   2.858091e-05       1
44   2.153663e-04       1
45   4.591257e-04       1
46   2.066122e-04       1
47   2.285567e-05       1
48   5.764912e-05       1
49   1.534893e-05       1
50   5.901113e-04       1
51   3.511270e-04       1
52   3.747251e-04       1
53   7.780190e-08       1
54   1.957740e-08       1
55   4.306158e-04       1
56   1.193362e-05       1
57   8.894528e-08       1
58   6.073690e-04       1
59   4.780476e-05       1
60   2.141874e-05       1
61   6.631398e-04       1
62   1.109435e-04       1
63   2.481823e-04       1
64   2.626452e-03       1
65   3.152758e-05       1
66   4.619031e-04       1
67   6.700103e-04       1
68   1.480347e-04       1
69   5.214960e-05       1
70   2.162111e-01 <0.0304
71   3.882320e-05       1
72   5.315413e-08       1
73   1.809975e-04       1
74   2.077767e-06       1
75   1.974332e-04       1
76   4.665958e-06       1
77   1.512292e-04       1
78   3.661266e-04       1
79   8.580499e-04       1
80   1.116367e-04       1
81   1.048581e-05       1
82   4.414989e-04       1
83   4.235385e-05       1
84   8.686870e-06       1
85   3.551779e-04       1
86   2.323867e-04       1
87   1.215423e-04       1
88   5.306343e-06       1
89   2.176936e-04       1
90   2.560931e-04       1
91   5.226971e-04       1
92   1.335579e-03       1
93   1.825411e-05       1
94   1.192562e-04       1
95   2.342479e-03       1
96   8.452965e-05       1
97   2.658487e-04       1
98   1.378821e-04       1
99   3.580648e-04       1
100  2.993367e-06       1
101  9.176406e-05       1
102  1.867729e-05       1
103  5.136423e-05       1
104  1.580970e-05       1
105  5.194848e-04       1
106  9.179476e-04       1
107  1.289905e-04       1
108  8.407424e-06       1
109  7.783405e-04       1
110  2.803571e-03       1
111  1.755269e-04       1
112  8.173409e-04       1
113  1.976018e-03       1
114  1.207905e-03       1
115  4.045307e-04       1
116  5.329788e-05       1
117  2.181096e-06       1
118  2.074022e-04       1
119  1.749430e-04       1
120  2.085507e-08       1
121  5.316067e-04       1
122  5.355755e-04       1
123  6.331036e-05       1
124  1.333500e-05       1
125  5.015853e-05       1
126  5.491250e-08       1
127  3.511839e-05       1
128  5.720261e-04       1
129  1.213434e-06       1
130  7.481807e-05       1
131  8.504429e-04       1
132  1.171656e-04       1
133  2.091544e-03       1
134  3.276463e-04       1
135  3.817691e-06       1
136  4.723884e-04       1
137  7.373992e-04       1
138  1.628960e-06       1
139  2.937181e-04       1
140  2.818104e-04       1
141  6.636728e-04       1
142  1.180039e-04       1
143  1.410666e-03       1
144  2.471083e-04       1
145  1.389742e-03       1
146  1.654107e-03       1
147  1.679143e-03       1
148  1.200236e-04       1
149  4.488092e-06       1
150  4.922931e-04       1
151  1.763197e-03       1
152  1.549934e-04       1
153  2.450636e-05       1
154  6.662631e-05       1
155  2.648574e-05       1
156  1.257466e-05       1
157  3.470499e-05       1
158  1.751974e-03       1
159  4.452483e-05       1
160  1.785731e-04       1
161  2.814010e-04       1
162  6.310557e-04       1
163  2.316553e-02       1
164  1.460235e-04       1
165  8.912714e-04       1
166  2.637306e-05       1
167  3.647684e-04       1
168  3.350250e-04       1
169  1.030635e-03       1
170  9.482654e-04       1
171  1.615476e-04       1
172  1.443315e-03       1
173  2.181848e-04       1
174  7.963390e-04       1
175  2.552504e-06       1
176  7.406639e-05       1
177  1.053676e-03       1
178  1.400434e-05       1
179  5.326356e-05       1
180  4.078020e-05       1
181  4.692324e-05       1
182  6.607131e-04       1
183  8.440485e-05       1
184  1.734874e-03       1
185  5.149933e-04       1
186  6.297876e-07       1
187  1.752453e-04       1
188  5.747206e-04       1
189  1.097653e-03       1
190  2.768629e-04       1
191  3.637891e-04       1
192  6.878712e-04       1
193  4.932581e-04       1
194  8.348045e-04       1
195  6.093907e-08       1
196  4.167962e-04       1
197  4.813939e-06       1
198  2.973014e-04       1
199  5.326988e-03 <0.0304
200  1.512007e-03       1
201  4.267018e-03       1
202  1.894399e-06       1
203  8.580262e-04       1
204  3.747905e-04       1
205  4.329407e-04       1
206  5.973483e-05       1
207  4.280595e-04       1
208  2.498898e-05       1
209  1.680481e-03       1
210  3.437437e-04       1
211  6.048321e-05       1
212  1.522677e-03       1
213  7.144032e-05       1
214  4.823092e-04       1
215  1.400699e-04       1
216  1.720523e-03       1
217  1.047836e-03       1
218  2.858571e-04       1
219  3.882866e-04       1
220  1.579270e-03       1
221  6.418827e-05       1
222  3.376828e-04       1
223  2.867133e-05       1
224  2.567879e-04       1
225  1.194699e-02       1
226  1.704785e-04       1
227  2.922493e-04       1
228  3.074809e-04       1
229  9.176631e-04       1
230  1.003640e-02       1
231  3.390753e-05       1
232  3.859749e-05       1
233  5.395222e-04       1
234  2.232122e-04       1
235  8.834017e-07       1
236  2.281154e-04       1
237  3.359834e-03       1
238  8.335633e-05       1
239  1.525829e-04       1
240  5.495091e-06       1
241  3.848305e-04       1
242  1.060445e-04       1
243  1.744648e-04       1
244  1.771963e-03       1
245  2.091293e-04       1
246  9.263999e-05       1
247  2.795312e-06       1
248  1.119302e-03       1
249  2.571194e-04       1
250  5.895907e-04       1
251  1.895257e-04       1
252  4.155224e-06       1
253  1.608117e-02       1
254  3.690510e-04       1
255  1.771759e-04       1
256  1.016913e-05       1
257  1.928825e-04       1
258  5.769362e-04       1
259  1.597277e-05       1
260  2.343993e-03       1
261  2.947164e-04       1
262  2.200200e-03       1
263  3.358496e-04       1
264  4.177235e-05       1
265  8.896871e-04       1
266  7.808703e-04       1
267  7.566439e-06       1
268  1.461332e-05       1
269  3.207016e-04       1
270  4.317443e-03       1
271  9.025179e-05       1
272  3.776492e-03       1
273  2.127172e-04       1
274  1.076199e-04       1
275  2.292353e-05       1
276  4.970713e-05       1
277  2.318298e-05       1
278  1.442849e-04       1
279  5.321481e-05       1
280  5.330271e-03       1
281  2.379795e-03       1
282  5.243033e-04       1
283  1.421657e-04       1
284  8.979171e-06       1
285  6.958402e-04       1
286  1.612725e-03       1
287  7.488750e-06       1
288  2.243384e-03       1
289  7.077761e-04       1
290  7.814830e-04       1
291  8.260390e-04       1
292  5.115733e-03       1
293  5.085074e-05       1
294  3.965549e-05       1
295  7.589599e-05       1
296  4.812427e-04       1
297  2.416070e-03       1
298  2.406156e-07       1
299  4.149498e-03       1
300  2.072493e-04       1
301  3.547235e-03       1
302  3.848415e-03       1
303  8.170734e-04       1
304  6.198053e-04       1
305  8.111612e-04       1
306  5.665146e-04       1
307  1.468724e-04       1
308  4.901044e-03       1
309  3.888683e-05       1
310  1.123560e-02       1
311  5.145278e-03       1
312  2.735098e-03       1
313  1.293896e-03       1
314  2.545419e-03       1
315  4.807581e-04       1
316  2.815696e-03       1
317  2.291873e-04       1
318  3.346853e-06       1
319  2.057533e-04       1
320  6.813702e-04       1
321  2.966058e-03       1
322  1.536061e-05       1
323  1.160947e-04       1
324  1.785106e-03       1
325  2.205473e-03       1
326  1.879127e-03       1
327  9.776430e-04       1
328  1.705279e-03       1
329  2.850864e-03       1
330  7.606218e-05       1
331  1.088012e-03       1
332  3.658879e-04       1
333  1.078467e-04       1
334  2.026002e-04       1
335  2.864424e-04       1
336  5.689531e-04       1
337  1.422031e-04       1
338  8.151031e-04       1
339  9.510156e-05       1
340  2.282986e-03       1
341  1.964321e-04       1
342  9.299175e-03       1
343  7.142360e-05       1
344  1.238377e-03       1
345  2.152932e-04       1
346  7.760619e-03       1
347  4.971025e-03       1
348  5.103967e-03       1
349  1.415376e-04       1
350  2.047486e-04       1
351  3.649947e-03       1
352  4.677788e-04       1
353  7.326192e-03       1
354  7.380060e-04       1
355  2.941185e-03       1
356  1.042787e-03       1
357  3.934514e-05       1
358  4.469420e-06       1
359  2.857327e-03       1
360  1.443031e-03       1
361  1.893507e-04       1
362  1.680895e-02       1
363  1.260723e-03       1
364  8.353654e-07       1
365  1.188356e-04       1
366  8.181073e-04       1
367  3.847374e-03       1
368  6.077948e-05       1
369  2.728628e-03       1
370  1.611650e-03       1
371  2.512373e-04       1
372  4.778545e-05       1
373  1.981917e-03       1
374  7.278994e-06       1
375  6.933072e-03       1
376  5.695675e-04       1
377  6.231984e-05       1
378  1.247306e-04       1
379  1.019606e-04       1
380  2.544603e-02       1
381  1.922165e-07       1
382  1.289336e-05       1
383  1.268197e-03       1
384  1.868804e-05       1
385  1.689367e-04       1
386  2.919905e-03       1
387  1.384530e-03       1
388  1.471768e-03       1
389  9.320331e-05       1
390  1.755094e-04       1
391  2.477713e-03       1
392  2.554302e-04       1
393  9.686224e-04       1
394  2.950112e-03       1
395  4.326498e-07       1
396  9.465036e-05       1
397  8.809474e-06       1
398  4.752925e-04       1
399  4.097991e-05       1
400  7.673201e-05       1
401  3.828745e-07       1
402  3.553892e-04       1
403  1.151078e-04       1
404  3.816839e-04       1
405  2.287411e-04       1
406  7.443533e-04       1
407  1.311361e-03       1
408  1.537909e-04       1
409  4.440912e-06       1
410  1.818682e-04       1
411  6.538161e-03       1
412  2.323444e-03       1
413  4.502687e-04       1
414  1.982621e-03       1
415  1.931724e-04       1
416  7.490441e-06       1
417  6.373895e-05       1
418  2.745251e-03       1
419  9.733524e-05       1
420  1.710726e-04       1
421  2.733513e-08       1
422  3.779128e-04       1
423  3.928902e-06       1
424  4.410439e-04       1
425  5.279770e-06       1
426  1.455222e-03       1
427  2.970302e-04       1
428  3.613477e-04       1
429  1.797714e-04       1
430  9.883729e-05       1
431  1.623445e-03       1
432  4.745407e-05       1
433  5.415745e-05       1
434  3.615613e-04       1
435  2.058062e-04       1
436  1.051219e-03       1
437  1.265881e-04       1
438  2.394706e-04       1
439  2.645164e-04       1
440  3.096702e-03  0.3648
441  1.581795e-04       1
442  3.733071e-04       1
443  8.103567e-05       1
444  4.296642e-03       1
445  1.853558e-04       1
446  2.079887e-03       1
447  8.218101e-05       1
448  5.238924e-04       1
449  1.047675e-04       1
450  9.577002e-07       1
451  4.514190e-04       1
452  2.532861e-04       1
453  4.395218e-04       1
454  1.203554e-03       1
455  7.169638e-03       1
456  1.572229e-03       1
457  9.922974e-05       1
458  1.846084e-05       1
459  2.585719e-04       1
460  9.927445e-05       1
461  1.791971e-04       1
462  2.148448e-04       1
463  1.128041e-02       1
464  2.195057e-03       1
465  1.258387e-04       1
466  4.542651e-05       1
467  7.256087e-04       1
468  2.789513e-05       1
469  1.853161e-05       1
470  1.887170e-03       1
471  1.237882e-04       1
472  2.329889e-04       1
473  3.845619e-05       1
474  3.951236e-05       1
475  3.333889e-04       1
476  1.131446e-03       1
477  4.665767e-04       1
478  2.948151e-03       1
479  8.402280e-03       1
480  1.852280e-09       1
481  6.523487e-05       1
482  1.065651e-02       1
483  2.305755e-05       1
484  1.631989e-04       1
485  1.509922e-04       1
486  4.159250e-03       1
487  8.216915e-03       1
488  7.080507e-04       1
489  1.420592e-04       1
490  2.319756e-03       1
491  1.563413e-06       1
492  2.601016e-03       1
493  8.803067e-03       1
494  6.430454e-03       1
495  1.303951e-03       1
496  1.235457e-07       1
497  9.460347e-04       1
498  1.749405e-04       1
499  1.139417e-08       1
500  8.145063e-05       1
501  7.561044e-05       1
502  1.527748e-04       1
503  1.645813e-03       1
504  9.975119e-04       1
505  1.778972e-05       1
506  3.552154e-05       1
507  3.161097e-03       1
508  1.307844e-05       1
509  3.741723e-04       1
510  2.100148e-04       1
511  4.891450e-05       1
512  1.072699e-03       1
513  2.468432e-04       1
514  2.195077e-04       1
515  4.391841e-04       1
516  1.144582e-04       1
517  2.116780e-04       1
518  2.227899e-04       1
519  2.876292e-04       1
520  1.891469e-05       1
521  7.116701e-05       1
522  6.580904e-05       1
523  6.723631e-05       1
524  4.616478e-06       1
525  2.587095e-05       1
526  3.415377e-05       1
527  7.033465e-04       1
528  1.942130e-04       1
529  5.784805e-04       1
530  2.569510e-04       1
531  5.226323e-05       1
532  6.424293e-05       1
533  1.673940e-05       1
534  3.683803e-04       1
535  7.346533e-05       1
536  6.917954e-07       1
537  4.111356e-04       1
538  4.492104e-06       1
539  6.189289e-03       1
540  4.366836e-04       1
541  6.929772e-06       1
542  2.602902e-03       1
543  3.532631e-04       1
544  5.480961e-05       1
545  2.600629e-04       1
546  2.167915e-04       1
547  4.312552e-04       1
548  6.332864e-05       1
549  1.297255e-04       1
550  3.404064e-06       1
551  2.409086e-05       1
552  5.213859e-04       1
553  2.527454e-05       1
554  2.976794e-05       1
555  5.414920e-05       1
556  2.392528e-04       1
557  6.335980e-05       1
558  2.295744e-04       1
559  4.275368e-05       1
560  3.348155e-04       1
561  1.858059e-04       1
562  1.060890e-04       1
563  1.731813e-04       1
564  4.290678e-04       1
565  3.581742e-05       1
566  1.271922e-04       1
567  7.446475e-04       1
568  8.028821e-05       1
569  7.518047e-05       1
570  1.957790e-04       1
571  1.642950e-04       1
572  1.987373e-05       1
573  8.854386e-04       1
574  1.333337e-05       1
575  1.968035e-04       1
576  1.091492e-03       1
577  2.553592e-04       1
578  4.495238e-05       1
579  2.077504e-04       1
580  3.995193e-08       1
581  1.248615e-04       1
582  2.735682e-04       1
583  1.614275e-04       1
584  8.244246e-05       1
585  1.783647e-04       1
586  1.576355e-04       1
587  1.686025e-03       1
588  7.849930e-06       1
589  1.199847e-03       1
590  8.091475e-07       1
591  2.576731e-04       1
592  6.041312e-04       1
593  8.225624e-05       1
594  1.182540e-07       1
595  4.936908e-05       1
596  2.710340e-04       1
597  1.227756e-04       1
598  3.611230e-06       1
599  2.369667e-04       1
600  7.614732e-05       1
601  6.251421e-06       1
602  4.428462e-06       1
603  4.038934e-06       1
604  1.157745e-04       1
605  3.855117e-05       1
606  4.223976e-04       1
607  5.506682e-05       1
608  2.315181e-05       1
609  1.527418e-03       1
610  2.412297e-04       1
611  2.167756e-03       1
612  4.957950e-05       1
613  1.728251e-07       1
614  1.293704e-03       1
615  6.334908e-05       1
616  5.385065e-05       1
617  1.002652e-04       1
618  6.702137e-04       1
619  8.508233e-05       1
620  1.164248e-05       1
621  3.213524e-04       1
622  5.233420e-06       1
623  9.834988e-04       1
624  6.999206e-07       1
625  3.326966e-05       1
626  3.746272e-03       1
627  1.510519e-04       1
628  7.307066e-04       1
629  5.335597e-04       1
630  1.478303e-05       1
631  3.899735e-04       1
632  8.128404e-05       1
633  3.903549e-05       1
634  1.232352e-04       1
635  6.284668e-04       1
636  6.732742e-05       1
637  4.704441e-05       1
638  2.032070e-04       1
639  1.845439e-04       1
640  3.729868e-04       1
641  6.737474e-07       1
642  6.369396e-05       1
643  4.719278e-04       1
644  2.921478e-04       1
645  1.910269e-04       1
646  1.011848e-04       1
647  1.081248e-03       1
648  2.987860e-05       1
649  4.755360e-04       1
650  2.714508e-06       1
651  5.506681e-07       1
652  4.038714e-05       1
653  1.346077e-04       1
654  1.262576e-06       1
655  6.237730e-04       1
656  1.973550e-05       1
657  3.217894e-04       1
658  2.733415e-05       1
659  7.875409e-05       1
660  4.050170e-05       1
661  5.132150e-04       1
662  1.162020e-05       1
663  2.561961e-06       1
664  1.024843e-04       1
665  3.701055e-05       1
666  3.398139e-03       1
667  5.538254e-05       1
668  4.803240e-04       1
669  2.019826e-04       1
670  1.298853e-04       1
671  7.025647e-06       1
672  4.610131e-05       1
673  6.875369e-04       1
674  6.511647e-04       1
675  2.594025e-06       1
676  5.627669e-08       1
677  2.847920e-04       1
678  3.992730e-05       1
679  4.347415e-04       1
680  2.261165e-03       1
681  5.066901e-05       1
682  2.018965e-04       1
683  2.729623e-04       1
684  6.373957e-04       1
685  1.990533e-04       1
686  2.154620e-05       1
687  1.486617e-04       1
688  2.348261e-04       1
689  1.189698e-05       1
690  2.016289e-04       1
691  2.080432e-04       1
692  3.062719e-06       1
693  1.450517e-05       1
694  1.683522e-04       1
695  3.583723e-04       1
696  1.792800e-05       1
697  7.656069e-04       1
698  1.810222e-04       1
699  2.264087e-04       1
700  1.742408e-04       1
701  1.157323e-03       1
702  5.000406e-04       1
703  2.906726e-04       1
704  4.182227e-04       1
705  6.430273e-05       1
706  8.623673e-04       1
707  3.930987e-05       1
708  2.758932e-03       1
709  6.068129e-04       1
710  6.530886e-05       1
711  4.567608e-04       1
712  2.242418e-03       1
713  9.659321e-05       1
714  6.850899e-04       1
715  4.690334e-05       1
716  1.152649e-07       1
717  1.292265e-04       1
718  3.101257e-04       1
719  1.644934e-04       1
720  1.159446e-05       1
721  1.293272e-04       1
722  3.244090e-04       1
723  2.113089e-05       1
724  3.365602e-05       1
725  2.606787e-04       1
726  2.109456e-03       1
727  8.890787e-05       1
728  2.587042e-04       1
729  1.082803e-03       1
730  6.034105e-05       1
731  3.282235e-04       1
732  5.648920e-05       1
733  1.551367e-05       1
734  2.376095e-03       1
735  9.265404e-04       1
736  2.011985e-04       1
737  1.268661e-03       1
738  2.917659e-04       1
739  3.745862e-05       1
740  1.176513e-04       1
741  1.477332e-06       1
742  1.054064e-02       1
743  5.771178e-05       1
744  1.873317e-05       1
745  1.722735e-04       1
746  5.116907e-05       1
747  1.007822e-03       1
748  6.374389e-04       1
749  6.403929e-07       1
750  6.252336e-04       1
751  1.755217e-05       1
752  2.454654e-04       1
753  1.949267e-04       1
754  2.117835e-04       1
755  9.907237e-05       1
756  6.545341e-04       1
757  2.777875e-04       1
758  5.643771e-04       1
759  1.264536e-05       1
760  2.586800e-05       1
761  5.547664e-04       1
762  6.776863e-04       1
763  1.147103e-04       1
764  5.222581e-05       1
765  5.214561e-05       1
766  1.077289e-04       1
767  9.828488e-07       1
768  9.347246e-04       1
769  8.635913e-05       1
770  1.195957e-04       1
771  3.971315e-05       1
772  9.036415e-05       1
773  2.544052e-03       1
774  3.633696e-05       1
775  1.191744e-03       1
776  2.850160e-06       1
777  4.087398e-05       1
778  1.973434e-04       1
779  2.393231e-04       1
780  2.295239e-03       1
781  9.119018e-03       1
782  2.258940e-04       1
783  1.095068e-03       1
784  4.301752e-03       1
785  1.069779e-04       1
786  3.517348e-03       1
787  3.278375e-03       1
788  2.079028e-05       1
789  1.581454e-03       1
790  5.587959e-04       1
791  3.995400e-04       1
792  6.368990e-04       1
793  4.852065e-03       1
794  3.827433e-05       1
795  1.872630e-04       1
796  8.141181e-04       1
797  1.135027e-04       1
798  2.771311e-09       1
799  7.881322e-04       1
800  3.071282e-07       1
801  1.690927e-02       1
802  8.775221e-06       1
803  5.396386e-06       1
804  7.317955e-05       1
805  1.157624e-06       1
806  3.312534e-03       1
807  1.849056e-05       1
808  8.027094e-04       1
809  7.155416e-03       1
810  1.114358e-03       1
811  7.427844e-05       1
812  1.904264e-04       1
813  2.985609e-03       1
814  2.489002e-04       1
815  3.542913e-04       1
816  3.489759e-05       1
817  1.223140e-04       1
818  1.422637e-03       1
819  3.944670e-03       1
820  6.638198e-04       1
821  6.821125e-04       1
822  2.934769e-04       1
823  2.159500e-04       1
824  6.687352e-04       1
825  8.498321e-03       1
826  1.376775e-04       1
827  1.583504e-05       1
828  1.866428e-03       1
829  4.489750e-03       1
830  2.445061e-04       1
831  2.952761e-03       1
832  2.418504e-04       1
833  4.012990e-04       1
834  1.885962e-04       1
835  1.284140e-03       1
836  1.077499e-02       1
837  2.421474e-05       1
838  4.521488e-04       1
839  1.300056e-02       1
840  8.646948e-04       1
841  8.890376e-04       1
842  1.047463e-03       1
843  3.014606e-05       1
844  8.764099e-04       1
845  2.390133e-06       1
846  1.844039e-04       1
847  1.412935e-02       1
848  6.342185e-04       1
849  1.700544e-03       1
850  2.134047e-04       1
851  1.544594e-04       1
852  2.539532e-03       1
853  5.705531e-05       1
854  3.800641e-05       1
855  1.364972e-03       1
856  6.519727e-05       1
857  1.562785e-06       1
858  1.887954e-03       1
859  2.445304e-03       1
860  1.788774e-03       1
861  5.780450e-05       1
862  1.583066e-05       1
863  8.145375e-04       1
864  5.595412e-03       1
865  5.410749e-05       1
866  3.836391e-03       1
867  3.252524e-03       1
868  1.071713e-03       1
869  2.206565e-04       1
870  5.073997e-02       1
871  9.989321e-04       1
872  1.607730e-05       1
873  5.484734e-05       1
874  2.437608e-03       1
875  1.928537e-04       1
876  6.596479e-04       1
877  3.812035e-03       1
878  2.091112e-03       1
879  7.671826e-04       1
880  7.319788e-05       1
881  3.025376e-03       1
882  4.583472e-07       1
883  2.632920e-03       1
884  3.002274e-04       1
885  1.616130e-09       1
886  1.938876e-03       1
887  3.640033e-05       1
888  3.981831e-06       1
889  6.950755e-04       1
890  1.906444e-02       1
891  1.794353e-02  0.1216
892  8.192567e-04       1
893  8.564004e-03       1
894  2.356839e-03       1
895  9.481672e-05       1
896  1.322912e-02       1
897  4.274664e-03       1
898  1.519169e-04       1
899  4.272974e-03       1
900  1.009880e-03       1
901  1.426373e-02       1
902  4.616734e-06       1
903  2.892294e-04       1
904  2.194909e-03       1
905  2.104125e-04       1
906  2.413357e-05       1
907  1.694699e-04       1
908  1.950374e-03       1
909  2.369208e-04       1
910  1.034684e-05       1
911  1.192248e-06       1
912  3.904836e-04       1
913  3.698215e-04       1
914  1.620553e-05       1
915  7.048008e-04       1
916  1.039600e-05       1
917  9.705474e-03       1
918  1.014218e-08       1
919  4.136748e-03       1
920  1.846526e-03       1
921  2.754072e-03       1
922  2.477748e-04       1
923  1.025826e-04       1
924  1.605508e-03       1
925  6.149706e-04       1
926  7.399109e-04       1
927  3.326898e-04       1
928  7.044344e-05       1
929  2.048795e-06       1
930  1.080485e-03       1
931  1.148594e-04       1
932  5.069332e-05       1
933  2.535156e-04       1
934  7.056277e-04       1
935  2.715593e-04       1
936  3.343470e-06       1
937  3.191946e-05       1
938  9.116345e-04       1
939  5.045936e-04       1
940  2.931835e-04       1
941  6.073981e-05       1
942  2.904617e-05       1
943  3.072154e-04       1
944  5.777734e-04       1
945  5.006677e-04       1
946  3.287902e-03       1
947  2.736926e-04       1
948  9.319998e-04       1
949  2.282161e-05       1
950  2.594035e-06       1
951  3.623080e-04       1
952  6.437874e-04       1
953  4.332078e-04       1
954  2.731665e-05       1
955  2.509827e-07       1
956  1.453881e-03       1
957  1.789663e-04       1
958  1.022158e-03       1
959  5.708064e-03       1
960  9.046628e-05       1
961  2.695598e-04       1
962  3.793060e-04       1
963  1.255145e-04       1
964  2.020992e-05       1
965  1.120779e-03       1
966  1.086730e-02       1
967  3.771908e-04       1
968  3.913762e-04       1
969  1.063654e-03       1
970  3.387930e-04       1
971  2.537467e-05       1
972  3.920284e-06       1
973  4.055798e-04       1
974  1.517125e-04       1
975  1.598023e-04       1
976  6.923227e-05       1
977  2.929909e-06       1
978  1.814884e-02       1
979  7.464153e-06       1
980  2.758539e-04       1
981  2.469560e-04       1
982  2.369545e-06       1
983  3.214527e-03       1
984  3.043950e-06       1
985  1.225561e-03       1
986  1.147303e-04       1
987  3.566592e-06       1
988  5.253889e-05       1
989  8.125100e-05       1
990  4.732462e-05       1
991  8.501945e-04       1
992  5.637819e-05       1
993  3.492260e-03       1
994  5.500346e-04       1
995  1.596031e-03       1
996  9.103517e-07       1
997  1.920588e-04       1
998  2.760014e-04       1
999  4.521462e-05       1
1000 4.658680e-04       1
1001 6.947305e-04       1
1002 1.577159e-03       1
1003 2.084853e-04       1
1004 4.472398e-04       1
1005 1.667228e-06       1
1006 1.064538e-05       1
1007 5.344253e-03       1
1008 8.582951e-05       1
1009 7.346896e-04       1
1010 4.739428e-04       1
1011 4.041087e-04       1
1012 1.889409e-04       1
1013 1.621424e-04       1
1014 5.065433e-05       1
1015 1.120450e-04       1
1016 8.465132e-04       1
1017 5.755913e-05       1
1018 3.442178e-03       1
1019 6.347344e-07       1
1020 3.433788e-04       1
1021 1.090571e-05       1
1022 6.967272e-05       1
1023 2.455284e-04       1
1024 8.353957e-04       1
1025 1.192167e-03       1
1026 4.949031e-05       1
1027 4.020233e-04       1
1028 2.007429e-04       1
1029 1.673578e-04       1
1030 8.957640e-06       1
1031 2.170444e-04       1
1032 8.825678e-04       1
1033 1.923938e-03       1
1034 5.281094e-05       1
1035 3.591456e-06       1
1036 1.199184e-03       1
1037 2.349690e-04       1
1038 7.293083e-04       1
1039 2.644511e-04       1
1040 2.416311e-04       1
1041 1.422276e-05       1
1042 3.083479e-05       1
1043 1.944002e-03       1
1044 8.787705e-04       1
1045 3.585735e-06       1
1046 9.778508e-04       1
1047 6.676050e-04       1
1048 2.589003e-05       1
1049 2.232047e-05       1
1050 7.370964e-03       1
1051 6.178840e-04       1
1052 8.648457e-04       1
1053 1.038769e-03       1
1054 1.314569e-04       1
1055 7.084480e-04       1
1056 9.838359e-05       1
1057 5.011407e-05       1
1058 9.047938e-05       1
1059 1.325317e-04       1
1060 1.231631e-04       1
1061 5.526327e-06       1
1062 9.350648e-04       1
1063 2.821865e-04       1
1064 2.077439e-04       1
1065 7.490681e-04       1
1066 1.397490e-05       1
1067 7.821439e-06       1
1068 8.747765e-07       1
1069 6.657643e-06       1
1070 2.756764e-04       1
1071 4.463265e-04       1
1072 4.259004e-04       1
1073 1.976762e-03       1
1074 1.969273e-04       1
1075 1.423418e-04       1
1076 1.026201e-04       1
1077 7.051529e-05       1
1078 1.099669e-05       1
1079 1.928395e-03       1
1080 9.425156e-04       1
1081 8.975975e-05       1
1082 6.590136e-04       1
1083 1.761337e-06       1
1084 5.864692e-06       1
1085 9.581780e-06       1
1086 2.463059e-03       1
1087 1.897374e-05       1
1088 1.455331e-04       1
1089 6.630257e-05       1
1090 1.796970e-02       1
1091 2.885856e-05       1
1092 3.137704e-05       1
1093 3.331011e-05       1
1094 3.137286e-05       1
1095 4.313663e-06       1
1096 1.909648e-04       1
1097 4.538553e-04       1
1098 1.855606e-04       1
1099 3.388900e-03       1
1100 8.623850e-04       1
1101 7.006217e-05       1
1102 1.778858e-03       1
1103 1.095781e-02       1
1104 6.036184e-03       1
1105 2.540164e-04       1
1106 7.959062e-04       1
1107 1.010994e-04       1
1108 1.038405e-02       1
1109 1.825237e-04       1
1110 1.854744e-04       1
1111 2.252744e-04       1
1112 9.377680e-04       1
1113 5.380743e-04       1
1114 1.790201e-04       1
1115 1.866367e-04       1
1116 1.916330e-04       1
1117 9.202992e-04       1
1118 2.329021e-04       1
1119 3.692105e-05       1
1120 9.806938e-05       1
1121 6.237905e-04       1
1122 1.304591e-04       1
1123 2.494191e-04       1
1124 1.342194e-04       1
1125 4.200268e-04       1
1126 4.922256e-04       1
1127 2.566560e-05       1
1128 3.006486e-04       1
1129 8.779936e-05       1
1130 2.395851e-04       1
1131 1.617422e-03       1
1132 1.021052e-03       1
1133 2.819893e-05       1
1134 1.883186e-04       1
1135 2.942949e-07       1
1136 5.390928e-05       1
1137 1.342438e-03       1
1138 2.308939e-04       1
1139 1.255288e-04       1
1140 3.991098e-04       1
1141 5.168740e-06       1
1142 5.968284e-07       1
1143 2.990776e-05       1
1144 6.664261e-04       1
1145 7.784940e-06       1
1146 9.740587e-04       1
1147 4.925678e-05       1
1148 1.211572e-03       1
1149 1.214335e-03       1
1150 1.056390e-06       1
1151 3.967003e-04       1
1152 1.846394e-04       1
1153 3.782950e-06       1
1154 1.066629e-03       1
1155 8.078771e-05       1
1156 4.059548e-04       1
1157 9.875514e-06       1
1158 5.103695e-04       1
1159 4.270050e-08       1
1160 7.767835e-03       1
1161 3.204964e-04       1
1162 2.681992e-04       1
1163 7.753444e-07       1
1164 1.470473e-04       1
1165 3.706783e-04       1
1166 1.777140e-05       1
1167 7.427798e-04       1
1168 2.035546e-05       1
1169 2.258475e-04       1
1170 3.281530e-04       1
1171 4.120698e-04       1
1172 4.517094e-04       1
1173 5.200839e-06       1
1174 1.149656e-03       1
1175 1.965193e-04       1
1176 4.186655e-04       1
1177 2.481720e-04       1
1178 9.400581e-05       1
1179 1.499448e-05       1
1180 1.741001e-04       1
1181 7.764936e-04       1
1182 6.630567e-06       1
1183 5.588261e-05       1
1184 7.397541e-05       1
1185 1.125116e-04       1
1186 1.209976e-03       1
1187 3.634162e-05       1
1188 6.109416e-05       1
1189 2.989422e-06       1
1190 4.931650e-05       1
1191 1.037100e-04       1
1192 2.574782e-04       1
1193 8.664714e-05       1
1194 6.285321e-05       1
1195 1.517617e-03       1
1196 8.095679e-04       1
1197 3.080787e-06       1
1198 2.150557e-04       1
1199 5.861373e-04       1
1200 1.157265e-03       1
1201 9.429244e-07       1
1202 8.537732e-04       1
1203 8.116124e-04       1
1204 1.331514e-05       1
1205 2.655907e-03       1
1206 4.981058e-04       1
1207 1.349735e-04       1
1208 8.271377e-04       1
1209 8.448283e-04       1
1210 2.538415e-05       1
1211 2.085812e-04       1
1212 1.695588e-05       1
1213 2.002856e-05       1
1214 1.067800e-05       1
1215 2.328549e-05       1
1216 8.412414e-06       1
1217 2.928258e-04       1
1218 1.995730e-04       1
1219 2.418394e-04       1
1220 1.328333e-05       1
1221 1.689340e-04       1
1222 2.374307e-03       1
1223 1.514918e-04       1
1224 1.286515e-09       1
1225 1.482688e-05       1
1226 4.414529e-05       1
1227 8.772549e-05       1
1228 1.052426e-03       1
1229 4.397230e-04       1
1230 9.801060e-04       1
1231 1.288925e-03       1
1232 2.670991e-04       1
1233 3.778855e-07       1
1234 3.539193e-04       1
1235 5.622335e-09       1
1236 1.020545e-05       1
1237 1.086163e-03       1
1238 1.267086e-03       1
1239 1.686681e-04       1
1240 8.966960e-04       1
1241 3.377141e-04       1
1242 1.334248e-04       1
1243 1.214228e-04       1
1244 2.052232e-04       1
1245 4.365707e-04       1
1246 8.607331e-04       1
1247 7.558611e-05       1
1248 6.780294e-04       1
1249 8.008999e-05       1
1250 3.063808e-04       1
1251 2.016658e-05       1
1252 2.373055e-04       1
1253 2.735761e-05       1
1254 3.856171e-04       1
1255 1.671524e-03       1
1256 3.728256e-03       1
1257 1.346384e-04       1
1258 1.132669e-04       1
1259 2.382681e-04       1
1260 1.143975e-03       1
1261 1.606939e-04       1
1262 7.580551e-04       1
1263 3.894149e-05       1
1264 1.942099e-05       1
1265 9.719870e-04       1
1266 9.996123e-04       1
1267 6.242809e-04       1
1268 6.358451e-05       1
1269 1.538628e-03       1
1270 7.752142e-05       1
1271 4.073544e-05       1
1272 5.839587e-05       1
1273 2.170615e-05       1
1274 3.375737e-05       1
1275 5.009042e-06       1
1276 4.748180e-04       1
1277 2.949931e-04       1
1278 1.038284e-04       1
1279 3.832661e-05       1
1280 6.981940e-04       1
1281 4.992064e-06       1
1282 9.392138e-06       1
1283 8.751182e-04       1
1284 4.006367e-05       1
1285 1.320873e-05       1
1286 3.491154e-04       1
1287 5.023895e-05       1
1288 5.697505e-04       1
1289 2.555173e-04       1
1290 4.322450e-05       1
1291 3.167296e-04       1
1292 2.337835e-04       1
1293 1.769416e-05       1
1294 3.531840e-05       1
1295 6.567577e-04       1
1296 1.583567e-04       1
1297 8.220915e-04       1
1298 2.293359e-03       1
1299 4.652672e-07       1
1300 5.180040e-04       1
1301 4.205446e-05       1
1302 9.494904e-05       1
1303 5.705674e-04       1
1304 3.837300e-04       1
1305 1.654951e-04       1
1306 3.060324e-04       1
1307 3.661159e-04       1
1308 2.700544e-06       1
1309 3.454401e-07       1
1310 1.898048e-05       1
1311 1.645279e-04       1
1312 1.863171e-04       1
1313 3.279954e-04       1
1314 2.923400e-06       1
1315 9.176870e-06       1
1316 4.845235e-04       1
1317 2.048197e-04       1
1318 7.125194e-04       1
1319 1.499071e-03       1
1320 3.954306e-06       1
1321 5.963369e-04       1
1322 7.951335e-05       1
1323 6.504493e-04       1
1324 9.337850e-05       1
1325 4.701795e-04       1
1326 6.876347e-04       1
1327 3.600815e-04       1
1328 1.113779e-03       1
1329 3.364982e-04       1
1330 5.715554e-04       1
1331 4.152133e-04       1
1332 5.584181e-04       1
1333 2.376372e-03       1
1334 1.383071e-04       1
1335 2.235084e-03       1
1336 3.855992e-04       1
1337 1.072818e-04       1
1338 2.918169e-06       1
1339 1.238540e-04       1
1340 2.867122e-04       1
1341 5.029124e-07       1
1342 2.062430e-04       1
1343 1.858513e-04       1
1344 5.783164e-04       1
1345 1.544893e-04       1
1346 6.706024e-08       1
1347 1.914123e-04       1
1348 1.102922e-04       1
1349 1.188472e-04       1
1350 3.708330e-04       1
1351 4.727214e-06       1
1352 4.053393e-04       1
1353 2.600855e-05       1
1354 7.465539e-05       1
1355 1.282155e-03       1
1356 9.689964e-08       1
1357 4.435460e-05       1
1358 1.349029e-04       1
1359 7.597832e-06       1
1360 5.319766e-05       1
1361 5.544178e-04       1
1362 9.361423e-05       1
1363 2.547354e-04       1
1364 4.576046e-06       1
1365 5.997484e-05       1
1366 2.448430e-05       1
1367 3.335758e-03       1
1368 2.104448e-05       1
1369 1.068512e-03       1
1370 1.010623e-03       1
1371 3.178734e-04       1
1372 4.172233e-04       1
1373 1.866984e-03       1
1374 8.615339e-06       1
1375 5.073354e-04       1
1376 1.173508e-03       1
1377 8.732583e-05       1
1378 2.166642e-04       1
1379 9.989765e-04       1
1380 7.519722e-07       1
1381 1.669464e-04       1
1382 2.733639e-05       1
1383 3.493865e-04       1
1384 1.531178e-04       1
1385 4.527062e-04       1
1386 2.120710e-04       1
1387 3.392050e-04       1
1388 2.319489e-05       1
1389 1.517067e-04       1
1390 8.314952e-07       1
1391 2.514058e-04       1
1392 2.446051e-03       1
1393 5.635286e-05       1
1394 6.293222e-04       1
1395 7.693053e-04       1
1396 4.432715e-04       1
1397 6.560816e-03       1
1398 3.230974e-05       1
1399 7.329594e-04       1
1400 1.106698e-03       1
1401 6.311964e-05       1
1402 2.891839e-05       1
1403 8.475889e-05       1
1404 1.844212e-05       1
1405 1.153967e-04       1
1406 2.750099e-06       1
1407 2.229599e-04       1
1408 1.961258e-05       1
1409 1.832682e-05       1
1410 2.205688e-03       1
1411 6.101330e-04       1
1412 1.230413e-03       1
1413 2.644487e-05       1
1414 1.223990e-04       1
1415 1.008804e-03       1
1416 2.820967e-08       1
1417 3.448289e-04       1
1418 5.481226e-03       1
1419 1.030851e-04       1
1420 1.051091e-05       1
1421 4.007995e-04       1
1422 4.341995e-04       1
1423 2.231261e-06       1
1424 2.986556e-04       1
1425 6.603955e-04       1
1426 1.577422e-04       1
1427 9.904519e-05       1
1428 1.139587e-05       1
1429 1.948508e-05       1
1430 2.255155e-04       1
1431 2.628973e-07       1
1432 2.812203e-04       1
1433 2.001571e-03       1
1434 1.108363e-05       1
1435 7.582461e-05       1
1436 1.907409e-03       1
1437 6.931573e-07       1
1438 1.392074e-03       1
1439 1.116407e-03       1
1440 2.310400e-04       1
1441 1.108904e-03       1
1442 4.222330e-05       1
1443 3.354915e-05       1
1444 1.228699e-05       1
1445 2.298827e-04       1
1446 3.793235e-04       1
1447 2.291781e-10       1
1448 1.871226e-03       1
1449 1.358002e-05       1
1450 1.923049e-04       1
1451 1.334779e-04       1
1452 2.858482e-04       1
1453 2.982752e-03       1
1454 1.828692e-03       1
1455 7.456347e-04       1
1456 2.126400e-03       1
1457 1.826727e-04       1
1458 1.641641e-05       1
1459 8.845706e-05       1
1460 1.653711e-04       1
1461 7.727603e-05       1
1462 1.204070e-05       1
1463 4.429941e-03       1
1464 9.952673e-04       1
1465 3.725518e-04       1
1466 1.005163e-04       1
1467 3.012955e-04       1
1468 1.360155e-03       1
1469 2.040051e-04       1
1470 2.256447e-07       1
1471 4.163392e-04       1
1472 1.153024e-04       1
1473 4.672832e-05       1
1474 4.178493e-05       1
1475 8.287919e-06       1
1476 5.724893e-06       1
1477 6.707390e-05       1
1478 5.471980e-05       1
1479 1.646001e-04       1
1480 1.078362e-03       1
1481 1.927770e-03       1
1482 1.395291e-03       1
1483 1.768106e-05       1
1484 3.541814e-06       1
1485 7.982154e-05       1
1486 4.751397e-05       1
1487 5.200489e-05       1
1488 7.541662e-03       1
1489 8.993097e-05       1
1490 9.159033e-07       1
1491 9.544274e-06       1
1492 2.832607e-05       1
1493 7.652920e-06       1
1494 2.488037e-03       1
1495 2.550204e-05       1
1496 1.401211e-04       1
1497 1.331638e-03       1
1498 1.303224e-04       1
1499 4.447064e-05       1
1500 4.113329e-04       1
1501 3.048540e-04       1
1502 5.190935e-04       1
1503 9.979082e-04       1
1504 2.218731e-05       1
1505 1.695233e-04       1
1506 6.904743e-04       1
1507 8.195762e-04       1
1508 6.550771e-06       1
1509 1.521783e-05       1
1510 2.159332e-04       1
1511 1.592864e-04       1
1512 2.459549e-04       1
1513 7.106254e-07       1
1514 2.373940e-06       1
1515 1.221972e-03       1
1516 3.820354e-03       1
1517 3.274005e-04       1
1518 9.985836e-06       1
1519 5.675399e-03       1
1520 7.726201e-04       1
1521 1.553895e-03       1
1522 3.329262e-08       1
1523 4.857741e-06       1
1524 2.400705e-04       1
1525 1.987112e-05       1
1526 3.297472e-05       1
1527 7.518604e-04       1
1528 1.119933e-03       1
1529 1.100635e-04       1
1530 1.621118e-05       1
1531 9.622949e-06       1
1532 3.145484e-04       1
1533 1.230220e-03       1
1534 5.558689e-06       1
1535 2.830909e-05       1
1536 4.352973e-04       1
1537 9.820686e-03       1
1538 9.885330e-05       1
1539 3.231987e-06       1
1540 8.669253e-04       1
1541 5.712791e-03       1
1542 6.373809e-04       1
1543 2.267761e-03       1
1544 2.300371e-06       1
1545 2.602141e-03       1
1546 3.298553e-04       1
1547 9.370771e-05       1
1548 8.463491e-05       1
1549 1.178731e-04       1
1550 7.893723e-07       1
1551 8.186640e-05       1
1552 1.625413e-04       1
1553 3.588718e-04       1
1554 3.513467e-04       1
1555 2.055741e-04       1
1556 5.064096e-05       1
1557 4.111321e-07       1
1558 1.592480e-03       1
1559 6.705135e-04       1
1560 4.152204e-05       1
1561 2.320427e-03       1
1562 4.766442e-04       1
1563 1.458015e-03       1
1564 6.838643e-04       1
1565 1.255047e-03       1
1566 6.882729e-05       1
1567 1.750974e-03       1
1568 1.812858e-04       1
1569 1.970309e-04       1
1570 1.372697e-05       1
1571 5.619754e-05       1
1572 1.351417e-03       1
1573 1.089952e-04       1
1574 2.528403e-07       1
1575 8.365622e-04       1
1576 9.648839e-04       1
1577 1.223802e-06       1
1578 4.644414e-05       1
1579 6.697241e-04       1
1580 6.694842e-05       1
1581 4.595130e-04       1
1582 3.083480e-05       1
1583 4.997810e-04       1
1584 1.363505e-03       1
1585 5.006688e-05       1
1586 2.954746e-04       1
1587 6.075768e-05       1
1588 1.430437e-03       1
1589 1.554102e-04       1
1590 3.809344e-04       1
1591 1.904627e-03       1
1592 4.020886e-06       1
1593 9.221118e-04       1
1594 1.444698e-04       1
1595 8.582538e-05       1
1596 3.655033e-05       1
1597 8.565928e-05       1
1598 4.607757e-05       1
1599 1.743964e-03       1
1600 1.839989e-03       1
1601 4.491043e-04       1
1602 1.215536e-04       1
1603 2.060829e-04       1
1604 2.723349e-07       1
1605 1.816319e-03       1
1606 2.641461e-05       1
1607 3.486603e-04       1
1608 5.543284e-06       1
1609 4.680564e-06       1
1610 2.798531e-04       1
1611 5.483190e-04       1
1612 2.084727e-05       1
1613 2.779917e-04       1
1614 1.529226e-06       1
1615 1.516711e-04       1
1616 7.045957e-04       1
1617 5.928235e-04       1
1618 1.295263e-03       1
1619 3.354309e-04       1
1620 6.617757e-04       1
1621 2.933311e-04       1
1622 2.370085e-04       1
1623 4.782386e-05       1
1624 4.511032e-04       1
1625 4.321238e-05       1
1626 3.160655e-06       1
1627 1.286783e-04       1
1628 1.978886e-04       1
1629 6.808270e-04       1
1630 2.116255e-05       1
1631 4.456211e-06       1
1632 1.103565e-03       1
1633 3.655769e-03       1
1634 1.682950e-04       1
1635 4.308384e-04       1
1636 1.490695e-06       1
1637 2.431083e-05       1
1638 9.451876e-04       1
1639 5.387530e-04       1
1640 8.035927e-06       1
1641 8.981845e-04       1
1642 2.190776e-03       1
1643 5.268529e-05       1
1644 1.118249e-03       1
1645 2.589626e-05       1
1646 1.693744e-04       1
1647 1.806383e-04       1
1648 7.069432e-04       1
1649 3.083208e-04       1
1650 1.825078e-04       1
1651 3.475781e-04       1
1652 1.098542e-03       1
1653 1.891603e-03       1
1654 2.158618e-04       1
1655 9.089201e-05       1
1656 6.055688e-05       1
1657 2.412091e-04       1
1658 1.534527e-04       1
1659 6.166616e-05       1
1660 3.373949e-03       1
1661 8.329926e-04       1
1662 6.313070e-05       1
1663 6.513800e-06       1
1664 1.055342e-03       1
1665 3.347609e-04       1
1666 3.009698e-03       1
1667 7.052581e-05       1
1668 7.673447e-04       1
1669 3.472061e-05       1
1670 6.754897e-04       1
1671 9.014945e-07       1
1672 2.407303e-06       1
1673 4.305828e-04       1
1674 3.263951e-04       1
1675 6.715171e-07       1
1676 1.828953e-06       1
1677 4.096187e-04       1
1678 2.968694e-04       1
1679 3.601659e-06       1
1680 6.254213e-06       1
1681 1.135489e-04       1
1682 7.883884e-04       1
1683 2.150193e-04       1
1684 3.770459e-04       1
1685 1.439877e-04       1
1686 3.796585e-05       1
1687 2.033479e-04       1
1688 7.701861e-03       1
1689 8.793405e-05       1
1690 2.700037e-04       1
1691 1.242965e-04       1
1692 6.938440e-04       1
1693 3.733397e-03       1
1694 1.472237e-04       1
1695 1.579432e-05       1
1696 1.302881e-04       1
1697 2.395292e-07       1
1698 1.057666e-04       1
1699 1.040985e-04       1
1700 7.165767e-07       1
1701 4.610250e-05       1
1702 5.881940e-05       1
1703 1.105060e-03       1
1704 1.183050e-03       1
1705 3.656769e-04       1
1706 1.010459e-04       1
1707 4.752807e-04       1
1708 2.412424e-03       1
1709 8.020313e-04       1
1710 9.873179e-06       1
1711 9.493227e-05       1
1712 1.309167e-05       1
1713 6.803637e-05       1
1714 5.720264e-04       1
1715 9.321067e-05       1
1716 1.197482e-04       1
1717 3.882212e-07       1
1718 1.321600e-05       1
1719 2.496065e-04       1
1720 1.842465e-03       1
1721 7.542187e-06       1
1722 5.268663e-04       1
1723 1.769067e-03       1
1724 5.004548e-04       1
1725 4.431857e-03       1
1726 1.066701e-04       1
1727 6.699085e-05       1
1728 1.135981e-04       1
1729 1.348742e-05       1
1730 4.165443e-04       1
1731 2.992177e-05       1
1732 3.447096e-04       1
1733 2.417885e-04       1
1734 9.779794e-06       1
1735 6.191284e-05       1
1736 5.221550e-04       1
1737 4.041004e-07       1
1738 1.756709e-05       1
1739 5.728912e-07       1
1740 1.597019e-06       1
1741 2.420588e-04       1
1742 3.262035e-04       1
1743 9.815875e-06       1
1744 1.170343e-03       1
1745 5.994627e-06       1
1746 2.365908e-04       1
1747 5.550118e-06       1
1748 7.971705e-04       1
1749 3.824363e-05       1
1750 3.478841e-04       1
1751 7.200096e-04       1
1752 1.161745e-03       1
1753 1.169032e-05       1
1754 2.295864e-05       1
1755 1.911094e-08       1
1756 1.532432e-04       1
1757 4.196408e-05       1
1758 1.219854e-06       1
1759 1.325009e-03       1
1760 2.446303e-04       1
1761 2.045732e-03       1
1762 6.071556e-04       1
1763 5.088063e-04       1
1764 1.509862e-04       1
1765 2.508066e-04       1
1766 1.774171e-03       1
1767 1.228833e-04       1
1768 9.224075e-04       1
1769 1.510772e-05       1
1770 3.285459e-04       1
1771 7.362480e-06       1
1772 1.299203e-05       1
1773 6.582243e-03       1
1774 2.579392e-04       1
1775 2.949089e-05       1
1776 2.529280e-04       1
1777 5.058533e-04       1
1778 1.490278e-06       1
1779 9.602447e-04       1
1780 9.474879e-05       1
1781 1.551832e-07       1
1782 5.818957e-05       1
1783 4.604043e-04       1
1784 3.683491e-04       1
1785 8.288171e-07       1
1786 1.338653e-04       1
1787 1.612952e-07       1
1788 9.927699e-06       1
1789 2.152165e-04       1
1790 1.568194e-06       1
1791 2.924797e-04       1
1792 6.935675e-05       1
1793 8.841378e-05       1
1794 2.482108e-04       1
1795 3.092449e-04       1
1796 3.764714e-05       1
1797 8.321942e-04       1
1798 6.527251e-05       1
1799 2.703975e-05       1
1800 7.210511e-06       1
1801 1.044272e-04       1
1802 1.319953e-04       1
1803 1.032609e-04       1
1804 1.059836e-04       1
1805 2.522613e-05       1
1806 1.486282e-03       1
1807 1.121236e-03       1
1808 8.190955e-05       1
1809 1.805155e-06       1
1810 7.820277e-05       1
1811 1.560608e-03       1
1812 2.467927e-05       1
1813 7.281544e-04       1
1814 1.300417e-05       1
1815 3.734973e-05       1
1816 5.124906e-04       1
1817 1.078218e-03       1
1818 8.720729e-05       1
1819 1.039446e-06       1
1820 2.321989e-04       1
1821 2.198323e-04       1
1822 5.198220e-04       1
1823 1.852078e-04       1
1824 6.712938e-04       1
1825 1.114114e-04       1
1826 1.778765e-05       1
1827 1.198117e-03       1
1828 1.897944e-04       1
1829 7.134300e-05       1
1830 9.516537e-06       1
1831 7.956618e-05       1
1832 6.223474e-05       1
1833 1.067291e-06       1
1834 1.297433e-03       1
1835 3.765191e-05       1
1836 1.667933e-03       1
1837 4.316309e-04       1
1838 1.967388e-04       1
1839 1.406472e-03       1
1840 1.958612e-03       1
1841 3.652974e-06       1
1842 1.055604e-04       1
1843 2.014346e-03       1
1844 2.742186e-02       1
1845 2.000879e-04       1
1846 1.518902e-03       1
1847 4.717385e-05       1
1848 8.227620e-04       1
1849 2.350394e-03       1
1850 7.930335e-04       1
1851 2.794354e-04       1
1852 2.051101e-03       1
1853 1.636221e-03       1
1854 4.799087e-05       1
1855 7.330546e-06       1
1856 2.160350e-04       1
1857 3.803474e-05       1
1858 7.061659e-10       1
1859 1.351576e-03       1
1860 7.452621e-06       1
1861 2.764714e-05       1
1862 4.325592e-03       1
1863 2.252735e-03       1
1864 8.902779e-05       1
1865 2.317026e-04       1
1866 5.913579e-04       1
1867 1.316983e-04       1
1868 1.358427e-03       1
1869 8.977793e-04       1
1870 2.280737e-05       1
1871 1.715313e-04       1
1872 2.257028e-04       1
1873 2.121290e-04       1
1874 2.919485e-04       1
1875 8.416814e-05       1
1876 4.224746e-05       1
1877 7.688036e-04       1
1878 2.117730e-05       1
1879 3.026078e-04       1
1880 2.311228e-04       1
1881 3.402845e-05       1
1882 2.959925e-04       1
1883 2.233144e-04       1
1884 6.749950e-07       1
1885 9.467201e-05       1
1886 6.681996e-05       1
1887 1.875175e-04       1
1888 4.611948e-04       1
1889 3.893451e-04       1
1890 7.570775e-04       1
1891 1.965646e-04       1
1892 2.704584e-04       1
1893 2.739162e-04       1
1894 1.085639e-03       1
1895 5.459132e-05       1
1896 4.767877e-04       1
1897 2.820424e-04       1
1898 1.616168e-05       1
1899 5.232401e-04       1
1900 1.369153e-04       1
1901 3.352940e-04       1
1902 5.766012e-04       1
1903 9.403988e-05       1
1904 7.658426e-04       1
1905 5.619943e-06       1
1906 8.754529e-04       1
1907 2.141846e-04       1
1908 5.683527e-05       1
1909 5.323073e-06       1
1910 9.647543e-04       1
1911 1.152875e-04       1
1912 1.507778e-04       1
1913 4.582679e-04       1
1914 1.687700e-03       1
1915 9.326031e-05       1
1916 3.594073e-04       1
1917 1.599674e-03       1
1918 2.563772e-04       1
1919 2.730445e-05       1
1920 1.549691e-07       1
1921 9.976967e-06       1
1922 8.928222e-04       1
1923 6.385685e-07       1
1924 1.652933e-04       1
1925 3.475646e-04       1
1926 3.205097e-05       1
1927 3.408877e-06       1
1928 1.421462e-03       1
1929 1.875918e-04       1
1930 2.634562e-03       1
1931 5.669966e-03       1
1932 2.075034e-03       1
1933 6.972602e-04       1
1934 3.305264e-04       1
1935 1.299691e-03       1
1936 1.193082e-04       1
1937 2.331342e-03       1
1938 2.281514e-04       1
1939 1.014931e-04       1
1940 7.026702e-04       1
1941 1.039869e-03       1
1942 1.891738e-05       1
1943 8.396058e-06       1
1944 1.845604e-04       1
1945 1.146624e-03       1
1946 3.401954e-05       1
1947 3.370644e-03       1
1948 3.258950e-06       1
1949 2.500485e-04       1
1950 2.315000e-04       1
1951 1.567421e-05       1
1952 3.774159e-06       1
1953 1.514422e-03       1
1954 2.621899e-05       1
1955 6.630552e-06       1
1956 1.537062e-03       1
1957 9.448673e-04       1
1958 1.584199e-04       1
1959 2.773134e-04       1
1960 1.018023e-04       1
1961 2.393494e-04       1
1962 4.534291e-05       1
1963 2.958639e-04       1
1964 1.353626e-03       1
1965 1.175102e-05       1
1966 1.001918e-04       1
1967 2.740901e-07       1
1968 8.254199e-05       1
1969 1.360354e-03       1
1970 4.240281e-06       1
1971 8.438102e-05       1
1972 3.689986e-04       1
1973 1.483036e-03       1
1974 3.372651e-07       1
1975 1.076277e-03       1
1976 6.282743e-06       1
1977 6.557780e-07       1
1978 3.204232e-06       1
1979 1.211001e-04       1
1980 6.198546e-04       1
1981 2.334118e-05       1
1982 2.507927e-04       1
1983 2.684106e-05       1
1984 5.887399e-06       1
1985 8.187510e-05       1
1986 1.350798e-05       1
1987 1.720768e-04       1
1988 1.706662e-03       1
1989 3.074489e-04       1
1990 1.440888e-06       1
1991 3.894441e-03       1
1992 2.895608e-02       1
1993 2.788608e-04       1
1994 1.093349e-05       1
1995 3.040865e-04       1
1996 3.704540e-05       1
1997 2.193444e-04       1
1998 1.227704e-04       1
1999 1.570474e-04       1
2000 1.265345e-03       1
2001 8.739608e-04       1
2002 1.832178e-04       1
2003 2.244246e-04       1
2004 4.581537e-04       1
2005 1.105901e-04       1
2006 1.049026e-03       1
2007 2.913610e-03       1
2008 2.063953e-03       1
2009 3.622172e-04       1
2010 4.321453e-03       1
2011 4.171178e-04       1
2012 5.843640e-08       1
2013 7.925175e-04       1
2014 1.826707e-04       1
2015 9.492660e-05       1
2016 1.467065e-03       1
2017 8.010593e-05       1
2018 4.932897e-06       1
2019 3.024608e-03       1
2020 4.435792e-03       1
2021 4.043908e-04       1
2022 2.678527e-04       1
2023 1.839304e-04       1
2024 1.490055e-05       1
2025 8.115594e-04       1
2026 2.993906e-03       1
2027 4.319631e-06       1
2028 7.848416e-04       1
2029 1.039144e-02       1
2030 1.511097e-04       1
2031 1.737357e-04       1
2032 5.473717e-04       1
2033 6.664030e-05       1
2034 6.612630e-05       1
2035 6.735618e-07       1
2036 3.459994e-04       1
2037 2.468019e-05       1
2038 7.644874e-04       1
2039 8.581207e-04       1
2040 4.203516e-04       1
2041 1.277935e-03       1
2042 3.716827e-03       1
2043 7.650265e-04       1
2044 1.190064e-03       1
2045 1.049902e-04       1
2046 1.900915e-05       1
2047 4.450660e-05       1
2048 3.294356e-02 <0.0304
2049 9.775348e-05       1
2050 5.236938e-04       1
2051 6.080645e-04       1
2052 4.711332e-04       1
2053 4.014071e-04       1
2054 6.250840e-06       1
2055 3.171938e-05       1
2056 4.158684e-04       1
2057 3.008132e-04       1
2058 7.427638e-04       1
2059 4.080713e-04       1
2060 1.646942e-05       1
2061 2.553864e-04       1
2062 3.106441e-03       1
2063 1.104976e-04       1
2064 9.204987e-04       1
2065 4.700717e-05       1
2066 1.662831e-04       1
2067 7.288559e-05       1
2068 4.210985e-04       1
2069 8.906099e-07       1
2070 1.660908e-03       1
2071 1.182511e-03       1
2072 1.527466e-06       1
2073 2.398980e-04       1
2074 1.595579e-04       1
2075 4.171946e-03       1
2076 5.198058e-04       1
2077 3.305749e-04       1
2078 5.288303e-04       1
2079 2.140410e-03       1
2080 1.037144e-03       1
2081 7.189429e-06       1
2082 2.000126e-03       1
2083 1.972074e-03       1
2084 4.003690e-05       1
2085 6.589838e-04       1
2086 7.078375e-04       1
2087 2.142720e-04       1
2088 6.249434e-03       1
2089 4.905940e-04       1
2090 3.901470e-03       1
2091 5.599156e-03       1
2092 3.380422e-04       1
2093 9.746649e-05       1
2094 4.676692e-04       1
2095 5.956899e-04       1
2096 1.860021e-04       1
2097 2.630716e-06       1
2098 6.377536e-04       1
2099 9.455639e-05       1
2100 5.226403e-04       1
2101 8.441439e-04       1
2102 3.528995e-04       1
2103 1.208257e-03       1
2104 5.177071e-06       1
2105 1.450070e-03       1
2106 1.532021e-04       1
2107 1.083071e-05       1
2108 9.051500e-05       1
2109 1.443259e-03       1
2110 8.012891e-04       1
2111 6.878577e-04       1
2112 2.593717e-05       1
2113 9.281164e-04       1
2114 9.480166e-05       1
2115 3.070810e-04       1
2116 1.736050e-05       1
2117 1.958659e-03       1
2118 2.770367e-04       1
2119 7.066679e-04       1
2120 6.223716e-04       1
2121 2.839734e-04       1
2122 2.510261e-05       1
2123 2.576758e-04       1
2124 3.756585e-04       1
2125 5.712810e-05       1
2126 1.000155e-06       1
2127 7.207772e-05       1
2128 4.143823e-04       1
2129 2.022694e-04       1
2130 9.777185e-04       1
2131 1.200176e-03       1
2132 1.920311e-05       1
2133 2.645215e-05       1
2134 6.756500e-05       1
2135 3.769312e-04       1
2136 3.315965e-04       1
2137 3.000419e-05       1
2138 2.317101e-03       1
2139 8.664857e-04       1
2140 4.902615e-04       1
2141 1.388677e-05       1
2142 2.362954e-04       1
2143 2.100602e-04       1
2144 3.535041e-05       1
2145 6.691729e-04       1
2146 5.091847e-04       1
2147 1.168206e-03       1
2148 1.688966e-04       1
2149 3.325256e-04       1
2150 1.608271e-04       1
2151 3.995198e-05       1
2152 6.078223e-05       1
2153 1.691056e-04       1
2154 3.505542e-04       1
2155 2.368438e-06       1
2156 7.111200e-05       1
2157 5.003725e-04       1
2158 4.283148e-05       1
2159 5.931018e-05       1
2160 7.201931e-05       1
2161 1.177378e-03       1
2162 4.271194e-06       1
2163 1.999447e-04       1
2164 1.184717e-03       1
2165 8.120740e-05       1
2166 2.100200e-03       1
2167 3.382910e-04       1
2168 8.370162e-05       1
2169 1.145150e-03       1
2170 3.846870e-05       1
2171 7.925695e-05       1
2172 5.980156e-05       1
2173 7.984030e-05       1
2174 2.052639e-05       1
2175 4.203607e-04       1
2176 8.652916e-05       1
2177 7.261347e-05       1
2178 4.655203e-05       1
2179 3.498418e-07       1
2180 2.252350e-10       1
2181 3.529178e-08       1
2182 7.213714e-06       1
2183 2.831224e-03       1
2184 5.762422e-04       1
2185 1.007358e-03       1
2186 4.863087e-06       1
2187 3.648433e-05       1
2188 1.964844e-05       1
2189 1.190766e-05       1
2190 2.378590e-04       1
2191 1.910544e-03       1
2192 8.509248e-04       1
2193 2.786572e-04       1
2194 1.113553e-03       1
2195 6.987386e-05       1
2196 3.584787e-07       1
2197 4.984570e-04       1
2198 4.420712e-03       1
2199 3.153319e-04       1
2200 5.402453e-04       1
2201 6.774047e-04       1
2202 1.469020e-03       1
2203 3.315266e-04       1
2204 8.137146e-04       1
2205 1.360940e-03       1
2206 1.359147e-03       1
2207 1.740822e-03       1
2208 1.492839e-04       1
2209 2.010043e-04       1
2210 1.691678e-04       1
2211 5.022184e-07       1
2212 6.167921e-04       1
2213 5.326735e-04       1
2214 6.719803e-05       1
2215 1.526573e-03       1
2216 1.051723e-04       1
2217 6.418292e-09       1
2218 6.686835e-04       1
2219 8.704756e-04       1
2220 8.310006e-03       1
2221 1.046432e-04       1
2222 1.209333e-04       1
2223 3.643962e-04       1
2224 1.209628e-04       1
2225 4.030999e-04       1
2226 1.013898e-04       1
2227 4.208454e-04       1
2228 1.106968e-03       1
2229 2.716155e-03   0.912
2230 2.738142e-04       1
2231 8.619387e-05       1
2232 1.552356e-03       1
2233 3.663513e-04       1
2234 4.424264e-05       1
2235 3.332530e-04       1
2236 1.117592e-04       1
2237 9.533594e-05       1
2238 1.934480e-04       1
2239 2.236931e-04       1
2240 1.312226e-04       1
2241 3.531289e-04       1
2242 1.738078e-04       1
2243 2.970021e-05       1
2244 2.043979e-03       1
2245 2.322596e-05       1
2246 4.690456e-05       1
2247 2.123800e-04       1
2248 8.933599e-06       1
2249 4.027404e-05       1
2250 6.406171e-04       1
2251 1.273610e-03       1
2252 3.733656e-04       1
2253 9.189404e-04       1
2254 1.763195e-03       1
2255 2.240099e-04       1
2256 4.016541e-03       1
2257 2.337211e-05       1
2258 1.145043e-03       1
2259 1.021461e-03       1
2260 7.658226e-05       1
2261 6.078979e-04       1
2262 7.890356e-04       1
2263 6.616490e-05       1
2264 1.284558e-07       1
2265 8.851247e-04       1
2266 8.833054e-06       1
2267 6.634876e-04       1
2268 2.390500e-04       1
2269 1.807886e-04       1
2270 4.430771e-04       1
2271 1.014026e-03       1
2272 5.623367e-04       1
2273 1.434962e-03       1
2274 1.646558e-04       1
2275 6.371262e-06       1
2276 9.371165e-05       1
2277 4.299852e-05       1
2278 7.835154e-04       1
2279 9.245806e-06       1
2280 5.634931e-04       1
2281 1.174843e-04       1
2282 1.752442e-03       1
2283 1.593577e-06       1
2284 1.467544e-05       1
2285 4.203024e-04       1
2286 1.337144e-05       1
2287 6.679829e-04       1
2288 1.444355e-05       1
2289 4.654584e-04       1
2290 2.876928e-03       1
2291 1.655151e-04       1
2292 1.457443e-04       1
2293 9.630628e-07       1
2294 7.367577e-05       1
2295 2.162021e-04       1
2296 3.636685e-07       1
2297 2.962631e-04       1
2298 3.568907e-04       1
2299 2.854754e-04       1
2300 8.800248e-05       1
2301 6.097169e-03 <0.0304
2302 8.675463e-04       1
2303 1.021714e-03       1
2304 1.079214e-03       1
2305 3.092675e-03       1
2306 4.760963e-03  0.0304
2307 7.420914e-04       1
2308 7.140566e-05       1
2309 1.206081e-03       1
2310 6.261391e-05       1
2311 3.199008e-04       1
2312 3.827746e-04       1
2313 7.663166e-04       1
2314 1.230655e-04       1
2315 8.378071e-08       1
2316 3.356471e-03       1
2317 2.695155e-05       1
2318 7.941050e-05       1
2319 8.915530e-05       1
2320 2.435864e-04       1
2321 1.230000e-04       1
2322 1.116953e-04       1
2323 2.006010e-04       1
2324 2.911607e-04       1
2325 1.479758e-05       1
2326 2.733361e-03       1
2327 3.358264e-05       1
2328 4.365963e-04       1
2329 2.034103e-04       1
2330 7.779407e-04       1
2331 1.111053e-04       1
2332 1.095081e-06       1
2333 3.209223e-05       1
2334 8.121120e-04       1
2335 8.108278e-04       1
2336 3.415329e-04       1
2337 4.993833e-04       1
2338 7.994488e-06       1
2339 5.192864e-05       1
2340 9.806855e-04       1
2341 2.151078e-04       1
2342 1.322448e-04       1
2343 1.115874e-04       1
2344 7.250050e-05       1
2345 2.055615e-03       1
2346 7.437283e-04       1
2347 3.269515e-04       1
2348 4.718412e-05       1
2349 2.022251e-06       1
2350 1.355435e-04       1
2351 3.673980e-05       1
2352 1.259680e-04       1
2353 7.800252e-05       1
2354 3.010514e-05       1
2355 1.877066e-04       1
2356 3.372263e-05       1
2357 4.408731e-04       1
2358 5.822885e-06       1
2359 3.351249e-04       1
2360 8.072955e-04       1
2361 6.058988e-04       1
2362 2.927242e-04       1
2363 6.686220e-04       1
2364 3.712416e-04       1
2365 4.947918e-03       1
2366 1.334642e-03       1
2367 2.648063e-04       1
2368 8.604762e-06       1
2369 1.900466e-04       1
2370 1.019769e-04       1
2371 3.122852e-03       1
2372 1.634116e-04       1
2373 2.531756e-04       1
2374 4.691893e-06       1
2375 5.560562e-05       1
2376 2.482564e-04       1
2377 1.743259e-03       1
2378 1.191166e-05       1
2379 4.900146e-03       1
2380 4.454069e-04       1
2381 1.420300e-03       1
2382 4.914365e-05       1
2383 5.053369e-04       1
2384 3.617724e-03       1
2385 7.466202e-04       1
2386 6.687019e-03       1
2387 1.163909e-02       1
2388 2.098162e-05       1
2389 9.657196e-04       1
2390 7.725045e-04       1
2391 4.290980e-04       1
2392 1.837034e-06       1
2393 1.908420e-04       1
2394 9.659193e-04       1
2395 4.781369e-04       1
2396 1.609868e-03       1
2397 2.038813e-03       1
2398 1.137712e-06       1
2399 5.234501e-04       1
2400 2.942460e-04       1
2401 2.773695e-04       1
2402 3.497991e-04       1
2403 9.766356e-04       1
2404 5.738484e-04       1
2405 3.213219e-05       1
2406 1.290825e-06       1
2407 4.030800e-04       1
2408 1.807236e-04       1
2409 1.113553e-03       1
2410 8.172448e-05       1
2411 1.269730e-04       1
2412 5.393721e-04       1
2413 5.816789e-04       1
2414 5.239807e-05       1
2415 6.462797e-06       1
2416 6.180283e-05       1
2417 3.503261e-05       1
2418 6.701905e-03       1
2419 1.920923e-03       1
2420 5.039581e-03       1
2421 4.812717e-03       1
2422 1.457700e-04       1
2423 2.700910e-06       1
2424 2.544756e-05       1
2425 1.337680e-03       1
2426 2.247154e-04       1
2427 1.151147e-03       1
2428 8.304593e-05       1
2429 2.628846e-04       1
2430 1.158641e-04       1
2431 3.668815e-06       1
2432 1.166334e-03       1
2433 2.361433e-06       1
2434 3.114702e-03       1
2435 2.255095e-04       1
2436 8.365334e-04       1
2437 3.753560e-03       1
2438 1.373365e-04       1
2439 1.726038e-04       1
2440 1.504655e-04       1
2441 3.078397e-04       1
2442 4.435408e-05       1
2443 5.281772e-05       1
2444 4.075671e-03       1
2445 2.002536e-03       1
2446 8.632991e-04       1
2447 9.964470e-04       1
2448 1.048578e-04       1
2449 2.107839e-04       1
2450 8.018357e-05       1
2451 5.184491e-04       1
2452 1.931229e-03       1
2453 1.489693e-04       1
2454 1.223461e-03       1
2455 3.053070e-04       1
2456 8.521113e-06       1
2457 6.794651e-04       1
2458 5.669629e-04       1
2459 2.957977e-03       1
2460 1.988066e-04       1
2461 4.685275e-04       1
2462 3.350592e-04       1
2463 5.050446e-04       1
2464 3.904424e-06       1
2465 7.359273e-04       1
2466 4.244977e-04       1
2467 9.829107e-04       1
2468 4.688412e-04       1
2469 7.571526e-04       1
2470 1.382439e-03       1
2471 1.176338e-05       1
2472 1.150449e-03       1
2473 2.615199e-03       1
2474 5.721520e-05       1
2475 1.373541e-03       1
2476 3.225228e-05       1
2477 6.792633e-04       1
2478 5.387870e-04       1
2479 6.071916e-04       1
2480 1.672110e-04       1
2481 3.715280e-03       1
2482 9.897036e-05       1
2483 2.087019e-06       1
2484 1.510479e-04       1
2485 6.016928e-05       1
2486 6.866572e-06       1
2487 2.788400e-03       1
2488 1.278157e-04       1
2489 3.606080e-06       1
2490 1.468767e-04       1
2491 2.166034e-03       1
2492 1.390942e-03       1
2493 1.191127e-04       1
2494 1.845238e-04       1
2495 3.276973e-05       1
2496 2.468360e-04       1
2497 2.435879e-04       1
2498 5.350797e-05       1
2499 6.179804e-05       1
2500 1.185778e-05       1
2501 9.675714e-06       1
2502 5.590675e-04       1
2503 6.948691e-04       1
2504 1.986245e-04       1
2505 5.847030e-03       1
2506 1.002564e-05       1
2507 4.514274e-04       1
2508 2.679316e-04       1
2509 4.350504e-04       1
2510 2.549737e-05       1
2511 1.398386e-03       1
2512 1.434320e-04       1
2513 1.948453e-04       1
2514 6.792736e-05       1
2515 1.496048e-04       1
2516 5.843621e-04       1
2517 1.471173e-03       1
2518 2.073173e-03       1
2519 1.794907e-04       1
2520 5.179599e-04       1
2521 3.431978e-07       1
2522 5.299016e-05       1
2523 5.196784e-05       1
2524 1.019644e-05       1
2525 1.211518e-03       1
2526 1.823504e-04       1
2527 5.787813e-04       1
2528 1.354023e-05       1
2529 3.027325e-05       1
2530 1.231866e-05       1
2531 2.203615e-01 <0.0304
2532 9.593913e-03       1
2533 4.952740e-05       1
2534 2.845884e-05       1
2535 2.252524e-10       1
2536 4.272504e-03       1
2537 5.231105e-04       1
2538 6.041527e-05       1
2539 9.618933e-04       1
2540 5.838923e-04       1
2541 1.137431e-03       1
2542 2.480099e-03       1
2543 1.432741e-04       1
2544 5.023036e-05       1
2545 1.247248e-03       1
2546 8.544205e-06       1
2547 1.423111e-03       1
2548 1.228017e-03       1
2549 5.071276e-07       1
2550 1.577349e-06       1
2551 3.057675e-04       1
2552 7.020333e-04       1
2553 1.122351e-04       1
2554 2.385398e-04       1
2555 1.265925e-03       1
2556 1.489441e-03       1
2557 4.904988e-03       1
2558 1.516170e-04       1
2559 6.186597e-04       1
2560 8.704416e-05       1
2561 9.629128e-07       1
2562 6.400898e-06       1
2563 6.620963e-04       1
2564 6.759485e-05       1
2565 9.453806e-04       1
2566 1.877614e-04       1
2567 3.012748e-04       1
2568 1.130421e-03       1
2569 2.238240e-06       1
2570 4.626471e-04       1
2571 3.244313e-04       1
2572 1.707917e-04       1
2573 1.228387e-02       1
2574 5.140993e-03       1
2575 8.761619e-04       1
2576 2.265705e-03       1
2577 1.122569e-04       1
2578 8.104187e-04       1
2579 1.579822e-06       1
2580 1.843428e-03       1
2581 2.720229e-07       1
2582 7.873824e-05       1
2583 7.909806e-05       1
2584 6.620088e-05       1
2585 7.571125e-08       1
2586 1.439343e-04       1
2587 4.749955e-04       1
2588 1.874437e-04       1
2589 4.099682e-04       1
2590 3.804986e-03       1
2591 1.278803e-04       1
2592 6.461451e-09       1
2593 7.088092e-04       1
2594 3.436438e-04       1
2595 3.537773e-03       1
2596 1.081268e-04       1
2597 2.163896e-05       1
2598 5.701841e-05       1
2599 2.001415e-04       1
2600 7.302830e-05       1
2601 3.447399e-05       1
2602 9.383725e-08       1
2603 1.288929e-02       1
2604 3.579313e-04       1
2605 2.402010e-04       1
2606 9.619861e-04       1
2607 5.287079e-05       1
2608 3.635025e-05       1
2609 1.033393e-03       1
2610 2.090498e-05       1
2611 2.045536e-03       1
2612 3.290246e-03       1
2613 9.928337e-04       1
2614 7.756868e-04       1
2615 1.061270e-04       1
2616 1.154157e-05       1
2617 7.476347e-03       1
2618 6.289389e-05       1
2619 4.791257e-04       1
2620 7.049255e-05       1
2621 1.667016e-08       1
2622 4.305603e-04       1
2623 1.242363e-03       1
2624 6.582100e-04       1
2625 1.230345e-03       1
2626 3.807268e-06       1
2627 7.570049e-06       1
2628 4.517533e-05       1
2629 5.437896e-04       1
2630 6.605231e-04       1
2631 5.282974e-03       1
2632 1.472686e-04       1
2633 3.379097e-04       1
2634 2.466495e-04       1
2635 1.448965e-04       1
2636 5.361657e-05       1
2637 1.443947e-04       1
2638 3.115131e-04       1
2639 1.049240e-05       1
2640 1.793292e-04       1
2641 2.721395e-04       1
2642 2.051953e-05       1
2643 1.441300e-03       1
2644 2.923868e-04       1
2645 1.036116e-03       1
2646 2.522577e-04       1
2647 1.109338e-06       1
2648 3.381058e-03       1
2649 1.342557e-05       1
2650 2.218623e-04       1
2651 2.208228e-05       1
2652 1.030112e-03       1
2653 6.576013e-04       1
2654 5.722915e-04       1
2655 1.877540e-03       1
2656 4.931378e-04       1
2657 2.035879e-05       1
2658 5.410568e-07       1
2659 2.177400e-04       1
2660 5.601017e-04       1
2661 6.016795e-04       1
2662 1.467438e-03       1
2663 4.079156e-04       1
2664 1.231091e-02       1
2665 1.754932e-06       1
2666 2.928533e-04       1
2667 1.505408e-04       1
2668 2.430572e-03       1
2669 5.342003e-04       1
2670 1.705352e-05       1
2671 1.443702e-04       1
2672 6.903597e-08       1
2673 6.246950e-04       1
2674 2.764434e-05       1
2675 3.912336e-05       1
2676 9.437715e-06       1
2677 3.009458e-03       1
2678 1.701957e-04       1
2679 1.240617e-05       1
2680 2.112154e-04       1
2681 3.223678e-04       1
2682 5.209952e-04       1
2683 2.715183e-04       1
2684 4.968823e-04       1
2685 1.746165e-03       1
2686 3.685559e-04       1
2687 1.597768e-04       1
2688 1.030202e-03       1
2689 5.286341e-04       1
2690 3.148734e-04       1
2691 5.720661e-04       1
2692 3.446607e-05       1
2693 3.492306e-05       1
2694 3.131028e-04       1
2695 3.905695e-03       1
2696 1.167463e-04       1
2697 2.827808e-05       1
2698 9.819780e-04       1
2699 2.045086e-04       1
2700 2.425711e-05       1
2701 9.200026e-04       1
2702 4.600166e-04       1
2703 1.782297e-03       1
2704 1.960323e-04       1
2705 9.136484e-04       1
2706 1.191871e-05       1
2707 3.066904e-05       1
2708 1.212691e-04       1
2709 1.788389e-05       1
2710 1.975257e-03       1
2711 7.939522e-04       1
2712 2.234631e-04       1
2713 3.437336e-03       1
2714 9.187685e-05       1
2715 1.718525e-04       1
2716 4.857629e-03       1
2717 2.577997e-03       1
2718 8.312093e-04       1
2719 2.528489e-03       1
2720 2.339564e-03       1
2721 1.569840e-03       1
2722 6.476773e-04       1
2723 1.146585e-03       1
2724 6.198283e-03       1
2725 2.377247e-04       1
2726 5.888155e-03       1
2727 2.151591e-03       1
2728 2.295750e-04       1
2729 6.865508e-07       1
2730 4.001040e-06       1
2731 2.341588e-04       1
2732 3.091478e-04       1
2733 3.315091e-07       1
2734 1.676521e-03       1
2735 7.981985e-03       1
2736 5.312824e-05       1
2737 5.735045e-04       1
2738 3.840047e-04       1
2739 3.988842e-05       1
2740 5.366088e-04       1
2741 1.075558e-05       1
2742 5.148357e-05       1
2743 8.906441e-04       1
2744 1.092512e-04       1
2745 7.229202e-04       1
2746 7.822146e-04       1
2747 1.573889e-04       1
2748 1.894819e-04       1
2749 1.209941e-03       1
2750 1.094777e-03       1
2751 2.941078e-06       1
2752 2.114107e-06       1
2753 1.405441e-02       1
2754 1.429759e-05       1
2755 6.492371e-04       1
2756 1.190258e-04       1
2757 9.341624e-06       1
2758 5.691005e-03       1
2759 5.249427e-04       1
2760 1.730207e-03       1
2761 7.968178e-03       1
2762 3.251155e-06       1
2763 5.927918e-04       1
2764 3.090017e-04       1
2765 5.931033e-05       1
2766 1.739594e-03       1
2767 6.088250e-04       1
2768 3.009547e-04       1
2769 1.299888e-04       1
2770 2.100620e-04       1
2771 9.917363e-05       1
2772 1.156179e-03       1
2773 1.384982e-04       1
2774 1.783383e-04       1
2775 8.827733e-04       1
2776 5.013636e-06       1
2777 3.080091e-04       1
2778 2.960505e-04       1
2779 8.470801e-05       1
2780 2.143267e-03       1
2781 2.942463e-04       1
2782 8.461586e-05       1
2783 3.272032e-04       1
2784 2.403622e-03       1
2785 5.074212e-04       1
2786 1.063897e-03       1
2787 4.071857e-05       1
2788 1.808618e-03       1
2789 4.694705e-04       1
2790 7.360098e-08       1
2791 4.026648e-03       1
2792 4.980179e-05       1
2793 2.951832e-04       1
2794 3.833187e-04       1
2795 1.467048e-04       1
2796 1.343771e-03       1
2797 1.532199e-04       1
2798 1.241321e-04       1
2799 2.898740e-03       1
2800 1.513692e-04       1
2801 1.463461e-04       1
2802 5.729369e-07       1
2803 7.366832e-06       1
2804 9.558912e-05       1
2805 1.494983e-03       1
2806 4.208594e-04       1
2807 7.854779e-06       1
2808 1.490063e-04       1
2809 2.843349e-03       1
2810 1.731029e-03       1
2811 1.861841e-04       1
2812 7.328146e-05       1
2813 1.384704e-03       1
2814 8.135998e-03       1
2815 1.727501e-04       1
2816 5.010501e-04       1
2817 1.507471e-05       1
2818 2.569211e-03       1
2819 1.288372e-04       1
2820 1.856190e-03       1
2821 2.001823e-04       1
2822 1.080689e-03       1
2823 4.878010e-03       1
2824 4.094827e-05       1
2825 1.484579e-04       1
2826 3.399080e-04       1
2827 5.204152e-04       1
2828 1.184804e-03       1
2829 9.036977e-05       1
2830 1.017386e-04       1
2831 2.019735e-03       1
2832 1.395300e-04       1
2833 4.562823e-04       1
2834 4.101859e-04       1
2835 2.730935e-04       1
2836 2.720405e-04       1
2837 2.058757e-03       1
2838 6.406985e-07       1
2839 7.469367e-04       1
2840 4.104885e-05       1
2841 9.510314e-03       1
2842 1.472483e-03       1
2843 1.786656e-04       1
2844 5.206514e-05       1
2845 2.090642e-03       1
2846 9.934249e-05       1
2847 4.336124e-03       1
2848 3.558956e-05       1
2849 3.062908e-04       1
2850 3.159581e-04       1
2851 1.193344e-03       1
2852 2.450988e-05       1
2853 2.224909e-04       1
2854 2.872025e-04       1
2855 6.873119e-05       1
2856 2.711843e-04       1
2857 1.371661e-04       1
2858 4.537371e-04       1
2859 1.436649e-04       1
2860 4.846647e-04       1
2861 9.113471e-06       1
2862 3.138861e-04       1
2863 1.082025e-03       1
2864 6.736565e-06       1
2865 2.302694e-04       1
2866 2.007511e-03       1
2867 2.459029e-05       1
2868 2.683323e-04       1
2869 3.829762e-05       1
2870 2.690659e-04       1
2871 5.071849e-04       1
2872 1.083195e-04       1
2873 6.076532e-04       1
2874 1.060436e-04       1
2875 1.448366e-04       1
2876 5.250495e-05       1
2877 9.569095e-06       1
2878 2.098749e-04       1
2879 4.042571e-05       1
2880 1.395607e-03       1
2881 2.649536e-05       1
2882 9.092469e-06       1
2883 2.478744e-04       1
2884 5.957495e-06       1
2885 1.534714e-05       1
2886 2.625561e-04       1
2887 5.027846e-04       1
2888 1.369458e-04       1
2889 3.873915e-05       1
2890 3.924625e-04       1
2891 3.366807e-05       1
2892 6.446342e-04       1
2893 2.299670e-05       1
2894 3.383516e-04       1
2895 1.786082e-03       1
2896 2.107513e-05       1
2897 4.222000e-05       1
2898 6.625587e-04       1
2899 2.307060e-04       1
2900 1.337140e-04       1
2901 7.485880e-04       1
2902 8.874266e-05       1
2903 2.208710e-08       1
2904 8.381403e-05       1
2905 3.191235e-04       1
2906 2.106227e-05       1
2907 4.137156e-04       1
2908 3.431793e-05       1
2909 6.471272e-05       1
2910 6.327342e-04       1
2911 4.292128e-04       1
2912 4.970368e-04       1
2913 5.541873e-04       1
2914 1.310967e-03       1
2915 1.909461e-04       1
2916 8.586322e-06       1
2917 3.477833e-04       1
2918 1.607399e-06       1
2919 2.276739e-04       1
2920 7.358295e-03       1
2921 4.377220e-04       1
2922 1.092259e-04       1
2923 7.865325e-05       1
2924 7.608562e-04       1
2925 2.546599e-05       1
2926 1.439245e-04       1
2927 3.180132e-04       1
2928 1.149998e-04       1
2929 4.483564e-03       1
2930 1.049093e-04       1
2931 1.282202e-04       1
2932 2.182278e-05       1
2933 2.912144e-05       1
2934 8.738273e-04       1
2935 1.257443e-04       1
2936 1.111109e-03       1
2937 5.838557e-05       1
2938 2.044798e-05       1
2939 5.693689e-04       1
2940 1.654930e-07       1
2941 8.705024e-07       1
2942 3.825961e-03       1
2943 2.560669e-04       1
2944 1.160940e-03       1
2945 6.064529e-05       1
2946 3.832393e-04       1
2947 5.295331e-06       1
2948 1.540943e-06       1
2949 3.030362e-05       1
2950 3.979441e-04       1
2951 5.102017e-06       1
2952 2.030086e-04       1
2953 2.771437e-04       1
2954 8.982166e-05       1
2955 1.923167e-03       1
2956 7.934070e-05       1
2957 8.543865e-04       1
2958 8.781675e-05       1
2959 7.710510e-07       1
2960 1.953821e-03       1
2961 9.144111e-05       1
2962 2.421323e-05       1
2963 9.193816e-05       1
2964 4.228149e-04       1
2965 3.648920e-04       1
2966 2.643476e-04       1
2967 4.083400e-04       1
2968 1.361519e-03       1
2969 2.441697e-04       1
2970 1.371311e-03       1
2971 5.863344e-04       1
2972 6.386200e-05       1
2973 2.317483e-04       1
2974 1.546203e-06       1
2975 2.563813e-06       1
2976 1.205716e-03       1
2977 1.225845e-04       1
2978 1.882829e-04       1
2979 1.928454e-03       1
2980 5.195335e-04       1
2981 8.959429e-06       1
2982 3.928822e-04       1
2983 4.148567e-05       1
2984 1.448495e-03       1
2985 1.345518e-05       1
2986 2.445035e-05       1
2987 1.289176e-05       1
2988 8.749470e-04       1
2989 2.911586e-03       1
2990 2.260598e-03       1
2991 1.762682e-03       1
2992 1.149749e-03       1
2993 1.035367e-03       1
2994 1.058416e-04       1
2995 6.362706e-05       1
2996 2.042045e-04       1
2997 1.351324e-03       1
2998 7.133070e-05       1
2999 1.082622e-03       1
3000 1.322281e-03       1
3001 4.445912e-05       1
3002 3.756299e-04       1
3003 1.681627e-03       1
3004 1.121611e-04       1
3005 5.757790e-04       1
3006 4.164875e-04       1
3007 5.976245e-04       1
3008 4.528779e-05       1
3009 1.505375e-03       1
3010 7.104786e-06       1
3011 2.558392e-04       1
3012 2.149564e-04       1
3013 3.119697e-04       1
3014 2.605950e-04       1
3015 5.511815e-04       1
3016 2.446687e-04       1
3017 2.487942e-06       1
3018 2.019753e-04       1
3019 9.616152e-04       1
3020 3.954932e-06       1
3021 4.081527e-04       1
3022 4.190021e-04       1
3023 3.447843e-04       1
3024 8.025198e-04       1
3025 1.081951e-03       1
3026 9.605937e-06       1
3027 3.021979e-04       1
3028 6.528250e-06       1
3029 2.943546e-05       1
3030 3.924707e-04       1
3031 4.183802e-04       1
3032 1.891671e-04       1
3033 3.414015e-04       1
3034 8.068191e-05       1
3035 5.889679e-05       1
3036 1.029846e-04       1
3037 5.906324e-04       1
3038 2.526030e-04       1
3039 5.127563e-04       1
3040 4.042622e-05       1

$`MR-PRESSO results`$`Distortion Test`
$`MR-PRESSO results`$`Distortion Test`$`Outliers Indices`
[1]   70  199 2048 2301 2306 2531

$`MR-PRESSO results`$`Distortion Test`$`Distortion Coefficient`
beta.exposure 
     20.13333 

$`MR-PRESSO results`$`Distortion Test`$Pvalue
[1] 0.54301



