$`Main MR results`
       Exposure       MR Analysis Causal Estimate          Sd    T-stat
1 beta.exposure               Raw     -0.02260058 0.004449288 -5.079594
2 beta.exposure Outlier-corrected     -0.02400229 0.004384081 -5.474873
       P-value
1 3.992391e-07
2 4.706181e-08

$`MR-PRESSO results`
$`MR-PRESSO results`$`Global Test`
$`MR-PRESSO results`$`Global Test`$RSSobs
[1] 5080.03

$`MR-PRESSO results`$`Global Test`$Pvalue
[1] "<1e-05"


$`MR-PRESSO results`$`Outlier Test`
           RSSobs Pvalue
1    3.340106e-07      1
2    9.538614e-07      1
3    3.118441e-06      1
4    9.259856e-07      1
5    5.147591e-07      1
6    1.687217e-05      1
7    3.592068e-06      1
8    3.108836e-07      1
9    9.079364e-06      1
10   3.299936e-05      1
11   4.871459e-05      1
12   1.404815e-05      1
13   1.796942e-06      1
14   1.651526e-06      1
15   3.631582e-07      1
16   1.793802e-05      1
17   2.606101e-06      1
18   9.482946e-06      1
19   1.486044e-05      1
20   4.246488e-06      1
21   4.163016e-05      1
22   3.863671e-07      1
23   4.938394e-06      1
24   4.097551e-07      1
25   1.207994e-05      1
26   2.074911e-05      1
27   5.241386e-06      1
28   8.163487e-06      1
29   1.347840e-05      1
30   1.422112e-06      1
31   2.694684e-06      1
32   2.142448e-05      1
33   2.570852e-05      1
34   2.352453e-05      1
35   1.079255e-07      1
36   1.565448e-05      1
37   7.089349e-06      1
38   8.359932e-06      1
39   7.131273e-07      1
40   1.859663e-07      1
41   1.261495e-06      1
42   3.893368e-06      1
43   2.289567e-05      1
44   3.150436e-05      1
45   4.315432e-07      1
46   7.997970e-08      1
47   5.073826e-06      1
48   1.384898e-05      1
49   1.398787e-05      1
50   8.740420e-07      1
51   9.390691e-08      1
52   3.223720e-05      1
53   5.085544e-05      1
54   1.972569e-07      1
55   1.489206e-07      1
56   8.161135e-07      1
57   1.073803e-06      1
58   2.207918e-06      1
59   4.721785e-05      1
60   1.841403e-06      1
61   1.312781e-05      1
62   3.324441e-05      1
63   6.867806e-07      1
64   6.935900e-06      1
65   1.629762e-05      1
66   6.180989e-06      1
67   1.912517e-05      1
68   2.194832e-05      1
69   4.270171e-07      1
70   7.191932e-06      1
71   8.710413e-06      1
72   6.428970e-06      1
73   4.040067e-09      1
74   1.014886e-05      1
75   8.849302e-06      1
76   3.440128e-08      1
77   1.209582e-05      1
78   2.255476e-05      1
79   1.916073e-05      1
80   9.978269e-06      1
81   2.772726e-06      1
82   1.941589e-07      1
83   2.187828e-06      1
84   2.472766e-07      1
85   2.808253e-05      1
86   7.630827e-06      1
87   4.741504e-06      1
88   3.053768e-05      1
89   1.289873e-05      1
90   2.534663e-06      1
91   3.174543e-05      1
92   1.850559e-05      1
93   1.845092e-05      1
94   2.041146e-05      1
95   9.244075e-07      1
96   3.335084e-06      1
97   3.710550e-05      1
98   3.865229e-06      1
99   4.430887e-05      1
100  4.793742e-06      1
101  1.967402e-06      1
102  6.615381e-06      1
103  3.944837e-05      1
104  3.990740e-06      1
105  2.326741e-05      1
106  3.354518e-06      1
107  6.953158e-06      1
108  8.206177e-06      1
109  1.160135e-05      1
110  4.083470e-07      1
111  1.142612e-06      1
112  1.438894e-08      1
113  6.748757e-06      1
114  2.560411e-06      1
115  1.051236e-05      1
116  3.784375e-05      1
117  4.548297e-05      1
118  4.667226e-06      1
119  2.298669e-05      1
120  6.252849e-07      1
121  1.373050e-06      1
122  3.181167e-05      1
123  3.280426e-05      1
124  2.064716e-06      1
125  4.528126e-06      1
126  1.040054e-05      1
127  2.313022e-04 <0.033
128  9.693796e-06      1
129  1.157278e-06      1
130  1.170674e-06      1
131  4.199498e-07      1
132  3.931713e-07      1
133  8.613901e-07      1
134  5.812364e-05      1
135  1.123401e-05      1
136  7.652680e-05      1
137  7.161929e-06      1
138  8.153907e-08      1
139  1.513928e-06      1
140  7.943385e-06      1
141  2.221114e-06      1
142  5.106043e-06      1
143  5.194706e-06      1
144  2.803151e-05      1
145  1.267109e-06      1
146  2.285893e-05      1
147  2.118202e-05      1
148  8.377778e-07      1
149  6.500453e-06      1
150  2.532134e-06      1
151  5.611777e-05      1
152  6.902252e-08      1
153  6.608974e-07      1
154  2.207592e-05      1
155  6.693198e-06      1
156  9.249891e-06      1
157  9.749755e-06      1
158  8.312404e-05      1
159  1.565721e-04  0.099
160  2.067867e-05      1
161  1.167411e-05      1
162  2.961863e-05      1
163  1.454450e-05      1
164  7.258442e-05      1
165  1.154189e-08      1
166  1.296541e-05      1
167  4.521657e-05      1
168  1.638596e-09      1
169  4.839973e-06      1
170  7.686196e-05      1
171  2.310796e-05      1
172  3.595787e-05      1
173  2.889639e-06      1
174  1.096985e-05      1
175  6.308394e-06      1
176  2.268904e-07      1
177  4.092594e-06      1
178  3.367353e-05      1
179  1.776543e-05      1
180  4.254388e-05      1
181  3.826757e-06      1
182  1.712584e-05      1
183  6.612105e-06      1
184  2.817100e-05      1
185  5.912094e-06      1
186  1.237438e-05      1
187  6.588818e-06      1
188  2.508840e-05      1
189  1.268735e-06      1
190  9.003789e-06      1
191  6.344223e-05      1
192  6.122679e-09      1
193  5.390487e-06      1
194  2.084271e-07      1
195  4.647298e-06      1
196  4.250203e-06      1
197  2.156398e-05      1
198  6.375154e-06      1
199  6.977376e-07      1
200  1.958637e-05      1
201  2.840252e-06      1
202  1.274854e-05      1
203  2.249539e-06      1
204  6.989798e-06      1
205  1.300559e-07      1
206  6.127098e-06      1
207  1.399184e-06      1
208  1.207327e-04  0.825
209  2.895340e-06      1
210  7.843925e-06      1
211  1.653799e-06      1
212  1.227781e-06      1
213  8.655642e-06      1
214  9.107283e-06      1
215  8.778872e-06      1
216  3.123329e-07      1
217  2.377203e-05      1
218  7.652302e-08      1
219  4.015491e-06      1
220  4.959085e-05      1
221  3.973705e-06      1
222  4.007053e-06      1
223  5.161938e-07      1
224  4.506732e-05      1
225  1.587733e-06      1
226  1.135548e-07      1
227  2.541238e-05      1
228  8.582352e-05      1
229  6.211783e-06      1
230  3.167781e-06      1
231  1.235534e-05      1
232  1.165293e-05      1
233  7.357695e-07      1
234  2.159470e-05      1
235  1.550187e-05      1
236  2.889316e-05      1
237  4.957514e-05      1
238  1.011533e-05      1
239  1.556325e-05      1
240  1.737671e-06      1
241  4.296899e-07      1
242  9.787432e-07      1
243  4.119390e-05      1
244  1.116382e-05      1
245  2.167548e-06      1
246  6.711495e-05      1
247  4.053458e-05      1
248  1.366290e-06      1
249  3.357999e-05      1
250  1.129296e-05      1
251  6.714278e-06      1
252  1.124821e-07      1
253  7.020332e-06      1
254  1.951729e-06      1
255  6.893655e-07      1
256  5.616366e-07      1
257  1.202659e-05      1
258  1.493300e-07      1
259  6.889306e-06      1
260  2.094894e-05      1
261  1.445071e-08      1
262  3.863294e-06      1
263  1.703796e-06      1
264  1.360893e-05      1
265  1.455651e-05      1
266  2.055039e-07      1
267  2.406575e-06      1
268  5.867229e-10      1
269  4.017889e-08      1
270  6.867828e-07      1
271  8.714384e-06      1
272  1.834956e-05      1
273  1.499082e-05      1
274  9.256780e-06      1
275  2.132810e-06      1
276  1.753596e-06      1
277  6.598125e-06      1
278  1.132077e-06      1
279  7.760657e-06      1
280  2.489396e-05      1
281  1.493907e-05      1
282  8.914389e-06      1
283  8.747207e-06      1
284  3.770069e-06      1
285  6.275762e-05      1
286  2.550120e-06      1
287  7.094815e-06      1
288  1.375688e-05      1
289  3.311421e-07      1
290  2.180314e-06      1
291  2.235929e-06      1
292  3.876699e-05      1
293  1.714784e-05      1
294  7.946105e-06      1
295  9.591980e-08      1
296  6.119862e-06      1
297  3.359042e-06      1
298  1.042260e-06      1
299  1.271255e-06      1
300  1.578367e-05      1
301  6.734895e-06      1
302  1.170677e-06      1
303  2.077770e-05      1
304  1.271349e-06      1
305  4.406750e-06      1
306  5.668221e-06      1
307  5.396750e-06      1
308  6.431563e-06      1
309  3.011890e-06      1
310  1.470200e-05      1
311  3.217370e-06      1
312  1.191454e-05      1
313  1.472742e-07      1
314  2.496786e-06      1
315  7.224260e-07      1
316  1.245602e-04  0.792
317  5.265990e-05      1
318  2.774383e-07      1
319  5.039893e-07      1
320  6.265712e-06      1
321  1.197251e-07      1
322  3.160118e-06      1
323  4.989352e-05      1
324  7.669895e-06      1
325  2.724379e-06      1
326  1.114621e-06      1
327  5.426072e-06      1
328  9.972425e-06      1
329  3.032793e-05      1
330  1.185417e-05      1
331  9.612281e-07      1
332  3.054796e-05      1
333  6.700660e-05      1
334  1.209939e-06      1
335  6.564529e-06      1
336  2.762185e-05      1
337  2.011868e-05      1
338  4.958563e-06      1
339  6.651485e-07      1
340  1.760290e-05      1
341  4.463997e-08      1
342  2.015925e-06      1
343  7.962936e-06      1
344  4.202419e-06      1
345  1.618793e-05      1
346  1.351566e-07      1
347  1.030014e-05      1
348  3.106951e-05      1
349  5.580037e-06      1
350  8.764771e-08      1
351  3.486688e-05      1
352  2.672885e-06      1
353  3.578759e-05      1
354  8.569410e-08      1
355  1.338858e-07      1
356  2.247758e-06      1
357  5.353878e-06      1
358  5.064299e-06      1
359  1.550668e-05      1
360  1.170777e-07      1
361  2.936336e-06      1
362  4.744680e-06      1
363  3.898666e-05      1
364  4.302203e-06      1
365  1.597481e-06      1
366  2.989345e-06      1
367  7.787879e-06      1
368  1.918370e-05      1
369  1.192999e-05      1
370  3.812862e-07      1
371  7.982133e-08      1
372  5.069182e-05      1
373  4.931620e-05      1
374  5.622020e-06      1
375  2.173822e-05      1
376  3.775914e-06      1
377  1.176872e-05      1
378  3.820565e-05      1
379  3.240303e-06      1
380  3.141065e-05      1
381  1.591208e-06      1
382  4.047869e-05      1
383  5.737560e-06      1
384  5.858212e-11      1
385  3.573535e-05      1
386  1.744414e-08      1
387  9.203068e-06      1
388  4.949059e-06      1
389  4.815591e-05      1
390  3.822476e-06      1
391  9.263852e-06      1
392  1.693142e-05      1
393  6.650491e-08      1
394  6.225318e-06      1
395  1.525875e-05      1
396  1.388503e-05      1
397  5.383297e-06      1
398  4.701700e-07      1
399  2.453139e-06      1
400  2.656821e-06      1
401  7.603447e-05      1
402  6.472085e-05      1
403  4.921183e-08      1
404  2.650986e-05      1
405  5.177373e-05      1
406  1.499127e-05      1
407  1.723346e-05      1
408  3.637645e-05      1
409  2.469506e-05      1
410  7.618307e-06      1
411  1.702961e-05      1
412  3.024393e-05      1
413  3.414025e-05      1
414  6.559590e-06      1
415  1.180578e-05      1
416  1.040649e-06      1
417  1.580771e-05      1
418  1.056553e-06      1
419  4.784399e-06      1
420  1.798548e-05      1
421  1.880100e-05      1
422  2.711024e-05      1
423  1.565068e-06      1
424  9.586356e-06      1
425  9.476233e-06      1
426  1.862563e-05      1
427  1.465077e-06      1
428  3.951453e-05      1
429  3.103102e-07      1
430  4.163509e-05      1
431  7.805315e-06      1
432  6.037516e-06      1
433  4.126731e-07      1
434  4.313666e-06      1
435  6.818943e-06      1
436  1.364879e-05      1
437  7.709699e-05      1
438  7.652564e-06      1
439  6.736516e-06      1
440  4.259927e-07      1
441  1.714767e-06      1
442  9.680999e-07      1
443  1.215741e-05      1
444  1.417147e-06      1
445  4.019678e-05      1
446  1.181275e-05      1
447  6.654315e-06      1
448  3.782417e-06      1
449  9.523523e-06      1
450  2.868881e-05      1
451  3.362850e-05      1
452  3.963443e-06      1
453  5.453409e-07      1
454  3.572784e-05      1
455  5.097803e-07      1
456  2.192333e-05      1
457  6.407549e-06      1
458  1.282718e-05      1
459  1.726526e-04  0.099
460  1.414707e-06      1
461  2.738977e-07      1
462  9.471975e-06      1
463  5.484487e-09      1
464  9.057968e-06      1
465  1.151554e-06      1
466  1.114383e-05      1
467  5.716112e-06      1
468  2.712756e-05      1
469  2.041555e-07      1
470  7.354404e-06      1
471  1.414348e-05      1
472  1.971863e-05      1
473  1.107169e-04      1
474  7.592996e-07      1
475  1.466382e-05      1
476  2.302942e-06      1
477  1.254477e-05      1
478  3.506701e-06      1
479  1.336992e-06      1
480  1.182183e-06      1
481  3.699487e-06      1
482  4.531646e-05      1
483  2.718552e-06      1
484  3.530689e-05      1
485  2.610106e-05      1
486  1.248565e-06      1
487  1.060961e-06      1
488  1.297156e-06      1
489  1.038650e-06      1
490  5.577836e-07      1
491  2.671557e-06      1
492  3.121036e-06      1
493  4.420300e-05      1
494  3.574477e-05      1
495  1.301623e-05      1
496  2.512031e-05      1
497  4.159447e-06      1
498  6.072732e-06      1
499  3.082596e-09      1
500  2.834972e-06      1
501  1.196497e-09      1
502  3.799649e-05      1
503  9.942685e-06      1
504  2.107795e-05      1
505  4.139520e-06      1
506  7.654298e-06      1
507  1.721379e-08      1
508  2.003799e-05      1
509  2.053690e-06      1
510  8.125522e-06      1
511  2.471342e-06      1
512  5.170304e-05      1
513  2.144072e-05      1
514  1.896689e-05      1
515  1.329006e-06      1
516  8.239208e-07      1
517  1.307751e-06      1
518  6.125708e-07      1
519  1.753933e-05      1
520  8.632491e-08      1
521  3.021562e-06      1
522  2.093066e-08      1
523  8.424545e-07      1
524  3.862022e-07      1
525  3.108985e-05      1
526  1.763706e-05      1
527  8.036772e-05      1
528  9.675571e-07      1
529  9.366132e-05      1
530  9.213113e-07      1
531  3.050277e-07      1
532  4.562976e-07      1
533  7.569941e-06      1
534  4.020618e-07      1
535  5.243203e-05      1
536  3.093336e-06      1
537  2.082436e-06      1
538  3.576687e-05      1
539  3.010800e-06      1
540  2.598822e-05      1
541  1.772404e-06      1
542  5.476887e-07      1
543  3.036675e-05      1
544  2.103755e-05      1
545  5.295495e-06      1
546  1.602548e-05      1
547  2.994647e-06      1
548  1.771795e-05      1
549  4.277892e-05      1
550  6.580503e-07      1
551  2.807002e-07      1
552  7.421033e-08      1
553  2.882756e-05      1
554  3.749538e-06      1
555  4.356834e-07      1
556  5.622045e-06      1
557  9.720127e-06      1
558  1.260139e-05      1
559  1.463954e-06      1
560  5.359238e-07      1
561  1.774169e-05      1
562  3.772517e-05      1
563  1.552298e-05      1
564  1.501636e-06      1
565  3.199131e-07      1
566  2.630277e-06      1
567  7.321532e-07      1
568  4.375321e-10      1
569  3.880242e-05      1
570  1.193707e-05      1
571  1.092379e-06      1
572  1.458640e-06      1
573  1.012086e-06      1
574  2.794421e-07      1
575  1.928744e-05      1
576  1.994878e-05      1
577  8.464157e-07      1
578  6.309288e-06      1
579  2.713876e-05      1
580  9.932086e-08      1
581  1.471648e-06      1
582  1.018284e-07      1
583  6.456005e-05      1
584  4.948090e-07      1
585  2.656635e-07      1
586  2.359506e-05      1
587  3.160775e-05      1
588  1.994321e-07      1
589  5.172993e-05      1
590  1.392039e-07      1
591  1.735695e-06      1
592  4.652654e-05      1
593  3.635404e-05      1
594  3.343445e-05      1
595  9.309480e-07      1
596  4.005992e-05      1
597  5.226902e-06      1
598  1.052135e-06      1
599  3.819945e-05      1
600  1.043446e-05      1
601  1.441867e-05      1
602  5.637369e-06      1
603  3.727644e-07      1
604  5.905000e-05      1
605  2.355152e-12      1
606  7.431231e-07      1
607  2.294852e-05      1
608  1.025489e-07      1
609  1.352609e-05      1
610  3.377961e-06      1
611  1.778640e-07      1
612  1.845661e-06      1
613  5.545607e-08      1
614  2.803024e-06      1
615  3.160486e-06      1
616  7.609502e-06      1
617  8.994569e-06      1
618  1.978401e-06      1
619  5.796766e-05      1
620  1.064502e-08      1
621  5.569367e-07      1
622  3.501423e-07      1
623  2.485285e-05      1
624  6.044148e-06      1
625  4.246722e-07      1
626  8.096773e-07      1
627  1.174762e-04  0.957
628  1.973477e-05      1
629  5.651704e-05      1
630  1.820249e-07      1
631  7.064123e-08      1
632  3.731587e-05      1
633  4.274200e-06      1
634  3.832087e-06      1
635  2.115978e-07      1
636  7.552371e-09      1
637  6.593003e-07      1
638  2.128027e-06      1
639  1.738982e-08      1
640  1.929489e-05      1
641  3.841508e-06      1
642  3.326960e-05      1
643  1.627018e-08      1
644  8.420558e-07      1
645  1.255900e-06      1
646  2.340497e-07      1
647  6.270453e-05      1
648  3.941676e-06      1
649  1.573054e-06      1
650  1.443969e-05      1
651  9.535176e-07      1
652  3.111027e-05      1
653  1.065174e-05      1
654  8.124367e-06      1
655  7.937815e-06      1
656  8.296684e-07      1
657  1.753203e-05      1
658  7.831926e-05      1
659  1.175704e-06      1
660  2.459860e-07      1
661  4.410382e-05      1
662  4.528100e-05      1
663  3.511607e-06      1
664  1.909617e-06      1
665  1.035232e-05      1
666  3.676006e-06      1
667  2.601060e-05      1
668  7.076887e-05      1
669  9.368249e-05      1
670  4.910531e-05      1
671  2.279711e-05      1
672  1.797045e-05      1
673  7.667871e-06      1
674  8.618528e-08      1
675  6.412178e-08      1
676  9.346959e-06      1
677  3.740272e-05      1
678  4.929393e-07      1
679  2.152252e-05      1
680  1.096665e-05      1
681  3.427746e-06      1
682  1.617166e-06      1
683  1.590454e-06      1
684  1.425844e-05      1
685  3.088077e-05      1
686  7.513636e-06      1
687  6.508152e-05      1
688  5.909783e-07      1
689  1.052902e-06      1
690  1.767774e-05      1
691  2.109557e-04 <0.033
692  6.010246e-11      1
693  1.295351e-06      1
694  3.993269e-06      1
695  5.578916e-09      1
696  1.323496e-06      1
697  4.629600e-06      1
698  1.884062e-06      1
699  1.036133e-05      1
700  2.786285e-05      1
701  2.030300e-05      1
702  2.347570e-06      1
703  3.533654e-06      1
704  2.739688e-06      1
705  7.895238e-06      1
706  2.200849e-05      1
707  3.279081e-06      1
708  2.539993e-07      1
709  4.351511e-05      1
710  4.407337e-07      1
711  1.295446e-05      1
712  5.491492e-06      1
713  2.658413e-06      1
714  1.094293e-06      1
715  6.365813e-06      1
716  5.173960e-07      1
717  8.795143e-06      1
718  3.106854e-06      1
719  7.912605e-06      1
720  2.626764e-06      1
721  6.338780e-08      1
722  1.597176e-06      1
723  1.938315e-05      1
724  5.435229e-05      1
725  7.594114e-07      1
726  2.496911e-07      1
727  9.800475e-06      1
728  6.345785e-06      1
729  7.301053e-05      1
730  8.197857e-04 <0.033
731  1.627178e-05      1
732  8.279032e-06      1
733  9.882807e-09      1
734  4.488396e-08      1
735  2.175995e-06      1
736  1.288471e-06      1
737  5.496817e-06      1
738  6.821075e-06      1
739  5.922079e-09      1
740  1.145875e-08      1
741  2.832918e-05      1
742  1.092056e-04      1
743  1.798168e-06      1
744  8.219083e-06      1
745  3.259545e-07      1
746  8.268410e-07      1
747  3.637809e-06      1
748  5.749597e-06      1
749  4.556003e-07      1
750  1.651032e-06      1
751  1.960569e-05      1
752  4.165755e-06      1
753  1.979018e-05      1
754  1.621517e-05      1
755  3.368180e-05      1
756  5.598022e-06      1
757  3.193511e-06      1
758  3.464520e-07      1
759  5.662119e-05      1
760  3.808091e-05      1
761  1.730002e-06      1
762  8.475204e-06      1
763  2.501330e-06      1
764  1.594571e-05      1
765  8.289610e-07      1
766  1.218047e-05      1
767  4.683425e-06      1
768  1.187143e-05      1
769  2.211402e-05      1
770  6.203662e-06      1
771  1.937426e-05      1
772  8.082390e-06      1
773  4.186590e-05      1
774  5.187844e-07      1
775  3.288447e-06      1
776  4.477538e-07      1
777  5.494711e-06      1
778  1.593784e-05      1
779  2.879560e-06      1
780  2.180169e-06      1
781  4.813867e-06      1
782  2.586162e-05      1
783  5.385990e-05      1
784  2.750495e-06      1
785  1.263129e-04  0.396
786  8.415616e-06      1
787  4.032258e-07      1
788  6.803967e-06      1
789  4.587820e-06      1
790  3.450276e-05      1
791  2.465870e-06      1
792  1.870336e-05      1
793  7.912228e-08      1
794  2.748168e-05      1
795  1.155595e-08      1
796  5.369685e-06      1
797  8.182317e-09      1
798  4.698151e-06      1
799  9.205405e-06      1
800  6.238577e-05      1
801  4.698939e-06      1
802  2.874160e-06      1
803  5.912178e-06      1
804  1.347838e-05      1
805  1.143890e-06      1
806  1.526788e-08      1
807  1.525910e-05      1
808  6.553760e-06      1
809  2.912306e-07      1
810  1.797250e-05      1
811  2.722134e-05      1
812  1.935024e-07      1
813  2.119142e-07      1
814  4.561318e-05      1
815  3.552492e-05      1
816  3.430178e-05      1
817  6.223492e-06      1
818  1.863839e-05      1
819  2.538781e-05      1
820  4.269585e-05      1
821  9.258047e-05      1
822  4.409338e-07      1
823  2.293581e-07      1
824  1.458132e-05      1
825  8.232808e-07      1
826  7.451779e-06      1
827  1.271923e-04   0.33
828  2.715404e-05      1
829  6.651341e-06      1
830  8.729291e-05      1
831  9.114503e-06      1
832  9.049393e-07      1
833  6.126769e-06      1
834  4.177103e-05      1
835  1.231693e-06      1
836  3.274521e-06      1
837  1.934395e-07      1
838  1.301063e-05      1
839  3.739112e-06      1
840  2.673517e-06      1
841  2.096808e-05      1
842  3.962558e-06      1
843  2.338566e-06      1
844  1.642144e-05      1
845  8.234139e-08      1
846  3.305422e-05      1
847  1.313469e-05      1
848  6.662288e-05      1
849  5.796572e-05      1
850  6.021631e-06      1
851  1.374472e-05      1
852  1.029599e-05      1
853  3.413406e-06      1
854  5.622301e-06      1
855  5.061332e-05      1
856  6.861860e-06      1
857  1.083866e-05      1
858  1.962976e-06      1
859  8.026654e-06      1
860  1.268758e-04  0.561
861  6.729245e-06      1
862  7.493828e-06      1
863  1.083362e-05      1
864  6.417911e-06      1
865  4.316380e-07      1
866  2.085478e-06      1
867  1.514717e-06      1
868  4.513177e-05      1
869  1.130185e-05      1
870  3.786231e-06      1
871  3.146735e-07      1
872  9.560804e-06      1
873  1.012431e-05      1
874  5.087354e-06      1
875  3.037166e-06      1
876  1.910568e-05      1
877  6.554150e-06      1
878  2.017625e-08      1
879  7.831237e-06      1
880  8.396777e-07      1
881  2.516859e-06      1
882  4.170655e-05      1
883  2.918408e-05      1
884  1.930167e-05      1
885  2.361915e-06      1
886  5.886535e-05      1
887  9.628319e-07      1
888  7.079614e-07      1
889  6.962977e-06      1
890  1.099116e-07      1
891  1.050561e-06      1
892  2.615242e-05      1
893  6.872783e-06      1
894  2.508087e-05      1
895  5.524778e-08      1
896  1.165535e-05      1
897  1.969327e-06      1
898  9.555686e-06      1
899  1.244214e-06      1
900  1.270653e-06      1
901  4.781958e-07      1
902  9.964945e-05      1
903  2.356904e-06      1
904  4.970819e-06      1
905  1.097114e-05      1
906  3.339537e-07      1
907  5.914073e-06      1
908  6.051185e-05      1
909  1.441508e-05      1
910  1.296079e-04   0.66
911  1.135504e-05      1
912  4.692421e-08      1
913  2.455992e-08      1
914  1.629931e-07      1
915  3.718780e-06      1
916  1.410620e-06      1
917  3.632110e-06      1
918  5.774990e-08      1
919  4.779061e-06      1
920  6.358765e-08      1
921  1.167498e-04  0.693
922  1.993312e-06      1
923  6.401761e-06      1
924  3.678400e-05      1
925  3.087798e-05      1
926  4.411812e-06      1
927  2.699989e-05      1
928  3.516374e-06      1
929  8.868862e-06      1
930  9.227892e-08      1
931  2.744103e-05      1
932  1.030859e-07      1
933  3.415644e-05      1
934  3.648586e-05      1
935  3.224521e-06      1
936  3.246840e-05      1
937  3.382814e-08      1
938  1.044621e-05      1
939  3.352324e-06      1
940  1.627054e-05      1
941  1.186025e-07      1
942  2.592143e-06      1
943  5.326039e-05      1
944  9.743320e-06      1
945  1.388531e-07      1
946  5.117750e-06      1
947  3.024144e-05      1
948  1.431370e-06      1
949  2.108287e-05      1
950  3.542850e-05      1
951  5.477588e-06      1
952  5.188697e-06      1
953  2.282650e-06      1
954  2.615739e-06      1
955  1.067446e-05      1
956  7.536826e-07      1
957  1.477137e-06      1
958  7.831389e-08      1
959  3.532067e-05      1
960  2.342652e-06      1
961  4.351182e-05      1
962  6.320357e-05      1
963  1.086887e-05      1
964  7.829864e-07      1
965  6.068373e-06      1
966  1.539994e-05      1
967  2.367754e-06      1
968  1.121408e-05      1
969  1.392276e-05      1
970  4.537569e-05      1
971  7.046029e-06      1
972  1.598243e-05      1
973  1.705005e-06      1
974  2.454016e-06      1
975  4.642814e-08      1
976  3.058121e-06      1
977  9.960005e-06      1
978  2.071095e-05      1
979  3.163161e-09      1
980  1.443937e-05      1
981  4.998498e-05      1
982  4.049909e-05      1
983  2.530350e-05      1
984  7.942789e-06      1
985  1.158167e-05      1
986  4.935427e-06      1
987  1.696869e-07      1
988  1.182617e-05      1
989  4.732594e-07      1
990  6.426051e-07      1
991  1.000189e-05      1
992  4.078997e-05      1
993  7.125463e-06      1
994  2.629221e-07      1
995  9.402969e-06      1
996  1.947411e-06      1
997  1.388707e-05      1
998  1.233550e-06      1
999  5.089244e-06      1
1000 3.689774e-06      1
1001 8.342727e-08      1
1002 1.138787e-06      1
1003 1.008502e-05      1
1004 1.346312e-07      1
1005 1.132882e-05      1
1006 2.389419e-06      1
1007 3.037867e-05      1
1008 3.345997e-06      1
1009 1.079351e-09      1
1010 7.895842e-07      1
1011 2.026398e-05      1
1012 1.796752e-05      1
1013 2.286018e-06      1
1014 7.170216e-06      1
1015 9.682673e-06      1
1016 9.378101e-08      1
1017 8.985126e-05      1
1018 4.209816e-06      1
1019 2.718778e-05      1
1020 8.142829e-06      1
1021 4.238394e-07      1
1022 8.587241e-07      1
1023 2.371117e-06      1
1024 3.466824e-06      1
1025 2.475311e-05      1
1026 3.279715e-06      1
1027 1.206120e-05      1
1028 5.122490e-05      1
1029 6.890942e-06      1
1030 1.148128e-05      1
1031 2.814925e-05      1
1032 2.587870e-08      1
1033 1.783296e-06      1
1034 5.483575e-07      1
1035 3.946050e-05      1
1036 3.530627e-07      1
1037 1.893877e-06      1
1038 2.792399e-06      1
1039 1.810686e-06      1
1040 3.716972e-06      1
1041 4.019049e-06      1
1042 2.851313e-06      1
1043 1.624596e-06      1
1044 3.819506e-06      1
1045 3.133045e-06      1
1046 2.171523e-07      1
1047 1.794703e-05      1
1048 5.995443e-06      1
1049 2.502699e-05      1
1050 6.775148e-06      1
1051 1.256118e-06      1
1052 1.299115e-04  0.528
1053 1.088087e-05      1
1054 5.338908e-06      1
1055 9.087265e-12      1
1056 3.029517e-06      1
1057 3.094111e-06      1
1058 3.908874e-06      1
1059 6.143627e-08      1
1060 5.483268e-08      1
1061 9.383813e-06      1
1062 1.433017e-05      1
1063 1.458480e-05      1
1064 1.372101e-05      1
1065 9.102765e-08      1
1066 5.868641e-07      1
1067 8.933847e-06      1
1068 9.722364e-06      1
1069 6.890320e-07      1
1070 5.663645e-07      1
1071 9.132810e-06      1
1072 7.420854e-06      1
1073 2.115263e-07      1
1074 1.297909e-06      1
1075 2.753823e-05      1
1076 6.910127e-06      1
1077 1.563583e-05      1
1078 9.653059e-06      1
1079 4.334506e-06      1
1080 1.995323e-06      1
1081 7.344993e-07      1
1082 1.393941e-06      1
1083 2.794751e-06      1
1084 1.036550e-06      1
1085 3.442759e-05      1
1086 1.050269e-05      1
1087 3.587093e-05      1
1088 2.855353e-06      1
1089 1.949484e-05      1
1090 6.871760e-07      1
1091 9.163804e-06      1
1092 3.305599e-06      1
1093 2.915873e-06      1
1094 4.779446e-06      1
1095 1.819891e-06      1
1096 7.546666e-05      1
1097 3.591647e-05      1
1098 9.349173e-08      1
1099 1.559797e-06      1
1100 1.036498e-05      1
1101 8.467680e-06      1
1102 2.200102e-05      1
1103 3.758900e-06      1
1104 2.960300e-06      1
1105 5.089709e-06      1
1106 5.542413e-07      1
1107 2.325830e-05      1
1108 1.868833e-05      1
1109 1.097682e-06      1
1110 1.073065e-05      1
1111 1.796259e-07      1
1112 7.269161e-09      1
1113 6.706206e-08      1
1114 2.483469e-06      1
1115 7.116176e-06      1
1116 1.662397e-05      1
1117 4.495529e-05      1
1118 2.409586e-05      1
1119 9.964642e-07      1
1120 3.623611e-05      1
1121 6.229207e-06      1
1122 1.315401e-05      1
1123 4.146028e-09      1
1124 7.153503e-05      1
1125 3.069980e-05      1
1126 5.100061e-07      1
1127 9.212829e-07      1
1128 3.054757e-06      1
1129 9.118036e-06      1
1130 3.328140e-06      1
1131 1.060321e-05      1
1132 2.994207e-05      1
1133 2.767518e-08      1
1134 2.910847e-06      1
1135 6.241831e-05      1
1136 3.515128e-06      1
1137 3.798750e-07      1
1138 2.970195e-05      1
1139 2.083082e-05      1
1140 7.163606e-06      1
1141 4.595083e-08      1
1142 6.798524e-11      1
1143 2.008887e-05      1
1144 4.204393e-06      1
1145 1.628485e-05      1
1146 5.854088e-07      1
1147 1.943034e-08      1
1148 1.176192e-05      1
1149 1.043025e-09      1
1150 6.140770e-07      1
1151 3.626266e-06      1
1152 3.199002e-06      1
1153 1.454318e-05      1
1154 7.929634e-10      1
1155 5.357804e-07      1
1156 6.793313e-05      1
1157 3.516599e-05      1
1158 1.613516e-05      1
1159 1.168565e-07      1
1160 4.204338e-07      1
1161 3.694508e-06      1
1162 1.223029e-05      1
1163 4.374135e-07      1
1164 3.656159e-09      1
1165 1.355025e-05      1
1166 1.365817e-07      1
1167 2.148654e-08      1
1168 7.301692e-06      1
1169 2.569323e-06      1
1170 3.437436e-06      1
1171 1.065454e-05      1
1172 5.903720e-06      1
1173 3.631600e-06      1
1174 1.188507e-05      1
1175 2.559110e-06      1
1176 5.291602e-08      1
1177 2.681926e-06      1
1178 9.654633e-05      1
1179 2.128542e-06      1
1180 3.869002e-05      1
1181 1.141351e-05      1
1182 3.018681e-05      1
1183 3.684177e-05      1
1184 2.485945e-06      1
1185 1.130155e-05      1
1186 1.244419e-06      1
1187 1.047336e-05      1
1188 1.112885e-07      1
1189 1.364442e-05      1
1190 8.290055e-07      1
1191 4.309536e-05      1
1192 4.325500e-05      1
1193 4.999629e-06      1
1194 1.173820e-05      1
1195 1.663140e-07      1
1196 1.389670e-06      1
1197 2.481388e-05      1
1198 6.637350e-06      1
1199 5.374097e-08      1
1200 9.550812e-06      1
1201 2.046556e-05      1
1202 1.726487e-05      1
1203 1.178933e-05      1
1204 5.253778e-06      1
1205 4.855262e-06      1
1206 3.921111e-05      1
1207 6.177961e-06      1
1208 6.480323e-07      1
1209 2.458071e-05      1
1210 2.116711e-07      1
1211 1.004578e-06      1
1212 7.711019e-06      1
1213 3.428993e-05      1
1214 2.268674e-05      1
1215 8.410519e-06      1
1216 2.653478e-05      1
1217 6.437566e-05      1
1218 5.927222e-06      1
1219 3.474991e-05      1
1220 7.820185e-06      1
1221 2.043368e-05      1
1222 8.745063e-06      1
1223 1.576262e-05      1
1224 1.599072e-05      1
1225 2.572677e-05      1
1226 4.265448e-05      1
1227 2.370315e-05      1
1228 1.545506e-05      1
1229 1.486834e-05      1
1230 1.790011e-05      1
1231 9.315760e-06      1
1232 6.126472e-06      1
1233 1.840795e-06      1
1234 2.842482e-05      1
1235 6.833687e-06      1
1236 8.449537e-07      1
1237 8.167819e-06      1
1238 1.055540e-05      1
1239 3.480733e-08      1
1240 1.468300e-07      1
1241 1.426987e-05      1
1242 5.971919e-06      1
1243 5.888452e-05      1
1244 3.240184e-06      1
1245 5.945681e-05      1
1246 1.741378e-05      1
1247 1.050481e-05      1
1248 1.490510e-07      1
1249 8.435636e-06      1
1250 1.561008e-07      1
1251 1.964833e-05      1
1252 6.672705e-06      1
1253 9.100137e-06      1
1254 5.768908e-05      1
1255 1.834396e-05      1
1256 1.543047e-06      1
1257 3.126374e-07      1
1258 7.786513e-09      1
1259 1.512990e-05      1
1260 3.104752e-05      1
1261 4.282196e-06      1
1262 2.644696e-05      1
1263 3.480162e-06      1
1264 3.216314e-07      1
1265 8.959299e-07      1
1266 3.437106e-05      1
1267 1.433148e-05      1
1268 1.522344e-05      1
1269 2.653632e-06      1
1270 3.155983e-07      1
1271 1.736919e-05      1
1272 4.278311e-06      1
1273 9.603797e-06      1
1274 2.738068e-05      1
1275 4.788847e-08      1
1276 5.755781e-06      1
1277 6.213303e-05      1
1278 1.103757e-05      1
1279 5.541555e-06      1
1280 9.610854e-06      1
1281 2.985308e-05      1
1282 2.107326e-07      1
1283 1.970620e-06      1
1284 5.759301e-06      1
1285 6.606557e-07      1
1286 3.799097e-05      1
1287 3.642531e-06      1
1288 1.621891e-05      1
1289 5.050912e-06      1
1290 3.007696e-05      1
1291 1.315561e-05      1
1292 1.332061e-07      1
1293 3.822894e-05      1
1294 4.018571e-06      1
1295 4.482826e-06      1
1296 4.815459e-06      1
1297 8.216737e-07      1
1298 1.911805e-06      1
1299 5.711074e-07      1
1300 1.801164e-09      1
1301 7.016440e-06      1
1302 5.873853e-05      1
1303 2.139776e-05      1
1304 8.864378e-07      1
1305 4.640847e-06      1
1306 4.066703e-07      1
1307 1.026213e-04      1
1308 2.012299e-06      1
1309 1.349671e-08      1
1310 3.672898e-06      1
1311 1.766620e-05      1
1312 1.633829e-05      1
1313 2.600709e-06      1
1314 2.611749e-05      1
1315 4.419420e-06      1
1316 1.837489e-05      1
1317 5.329362e-06      1
1318 1.707816e-06      1
1319 2.242824e-05      1
1320 1.039980e-05      1
1321 1.475485e-05      1
1322 1.011830e-05      1
1323 8.320297e-06      1
1324 1.000579e-05      1
1325 9.076996e-09      1
1326 6.640035e-06      1
1327 3.960163e-05      1
1328 1.675519e-05      1
1329 4.573455e-08      1
1330 1.074630e-05      1
1331 5.781857e-05      1
1332 1.042222e-05      1
1333 2.167874e-06      1
1334 7.807461e-06      1
1335 3.367687e-06      1
1336 2.130328e-05      1
1337 8.162206e-07      1
1338 3.927409e-06      1
1339 2.365251e-05      1
1340 4.237708e-06      1
1341 1.592995e-06      1
1342 1.313820e-07      1
1343 4.216184e-09      1
1344 2.196495e-06      1
1345 7.727431e-06      1
1346 4.520406e-06      1
1347 6.908364e-07      1
1348 2.050547e-05      1
1349 7.832348e-06      1
1350 8.524490e-06      1
1351 7.114670e-06      1
1352 6.492006e-06      1
1353 7.919987e-07      1
1354 1.757573e-05      1
1355 1.012610e-06      1
1356 1.807455e-05      1
1357 9.319037e-06      1
1358 2.656750e-06      1
1359 5.559599e-06      1
1360 1.161959e-06      1
1361 3.761463e-06      1
1362 2.670636e-06      1
1363 8.503001e-05      1
1364 7.064084e-06      1
1365 7.444974e-06      1
1366 2.453494e-05      1
1367 3.813838e-05      1
1368 1.624486e-05      1
1369 4.996031e-05      1
1370 7.487489e-07      1
1371 4.241825e-07      1
1372 1.176060e-06      1
1373 2.565321e-06      1
1374 3.327009e-06      1
1375 6.263803e-07      1
1376 8.235905e-05      1
1377 4.466072e-06      1
1378 5.145450e-05      1
1379 4.227196e-05      1
1380 2.156826e-05      1
1381 1.266938e-05      1
1382 3.616334e-05      1
1383 1.438618e-05      1
1384 2.119389e-05      1
1385 8.686946e-07      1
1386 1.382748e-05      1
1387 1.213827e-05      1
1388 1.143583e-05      1
1389 1.474773e-06      1
1390 2.487596e-06      1
1391 6.967494e-06      1
1392 9.080690e-06      1
1393 3.549660e-07      1
1394 6.182736e-05      1
1395 1.354512e-05      1
1396 2.774912e-06      1
1397 4.550628e-05      1
1398 1.176960e-05      1
1399 9.072844e-08      1
1400 4.769995e-06      1
1401 1.845625e-05      1
1402 1.124192e-05      1
1403 3.121033e-05      1
1404 8.046581e-05      1
1405 4.758517e-05      1
1406 2.908387e-07      1
1407 1.175400e-06      1
1408 3.011246e-05      1
1409 4.016777e-05      1
1410 2.075631e-08      1
1411 2.435216e-06      1
1412 3.418549e-07      1
1413 1.009843e-05      1
1414 3.766513e-06      1
1415 2.584841e-06      1
1416 5.575990e-06      1
1417 9.860835e-06      1
1418 1.806023e-05      1
1419 7.658372e-06      1
1420 3.659280e-05      1
1421 1.919728e-08      1
1422 1.130099e-06      1
1423 1.003048e-05      1
1424 7.801341e-09      1
1425 2.279235e-05      1
1426 3.080414e-08      1
1427 1.385152e-05      1
1428 2.008509e-05      1
1429 5.472209e-07      1
1430 2.759229e-07      1
1431 4.915295e-06      1
1432 9.683583e-07      1
1433 1.706729e-06      1
1434 2.984800e-10      1
1435 3.406247e-05      1
1436 9.355560e-06      1
1437 1.540617e-06      1
1438 1.749734e-07      1
1439 2.172098e-05      1
1440 4.832513e-08      1
1441 5.667525e-09      1
1442 6.632081e-05      1
1443 1.253218e-07      1
1444 2.814357e-06      1
1445 5.443054e-06      1
1446 4.556832e-13      1
1447 5.166665e-08      1
1448 2.036087e-05      1
1449 8.521729e-06      1
1450 4.636855e-06      1
1451 1.663078e-05      1
1452 4.551485e-05      1
1453 1.617224e-07      1
1454 3.975977e-08      1
1455 3.518004e-05      1
1456 6.681079e-05      1
1457 7.688755e-06      1
1458 1.198980e-06      1
1459 9.949602e-06      1
1460 2.425210e-06      1
1461 2.356716e-06      1
1462 6.959454e-07      1
1463 7.127444e-07      1
1464 5.327045e-05      1
1465 1.100596e-06      1
1466 2.168974e-06      1
1467 2.959253e-05      1
1468 3.736331e-06      1
1469 4.245349e-07      1
1470 5.001076e-07      1
1471 1.032386e-05      1
1472 2.466621e-05      1
1473 2.153756e-05      1
1474 4.789801e-05      1
1475 7.758459e-06      1
1476 3.371575e-05      1
1477 9.471809e-07      1
1478 2.699850e-05      1
1479 4.036591e-06      1
1480 5.143864e-07      1
1481 4.761009e-06      1
1482 3.219196e-06      1
1483 8.655248e-05      1
1484 1.045442e-05      1
1485 2.738608e-06      1
1486 1.690619e-07      1
1487 5.210611e-05      1
1488 5.637402e-06      1
1489 1.637470e-05      1
1490 2.621051e-07      1
1491 2.137661e-06      1
1492 4.975249e-06      1
1493 5.145781e-07      1
1494 3.098780e-06      1
1495 1.096881e-06      1
1496 1.242606e-06      1
1497 2.653482e-05      1
1498 5.003814e-07      1
1499 4.969321e-06      1
1500 3.345618e-06      1
1501 1.893180e-05      1
1502 4.575940e-09      1
1503 3.310088e-06      1
1504 3.995543e-05      1
1505 1.898718e-07      1
1506 8.687011e-06      1
1507 6.897227e-06      1
1508 5.569615e-06      1
1509 4.187089e-06      1
1510 3.799178e-05      1
1511 5.247769e-06      1
1512 1.999083e-05      1
1513 1.813077e-05      1
1514 1.366489e-04  0.165
1515 1.507846e-05      1
1516 1.597998e-04  0.033
1517 2.173418e-05      1
1518 5.735006e-06      1
1519 7.526332e-08      1
1520 2.431900e-05      1
1521 1.044317e-05      1
1522 8.813249e-06      1
1523 5.649521e-09      1
1524 1.114040e-05      1
1525 3.754412e-08      1
1526 2.194646e-05      1
1527 3.268417e-05      1
1528 7.143103e-05      1
1529 4.346903e-05      1
1530 1.112606e-05      1
1531 4.592805e-06      1
1532 3.076254e-07      1
1533 6.729941e-06      1
1534 1.038688e-05      1
1535 4.469411e-05      1
1536 4.785564e-05      1
1537 4.191346e-05      1
1538 1.895464e-06      1
1539 4.188498e-06      1
1540 2.937149e-06      1
1541 5.929903e-07      1
1542 6.152172e-06      1
1543 1.766058e-06      1
1544 2.253073e-06      1
1545 1.639759e-05      1
1546 1.582728e-05      1
1547 1.973552e-06      1
1548 2.439613e-05      1
1549 5.134381e-06      1
1550 8.349483e-08      1
1551 1.109782e-08      1
1552 4.678256e-06      1
1553 2.105090e-07      1
1554 1.743384e-05      1
1555 6.369694e-07      1
1556 1.211953e-05      1
1557 1.286167e-05      1
1558 3.640292e-05      1
1559 5.496535e-06      1
1560 9.335239e-06      1
1561 4.176026e-06      1
1562 2.188673e-06      1
1563 4.791799e-06      1
1564 2.214935e-08      1
1565 6.825422e-05      1
1566 1.013424e-06      1
1567 3.543339e-05      1
1568 3.771389e-07      1
1569 7.629568e-07      1
1570 7.341363e-06      1
1571 3.996673e-05      1
1572 1.153050e-06      1
1573 1.530050e-05      1
1574 5.320137e-06      1
1575 5.725724e-06      1
1576 1.869432e-06      1
1577 2.757924e-05      1
1578 4.660079e-06      1
1579 2.037046e-07      1
1580 2.733445e-05      1
1581 6.478895e-07      1
1582 5.282000e-05      1
1583 2.222160e-06      1
1584 5.970613e-07      1
1585 7.534262e-07      1
1586 1.199761e-05      1
1587 2.821841e-06      1
1588 1.184076e-05      1
1589 1.207215e-05      1
1590 3.126596e-07      1
1591 1.726937e-07      1
1592 7.086221e-05      1
1593 4.810946e-10      1
1594 3.969791e-06      1
1595 7.922519e-07      1
1596 3.902136e-06      1
1597 1.628766e-06      1
1598 2.343933e-05      1
1599 8.710785e-05      1
1600 1.247183e-05      1
1601 8.206958e-06      1
1602 4.060601e-07      1
1603 3.185700e-05      1
1604 1.377348e-05      1
1605 2.904767e-05      1
1606 7.803546e-09      1
1607 5.524602e-05      1
1608 4.161784e-05      1
1609 1.060052e-07      1
1610 1.509750e-05      1
1611 1.655655e-06      1
1612 3.462566e-07      1
1613 1.260186e-09      1
1614 5.686810e-06      1
1615 2.087084e-06      1
1616 7.882862e-06      1
1617 4.669231e-06      1
1618 2.052876e-05      1
1619 1.636372e-07      1
1620 1.403112e-05      1
1621 3.176885e-05      1
1622 4.706412e-07      1
1623 3.516203e-06      1
1624 3.129649e-05      1
1625 2.708211e-05      1
1626 3.658738e-07      1
1627 3.178557e-06      1
1628 1.777374e-05      1
1629 6.284438e-06      1
1630 1.474366e-08      1
1631 4.699543e-05      1
1632 1.255505e-08      1
1633 2.953688e-07      1
1634 1.693518e-06      1
1635 1.282171e-05      1
1636 3.226642e-05      1
1637 4.703296e-07      1
1638 1.906114e-06      1
1639 7.236180e-11      1
1640 2.218873e-05      1
1641 2.118369e-06      1
1642 2.413383e-05      1
1643 1.323338e-05      1
1644 1.883782e-07      1
1645 1.835543e-05      1
1646 2.887463e-07      1
1647 3.358361e-05      1
1648 9.337165e-06      1
1649 1.700578e-05      1
1650 5.685542e-06      1
1651 4.923591e-07      1
1652 2.940305e-06      1
1653 2.875841e-05      1
1654 1.963528e-05      1
1655 2.365767e-05      1
1656 6.411350e-05      1
1657 3.201781e-05      1
1658 1.037329e-06      1
1659 1.405282e-06      1
1660 2.630631e-05      1
1661 5.959698e-09      1
1662 1.727257e-05      1
1663 1.704093e-07      1
1664 1.887860e-06      1
1665 2.575211e-06      1
1666 1.086576e-07      1
1667 4.227052e-05      1
1668 6.357205e-06      1
1669 6.050560e-05      1
1670 2.007796e-05      1
1671 8.594868e-06      1
1672 1.102880e-05      1
1673 5.291845e-05      1
1674 3.631335e-06      1
1675 5.189535e-06      1
1676 1.713642e-08      1
1677 3.926320e-05      1
1678 2.268271e-06      1
1679 1.595003e-05      1
1680 1.649409e-06      1
1681 2.639461e-07      1
1682 5.060832e-05      1
1683 5.047689e-07      1
1684 1.225135e-06      1
1685 8.376077e-06      1
1686 1.094768e-05      1
1687 1.916528e-05      1
1688 4.188850e-06      1
1689 8.180021e-08      1
1690 1.349506e-07      1
1691 7.964592e-06      1
1692 3.119046e-08      1
1693 4.281015e-07      1
1694 7.601940e-06      1
1695 3.860855e-05      1
1696 1.030062e-05      1
1697 3.913077e-06      1
1698 7.527871e-07      1
1699 6.460853e-06      1
1700 4.579239e-05      1
1701 3.196446e-05      1
1702 4.232127e-07      1
1703 1.154966e-05      1
1704 2.320709e-08      1
1705 4.122921e-05      1
1706 5.178131e-07      1
1707 2.122081e-05      1
1708 3.648371e-06      1
1709 1.647369e-07      1
1710 5.414735e-05      1
1711 1.159391e-05      1
1712 2.679872e-05      1
1713 4.991804e-06      1
1714 7.655806e-07      1
1715 1.757685e-05      1
1716 4.238795e-06      1
1717 2.235820e-05      1
1718 3.396430e-05      1
1719 1.809868e-05      1
1720 1.366049e-05      1
1721 2.149859e-07      1
1722 1.611252e-05      1
1723 1.441290e-07      1
1724 1.026216e-06      1
1725 2.609454e-06      1
1726 5.042469e-06      1
1727 1.202350e-06      1
1728 7.592382e-07      1
1729 3.643909e-05      1
1730 1.364969e-06      1
1731 1.411641e-05      1
1732 3.598965e-07      1
1733 9.293751e-08      1
1734 3.052877e-06      1
1735 1.372467e-06      1
1736 1.475543e-07      1
1737 1.054605e-06      1
1738 1.425609e-05      1
1739 8.549187e-06      1
1740 2.415959e-08      1
1741 9.212217e-06      1
1742 4.401925e-06      1
1743 1.274790e-06      1
1744 2.119812e-05      1
1745 8.262582e-07      1
1746 8.996473e-06      1
1747 1.238014e-05      1
1748 2.022025e-07      1
1749 6.478884e-06      1
1750 2.061594e-05      1
1751 4.580071e-06      1
1752 3.256566e-06      1
1753 1.578358e-05      1
1754 5.247368e-06      1
1755 6.831036e-07      1
1756 7.845603e-08      1
1757 2.699591e-06      1
1758 1.334324e-06      1
1759 3.831829e-07      1
1760 2.875642e-06      1
1761 3.198766e-06      1
1762 1.413787e-05      1
1763 3.876781e-06      1
1764 7.136324e-06      1
1765 5.930672e-06      1
1766 2.196303e-05      1
1767 1.201413e-06      1
1768 2.712392e-05      1
1769 2.314571e-05      1
1770 2.992846e-06      1
1771 1.305947e-05      1
1772 1.321976e-05      1
1773 4.029643e-07      1
1774 2.945607e-07      1
1775 2.397233e-09      1
1776 2.568937e-05      1
1777 3.678640e-08      1
1778 3.426741e-06      1
1779 7.234232e-07      1
1780 5.382444e-06      1
1781 5.481424e-06      1
1782 3.950446e-05      1
1783 1.210898e-05      1
1784 7.050197e-05      1
1785 5.050813e-06      1
1786 5.202176e-06      1
1787 8.430163e-05      1
1788 2.363147e-06      1
1789 5.736585e-07      1
1790 2.236526e-05      1
1791 5.309921e-06      1
1792 6.644079e-07      1
1793 1.306310e-05      1
1794 1.247488e-06      1
1795 4.107660e-05      1
1796 1.646925e-06      1
1797 1.288402e-06      1
1798 1.010728e-05      1
1799 2.497589e-05      1
1800 4.063830e-06      1
1801 5.962502e-06      1
1802 9.876680e-06      1
1803 4.380091e-09      1
1804 6.700224e-06      1
1805 7.525165e-06      1
1806 4.714664e-06      1
1807 2.893096e-05      1
1808 1.336049e-07      1
1809 7.161300e-07      1
1810 3.163790e-06      1
1811 9.840170e-05      1
1812 1.350480e-05      1
1813 4.338171e-08      1
1814 7.626667e-07      1
1815 9.188079e-06      1
1816 5.004018e-06      1
1817 1.410718e-05      1
1818 3.515574e-06      1
1819 2.577744e-05      1
1820 1.082737e-08      1
1821 1.059475e-05      1
1822 1.319053e-05      1
1823 7.086664e-09      1
1824 4.008099e-05      1
1825 5.353611e-05      1
1826 7.218081e-06      1
1827 4.109184e-07      1
1828 1.208305e-06      1
1829 2.845512e-05      1
1830 1.080833e-06      1
1831 6.533784e-06      1
1832 3.198014e-05      1
1833 2.102415e-06      1
1834 3.565358e-06      1
1835 3.337184e-06      1
1836 2.932865e-06      1
1837 1.280035e-05      1
1838 8.188388e-06      1
1839 9.444058e-08      1
1840 4.177509e-06      1
1841 1.544261e-06      1
1842 5.252328e-05      1
1843 5.108264e-06      1
1844 5.447586e-06      1
1845 3.188349e-05      1
1846 9.956239e-06      1
1847 7.931781e-05      1
1848 9.298106e-06      1
1849 9.225027e-07      1
1850 3.017576e-05      1
1851 9.202255e-07      1
1852 4.305437e-06      1
1853 5.779850e-06      1
1854 1.085270e-05      1
1855 3.685940e-07      1
1856 3.642896e-05      1
1857 8.537848e-06      1
1858 1.353752e-05      1
1859 4.842763e-07      1
1860 2.704566e-05      1
1861 1.268328e-05      1
1862 7.689260e-06      1
1863 1.146202e-05      1
1864 1.134149e-05      1
1865 1.878859e-05      1
1866 2.389107e-06      1
1867 1.097105e-06      1
1868 4.073847e-05      1
1869 1.073876e-05      1
1870 2.122253e-06      1
1871 8.326105e-05      1
1872 2.144033e-07      1
1873 3.688950e-05      1
1874 1.029330e-09      1
1875 9.603439e-07      1
1876 9.121384e-06      1
1877 1.819856e-06      1
1878 5.152314e-06      1
1879 1.476803e-05      1
1880 3.147933e-05      1
1881 3.349638e-07      1
1882 5.396342e-06      1
1883 5.263954e-07      1
1884 5.732821e-06      1
1885 7.723082e-07      1
1886 1.042031e-05      1
1887 3.057045e-06      1
1888 7.056840e-05      1
1889 2.871477e-07      1
1890 3.865577e-05      1
1891 4.204912e-05      1
1892 5.046929e-06      1
1893 2.752708e-06      1
1894 1.705401e-06      1
1895 1.677239e-06      1
1896 4.219444e-05      1
1897 6.382615e-05      1
1898 3.330901e-07      1
1899 6.938705e-07      1
1900 2.771715e-07      1
1901 2.584668e-07      1
1902 3.579156e-06      1
1903 1.690025e-05      1
1904 3.273709e-06      1
1905 7.603272e-06      1
1906 4.156510e-06      1
1907 8.930787e-06      1
1908 4.821631e-05      1
1909 2.508242e-05      1
1910 4.080899e-07      1
1911 2.757451e-06      1
1912 1.206890e-06      1
1913 2.086188e-06      1
1914 1.190936e-05      1
1915 1.493733e-06      1
1916 9.130425e-09      1
1917 3.148591e-06      1
1918 2.952897e-07      1
1919 2.173360e-06      1
1920 1.045746e-06      1
1921 3.234273e-08      1
1922 7.136882e-06      1
1923 1.674432e-05      1
1924 2.026862e-06      1
1925 3.941615e-05      1
1926 1.104377e-05      1
1927 7.735328e-07      1
1928 3.127823e-06      1
1929 1.549636e-06      1
1930 4.789508e-07      1
1931 2.729012e-05      1
1932 1.445449e-06      1
1933 2.649131e-05      1
1934 1.043090e-04      1
1935 6.901467e-06      1
1936 7.338106e-06      1
1937 2.971585e-05      1
1938 1.258882e-06      1
1939 5.749671e-06      1
1940 2.269361e-05      1
1941 3.066861e-07      1
1942 2.172379e-05      1
1943 4.259732e-06      1
1944 1.528402e-05      1
1945 8.110046e-06      1
1946 6.871899e-07      1
1947 4.198043e-09      1
1948 4.486962e-08      1
1949 2.484790e-06      1
1950 1.078777e-05      1
1951 7.572087e-08      1
1952 8.995567e-07      1
1953 1.730120e-08      1
1954 1.018143e-06      1
1955 6.828569e-06      1
1956 2.134788e-05      1
1957 1.003459e-05      1
1958 8.257450e-06      1
1959 2.919314e-05      1
1960 6.396101e-06      1
1961 4.769556e-07      1
1962 3.546999e-07      1
1963 2.714866e-05      1
1964 8.653043e-07      1
1965 5.975299e-05      1
1966 8.655601e-08      1
1967 1.288534e-05      1
1968 6.310513e-06      1
1969 6.402519e-06      1
1970 1.283132e-07      1
1971 1.209266e-04  0.528
1972 1.883823e-06      1
1973 2.280209e-05      1
1974 4.066811e-05      1
1975 2.148149e-06      1
1976 1.965505e-06      1
1977 3.646431e-05      1
1978 1.699390e-05      1
1979 1.024140e-05      1
1980 6.782944e-09      1
1981 2.109206e-05      1
1982 9.410500e-06      1
1983 1.218537e-05      1
1984 2.556283e-05      1
1985 1.042149e-05      1
1986 1.087665e-05      1
1987 2.558267e-05      1
1988 1.228757e-08      1
1989 3.447793e-05      1
1990 4.362291e-07      1
1991 2.339844e-06      1
1992 1.244281e-06      1
1993 4.658561e-05      1
1994 1.204099e-05      1
1995 2.599248e-06      1
1996 6.073070e-05      1
1997 8.721577e-07      1
1998 2.253701e-05      1
1999 2.546021e-07      1
2000 2.828320e-07      1
2001 1.469283e-06      1
2002 7.974322e-06      1
2003 5.553395e-06      1
2004 6.283923e-05      1
2005 4.793393e-05      1
2006 1.562669e-05      1
2007 3.810104e-06      1
2008 4.355632e-05      1
2009 5.470489e-08      1
2010 1.183543e-05      1
2011 3.379411e-07      1
2012 3.766669e-05      1
2013 1.198685e-05      1
2014 1.616361e-05      1
2015 5.110509e-07      1
2016 1.924228e-05      1
2017 1.130175e-05      1
2018 6.210069e-07      1
2019 5.600271e-05      1
2020 6.238500e-06      1
2021 6.888522e-06      1
2022 1.136823e-05      1
2023 1.354261e-05      1
2024 6.894854e-10      1
2025 8.378191e-07      1
2026 5.879129e-07      1
2027 6.556214e-07      1
2028 4.515255e-06      1
2029 1.860540e-06      1
2030 4.145827e-07      1
2031 8.173328e-06      1
2032 5.205773e-06      1
2033 1.418162e-05      1
2034 7.469418e-07      1
2035 1.557615e-05      1
2036 5.757188e-08      1
2037 8.210717e-06      1
2038 6.540487e-06      1
2039 2.013738e-05      1
2040 2.034917e-06      1
2041 1.208777e-05      1
2042 8.430969e-05      1
2043 5.849600e-06      1
2044 7.379976e-06      1
2045 6.514321e-06      1
2046 2.793106e-08      1
2047 9.724974e-06      1
2048 5.041476e-05      1
2049 1.980812e-06      1
2050 2.841617e-05      1
2051 1.648909e-05      1
2052 1.208769e-05      1
2053 2.755131e-05      1
2054 1.952312e-06      1
2055 3.154087e-07      1
2056 7.852207e-07      1
2057 4.917654e-07      1
2058 1.119322e-05      1
2059 3.757667e-07      1
2060 1.528879e-08      1
2061 2.953363e-05      1
2062 1.745250e-05      1
2063 1.621549e-05      1
2064 5.211763e-07      1
2065 6.092890e-06      1
2066 1.127657e-05      1
2067 9.425566e-06      1
2068 1.330961e-06      1
2069 3.920480e-06      1
2070 1.184621e-06      1
2071 1.940333e-07      1
2072 1.191473e-05      1
2073 2.299753e-05      1
2074 4.974978e-06      1
2075 2.992855e-05      1
2076 4.253623e-08      1
2077 4.605078e-08      1
2078 1.764658e-07      1
2079 4.411846e-06      1
2080 8.466208e-07      1
2081 5.301634e-06      1
2082 7.609625e-09      1
2083 3.431253e-06      1
2084 8.551422e-09      1
2085 9.690701e-06      1
2086 1.577694e-05      1
2087 1.709971e-05      1
2088 3.623174e-05      1
2089 1.402463e-07      1
2090 1.415708e-06      1
2091 4.458821e-06      1
2092 1.678821e-05      1
2093 1.720684e-07      1
2094 4.174466e-07      1
2095 3.160120e-05      1
2096 5.830118e-06      1
2097 3.116075e-06      1
2098 5.272523e-05      1
2099 3.254687e-06      1
2100 6.007577e-07      1
2101 8.323717e-07      1
2102 3.617197e-06      1
2103 1.219913e-05      1
2104 7.755589e-06      1
2105 1.515990e-05      1
2106 7.867599e-06      1
2107 7.091945e-09      1
2108 2.485384e-05      1
2109 1.811003e-05      1
2110 1.237639e-05      1
2111 4.920428e-06      1
2112 1.303708e-05      1
2113 9.429267e-08      1
2114 2.025020e-05      1
2115 2.535699e-05      1
2116 1.559135e-05      1
2117 1.122375e-05      1
2118 5.451794e-05      1
2119 1.684498e-05      1
2120 2.408554e-08      1
2121 4.966178e-05      1
2122 1.342025e-05      1
2123 1.902909e-05      1
2124 4.339349e-06      1
2125 2.399973e-08      1
2126 2.891913e-06      1
2127 3.047071e-07      1
2128 1.662135e-06      1
2129 4.508208e-06      1
2130 6.080030e-05      1
2131 9.989999e-06      1
2132 2.910929e-07      1
2133 6.528537e-06      1
2134 1.097902e-05      1
2135 6.335885e-07      1
2136 2.814241e-05      1
2137 8.700664e-05      1
2138 3.686687e-06      1
2139 2.152681e-05      1
2140 1.134001e-05      1
2141 8.644122e-05      1
2142 3.577799e-05      1
2143 1.945468e-06      1
2144 8.358500e-07      1
2145 3.704171e-06      1
2146 3.481933e-06      1
2147 3.371856e-05      1
2148 1.013756e-05      1
2149 1.778644e-05      1
2150 1.070632e-07      1
2151 1.360411e-05      1
2152 1.795132e-05      1
2153 1.111370e-05      1
2154 1.674435e-06      1
2155 2.811652e-05      1
2156 3.575635e-06      1
2157 1.108542e-05      1
2158 1.532331e-05      1
2159 9.246710e-11      1
2160 1.586797e-05      1
2161 4.195959e-07      1
2162 8.380547e-06      1
2163 2.624148e-07      1
2164 2.795419e-08      1
2165 9.781034e-06      1
2166 5.940065e-06      1
2167 4.033258e-07      1
2168 9.264173e-07      1
2169 1.942157e-07      1
2170 5.378933e-07      1
2171 1.219649e-06      1
2172 1.420545e-07      1
2173 8.249692e-09      1
2174 3.247713e-06      1
2175 3.419401e-09      1
2176 2.456198e-06      1
2177 7.628126e-06      1
2178 8.147003e-06      1
2179 2.088439e-05      1
2180 6.426284e-07      1
2181 9.211717e-05      1
2182 3.697960e-06      1
2183 1.439666e-05      1
2184 5.005903e-07      1
2185 9.887612e-06      1
2186 2.932888e-05      1
2187 3.376466e-06      1
2188 2.521162e-06      1
2189 8.672034e-07      1
2190 2.113281e-05      1
2191 1.026007e-05      1
2192 5.097284e-06      1
2193 4.399985e-07      1
2194 2.559057e-06      1
2195 9.159965e-06      1
2196 5.608693e-06      1
2197 3.585358e-06      1
2198 2.411951e-05      1
2199 2.858234e-06      1
2200 8.719581e-08      1
2201 8.421043e-06      1
2202 1.826405e-06      1
2203 2.147709e-08      1
2204 6.990345e-06      1
2205 2.061037e-10      1
2206 4.776383e-08      1
2207 6.056597e-05      1
2208 7.853138e-06      1
2209 5.890552e-06      1
2210 6.291233e-06      1
2211 2.693505e-06      1
2212 1.897763e-06      1
2213 5.132483e-07      1
2214 2.932477e-05      1
2215 1.101234e-05      1
2216 3.163369e-05      1
2217 2.344558e-09      1
2218 1.269893e-05      1
2219 1.710630e-05      1
2220 1.618752e-05      1
2221 9.704932e-06      1
2222 2.109509e-05      1
2223 1.355058e-08      1
2224 1.044495e-05      1
2225 2.820071e-05      1
2226 5.301325e-05      1
2227 6.290335e-06      1
2228 1.922235e-07      1
2229 1.721077e-05      1
2230 2.054666e-06      1
2231 7.098521e-05      1
2232 1.183566e-06      1
2233 3.053541e-06      1
2234 8.083317e-06      1
2235 2.629264e-06      1
2236 5.112617e-06      1
2237 5.479277e-05      1
2238 4.296299e-08      1
2239 1.776157e-05      1
2240 2.814930e-05      1
2241 3.535627e-06      1
2242 1.244703e-06      1
2243 2.588405e-05      1
2244 1.016342e-05      1
2245 3.916411e-05      1
2246 2.858526e-05      1
2247 6.881216e-05      1
2248 2.839757e-05      1
2249 3.759591e-05      1
2250 4.296325e-06      1
2251 1.714233e-05      1
2252 4.426367e-05      1
2253 3.437091e-08      1
2254 2.155103e-05      1
2255 2.082257e-06      1
2256 1.507082e-06      1
2257 2.257423e-05      1
2258 1.125660e-06      1
2259 7.877357e-06      1
2260 9.956727e-07      1
2261 1.997235e-08      1
2262 3.800930e-06      1
2263 2.427072e-05      1
2264 5.109118e-07      1
2265 2.566274e-05      1
2266 8.021022e-06      1
2267 1.556932e-05      1
2268 6.654241e-06      1
2269 1.113196e-06      1
2270 3.383127e-06      1
2271 7.640564e-06      1
2272 2.878431e-05      1
2273 4.152255e-08      1
2274 2.394555e-07      1
2275 1.515713e-05      1
2276 1.435886e-05      1
2277 4.908818e-06      1
2278 7.628966e-07      1
2279 2.051984e-05      1
2280 2.152705e-05      1
2281 1.277514e-05      1
2282 1.225300e-06      1
2283 1.324403e-05      1
2284 2.143342e-08      1
2285 4.922024e-05      1
2286 7.459669e-08      1
2287 2.436913e-05      1
2288 8.557961e-06      1
2289 1.863193e-05      1
2290 2.342121e-07      1
2291 1.295210e-06      1
2292 1.244359e-04  0.693
2293 4.209930e-05      1
2294 7.111751e-07      1
2295 5.065027e-06      1
2296 1.405517e-05      1
2297 5.660549e-06      1
2298 2.828054e-07      1
2299 5.043617e-08      1
2300 1.003092e-07      1
2301 1.014705e-07      1
2302 4.225051e-07      1
2303 1.692948e-05      1
2304 1.657415e-05      1
2305 3.558869e-05      1
2306 3.108466e-07      1
2307 2.475338e-05      1
2308 6.001641e-06      1
2309 1.639092e-05      1
2310 2.093255e-05      1
2311 3.625616e-06      1
2312 2.435083e-07      1
2313 3.191264e-05      1
2314 5.490328e-06      1
2315 4.832024e-05      1
2316 1.095144e-05      1
2317 4.896241e-06      1
2318 1.420470e-06      1
2319 4.960748e-07      1
2320 6.243699e-07      1
2321 9.399092e-07      1
2322 3.153404e-06      1
2323 8.547828e-06      1
2324 5.420587e-05      1
2325 5.954050e-06      1
2326 5.235011e-07      1
2327 3.685200e-07      1
2328 1.875589e-06      1
2329 1.545516e-05      1
2330 2.368194e-05      1
2331 1.521381e-05      1
2332 3.641044e-05      1
2333 4.055339e-05      1
2334 8.292793e-05      1
2335 1.240133e-09      1
2336 8.849819e-06      1
2337 1.137937e-06      1
2338 3.723328e-07      1
2339 1.568628e-05      1
2340 5.151945e-06      1
2341 6.050083e-06      1
2342 9.050747e-06      1
2343 1.110168e-05      1
2344 1.579981e-07      1
2345 5.062403e-08      1
2346 1.872386e-05      1
2347 1.252111e-05      1
2348 2.671179e-05      1
2349 1.763458e-06      1
2350 1.668880e-06      1
2351 2.526513e-05      1
2352 1.232052e-05      1
2353 1.138442e-05      1
2354 1.484674e-07      1
2355 6.308421e-06      1
2356 8.119656e-07      1
2357 3.847516e-06      1
2358 3.858163e-05      1
2359 1.708207e-05      1
2360 5.621254e-05      1
2361 4.670446e-06      1
2362 1.269387e-04  0.759
2363 1.772522e-05      1
2364 2.415803e-06      1
2365 3.179826e-08      1
2366 5.267615e-05      1
2367 1.841745e-05      1
2368 9.550133e-06      1
2369 1.166906e-05      1
2370 2.689769e-05      1
2371 4.188196e-05      1
2372 4.737181e-07      1
2373 3.072438e-05      1
2374 9.184719e-07      1
2375 1.521129e-06      1
2376 7.947632e-08      1
2377 5.205518e-05      1
2378 1.627581e-05      1
2379 4.035493e-08      1
2380 8.013611e-07      1
2381 1.721146e-06      1
2382 1.268619e-05      1
2383 8.815081e-06      1
2384 1.359233e-05      1
2385 2.688883e-06      1
2386 5.201982e-08      1
2387 3.653781e-06      1
2388 9.294621e-06      1
2389 3.299924e-05      1
2390 2.376667e-06      1
2391 5.175887e-06      1
2392 1.007376e-05      1
2393 1.114768e-05      1
2394 1.485085e-06      1
2395 7.097424e-08      1
2396 1.857516e-06      1
2397 3.125986e-05      1
2398 1.712517e-07      1
2399 7.061887e-09      1
2400 5.446344e-07      1
2401 2.221443e-06      1
2402 7.490323e-07      1
2403 9.080145e-06      1
2404 5.631166e-06      1
2405 2.182874e-05      1
2406 4.152816e-05      1
2407 1.362819e-07      1
2408 8.520640e-06      1
2409 5.214528e-06      1
2410 4.778521e-07      1
2411 8.581501e-06      1
2412 1.588867e-05      1
2413 1.338393e-05      1
2414 4.610486e-05      1
2415 8.253556e-06      1
2416 5.962388e-05      1
2417 1.981532e-06      1
2418 1.734369e-06      1
2419 4.598226e-07      1
2420 1.453662e-05      1
2421 3.214993e-06      1
2422 4.337416e-06      1
2423 2.620259e-05      1
2424 8.908951e-08      1
2425 2.207158e-07      1
2426 6.987123e-06      1
2427 4.251479e-05      1
2428 2.204776e-06      1
2429 2.029067e-05      1
2430 2.645766e-05      1
2431 1.233999e-04  0.561
2432 9.120607e-07      1
2433 7.899139e-06      1
2434 2.748594e-07      1
2435 1.292530e-05      1
2436 2.055677e-05      1
2437 3.794448e-05      1
2438 5.887634e-06      1
2439 1.651971e-06      1
2440 5.640064e-06      1
2441 4.758574e-08      1
2442 3.678262e-06      1
2443 2.578949e-05      1
2444 2.061083e-05      1
2445 4.540919e-05      1
2446 5.305463e-06      1
2447 4.245691e-06      1
2448 1.012430e-09      1
2449 2.550169e-06      1
2450 2.753557e-05      1
2451 1.214698e-05      1
2452 4.690079e-06      1
2453 6.975252e-06      1
2454 7.184264e-06      1
2455 4.630376e-06      1
2456 2.986761e-05      1
2457 2.521938e-06      1
2458 4.199719e-06      1
2459 1.158381e-05      1
2460 9.992387e-07      1
2461 2.044518e-05      1
2462 4.279886e-06      1
2463 1.793462e-05      1
2464 4.835023e-10      1
2465 2.739074e-08      1
2466 9.559167e-07      1
2467 1.122903e-05      1
2468 3.461182e-05      1
2469 4.357161e-06      1
2470 1.301228e-05      1
2471 3.845468e-07      1
2472 1.458080e-06      1
2473 1.077260e-06      1
2474 1.786817e-05      1
2475 3.243589e-05      1
2476 8.545666e-07      1
2477 3.356419e-05      1
2478 4.255161e-07      1
2479 2.587926e-05      1
2480 9.710026e-07      1
2481 4.956927e-07      1
2482 1.289361e-10      1
2483 3.261013e-06      1
2484 1.019577e-05      1
2485 3.770365e-09      1
2486 6.980530e-05      1
2487 1.407471e-04  0.165
2488 1.359363e-05      1
2489 3.261918e-06      1
2490 4.333665e-05      1
2491 2.043626e-05      1
2492 2.672954e-08      1
2493 4.615240e-05      1
2494 2.814169e-06      1
2495 3.288821e-06      1
2496 6.054442e-05      1
2497 5.115433e-06      1
2498 8.410489e-06      1
2499 4.100219e-05      1
2500 4.104293e-06      1
2501 6.661104e-05      1
2502 6.051565e-08      1
2503 4.017946e-05      1
2504 2.175526e-06      1
2505 1.408553e-05      1
2506 8.169438e-06      1
2507 5.859444e-06      1
2508 6.285565e-06      1
2509 3.480708e-06      1
2510 3.033454e-06      1
2511 7.208590e-06      1
2512 6.821716e-06      1
2513 5.788907e-06      1
2514 7.564056e-07      1
2515 1.440317e-05      1
2516 7.267687e-05      1
2517 5.459260e-06      1
2518 2.639352e-06      1
2519 6.729728e-06      1
2520 3.308976e-05      1
2521 6.249098e-06      1
2522 5.828597e-06      1
2523 1.946180e-05      1
2524 7.043966e-06      1
2525 1.792252e-05      1
2526 3.597104e-05      1
2527 5.316074e-09      1
2528 2.101547e-05      1
2529 1.206030e-05      1
2530 1.035113e-05      1
2531 1.561070e-05      1
2532 1.340242e-08      1
2533 1.768907e-05      1
2534 4.153987e-05      1
2535 2.107974e-06      1
2536 3.003369e-05      1
2537 1.664818e-05      1
2538 1.180421e-05      1
2539 2.899255e-05      1
2540 1.096996e-05      1
2541 2.105114e-05      1
2542 3.714839e-06      1
2543 3.324214e-07      1
2544 3.094876e-06      1
2545 1.199223e-05      1
2546 3.969326e-06      1
2547 3.055032e-05      1
2548 6.783125e-06      1
2549 6.343464e-09      1
2550 4.558479e-05      1
2551 3.159647e-08      1
2552 1.504723e-05      1
2553 2.847502e-07      1
2554 7.811108e-08      1
2555 1.066637e-04      1
2556 1.927601e-05      1
2557 7.389926e-06      1
2558 4.011233e-06      1
2559 1.616299e-05      1
2560 2.418456e-05      1
2561 2.175977e-05      1
2562 4.037536e-06      1
2563 1.343002e-05      1
2564 4.523527e-07      1
2565 2.799487e-05      1
2566 2.434941e-05      1
2567 6.448648e-07      1
2568 3.636856e-06      1
2569 5.213461e-05      1
2570 9.980008e-07      1
2571 9.921364e-06      1
2572 2.820180e-07      1
2573 1.672148e-05      1
2574 5.219076e-07      1
2575 3.530864e-09      1
2576 9.738342e-06      1
2577 1.584344e-06      1
2578 9.865632e-06      1
2579 2.223424e-07      1
2580 1.845859e-05      1
2581 1.057965e-05      1
2582 7.773860e-06      1
2583 1.904288e-06      1
2584 1.828308e-05      1
2585 1.831936e-05      1
2586 7.314321e-05      1
2587 3.764524e-06      1
2588 9.232059e-06      1
2589 2.874279e-06      1
2590 2.700694e-05      1
2591 3.745810e-06      1
2592 9.861825e-06      1
2593 2.487864e-05      1
2594 1.304413e-05      1
2595 4.820005e-06      1
2596 3.883569e-08      1
2597 8.645269e-07      1
2598 3.228359e-05      1
2599 1.560540e-05      1
2600 1.372279e-07      1
2601 1.517318e-07      1
2602 1.648521e-05      1
2603 6.764838e-05      1
2604 1.691731e-06      1
2605 4.523184e-05      1
2606 1.778415e-05      1
2607 3.932928e-06      1
2608 2.843474e-06      1
2609 5.944742e-07      1
2610 1.531296e-06      1
2611 3.031824e-07      1
2612 3.339305e-06      1
2613 1.101749e-05      1
2614 1.297564e-06      1
2615 2.778500e-06      1
2616 7.016155e-07      1
2617 1.423335e-05      1
2618 4.411730e-05      1
2619 3.936933e-05      1
2620 2.552344e-07      1
2621 7.026656e-07      1
2622 1.036498e-08      1
2623 4.804066e-05      1
2624 1.467309e-05      1
2625 9.225965e-06      1
2626 8.935488e-07      1
2627 2.016524e-06      1
2628 2.293162e-06      1
2629 8.698281e-07      1
2630 7.611489e-05      1
2631 8.625060e-08      1
2632 1.367730e-05      1
2633 4.718757e-06      1
2634 2.372866e-06      1
2635 1.040536e-07      1
2636 3.763222e-05      1
2637 1.576729e-05      1
2638 4.473556e-06      1
2639 8.996692e-07      1
2640 7.367422e-08      1
2641 1.206191e-06      1
2642 3.456905e-06      1
2643 1.381359e-05      1
2644 1.350937e-05      1
2645 1.632207e-06      1
2646 4.090598e-06      1
2647 1.583038e-06      1
2648 1.118521e-06      1
2649 4.124975e-06      1
2650 2.837206e-07      1
2651 3.852419e-07      1
2652 2.851439e-06      1
2653 1.238336e-05      1
2654 2.677325e-06      1
2655 7.720927e-06      1
2656 7.385925e-07      1
2657 8.989181e-05      1
2658 3.226355e-07      1
2659 6.984326e-07      1
2660 5.357694e-06      1
2661 1.023643e-06      1
2662 1.362202e-05      1
2663 1.079051e-04      1
2664 3.998043e-05      1
2665 1.358802e-06      1
2666 1.193971e-05      1
2667 3.560076e-06      1
2668 1.499186e-07      1
2669 6.616461e-08      1
2670 1.271423e-05      1
2671 1.445816e-07      1
2672 1.301180e-05      1
2673 6.871778e-06      1
2674 2.318087e-05      1
2675 3.755792e-07      1
2676 4.403852e-08      1
2677 1.079199e-08      1
2678 1.148361e-05      1
2679 5.565366e-07      1
2680 9.749941e-06      1
2681 4.013286e-06      1
2682 2.676684e-07      1
2683 1.135536e-05      1
2684 2.476648e-05      1
2685 2.879808e-06      1
2686 4.741225e-07      1
2687 2.595448e-06      1
2688 5.690807e-06      1
2689 1.043643e-04      1
2690 7.924336e-08      1
2691 2.740485e-05      1
2692 1.463838e-05      1
2693 9.112639e-06      1
2694 1.544043e-06      1
2695 7.986849e-07      1
2696 2.492461e-05      1
2697 7.966562e-08      1
2698 1.172009e-05      1
2699 1.018708e-05      1
2700 8.404181e-06      1
2701 4.376455e-06      1
2702 1.100738e-05      1
2703 6.028501e-06      1
2704 6.186994e-06      1
2705 4.918509e-06      1
2706 1.776910e-09      1
2707 1.639701e-06      1
2708 1.663107e-05      1
2709 4.349927e-06      1
2710 7.849699e-07      1
2711 3.460859e-06      1
2712 1.377353e-05      1
2713 3.664470e-05      1
2714 2.195927e-06      1
2715 1.794372e-05      1
2716 1.113876e-08      1
2717 2.315636e-09      1
2718 3.086118e-07      1
2719 1.510493e-04  0.099
2720 9.245745e-06      1
2721 5.058514e-06      1
2722 4.403454e-06      1
2723 3.055482e-06      1
2724 1.117855e-05      1
2725 6.745133e-07      1
2726 1.832611e-05      1
2727 3.369189e-06      1
2728 3.898615e-06      1
2729 9.274054e-07      1
2730 1.283975e-05      1
2731 4.626196e-06      1
2732 6.392536e-06      1
2733 3.365057e-06      1
2734 7.548128e-08      1
2735 1.197737e-05      1
2736 1.905811e-05      1
2737 8.412224e-06      1
2738 1.651661e-05      1
2739 1.613274e-05      1
2740 5.065517e-08      1
2741 2.334290e-06      1
2742 3.199499e-07      1
2743 6.668971e-06      1
2744 2.141373e-05      1
2745 5.742938e-05      1
2746 3.788609e-07      1
2747 2.367179e-06      1
2748 8.035823e-08      1
2749 4.536287e-05      1
2750 4.989139e-06      1
2751 1.482551e-05      1
2752 3.585991e-06      1
2753 4.863357e-06      1
2754 4.370616e-07      1
2755 1.226671e-05      1
2756 1.613755e-05      1
2757 2.880202e-06      1
2758 5.377749e-05      1
2759 5.788239e-08      1
2760 1.592493e-05      1
2761 1.632074e-06      1
2762 1.014790e-05      1
2763 5.774776e-06      1
2764 4.672927e-05      1
2765 5.892291e-06      1
2766 2.508791e-05      1
2767 2.300198e-06      1
2768 3.717244e-05      1
2769 1.154873e-05      1
2770 1.480857e-06      1
2771 3.206109e-06      1
2772 6.955943e-06      1
2773 2.004266e-05      1
2774 1.847848e-06      1
2775 1.237455e-05      1
2776 1.444066e-05      1
2777 1.217941e-06      1
2778 2.564909e-06      1
2779 4.250042e-07      1
2780 5.178150e-07      1
2781 6.581517e-07      1
2782 3.238036e-06      1
2783 6.012908e-06      1
2784 1.546809e-06      1
2785 2.904433e-05      1
2786 4.688131e-06      1
2787 5.566648e-06      1
2788 6.674996e-06      1
2789 2.897920e-05      1
2790 3.359070e-05      1
2791 6.179637e-07      1
2792 3.021908e-06      1
2793 1.904645e-08      1
2794 2.279942e-05      1
2795 5.175209e-07      1
2796 9.053974e-06      1
2797 8.312468e-05      1
2798 1.641117e-05      1
2799 1.682332e-05      1
2800 2.286943e-05      1
2801 1.130627e-05      1
2802 5.541343e-08      1
2803 2.566319e-08      1
2804 2.695723e-05      1
2805 7.781923e-07      1
2806 3.387775e-07      1
2807 1.644947e-06      1
2808 1.578264e-06      1
2809 1.200169e-06      1
2810 4.117484e-06      1
2811 1.310309e-06      1
2812 6.605320e-08      1
2813 1.076355e-05      1
2814 1.086645e-07      1
2815 5.482237e-05      1
2816 1.137187e-06      1
2817 3.834253e-05      1
2818 1.855927e-05      1
2819 5.759925e-07      1
2820 5.424793e-07      1
2821 1.005724e-05      1
2822 1.571334e-04  0.099
2823 3.302914e-08      1
2824 1.350766e-05      1
2825 1.414122e-05      1
2826 6.021285e-06      1
2827 2.400937e-07      1
2828 9.546285e-06      1
2829 1.553238e-05      1
2830 1.377709e-05      1
2831 2.439768e-05      1
2832 3.487744e-09      1
2833 3.042837e-06      1
2834 1.046981e-06      1
2835 1.559997e-05      1
2836 1.006366e-04      1
2837 1.812905e-05      1
2838 4.109638e-06      1
2839 1.010800e-06      1
2840 9.669292e-06      1
2841 1.182373e-05      1
2842 1.705945e-05      1
2843 1.480670e-05      1
2844 1.551315e-10      1
2845 1.237130e-07      1
2846 5.677443e-06      1
2847 1.243272e-05      1
2848 9.828047e-07      1
2849 2.708756e-05      1
2850 4.424798e-05      1
2851 1.268971e-05      1
2852 4.808133e-05      1
2853 6.263468e-06      1
2854 5.955523e-07      1
2855 1.180342e-05      1
2856 8.466273e-06      1
2857 2.420152e-07      1
2858 1.227229e-06      1
2859 3.278164e-05      1
2860 5.678671e-06      1
2861 1.511683e-07      1
2862 4.393027e-08      1
2863 6.711174e-08      1
2864 1.037171e-05      1
2865 6.956482e-06      1
2866 9.749677e-06      1
2867 1.625473e-05      1
2868 8.018358e-07      1
2869 6.429587e-05      1
2870 3.878259e-05      1
2871 2.485482e-07      1
2872 1.655509e-06      1
2873 2.497353e-05      1
2874 3.539313e-06      1
2875 2.855159e-06      1
2876 3.080882e-06      1
2877 1.993392e-05      1
2878 1.239179e-04  0.627
2879 4.725595e-07      1
2880 2.274984e-06      1
2881 1.760033e-06      1
2882 3.994717e-05      1
2883 8.285686e-05      1
2884 2.551182e-05      1
2885 1.855652e-07      1
2886 7.759243e-07      1
2887 6.708498e-07      1
2888 6.693964e-07      1
2889 3.248259e-06      1
2890 3.761550e-11      1
2891 2.333358e-05      1
2892 1.969173e-06      1
2893 8.335915e-06      1
2894 1.653186e-05      1
2895 2.617662e-05      1
2896 2.979562e-05      1
2897 9.434071e-07      1
2898 3.741293e-05      1
2899 1.389694e-05      1
2900 8.065023e-06      1
2901 4.648536e-07      1
2902 3.891914e-07      1
2903 1.905002e-05      1
2904 7.050977e-08      1
2905 7.531207e-06      1
2906 3.478647e-05      1
2907 3.488481e-08      1
2908 8.281363e-06      1
2909 6.326263e-06      1
2910 9.384787e-06      1
2911 4.765800e-09      1
2912 1.828771e-07      1
2913 2.196082e-06      1
2914 1.201559e-05      1
2915 1.648121e-07      1
2916 9.904855e-06      1
2917 1.603446e-07      1
2918 3.209056e-06      1
2919 2.874965e-06      1
2920 9.840422e-08      1
2921 7.424345e-06      1
2922 2.634588e-05      1
2923 6.756497e-06      1
2924 5.682412e-06      1
2925 2.760623e-06      1
2926 4.368619e-06      1
2927 5.416216e-07      1
2928 2.171984e-05      1
2929 3.786002e-05      1
2930 2.259978e-06      1
2931 3.160016e-06      1
2932 3.136657e-07      1
2933 6.325561e-06      1
2934 1.883400e-07      1
2935 9.459857e-06      1
2936 6.377109e-06      1
2937 3.997470e-05      1
2938 5.503603e-05      1
2939 2.060704e-05      1
2940 4.204484e-07      1
2941 1.413936e-06      1
2942 1.188178e-05      1
2943 3.449655e-06      1
2944 3.027271e-08      1
2945 5.730687e-06      1
2946 3.909901e-06      1
2947 1.584916e-05      1
2948 4.660894e-05      1
2949 9.540278e-06      1
2950 7.564814e-06      1
2951 2.707504e-06      1
2952 4.347149e-08      1
2953 2.459258e-05      1
2954 2.512721e-05      1
2955 1.120411e-05      1
2956 8.263156e-05      1
2957 1.378303e-05      1
2958 1.166899e-05      1
2959 6.969193e-06      1
2960 3.058127e-08      1
2961 5.810082e-05      1
2962 3.761613e-05      1
2963 3.011561e-05      1
2964 5.235252e-06      1
2965 3.917134e-07      1
2966 6.538209e-08      1
2967 2.434076e-06      1
2968 4.682772e-08      1
2969 2.684155e-06      1
2970 2.307303e-07      1
2971 5.264610e-05      1
2972 8.069628e-06      1
2973 7.921636e-06      1
2974 4.989724e-08      1
2975 8.963907e-06      1
2976 1.301281e-05      1
2977 2.353846e-06      1
2978 1.448807e-05      1
2979 2.662218e-07      1
2980 2.344209e-06      1
2981 5.714366e-07      1
2982 1.584359e-06      1
2983 1.879798e-05      1
2984 2.476577e-05      1
2985 4.489532e-06      1
2986 4.661438e-07      1
2987 6.002023e-05      1
2988 1.852012e-06      1
2989 1.733242e-06      1
2990 1.362560e-08      1
2991 8.116667e-07      1
2992 8.931467e-08      1
2993 2.829483e-07      1
2994 5.358123e-06      1
2995 2.856784e-07      1
2996 8.600307e-06      1
2997 9.730498e-07      1
2998 1.356611e-06      1
2999 1.884083e-06      1
3000 7.051601e-06      1
3001 4.962805e-06      1
3002 4.594805e-07      1
3003 1.202080e-05      1
3004 7.371075e-08      1
3005 8.067736e-06      1
3006 1.506586e-06      1
3007 1.711743e-05      1
3008 3.894905e-06      1
3009 3.986985e-07      1
3010 2.735087e-06      1
3011 4.692723e-07      1
3012 2.018059e-06      1
3013 6.333938e-06      1
3014 7.510987e-08      1
3015 1.381838e-06      1
3016 3.789365e-06      1
3017 2.743591e-05      1
3018 3.094684e-05      1
3019 1.703511e-05      1
3020 8.779666e-07      1
3021 1.809260e-06      1
3022 1.097158e-05      1
3023 3.937871e-05      1
3024 1.727137e-05      1
3025 2.022166e-05      1
3026 1.506348e-05      1
3027 5.575757e-06      1
3028 5.095104e-06      1
3029 9.127260e-06      1
3030 3.526706e-05      1
3031 8.230666e-06      1
3032 1.799685e-05      1
3033 1.080633e-10      1
3034 2.864711e-05      1
3035 1.675082e-06      1
3036 6.629826e-06      1
3037 2.613679e-06      1
3038 1.841777e-05      1
3039 3.785552e-07      1
3040 3.016158e-05      1
3041 4.305154e-07      1
3042 1.271712e-06      1
3043 2.472325e-08      1
3044 3.477715e-06      1
3045 4.985670e-06      1
3046 1.343902e-08      1
3047 4.965404e-06      1
3048 1.055657e-06      1
3049 1.647089e-06      1
3050 7.677880e-05      1
3051 6.969231e-10      1
3052 2.110739e-06      1
3053 1.520149e-06      1
3054 5.438598e-05      1
3055 1.065811e-09      1
3056 1.115719e-05      1
3057 1.650857e-05      1
3058 2.328992e-06      1
3059 8.817603e-06      1
3060 2.600915e-06      1
3061 2.527802e-06      1
3062 1.258293e-07      1
3063 1.086724e-08      1
3064 2.859328e-05      1
3065 1.884645e-06      1
3066 1.509758e-05      1
3067 3.807286e-06      1
3068 6.788462e-05      1
3069 2.803358e-06      1
3070 7.790097e-07      1
3071 2.673260e-07      1
3072 1.728909e-06      1
3073 6.649877e-08      1
3074 2.840519e-08      1
3075 2.040438e-05      1
3076 9.122230e-07      1
3077 1.701192e-06      1
3078 6.541884e-06      1
3079 4.793897e-05      1
3080 2.764873e-05      1
3081 1.509368e-04  0.363
3082 2.023452e-06      1
3083 5.505406e-06      1
3084 2.559801e-05      1
3085 4.555322e-06      1
3086 1.200279e-05      1
3087 2.936809e-05      1
3088 6.828557e-06      1
3089 5.498753e-07      1
3090 4.897534e-06      1
3091 4.690385e-06      1
3092 8.685858e-06      1
3093 2.956453e-05      1
3094 4.656104e-06      1
3095 8.644524e-06      1
3096 1.006158e-05      1
3097 3.540543e-05      1
3098 2.178130e-05      1
3099 8.783312e-06      1
3100 3.702123e-08      1
3101 2.189181e-06      1
3102 6.278329e-05      1
3103 3.082286e-06      1
3104 5.929687e-06      1
3105 7.851949e-06      1
3106 3.892465e-05      1
3107 4.567360e-07      1
3108 4.094034e-05      1
3109 9.977819e-06      1
3110 1.227783e-05      1
3111 1.569887e-05      1
3112 8.216359e-07      1
3113 1.755679e-05      1
3114 9.322474e-06      1
3115 1.432272e-05      1
3116 2.686277e-05      1
3117 1.537492e-07      1
3118 1.960112e-06      1
3119 3.544807e-07      1
3120 8.668598e-07      1
3121 1.401496e-06      1
3122 4.522662e-07      1
3123 3.374071e-06      1
3124 1.867185e-07      1
3125 4.276936e-05      1
3126 4.271831e-05      1
3127 6.315969e-06      1
3128 9.002862e-06      1
3129 3.714165e-06      1
3130 5.250385e-07      1
3131 6.172328e-07      1
3132 6.496929e-08      1
3133 4.071927e-06      1
3134 6.929692e-05      1
3135 1.297038e-06      1
3136 9.737123e-08      1
3137 4.747440e-07      1
3138 5.435791e-06      1
3139 4.434620e-06      1
3140 2.948299e-05      1
3141 2.277648e-05      1
3142 2.364545e-06      1
3143 4.652820e-06      1
3144 2.149591e-05      1
3145 4.942826e-06      1
3146 1.538931e-06      1
3147 6.350693e-07      1
3148 6.606501e-09      1
3149 6.922777e-06      1
3150 8.420245e-07      1
3151 1.253168e-05      1
3152 2.083561e-05      1
3153 6.972740e-06      1
3154 1.987508e-05      1
3155 5.774321e-08      1
3156 3.880421e-05      1
3157 6.372507e-06      1
3158 1.780677e-06      1
3159 1.574167e-05      1
3160 3.143946e-05      1
3161 1.236069e-05      1
3162 7.570473e-06      1
3163 1.521335e-05      1
3164 3.742129e-06      1
3165 2.100565e-06      1
3166 1.359965e-05      1
3167 8.753667e-06      1
3168 6.174204e-05      1
3169 4.578000e-05      1
3170 1.862707e-06      1
3171 1.932090e-06      1
3172 2.679831e-06      1
3173 5.217272e-06      1
3174 2.649772e-05      1
3175 5.342107e-06      1
3176 1.003950e-04      1
3177 5.786950e-07      1
3178 1.033284e-05      1
3179 4.419767e-06      1
3180 7.004465e-06      1
3181 3.173084e-05      1
3182 1.084632e-05      1
3183 3.840142e-06      1
3184 5.529531e-05      1
3185 2.535931e-06      1
3186 9.809498e-05      1
3187 1.243616e-05      1
3188 3.235898e-06      1
3189 8.781976e-09      1
3190 4.924050e-06      1
3191 4.256654e-07      1
3192 1.325271e-05      1
3193 2.075384e-07      1
3194 1.428769e-05      1
3195 5.594733e-07      1
3196 9.222983e-06      1
3197 2.585876e-08      1
3198 4.077957e-06      1
3199 2.226833e-06      1
3200 3.582697e-06      1
3201 8.219438e-06      1
3202 2.008234e-05      1
3203 3.486278e-06      1
3204 9.325345e-08      1
3205 9.046709e-06      1
3206 5.320899e-07      1
3207 1.823017e-06      1
3208 2.832891e-05      1
3209 8.830959e-08      1
3210 5.667764e-09      1
3211 3.278775e-06      1
3212 9.500469e-09      1
3213 1.507633e-05      1
3214 1.955947e-09      1
3215 4.078954e-06      1
3216 1.730105e-05      1
3217 2.177133e-06      1
3218 7.159154e-07      1
3219 2.163730e-05      1
3220 1.244503e-05      1
3221 2.916854e-06      1
3222 3.992339e-05      1
3223 7.865981e-06      1
3224 1.054006e-05      1
3225 7.139072e-07      1
3226 6.943354e-08      1
3227 1.844531e-07      1
3228 1.851718e-06      1
3229 5.104582e-06      1
3230 5.972626e-06      1
3231 2.619546e-06      1
3232 6.326528e-06      1
3233 3.424037e-05      1
3234 3.230396e-07      1
3235 1.595024e-05      1
3236 1.775671e-07      1
3237 3.784173e-06      1
3238 1.439724e-05      1
3239 9.798077e-06      1
3240 4.191174e-06      1
3241 1.019004e-05      1
3242 1.311660e-04  0.396
3243 2.368587e-06      1
3244 4.371055e-06      1
3245 1.429746e-06      1
3246 5.843671e-06      1
3247 1.349877e-05      1
3248 4.266050e-07      1
3249 3.832606e-07      1
3250 1.262012e-05      1
3251 6.542460e-06      1
3252 9.410811e-07      1
3253 4.662068e-05      1
3254 2.290806e-05      1
3255 6.250861e-06      1
3256 1.231062e-08      1
3257 1.459613e-05      1
3258 9.016825e-06      1
3259 1.464284e-07      1
3260 4.857469e-06      1
3261 5.949848e-08      1
3262 3.809793e-05      1
3263 1.001707e-06      1
3264 1.036421e-06      1
3265 1.054506e-05      1
3266 1.121876e-09      1
3267 2.921755e-05      1
3268 2.619562e-05      1
3269 6.196486e-05      1
3270 6.430349e-06      1
3271 9.744245e-06      1
3272 3.707129e-05      1
3273 3.350847e-06      1
3274 7.201772e-06      1
3275 3.831488e-06      1
3276 5.774444e-06      1
3277 1.035843e-06      1
3278 4.968221e-05      1
3279 2.574052e-06      1
3280 3.124790e-05      1
3281 1.296440e-06      1
3282 8.359978e-08      1
3283 3.065689e-05      1
3284 3.389790e-07      1
3285 1.135272e-06      1
3286 3.715035e-06      1
3287 5.246719e-07      1
3288 2.266741e-07      1
3289 5.578427e-06      1
3290 3.313715e-05      1
3291 3.719821e-05      1
3292 2.979006e-08      1
3293 1.379424e-05      1
3294 1.189170e-05      1
3295 8.302062e-07      1
3296 6.197742e-06      1
3297 5.637893e-05      1
3298 2.190881e-06      1
3299 1.536980e-05      1
3300 3.201295e-05      1

$`MR-PRESSO results`$`Distortion Test`
$`MR-PRESSO results`$`Distortion Test`$`Outliers Indices`
[1]  127  691  730 1516

$`MR-PRESSO results`$`Distortion Test`$`Distortion Coefficient`
beta.exposure 
     5.839896 

$`MR-PRESSO results`$`Distortion Test`$Pvalue
[1] 0.77529



