$`Main MR results`
       Exposure       MR Analysis Causal Estimate           Sd     T-stat
1 beta.exposure               Raw   -0.0001213775 0.0009028194 -0.1344427
2 beta.exposure Outlier-corrected              NA           NA         NA
    P-value
1 0.8933819
2        NA

$`MR-PRESSO results`
$`MR-PRESSO results`$`Global Test`
$`MR-PRESSO results`$`Global Test`$RSSobs
[1] 129.8085

$`MR-PRESSO results`$`Global Test`$Pvalue
[1] 6e-04


$`MR-PRESSO results`$`Outlier Test`
         RSSobs Pvalue
1  3.726513e-06      1
2  1.769044e-05      1
3  2.369242e-06      1
4  1.092288e-06      1
5  1.535322e-05      1
6  8.595421e-06      1
7  3.417556e-06      1
8  1.910663e-07      1
9  6.223568e-07      1
10 5.063706e-05      1
11 1.197619e-06      1
12 8.379021e-06      1
13 7.342350e-07      1
14 1.181181e-05      1
15 1.856985e-06      1
16 4.457032e-06      1
17 5.100813e-07      1
18 9.108199e-06      1
19 6.331277e-07      1
20 4.387026e-07      1
21 7.366076e-07      1
22 7.915842e-06      1
23 1.740785e-06      1
24 1.370733e-06      1
25 6.164812e-06      1
26 4.625953e-06      1
27 2.687787e-05      1
28 4.304715e-05      1
29 4.025564e-06      1
30 7.684692e-06      1
31 5.990694e-06      1
32 1.102362e-07      1
33 2.290906e-07      1
34 9.893640e-06 0.5893
35 1.459881e-06      1
36 6.528881e-06      1
37 1.753559e-06      1
38 6.155710e-07      1
39 4.198890e-06      1
40 1.557890e-06      1
41 7.529337e-06      1
42 5.200897e-06      1
43 8.845745e-07      1
44 1.443575e-06      1
45 4.351205e-08      1
46 5.511819e-06      1
47 9.194507e-07      1
48 1.221615e-05      1
49 4.950038e-08      1
50 7.312149e-10      1
51 2.231673e-07      1
52 1.123030e-06      1
53 2.600987e-07      1
54 4.978588e-06      1
55 5.753035e-06      1
56 3.010100e-07      1
57 3.386278e-06      1
58 1.735879e-05      1
59 9.326492e-06      1
60 4.887646e-07      1
61 5.915985e-07      1
62 1.264907e-06      1
63 4.070020e-06      1
64 1.331754e-05 0.1577
65 9.284147e-07      1
66 4.073749e-09      1
67 4.435396e-08      1
68 3.601519e-06      1
69 6.059681e-08      1
70 6.304899e-06      1
71 5.560701e-06      1
72 1.048090e-05 0.9711
73 9.580277e-06      1
74 2.967285e-07      1
75 1.562554e-05      1
76 1.444270e-07      1
77 9.746143e-06      1
78 5.330398e-06      1
79 5.745355e-07      1
80 3.091262e-07      1
81 1.310016e-06      1
82 4.886215e-07      1
83 1.144570e-07      1

$`MR-PRESSO results`$`Distortion Test`
$`MR-PRESSO results`$`Distortion Test`$`Outliers Indices`
[1] "No significant outliers"

$`MR-PRESSO results`$`Distortion Test`$`Distortion Coefficient`
[1] NA

$`MR-PRESSO results`$`Distortion Test`$Pvalue
[1] NA



