$`Main MR results`
       Exposure       MR Analysis Causal Estimate         Sd     T-stat
1 beta.exposure               Raw   -0.0008027347 0.00149362 -0.5374422
2 beta.exposure Outlier-corrected              NA         NA         NA
    P-value
1 0.5910011
2        NA

$`MR-PRESSO results`
$`MR-PRESSO results`$`Global Test`
$`MR-PRESSO results`$`Global Test`$RSSobs
[1] 3611.45

$`MR-PRESSO results`$`Global Test`$Pvalue
[1] "<1e-05"


$`MR-PRESSO results`$`Outlier Test`
           RSSobs  Pvalue
1    5.282555e-05       1
2    8.419126e-05       1
3    2.579163e-05       1
4    2.972126e-04       1
5    5.500636e-06       1
6    6.700843e-06       1
7    6.354591e-06       1
8    5.424659e-04       1
9    7.450781e-05       1
10   3.700138e-04       1
11   1.075205e-05       1
12   4.590830e-04       1
13   9.169911e-06       1
14   4.714172e-05       1
15   8.175630e-05       1
16   3.737302e-04       1
17   3.579855e-06       1
18   3.448701e-06       1
19   1.231503e-03       1
20   5.296190e-04       1
21   1.201893e-04       1
22   7.108108e-05       1
23   1.734806e-04       1
24   1.047650e-04       1
25   4.887542e-05       1
26   3.543315e-05       1
27   2.214852e-04       1
28   3.679789e-04       1
29   3.325569e-05       1
30   4.621479e-05       1
31   9.965855e-06       1
32   5.307670e-05       1
33   3.812591e-06       1
34   1.024080e-04       1
35   1.165122e-05       1
36   4.764611e-07       1
37   3.880688e-04       1
38   1.706139e-05       1
39   1.249763e-04       1
40   8.355596e-06       1
41   3.224474e-04       1
42   2.315481e-05       1
43   4.812592e-06       1
44   2.993308e-06       1
45   2.176310e-04       1
46   9.607609e-06       1
47   3.294924e-05       1
48   2.275598e-05       1
49   8.034335e-06       1
50   1.934411e-05       1
51   3.496584e-04       1
52   1.201781e-06       1
53   1.867363e-05       1
54   4.179934e-05       1
55   3.021209e-07       1
56   4.380817e-05       1
57   4.053426e-04       1
58   2.722089e-05       1
59   1.151294e-08       1
60   7.326547e-06       1
61   1.405214e-04       1
62   2.884821e-05       1
63   1.096570e-05       1
64   3.388514e-06       1
65   1.006712e-05       1
66   3.519507e-04       1
67   2.963976e-04       1
68   2.283442e-07       1
69   8.009513e-06       1
70   1.549902e-04       1
71   3.362159e-05       1
72   1.806506e-04       1
73   8.596829e-05       1
74   5.752344e-05       1
75   3.302196e-06       1
76   2.422847e-07       1
77   1.547289e-05       1
78   3.366603e-08       1
79   1.482010e-04       1
80   8.075440e-06       1
81   2.192924e-04       1
82   3.807237e-05       1
83   8.915666e-05       1
84   2.597606e-05       1
85   6.428026e-07       1
86   5.115822e-04       1
87   3.116963e-05       1
88   1.346951e-05       1
89   9.983931e-04       1
90   2.768291e-03 0.09228
91   1.558472e-05       1
92   1.898743e-04       1
93   8.417797e-05       1
94   7.244135e-05       1
95   1.198085e-03       1
96   1.808691e-05       1
97   1.255119e-06       1
98   1.184882e-04       1
99   1.296319e-05       1
100  1.349682e-04       1
101  1.292187e-05       1
102  1.563489e-03       1
103  1.018323e-05       1
104  4.651295e-04       1
105  2.326166e-05       1
106  2.940828e-05       1
107  6.750179e-06       1
108  3.581065e-06       1
109  3.513707e-05       1
110  4.059177e-05       1
111  1.621991e-03 0.06152
112  2.104432e-07       1
113  5.250893e-05       1
114  3.601587e-04       1
115  1.578636e-06       1
116  7.104630e-05       1
117  1.778411e-05       1
118  6.312866e-07       1
119  2.769702e-07       1
120  4.656547e-04       1
121  7.956587e-06       1
122  2.735012e-06       1
123  4.336272e-08       1
124  4.130157e-05       1
125  1.631728e-04       1
126  2.158826e-06       1
127  7.312423e-05       1
128  1.275183e-04       1
129  4.465686e-05       1
130  4.034786e-05       1
131  1.877608e-05       1
132  1.483909e-05       1
133  4.138578e-05       1
134  1.086519e-05       1
135  4.017047e-07       1
136  9.094227e-04       1
137  3.225041e-06       1
138  1.638027e-05       1
139  3.883929e-04       1
140  7.013958e-05       1
141  6.774157e-05       1
142  1.129899e-04       1
143  5.564707e-06       1
144  7.681986e-06       1
145  1.607987e-06       1
146  7.770003e-05       1
147  1.782726e-05       1
148  1.418481e-04       1
149  3.642866e-04       1
150  5.976216e-04       1
151  2.429945e-04       1
152  1.359841e-04       1
153  2.427959e-04       1
154  1.467887e-05       1
155  6.893055e-07       1
156  1.014747e-04       1
157  5.067724e-04       1
158  5.441076e-04       1
159  3.494656e-05       1
160  3.230687e-05       1
161  1.725686e-04       1
162  1.279761e-05       1
163  3.183591e-06       1
164  1.567877e-04       1
165  1.670076e-04       1
166  1.910826e-05       1
167  1.556393e-03       1
168  3.690208e-07       1
169  3.446298e-04       1
170  1.253261e-05       1
171  1.444156e-04       1
172  3.493674e-05       1
173  2.675186e-05       1
174  1.257668e-04       1
175  2.487814e-05       1
176  2.299997e-04       1
177  7.380345e-06       1
178  7.934572e-06       1
179  1.653103e-05       1
180  5.657799e-04       1
181  5.574375e-04       1
182  5.173217e-05       1
183  2.014702e-05       1
184  4.613298e-03       1
185  3.453680e-05       1
186  2.810906e-05       1
187  2.073227e-06       1
188  3.874528e-06       1
189  1.146550e-04       1
190  2.367959e-05       1
191  8.089512e-06       1
192  8.079059e-04       1
193  1.625429e-03       1
194  1.484680e-05       1
195  1.144609e-03       1
196  1.653270e-04       1
197  4.999152e-05       1
198  1.058908e-04       1
199  5.713645e-04       1
200  8.113983e-05       1
201  2.254891e-05       1
202  1.347534e-04       1
203  3.526776e-05       1
204  3.300876e-04       1
205  8.737280e-06       1
206  1.305393e-04       1
207  2.059885e-05       1
208  3.555082e-04       1
209  7.113581e-05       1
210  3.387654e-04       1
211  1.891283e-04       1
212  4.249083e-05       1
213  2.692401e-04       1
214  9.763668e-07       1
215  3.769224e-05       1
216  1.235969e-09       1
217  2.749372e-06       1
218  9.426893e-06       1
219  3.467294e-04       1
220  2.111154e-04       1
221  4.157172e-06       1
222  8.363025e-07       1
223  2.458902e-06       1
224  2.253375e-04       1
225  5.920642e-06       1
226  6.310250e-07       1
227  5.181122e-05       1
228  6.897336e-05       1
229  3.355984e-05       1
230  8.603859e-07       1
231  2.517167e-04       1
232  1.551246e-05       1
233  2.794846e-05       1
234  1.993619e-03       1
235  2.024944e-03       1
236  1.389952e-03       1
237  1.180710e-04       1
238  3.544244e-05       1
239  5.786815e-05       1
240  3.854357e-04       1
241  2.564371e-05       1
242  3.275136e-05       1
243  2.933901e-04       1
244  2.495964e-08       1
245  4.796337e-06       1
246  5.650289e-05       1
247  2.684601e-04       1
248  3.642752e-04       1
249  1.513187e-04       1
250  6.984961e-04       1
251  7.950337e-04       1
252  4.387563e-05       1
253  1.224861e-05       1
254  1.330145e-04       1
255  5.891544e-05       1
256  8.448132e-05       1
257  2.102530e-03       1
258  8.921994e-05       1
259  1.017698e-06       1
260  2.645061e-05       1
261  9.575657e-05       1
262  1.082610e-04       1
263  9.307555e-05       1
264  7.264324e-04       1
265  8.122793e-08       1
266  3.189950e-07       1
267  2.270010e-04       1
268  1.316844e-04       1
269  1.207143e-05       1
270  9.594651e-06       1
271  3.214858e-04       1
272  1.266363e-03       1
273  1.831587e-03       1
274  2.396501e-05       1
275  1.178818e-05       1
276  5.113358e-05       1
277  3.722277e-06       1
278  2.878906e-07       1
279  2.084892e-06       1
280  7.891020e-06       1
281  1.346666e-04       1
282  4.502965e-06       1
283  2.215909e-04       1
284  3.430242e-04       1
285  3.757098e-04       1
286  7.313275e-05       1
287  2.934335e-06       1
288  2.705830e-03       1
289  5.392514e-09       1
290  1.111073e-05       1
291  3.072752e-07       1
292  1.030393e-04       1
293  1.258357e-04       1
294  1.830974e-05       1
295  1.551173e-03       1
296  1.293330e-03       1
297  4.546183e-03       1
298  2.599875e-03       1
299  2.518853e-05       1
300  3.005672e-05       1
301  7.882213e-04       1
302  1.343952e-03       1
303  2.071388e-05       1
304  3.428952e-03       1
305  1.463239e-05       1
306  3.642630e-04       1
307  2.540914e-04       1
308  7.114738e-04       1
309  1.241441e-04       1
310  6.096133e-04       1
311  1.707806e-03       1
312  1.942657e-04       1
313  1.696018e-06       1
314  3.369857e-04       1
315  2.002945e-04       1
316  2.392689e-04       1
317  2.508156e-04       1
318  2.965981e-04       1
319  7.380575e-07       1
320  5.359638e-06       1
321  6.017797e-04       1
322  4.799476e-04       1
323  1.625345e-04       1
324  4.000365e-08       1
325  6.265310e-05       1
326  1.179972e-03       1
327  8.363922e-04       1
328  5.430362e-04       1
329  1.931610e-04       1
330  2.385907e-04       1
331  4.437644e-06       1
332  7.491857e-06       1
333  1.005325e-04       1
334  8.338182e-05       1
335  2.136379e-04       1
336  7.781488e-05       1
337  3.074591e-05       1
338  1.559685e-04       1
339  9.139436e-05       1
340  2.502415e-03       1
341  1.113041e-05       1
342  1.633631e-04       1
343  1.090544e-06       1
344  1.897739e-04       1
345  9.324549e-05       1
346  2.545150e-04       1
347  1.545761e-04       1
348  8.441902e-05       1
349  8.627676e-06       1
350  8.050169e-06       1
351  5.625343e-07       1
352  3.905797e-06       1
353  1.310728e-04       1
354  2.158994e-04       1
355  1.905285e-07       1
356  1.207669e-03       1
357  1.249605e-04       1
358  2.305140e-06       1
359  6.897213e-04       1
360  1.758532e-04       1
361  2.136277e-04       1
362  8.557768e-05       1
363  1.127180e-03       1
364  9.768226e-05       1
365  1.708509e-04       1
366  4.724596e-05       1
367  5.566536e-05       1
368  4.483837e-05       1
369  1.579954e-05       1
370  2.603157e-04       1
371  1.672367e-04       1
372  1.428335e-04       1
373  2.071251e-04       1
374  1.121812e-05       1
375  6.952100e-05       1
376  1.135149e-03       1
377  2.813269e-05       1
378  7.555608e-07       1
379  1.129301e-04       1
380  2.079052e-04       1
381  3.422756e-04       1
382  4.716486e-04       1
383  8.812868e-06       1
384  1.738405e-04       1
385  1.096278e-04       1
386  9.153521e-04       1
387  2.799288e-05       1
388  2.871595e-03       1
389  1.190074e-04       1
390  4.123484e-04       1
391  2.733102e-04       1
392  1.178192e-04       1
393  3.116168e-04       1
394  1.550751e-04       1
395  7.019278e-04       1
396  1.153076e-04       1
397  1.361189e-04       1
398  1.755518e-04       1
399  3.195714e-05       1
400  1.157119e-04       1
401  1.110059e-04       1
402  5.418472e-07       1
403  3.679701e-04       1
404  1.122707e-05       1
405  1.162860e-04       1
406  9.254542e-05       1
407  5.612488e-06       1
408  7.226492e-04       1
409  3.519813e-05       1
410  3.283094e-06       1
411  9.528379e-05       1
412  4.828113e-04       1
413  4.345013e-05       1
414  1.866428e-03       1
415  7.186276e-06       1
416  1.467354e-04       1
417  1.030610e-05       1
418  1.782415e-04       1
419  3.950009e-05       1
420  8.829504e-04       1
421  1.209826e-04       1
422  2.012455e-05       1
423  3.860696e-05       1
424  5.116410e-05       1
425  4.784142e-05       1
426  2.138473e-04       1
427  7.243349e-05       1
428  1.008579e-07       1
429  3.550802e-04       1
430  1.338920e-03       1
431  9.268845e-03  0.6152
432  4.557939e-05       1
433  4.506613e-05       1
434  6.744232e-04       1
435  2.125563e-04       1
436  3.784292e-04       1
437  6.918237e-05       1
438  4.012789e-04       1
439  2.871111e-04       1
440  9.793810e-06       1
441  2.757650e-06       1
442  3.542327e-05       1
443  1.307701e-03       1
444  3.836516e-05       1
445  3.236957e-03       1
446  4.907313e-07       1
447  3.342263e-04       1
448  3.002772e-04       1
449  8.230711e-06       1
450  3.375177e-04       1
451  3.465895e-04       1
452  4.117929e-05       1
453  4.812422e-05       1
454  1.286857e-05       1
455  5.178729e-04       1
456  1.422411e-06       1
457  3.924911e-03       1
458  2.039599e-03       1
459  4.935065e-04       1
460  6.269059e-04       1
461  5.208448e-04       1
462  7.356732e-06       1
463  1.872300e-03       1
464  4.374853e-04       1
465  1.988627e-03       1
466  2.205719e-04       1
467  4.556845e-05       1
468  6.637318e-05       1
469  2.537856e-04       1
470  1.002918e-04       1
471  8.885512e-04       1
472  6.073705e-05       1
473  2.051353e-04       1
474  2.490616e-03       1
475  4.960308e-05       1
476  5.130932e-07       1
477  8.831437e-04       1
478  2.912506e-04       1
479  8.316007e-05       1
480  9.601010e-05       1
481  2.950895e-04       1
482  5.210652e-05       1
483  1.324244e-04       1
484  3.803805e-04       1
485  9.766694e-04       1
486  1.048640e-04       1
487  6.002835e-03       1
488  1.950706e-04       1
489  7.689487e-05       1
490  1.480969e-07       1
491  5.788149e-04       1
492  1.391634e-05       1
493  1.308848e-06       1
494  6.751558e-04       1
495  9.986480e-06       1
496  1.313707e-04       1
497  4.750929e-05       1
498  1.021275e-04       1
499  1.570127e-04       1
500  1.442152e-05       1
501  1.176207e-04       1
502  1.885423e-05       1
503  6.466810e-06       1
504  3.447453e-05       1
505  3.666071e-05       1
506  2.355640e-05       1
507  4.298545e-05       1
508  6.070835e-05       1
509  3.326320e-04       1
510  4.062561e-04       1
511  1.418765e-05       1
512  2.925657e-06       1
513  3.838614e-05       1
514  9.617124e-04       1
515  1.033545e-03       1
516  1.052411e-03       1
517  2.951603e-05       1
518  9.130649e-05       1
519  4.263696e-05       1
520  4.008231e-04       1
521  3.165018e-05       1
522  2.207808e-08       1
523  1.779213e-05       1
524  3.233450e-05       1
525  8.551471e-06       1
526  1.948885e-05       1
527  1.240423e-05       1
528  5.805939e-05       1
529  9.201459e-05       1
530  2.965647e-04       1
531  7.768337e-07       1
532  9.046646e-05       1
533  8.556691e-05       1
534  4.018929e-05       1
535  9.531677e-05       1
536  6.383593e-06       1
537  7.689514e-06       1
538  7.126812e-07       1
539  6.651973e-05       1
540  1.716150e-06       1
541  1.095417e-05       1
542  3.913503e-04       1
543  4.412311e-06       1
544  3.738598e-05       1
545  2.833495e-04       1
546  3.921358e-05       1
547  5.248839e-05       1
548  2.763910e-05       1
549  6.429842e-05       1
550  5.736704e-04       1
551  1.411436e-05       1
552  2.301248e-04       1
553  2.946608e-04       1
554  6.057228e-07       1
555  8.248808e-06       1
556  8.675489e-06       1
557  1.597530e-04       1
558  1.833254e-03       1
559  4.813416e-05       1
560  8.493852e-06       1
561  1.511685e-07       1
562  4.524099e-06       1
563  3.773076e-05       1
564  2.011127e-04       1
565  4.263556e-04       1
566  9.588190e-04       1
567  7.694621e-04       1
568  1.224532e-04       1
569  5.054501e-05       1
570  9.994202e-06       1
571  3.976708e-06       1
572  3.031257e-04       1
573  1.221840e-04       1
574  1.450726e-05       1
575  3.657984e-04       1
576  5.997047e-07       1
577  8.473250e-06       1
578  1.640488e-04       1
579  1.012446e-05       1
580  1.637463e-07       1
581  3.479760e-05       1
582  2.107945e-04       1
583  2.143354e-04       1
584  8.854472e-05       1
585  7.145964e-06       1
586  1.224387e-04       1
587  8.876168e-05       1
588  2.745306e-04       1
589  2.785789e-04       1
590  3.229166e-05       1
591  4.595532e-06       1
592  1.814341e-04       1
593  1.154392e-04       1
594  2.935173e-05       1
595  9.763254e-06       1
596  5.404451e-05       1
597  7.189353e-05       1
598  5.473109e-06       1
599  1.577991e-04       1
600  3.374100e-05       1
601  1.263877e-05       1
602  5.964246e-05       1
603  5.309569e-05       1
604  2.041258e-05       1
605  3.728861e-04       1
606  1.525503e-03       1
607  6.582760e-06       1
608  1.748458e-04       1
609  7.170158e-06       1
610  1.219910e-04       1
611  5.037261e-05       1
612  6.614452e-05       1
613  2.190054e-04       1
614  5.552343e-05       1
615  3.882728e-05       1
616  5.456419e-05       1
617  2.932090e-04       1
618  2.237543e-05       1
619  3.362431e-04       1
620  4.165790e-05       1
621  4.975871e-05       1
622  1.587863e-04       1
623  2.286848e-04       1
624  2.006105e-06       1
625  5.014415e-07       1
626  8.249188e-07       1
627  1.065655e-05       1
628  2.547672e-04       1
629  4.597989e-05       1
630  8.650116e-05       1
631  5.132510e-05       1
632  6.418135e-06       1
633  1.798254e-05       1
634  4.761674e-05       1
635  5.744255e-05       1
636  8.293462e-07       1
637  1.441309e-06       1
638  5.836332e-05       1
639  7.131020e-05       1
640  2.179704e-06       1
641  2.767873e-07       1
642  5.300167e-04       1
643  1.185711e-04       1
644  8.849413e-05       1
645  4.384110e-07       1
646  8.378179e-05       1
647  1.750446e-04       1
648  1.563841e-10       1
649  2.489985e-05       1
650  3.515043e-04       1
651  2.269540e-05       1
652  1.086061e-04       1
653  1.238537e-04       1
654  5.316073e-05       1
655  4.479489e-04       1
656  9.747033e-05       1
657  2.240245e-04       1
658  8.533286e-05       1
659  1.415399e-04       1
660  9.196654e-04       1
661  5.931909e-09       1
662  2.573303e-05       1
663  3.010648e-04       1
664  9.375211e-06       1
665  8.262460e-05       1
666  2.863404e-06       1
667  1.011198e-03       1
668  4.655733e-05       1
669  2.912911e-04       1
670  1.559868e-04       1
671  6.646540e-05       1
672  4.274750e-06       1
673  1.551930e-05       1
674  4.833275e-04       1
675  4.641126e-05       1
676  1.800070e-04       1
677  7.567384e-06       1
678  7.001084e-05       1
679  5.694128e-06       1
680  1.186317e-05       1
681  6.770671e-05       1
682  5.466480e-06       1
683  1.115583e-06       1
684  1.282878e-05       1
685  2.971492e-05       1
686  6.120254e-06       1
687  3.081637e-05       1
688  8.954351e-05       1
689  3.805049e-04       1
690  4.512624e-09       1
691  9.554814e-05       1
692  1.178212e-06       1
693  2.741060e-05       1
694  2.183206e-05       1
695  1.852168e-04       1
696  9.585783e-05       1
697  1.211985e-05       1
698  8.772974e-05       1
699  2.718820e-04       1
700  8.472120e-05       1
701  1.341181e-04       1
702  5.246055e-06       1
703  1.533851e-04       1
704  2.082589e-05       1
705  1.197062e-05       1
706  5.891822e-04       1
707  2.078168e-04       1
708  5.861854e-05       1
709  9.210657e-04       1
710  4.564555e-05       1
711  1.156490e-05       1
712  3.727701e-05       1
713  2.128606e-04       1
714  6.756019e-08       1
715  1.681264e-06       1
716  1.467894e-04       1
717  1.345708e-04       1
718  8.974546e-05       1
719  3.876411e-05       1
720  2.647629e-06       1
721  1.834616e-03       1
722  1.238526e-04       1
723  1.161797e-06       1
724  1.950557e-04       1
725  5.247429e-05       1
726  3.592972e-05       1
727  1.603211e-06       1
728  2.068546e-04       1
729  1.424508e-07       1
730  1.543557e-06       1
731  2.073499e-04       1
732  6.138942e-04       1
733  5.319959e-06       1
734  2.172966e-05       1
735  6.630336e-05       1
736  1.720112e-04       1
737  1.046569e-05       1
738  8.210764e-05       1
739  1.178413e-04       1
740  1.493162e-04       1
741  2.888050e-05       1
742  2.631511e-04       1
743  6.262594e-06       1
744  1.065345e-05       1
745  2.732950e-04       1
746  7.581137e-04       1
747  2.116054e-06       1
748  3.487160e-05       1
749  3.433961e-06       1
750  4.839076e-05       1
751  1.109440e-04       1
752  1.963508e-04       1
753  4.337689e-05       1
754  5.321466e-07       1
755  9.921777e-05       1
756  7.039511e-05       1
757  1.311495e-05       1
758  6.157401e-05       1
759  4.121014e-06       1
760  1.371106e-04       1
761  8.217997e-05       1
762  1.770554e-05       1
763  6.912689e-08       1
764  6.466164e-05       1
765  7.381457e-06       1
766  6.936514e-06       1
767  4.098386e-05       1
768  1.645971e-05       1
769  1.166186e-05       1
770  5.892875e-06       1
771  2.639139e-03       1
772  9.251121e-07       1
773  3.902804e-05       1
774  2.086129e-09       1
775  8.361239e-05       1
776  9.824407e-06       1
777  7.350062e-03       1
778  1.873487e-04       1
779  1.011891e-04       1
780  5.601268e-04       1
781  1.362713e-04       1
782  2.260167e-06       1
783  7.480701e-06       1
784  2.423698e-07       1
785  4.707810e-04       1
786  8.317309e-04       1
787  7.521519e-04       1
788  4.257735e-06       1
789  2.213322e-03       1
790  2.130787e-04       1
791  4.889616e-08       1
792  1.577172e-05       1
793  2.639260e-04       1
794  5.575287e-06       1
795  3.588387e-03       1
796  2.413659e-03       1
797  8.189638e-04       1
798  8.643633e-05       1
799  9.654010e-05       1
800  1.499830e-04       1
801  1.420516e-04       1
802  1.171795e-04       1
803  1.145223e-05       1
804  1.963643e-07       1
805  5.272817e-04       1
806  6.355909e-05       1
807  2.675783e-04       1
808  6.294670e-05       1
809  1.088131e-04       1
810  3.189613e-05       1
811  1.871537e-04       1
812  8.519871e-05       1
813  6.140574e-05       1
814  1.790153e-03       1
815  7.236166e-04       1
816  5.038725e-05       1
817  2.968822e-04       1
818  9.035868e-03       1
819  2.806932e-04       1
820  2.534865e-05       1
821  4.903446e-03       1
822  5.587962e-05       1
823  9.227357e-05       1
824  1.022646e-05       1
825  7.493181e-05       1
826  3.017165e-04       1
827  1.020517e-04       1
828  4.044336e-04       1
829  1.352963e-03       1
830  2.601731e-04       1
831  3.378189e-04       1
832  7.248710e-04       1
833  1.981794e-05       1
834  9.191874e-05       1
835  4.073233e-03       1
836  1.068876e-05       1
837  4.560671e-04       1
838  2.854210e-04       1
839  4.181241e-04       1
840  7.375070e-05       1
841  6.726749e-05       1
842  5.695368e-04       1
843  1.912967e-03       1
844  3.243093e-03       1
845  9.692162e-05       1
846  1.787589e-03       1
847  3.721655e-04       1
848  1.046635e-04       1
849  5.388753e-05       1
850  9.464044e-04       1
851  4.002647e-04       1
852  5.703043e-03       1
853  1.019655e-04       1
854  1.248531e-05       1
855  2.233421e-04       1
856  3.614437e-03       1
857  1.033987e-03       1
858  3.383118e-04       1
859  1.450911e-05       1
860  4.065177e-04       1
861  4.182085e-04       1
862  1.414972e-04       1
863  1.655419e-05       1
864  2.163333e-04       1
865  7.824942e-05       1
866  3.852063e-05       1
867  1.197583e-04       1
868  3.443530e-05       1
869  1.564814e-04       1
870  7.877740e-10       1
871  5.711903e-05       1
872  2.708643e-04       1
873  1.042725e-03       1
874  4.465680e-04       1
875  1.868144e-04       1
876  2.251253e-03       1
877  2.127953e-04       1
878  4.325071e-04       1
879  6.099552e-04       1
880  1.151864e-04       1
881  6.978903e-05       1
882  8.410458e-05       1
883  2.612034e-03       1
884  2.255184e-04       1
885  1.201857e-04       1
886  2.855290e-03       1
887  9.197094e-05       1
888  2.778699e-04       1
889  1.240554e-03       1
890  8.002630e-08       1
891  5.766178e-05       1
892  7.369385e-04       1
893  3.794326e-05       1
894  2.113015e-04       1
895  2.034109e-03       1
896  4.642116e-04       1
897  4.255783e-04       1
898  1.187992e-04       1
899  9.308240e-05       1
900  4.733420e-03       1
901  1.991986e-05       1
902  2.299315e-04       1
903  2.634410e-04       1
904  2.085147e-03       1
905  1.563112e-06       1
906  4.034886e-04       1
907  2.680323e-04       1
908  5.329588e-05       1
909  1.192961e-05       1
910  1.264045e-04       1
911  7.569958e-05       1
912  1.656930e-04       1
913  1.204870e-04       1
914  4.859299e-04       1
915  9.449787e-06       1
916  1.234876e-05       1
917  7.801935e-05       1
918  7.467384e-07       1
919  8.371257e-04       1
920  2.995883e-04       1
921  1.476933e-05       1
922  5.851172e-05       1
923  2.516635e-07       1
924  1.123687e-04       1
925  2.206917e-04       1
926  4.442410e-04       1
927  5.383207e-05       1
928  8.029270e-05       1
929  1.081067e-04       1
930  2.447519e-06       1
931  7.000350e-05       1
932  3.508212e-05       1
933  5.449424e-04       1
934  7.211207e-07       1
935  2.754925e-05       1
936  2.864342e-04       1
937  4.470883e-04       1
938  3.855799e-04       1
939  4.490164e-05       1
940  1.023778e-04       1
941  1.980545e-05       1
942  6.022025e-05       1
943  7.840828e-05       1
944  1.031238e-04       1
945  1.257288e-04       1
946  6.508732e-08       1
947  3.874638e-04       1
948  3.566586e-05       1
949  8.603855e-05       1
950  3.665357e-04       1
951  2.373251e-05       1
952  2.603899e-04       1
953  4.601235e-04       1
954  5.331222e-05       1
955  5.869695e-04       1
956  3.554857e-05       1
957  1.051207e-04       1
958  2.872504e-07       1
959  6.613073e-05       1
960  4.011890e-05       1
961  9.794535e-06       1
962  1.030738e-04       1
963  9.078802e-04       1
964  1.374460e-03       1
965  6.031636e-04       1
966  1.055466e-05       1
967  1.624004e-04       1
968  2.375551e-05       1
969  1.097389e-04       1
970  9.760035e-05       1
971  1.457732e-03       1
972  7.269993e-08       1
973  6.376015e-04       1
974  6.511939e-04       1
975  7.532405e-04       1
976  8.343311e-05       1
977  3.087065e-05       1
978  2.501304e-06       1
979  5.031318e-04       1
980  9.892064e-05       1
981  1.233349e-06       1
982  5.877113e-05       1
983  1.663501e-04       1
984  2.688938e-05       1
985  5.191006e-04       1
986  2.935298e-04       1
987  1.970154e-05       1
988  1.419153e-04       1
989  9.738036e-04       1
990  7.053522e-05       1
991  6.268769e-05       1
992  9.919050e-05       1
993  1.586702e-04       1
994  1.886376e-04       1
995  2.065948e-06       1
996  3.819478e-06       1
997  1.691110e-04       1
998  7.584395e-06       1
999  1.344832e-05       1
1000 1.357863e-05       1
1001 2.618595e-04       1
1002 1.289583e-04       1
1003 1.488258e-04       1
1004 1.692860e-04       1
1005 1.720957e-04       1
1006 1.567720e-05       1
1007 4.735116e-04       1
1008 3.069008e-04       1
1009 4.143561e-04       1
1010 2.750602e-05       1
1011 3.194118e-04       1
1012 4.793109e-04       1
1013 7.248442e-05       1
1014 6.635292e-06       1
1015 1.298805e-05       1
1016 2.988024e-04       1
1017 2.505928e-05       1
1018 2.488010e-06       1
1019 4.452404e-04       1
1020 1.327542e-03       1
1021 8.558532e-05       1
1022 6.264503e-06       1
1023 8.853888e-05       1
1024 1.894745e-04       1
1025 3.996755e-05       1
1026 9.013052e-04       1
1027 3.009393e-05       1
1028 3.524636e-05       1
1029 2.479198e-04       1
1030 1.264295e-05       1
1031 5.748443e-06       1
1032 1.336854e-04       1
1033 3.172869e-04       1
1034 7.876519e-04       1
1035 1.163300e-03       1
1036 1.080438e-06       1
1037 9.702942e-04       1
1038 2.426056e-04       1
1039 3.232250e-04       1
1040 2.407953e-04       1
1041 6.455368e-05       1
1042 4.681936e-04       1
1043 2.111221e-09       1
1044 6.798016e-07       1
1045 4.999877e-04       1
1046 6.140598e-05       1
1047 1.654948e-10       1
1048 1.164767e-04       1
1049 1.841356e-07       1
1050 3.577425e-04       1
1051 2.052842e-03       1
1052 3.440704e-04       1
1053 5.135751e-04       1
1054 1.055290e-04       1
1055 3.605263e-04       1
1056 2.489221e-04       1
1057 1.096768e-06       1
1058 3.520770e-05       1
1059 2.787358e-04       1
1060 7.219344e-05       1
1061 1.295447e-04       1
1062 2.075009e-05       1
1063 1.532223e-04       1
1064 4.529110e-03       1
1065 2.629811e-04       1
1066 5.014057e-04       1
1067 8.520922e-05       1
1068 7.103392e-05       1
1069 5.100936e-05       1
1070 7.978968e-04       1
1071 9.330814e-05       1
1072 1.042405e-04       1
1073 8.337633e-05       1
1074 8.615609e-04       1
1075 1.386486e-04       1
1076 3.508909e-05       1
1077 2.127359e-04       1
1078 3.126571e-05       1
1079 1.075286e-05       1
1080 6.187957e-07       1
1081 1.087004e-03       1
1082 3.569622e-04       1
1083 8.081796e-04       1
1084 9.687880e-06       1
1085 2.140745e-04       1
1086 1.235695e-05       1
1087 7.405198e-05       1
1088 8.063202e-06       1
1089 1.266503e-05       1
1090 1.386102e-05       1
1091 4.435838e-05       1
1092 3.425745e-04       1
1093 1.186574e-05       1
1094 7.907953e-05       1
1095 8.959204e-04       1
1096 6.353454e-03       1
1097 1.215103e-04       1
1098 4.748832e-04       1
1099 4.683146e-05       1
1100 1.325654e-07       1
1101 1.561430e-05       1
1102 2.970408e-04       1
1103 2.414756e-05       1
1104 7.946349e-06       1
1105 2.074346e-05       1
1106 1.920592e-04       1
1107 1.088047e-04       1
1108 7.749242e-05       1
1109 2.129572e-05       1
1110 1.930050e-06       1
1111 3.085723e-05       1
1112 1.354042e-03       1
1113 9.421860e-04       1
1114 1.991813e-06       1
1115 1.787107e-05       1
1116 6.147800e-06       1
1117 7.773796e-05       1
1118 1.108520e-05       1
1119 1.599918e-04       1
1120 7.018105e-04       1
1121 3.912436e-05       1
1122 1.478809e-06       1
1123 3.629130e-05       1
1124 1.121564e-04       1
1125 2.224362e-05       1
1126 4.330954e-05       1
1127 1.312906e-04       1
1128 6.600432e-06       1
1129 7.347280e-06       1
1130 5.981892e-07       1
1131 7.293602e-04       1
1132 2.702042e-04       1
1133 6.757708e-05       1
1134 2.920571e-04       1
1135 2.254599e-05       1
1136 2.245072e-04       1
1137 1.405507e-05       1
1138 1.199896e-05       1
1139 6.167360e-08       1
1140 5.842973e-06       1
1141 2.377737e-05       1
1142 1.247786e-06       1
1143 1.321188e-04       1
1144 5.450216e-05       1
1145 3.070398e-04       1
1146 1.034035e-04       1
1147 5.459979e-06       1
1148 6.801031e-06       1
1149 4.084563e-04       1
1150 1.519194e-05       1
1151 2.622257e-05       1
1152 3.905180e-06       1
1153 1.983757e-04       1
1154 1.570585e-06       1
1155 5.021077e-04       1
1156 5.984393e-05       1
1157 4.056528e-08       1
1158 7.535532e-06       1
1159 7.081838e-07       1
1160 4.965457e-05       1
1161 2.632335e-06       1
1162 1.872067e-05       1
1163 1.262509e-04       1
1164 1.729290e-05       1
1165 1.185927e-04       1
1166 1.344798e-04       1
1167 1.425092e-04       1
1168 1.308806e-04       1
1169 3.521723e-04       1
1170 1.717699e-04       1
1171 1.505121e-03       1
1172 3.680223e-04       1
1173 4.747777e-05       1
1174 1.713211e-04       1
1175 3.333909e-04       1
1176 1.157461e-03       1
1177 4.293335e-04       1
1178 1.006118e-04       1
1179 3.956087e-05       1
1180 2.255028e-04       1
1181 2.117978e-04       1
1182 2.302823e-04       1
1183 8.253576e-04       1
1184 6.334300e-06       1
1185 5.340369e-05       1
1186 9.627147e-06       1
1187 6.339120e-05       1
1188 2.136451e-04       1
1189 5.241140e-04       1
1190 4.686506e-05       1
1191 1.040759e-05       1
1192 2.802515e-05       1
1193 6.417067e-04       1
1194 3.134629e-05       1
1195 2.395948e-04       1
1196 2.543845e-05       1
1197 4.776695e-05       1
1198 5.804093e-06       1
1199 2.355182e-04       1
1200 1.742914e-04       1
1201 3.942105e-05       1
1202 3.481902e-06       1
1203 3.198588e-05       1
1204 1.649309e-05       1
1205 2.294537e-05       1
1206 3.880886e-04       1
1207 1.201243e-04       1
1208 1.717270e-06       1
1209 5.677714e-05       1
1210 2.335494e-05       1
1211 1.840950e-04       1
1212 9.597193e-05       1
1213 1.837746e-04       1
1214 3.683153e-05       1
1215 1.226846e-04       1
1216 7.644931e-05       1
1217 5.332250e-05       1
1218 5.335126e-05       1
1219 6.580207e-06       1
1220 1.631647e-05       1
1221 4.449116e-04       1
1222 1.630515e-05       1
1223 6.608188e-05       1
1224 1.659767e-06       1
1225 3.035326e-05       1
1226 9.855116e-06       1
1227 5.224319e-05       1
1228 6.735881e-07       1
1229 6.805758e-05       1
1230 2.865218e-05       1
1231 6.463985e-04       1
1232 1.660774e-07       1
1233 7.654738e-05       1
1234 2.444716e-04       1
1235 3.450206e-05       1
1236 2.055327e-04       1
1237 1.005323e-04       1
1238 4.224054e-06       1
1239 2.820998e-04       1
1240 2.487660e-05       1
1241 1.073515e-05       1
1242 2.620004e-05       1
1243 8.404648e-04       1
1244 2.043635e-04       1
1245 1.413505e-04       1
1246 1.541942e-04       1
1247 6.846705e-06       1
1248 4.103750e-04       1
1249 1.376884e-05       1
1250 3.415260e-06       1
1251 9.266730e-05       1
1252 6.837244e-05       1
1253 1.298229e-05       1
1254 2.450010e-05       1
1255 1.129732e-04       1
1256 6.451125e-05       1
1257 4.181136e-05       1
1258 8.425306e-05       1
1259 1.775736e-06       1
1260 3.370871e-03       1
1261 4.257303e-05       1
1262 1.403177e-04       1
1263 8.225663e-06       1
1264 6.058328e-06       1
1265 1.107132e-07       1
1266 2.428641e-06       1
1267 2.153065e-05       1
1268 9.283391e-05       1
1269 8.251475e-05       1
1270 7.994473e-05       1
1271 1.164225e-06       1
1272 1.393970e-05       1
1273 2.307159e-04       1
1274 1.903307e-05       1
1275 1.364058e-05       1
1276 7.833657e-05       1
1277 1.747597e-05       1
1278 1.304933e-04       1
1279 1.153148e-05       1
1280 1.091462e-04       1
1281 1.491762e-06       1
1282 5.587373e-04       1
1283 1.092436e-06       1
1284 2.575623e-04       1
1285 1.295312e-04       1
1286 2.999120e-05       1
1287 5.052827e-05       1
1288 4.224777e-05       1
1289 5.260150e-05       1
1290 1.318230e-05       1
1291 3.607733e-05       1
1292 9.221055e-05       1
1293 3.962771e-05       1
1294 1.837863e-04       1
1295 4.599096e-05       1
1296 2.682211e-04       1
1297 3.116409e-05       1
1298 6.835891e-06       1
1299 1.114001e-04       1
1300 2.306903e-04       1
1301 5.064872e-05       1
1302 6.158317e-04       1
1303 3.372041e-04       1
1304 8.533785e-04       1
1305 4.838421e-05       1
1306 4.915739e-05       1
1307 7.040998e-05       1
1308 2.964392e-05       1
1309 1.283628e-07       1
1310 1.791546e-09       1
1311 1.150503e-08       1
1312 1.001517e-05       1
1313 1.275780e-04       1
1314 5.242618e-05       1
1315 1.310194e-06       1
1316 8.464334e-05       1
1317 1.069875e-04       1
1318 9.813913e-07       1
1319 7.198610e-06       1
1320 9.258467e-07       1
1321 3.109937e-04       1
1322 3.055503e-04       1
1323 1.434183e-05       1
1324 3.260141e-04       1
1325 4.305904e-04       1
1326 7.927595e-05       1
1327 7.552279e-04       1
1328 4.031863e-05       1
1329 1.424674e-06       1
1330 2.585232e-07       1
1331 3.576221e-05       1
1332 3.885961e-04       1
1333 4.593622e-05       1
1334 3.246485e-05       1
1335 2.501163e-06       1
1336 1.002944e-05       1
1337 7.351373e-05       1
1338 6.571483e-04       1
1339 1.307200e-03       1
1340 1.628414e-04       1
1341 6.630159e-05       1
1342 3.184001e-07       1
1343 2.573840e-06       1
1344 7.953066e-05       1
1345 7.012400e-06       1
1346 3.828154e-05       1
1347 2.567410e-04       1
1348 1.261069e-05       1
1349 6.873500e-05       1
1350 4.646674e-07       1
1351 1.897845e-04       1
1352 1.093681e-04       1
1353 9.658428e-06       1
1354 1.136914e-05       1
1355 1.533802e-05       1
1356 1.932458e-05       1
1357 1.816067e-04       1
1358 1.482285e-06       1
1359 1.815215e-04       1
1360 1.049444e-06       1
1361 1.244231e-06       1
1362 4.050032e-06       1
1363 9.633372e-06       1
1364 1.318780e-04       1
1365 4.041357e-05       1
1366 3.026701e-04       1
1367 1.161886e-05       1
1368 3.617389e-04       1
1369 9.171047e-08       1
1370 7.510838e-05       1
1371 4.162797e-05       1
1372 4.590521e-05       1
1373 2.079141e-04       1
1374 6.282493e-04       1
1375 4.485557e-05       1
1376 7.983379e-06       1
1377 1.224323e-05       1
1378 3.804333e-04       1
1379 1.292620e-05       1
1380 1.150945e-04       1
1381 2.226533e-06       1
1382 3.927086e-04       1
1383 2.046712e-04       1
1384 1.049435e-04       1
1385 9.820344e-06       1
1386 7.883884e-05       1
1387 4.320846e-05       1
1388 8.778546e-06       1
1389 6.774869e-05       1
1390 2.201265e-04       1
1391 1.868939e-04       1
1392 2.249956e-05       1
1393 1.299298e-05       1
1394 1.344905e-06       1
1395 3.019088e-06       1
1396 2.208913e-05       1
1397 1.448439e-04       1
1398 3.192554e-05       1
1399 1.807566e-05       1
1400 4.461984e-05       1
1401 8.505445e-04       1
1402 8.032988e-05       1
1403 1.032151e-04       1
1404 1.801423e-04       1
1405 2.359089e-05       1
1406 4.592521e-04       1
1407 3.254324e-04       1
1408 2.945339e-06       1
1409 5.343412e-04       1
1410 8.924865e-06       1
1411 5.233116e-05       1
1412 5.156051e-04       1
1413 6.281486e-05       1
1414 2.641735e-04       1
1415 9.414017e-05       1
1416 9.794609e-05       1
1417 9.582897e-07       1
1418 1.250503e-05       1
1419 2.636994e-04       1
1420 5.479390e-06       1
1421 2.077386e-06       1
1422 1.174550e-04       1
1423 1.008324e-04       1
1424 1.894107e-05       1
1425 7.182318e-05       1
1426 3.385787e-05       1
1427 2.145225e-09       1
1428 3.547661e-06       1
1429 1.037714e-07       1
1430 7.505563e-06       1
1431 4.944453e-05       1
1432 1.516968e-04       1
1433 1.671260e-04       1
1434 5.374900e-05       1
1435 1.789639e-04       1
1436 7.615876e-05       1
1437 1.615990e-03 0.95356
1438 1.415758e-04       1
1439 2.112863e-05       1
1440 7.803408e-06       1
1441 6.462835e-05       1
1442 1.956607e-06       1
1443 3.051474e-05       1
1444 6.851589e-07       1
1445 1.018093e-04       1
1446 1.935853e-04       1
1447 4.657570e-05       1
1448 2.095826e-05       1
1449 5.483118e-05       1
1450 1.683331e-04       1
1451 9.289232e-05       1
1452 5.006041e-04       1
1453 1.090112e-04       1
1454 1.353458e-04       1
1455 8.526224e-05       1
1456 2.508229e-05       1
1457 2.115852e-04       1
1458 6.619954e-05       1
1459 2.177323e-05       1
1460 8.158230e-05       1
1461 1.953024e-03       1
1462 1.582129e-04       1
1463 2.939448e-04       1
1464 6.357229e-04       1
1465 4.570724e-05       1
1466 6.075946e-05       1
1467 5.466341e-05       1
1468 6.649111e-06       1
1469 1.460341e-04       1
1470 1.938412e-04       1
1471 2.207176e-05       1
1472 2.087760e-05       1
1473 9.242077e-06       1
1474 1.270441e-04       1
1475 3.663107e-04       1
1476 9.725014e-05       1
1477 2.984558e-04       1
1478 3.367451e-05       1
1479 2.111958e-04       1
1480 3.880061e-06       1
1481 2.596494e-05       1
1482 3.271566e-05       1
1483 4.029284e-05       1
1484 9.022094e-05       1
1485 3.916939e-05       1
1486 6.455627e-05       1
1487 1.626939e-04       1
1488 6.331299e-05       1
1489 5.425268e-08       1
1490 8.303503e-05       1
1491 2.587389e-04       1
1492 2.054953e-06       1
1493 7.567519e-05       1
1494 4.130640e-05       1
1495 8.898036e-08       1
1496 3.409048e-05       1
1497 3.912437e-04       1
1498 1.845056e-03       1
1499 1.601608e-04       1
1500 1.782161e-04       1
1501 3.737598e-05       1
1502 2.672338e-05       1
1503 2.917723e-04       1
1504 1.172218e-07       1
1505 1.108313e-04       1
1506 2.163380e-05       1
1507 5.772926e-05       1
1508 7.741516e-06       1
1509 5.394169e-05       1
1510 2.193040e-04       1
1511 1.273110e-03       1
1512 6.350464e-06       1
1513 1.071380e-03       1
1514 5.497411e-06       1
1515 2.091351e-04       1
1516 1.087728e-03       1
1517 4.272641e-06       1
1518 1.455645e-05       1
1519 1.635886e-05       1
1520 3.501069e-05       1
1521 1.275191e-08       1
1522 7.315168e-05       1
1523 4.868622e-04       1
1524 2.275778e-05       1
1525 1.529960e-05       1
1526 8.677182e-05       1
1527 5.875690e-11       1
1528 4.875515e-05       1
1529 1.375380e-05       1
1530 9.410237e-06       1
1531 8.276303e-05       1
1532 1.227359e-04       1
1533 1.755466e-04       1
1534 1.009661e-03       1
1535 2.510672e-04       1
1536 6.591354e-05       1
1537 1.237516e-04       1
1538 9.403984e-04       1
1539 5.348766e-06       1
1540 7.628403e-05       1
1541 1.347392e-06       1
1542 1.497623e-05       1
1543 2.546454e-04       1
1544 2.539497e-04       1
1545 8.719897e-05       1
1546 2.201613e-03       1
1547 1.314061e-04       1
1548 1.558587e-06       1
1549 1.216420e-04       1
1550 6.996747e-04       1
1551 9.426883e-05       1
1552 9.738410e-04       1
1553 3.682641e-07       1
1554 1.803236e-04       1
1555 4.227203e-04       1
1556 4.041798e-05       1
1557 1.323882e-06       1
1558 1.171806e-05       1
1559 3.276570e-08       1
1560 3.411074e-05       1
1561 1.014184e-03       1
1562 1.291851e-03       1
1563 1.678506e-04       1
1564 8.610788e-04       1
1565 1.010320e-06       1
1566 1.480959e-03       1
1567 3.809103e-05       1
1568 5.392541e-05       1
1569 2.228142e-06       1
1570 1.415003e-04       1
1571 1.322929e-04       1
1572 2.636092e-05       1
1573 7.876087e-04       1
1574 7.578833e-06       1
1575 8.881182e-07       1
1576 1.472053e-05       1
1577 5.625101e-05       1
1578 4.857017e-05       1
1579 1.181697e-04       1
1580 2.075915e-04       1
1581 4.593885e-06       1
1582 1.426536e-04       1
1583 1.082370e-07       1
1584 6.760193e-04       1
1585 8.542046e-05       1
1586 2.556390e-04       1
1587 9.021646e-05       1
1588 7.288644e-04       1
1589 8.905217e-04       1
1590 1.780037e-04       1
1591 3.042372e-04       1
1592 1.187439e-04       1
1593 6.182716e-05       1
1594 4.351567e-05       1
1595 1.959392e-04       1
1596 1.323492e-04       1
1597 3.721792e-04       1
1598 7.129702e-04       1
1599 2.843877e-05       1
1600 2.645054e-05       1
1601 2.697573e-05       1
1602 3.446081e-05       1
1603 2.173037e-05       1
1604 4.148598e-04       1
1605 7.547629e-05       1
1606 1.241224e-04       1
1607 7.423559e-05       1
1608 4.786356e-04       1
1609 1.890953e-04       1
1610 1.471914e-05       1
1611 1.422472e-05       1
1612 2.232616e-09       1
1613 1.454762e-04       1
1614 4.048963e-04       1
1615 6.293314e-06       1
1616 3.474102e-04       1
1617 2.093962e-04       1
1618 1.322824e-06       1
1619 7.236295e-06       1
1620 3.817981e-06       1
1621 2.548453e-05       1
1622 1.813146e-04       1
1623 2.481179e-05       1
1624 1.695186e-05       1
1625 7.093307e-05       1
1626 2.617276e-05       1
1627 6.404368e-05       1
1628 8.602075e-07       1
1629 5.437110e-05       1
1630 6.884765e-08       1
1631 4.547211e-05       1
1632 5.986770e-04       1
1633 2.566362e-04       1
1634 8.340349e-05       1
1635 2.370447e-06       1
1636 1.015674e-05       1
1637 7.217092e-07       1
1638 2.721891e-04       1
1639 4.852610e-05       1
1640 1.126585e-04       1
1641 1.102021e-05       1
1642 8.972387e-05       1
1643 1.417047e-06       1
1644 4.697319e-04       1
1645 7.071369e-07       1
1646 9.094276e-05       1
1647 8.077440e-04       1
1648 2.134998e-04       1
1649 5.121957e-05       1
1650 2.376810e-04       1
1651 2.267541e-05       1
1652 6.613199e-04       1
1653 1.119608e-04       1
1654 1.759438e-04       1
1655 6.461041e-05       1
1656 3.586462e-04       1
1657 1.612166e-04       1
1658 6.052737e-05       1
1659 3.403145e-04       1
1660 1.282465e-05       1
1661 4.002180e-04       1
1662 1.000106e-04       1
1663 3.427704e-06       1
1664 1.083342e-04       1
1665 1.734429e-04       1
1666 7.259715e-05       1
1667 1.959947e-06       1
1668 1.882699e-07       1
1669 6.663330e-07       1
1670 2.216701e-05       1
1671 1.640027e-05       1
1672 1.284206e-04       1
1673 1.246481e-04       1
1674 7.249768e-06       1
1675 1.343126e-04       1
1676 4.816583e-05       1
1677 5.810394e-07       1
1678 8.141288e-06       1
1679 1.509457e-04       1
1680 1.805083e-04       1
1681 1.428996e-04       1
1682 4.222786e-04       1
1683 3.415486e-04       1
1684 1.058593e-05       1
1685 4.797804e-05       1
1686 5.803221e-05       1
1687 1.602340e-04       1
1688 4.105619e-04       1
1689 5.292574e-05       1
1690 8.164959e-06       1
1691 2.933879e-04       1
1692 7.776267e-08       1
1693 1.048089e-04       1
1694 4.285187e-05       1
1695 6.682048e-05       1
1696 3.650344e-05       1
1697 2.605994e-05       1
1698 1.835737e-03       1
1699 2.630661e-05       1
1700 1.083245e-04       1
1701 7.627895e-06       1
1702 6.173511e-04       1
1703 1.462960e-05       1
1704 3.202477e-05       1
1705 2.129012e-04       1
1706 2.997753e-05       1
1707 5.230265e-05       1
1708 3.159674e-04       1
1709 3.813000e-04       1
1710 2.125157e-04       1
1711 1.270023e-06       1
1712 1.140601e-04       1
1713 4.319940e-04       1
1714 1.677993e-05       1
1715 1.026170e-06       1
1716 2.164491e-04       1
1717 6.254193e-06       1
1718 3.628048e-05       1
1719 8.132917e-06       1
1720 1.211125e-04       1
1721 6.120351e-05       1
1722 1.309414e-04       1
1723 9.251170e-05       1
1724 7.972647e-04       1
1725 2.732289e-04       1
1726 1.894658e-04       1
1727 3.402903e-05       1
1728 1.557314e-04       1
1729 1.002364e-04       1
1730 2.604500e-05       1
1731 1.490711e-05       1
1732 1.106935e-08       1
1733 6.495375e-04       1
1734 4.979649e-04       1
1735 3.696131e-04       1
1736 1.124985e-04       1
1737 1.221059e-08       1
1738 1.122319e-05       1
1739 7.345339e-04       1
1740 8.797662e-06       1
1741 2.168515e-07       1
1742 3.568101e-06       1
1743 6.501003e-06       1
1744 2.136460e-06       1
1745 4.439895e-05       1
1746 2.787399e-05       1
1747 1.906474e-06       1
1748 2.394219e-05       1
1749 1.190357e-04       1
1750 1.577188e-05       1
1751 2.118929e-03       1
1752 9.849245e-05       1
1753 4.139648e-05       1
1754 1.486791e-04       1
1755 1.045312e-03       1
1756 4.604692e-06       1
1757 2.778915e-06       1
1758 2.747515e-04       1
1759 2.080402e-04       1
1760 1.447673e-04       1
1761 5.284151e-07       1
1762 2.290267e-05       1
1763 2.800478e-05       1
1764 3.469946e-05       1
1765 1.825930e-06       1
1766 4.706852e-06       1
1767 7.504902e-07       1
1768 1.194280e-06       1
1769 1.822810e-04       1
1770 4.861672e-06       1
1771 4.247285e-07       1
1772 5.869366e-06       1
1773 2.715462e-05       1
1774 1.496915e-04       1
1775 3.494399e-04       1
1776 2.811605e-04       1
1777 1.251707e-04       1
1778 4.375294e-05       1
1779 5.600220e-05       1
1780 4.626714e-09       1
1781 1.469610e-04       1
1782 8.611858e-07       1
1783 1.340745e-04       1
1784 8.196843e-05       1
1785 9.262161e-06       1
1786 9.602574e-05       1
1787 1.377974e-04       1
1788 1.521503e-05       1
1789 2.333109e-06       1
1790 2.450245e-05       1
1791 1.732041e-06       1
1792 2.206686e-04       1
1793 2.298791e-05       1
1794 7.827747e-05       1
1795 5.033099e-04       1
1796 1.689105e-04       1
1797 1.301385e-08       1
1798 9.771414e-07       1
1799 1.277051e-04       1
1800 1.810093e-06       1
1801 3.675322e-07       1
1802 1.409859e-05       1
1803 2.644838e-06       1
1804 8.997498e-05       1
1805 3.874298e-03       1
1806 9.271457e-05       1
1807 1.217650e-04       1
1808 4.679939e-04       1
1809 9.046835e-07       1
1810 2.559583e-08       1
1811 3.386389e-04       1
1812 1.661777e-06       1
1813 1.780708e-04       1
1814 7.143153e-05       1
1815 1.298603e-04       1
1816 6.105109e-04       1
1817 1.085649e-04       1
1818 5.061542e-04       1
1819 7.401377e-06       1
1820 2.686879e-05       1
1821 5.570045e-07       1
1822 2.223299e-04       1
1823 5.347976e-05       1
1824 8.096115e-06       1
1825 2.574259e-04       1
1826 2.687742e-05       1
1827 4.339729e-04       1
1828 1.835378e-04       1
1829 3.939032e-05       1
1830 1.651401e-05       1
1831 1.431127e-04       1
1832 1.035293e-04       1
1833 1.362451e-04       1
1834 2.172245e-04       1
1835 1.019797e-05       1
1836 1.032644e-04       1
1837 1.488836e-05       1
1838 3.325866e-04       1
1839 2.734667e-04       1
1840 2.071022e-05       1
1841 2.116636e-04       1
1842 2.362868e-04       1
1843 2.062453e-05       1
1844 3.429681e-07       1
1845 5.783270e-05       1
1846 7.145918e-05       1
1847 4.201914e-04       1
1848 3.968286e-06       1
1849 3.174557e-05       1
1850 1.851267e-07       1
1851 1.393519e-05       1
1852 1.814307e-04       1
1853 4.417168e-04       1
1854 2.358427e-05       1
1855 1.359633e-05       1
1856 2.619803e-04       1
1857 2.890517e-05       1
1858 7.068467e-06       1
1859 4.039453e-05       1
1860 9.118428e-05       1
1861 4.118795e-05       1
1862 2.603405e-04       1
1863 1.400831e-04       1
1864 4.752497e-05       1
1865 5.250329e-06       1
1866 3.433437e-05       1
1867 9.690149e-06       1
1868 1.237955e-05       1
1869 1.228540e-06       1
1870 3.756937e-05       1
1871 3.455153e-04       1
1872 1.409556e-04       1
1873 1.379276e-05       1
1874 8.389684e-05       1
1875 6.961169e-05       1
1876 3.574278e-05       1
1877 3.883482e-06       1
1878 1.071992e-04       1
1879 1.838246e-04       1
1880 7.325670e-05       1
1881 2.060030e-05       1
1882 2.507558e-04       1
1883 2.074866e-05       1
1884 3.649260e-05       1
1885 1.698829e-07       1
1886 3.312742e-09       1
1887 1.705049e-05       1
1888 3.868709e-05       1
1889 3.249677e-04       1
1890 1.950565e-04       1
1891 2.141299e-04       1
1892 2.104957e-04       1
1893 1.521877e-05       1
1894 5.855570e-05       1
1895 1.857038e-05       1
1896 4.476685e-05       1
1897 6.476546e-05       1
1898 1.235503e-04       1
1899 5.324525e-07       1
1900 6.109734e-05       1
1901 2.762677e-04       1
1902 3.406139e-04       1
1903 2.943746e-04       1
1904 4.535534e-05       1
1905 1.327306e-05       1
1906 6.334388e-05       1
1907 1.836631e-05       1
1908 4.396183e-06       1
1909 4.438829e-07       1
1910 8.448172e-05       1
1911 2.314129e-08       1
1912 2.947177e-04       1
1913 7.236922e-04       1
1914 2.537577e-05       1
1915 1.855647e-04       1
1916 4.497044e-05       1
1917 2.513453e-04       1
1918 4.745886e-06       1
1919 1.201850e-04       1
1920 4.597353e-04       1
1921 7.743483e-05       1
1922 7.658166e-05       1
1923 1.280367e-05       1
1924 2.960935e-06       1
1925 9.091520e-06       1
1926 1.400918e-04       1
1927 6.348588e-05       1
1928 1.586153e-04       1
1929 1.069858e-03       1
1930 4.876179e-05       1
1931 5.460169e-05       1
1932 1.524694e-07       1
1933 9.519798e-05       1
1934 1.900257e-04       1
1935 1.079052e-03       1
1936 3.995529e-05       1
1937 9.938712e-06       1
1938 4.429356e-05       1
1939 4.766160e-07       1
1940 1.248268e-04       1
1941 7.636079e-06       1
1942 3.827277e-04       1
1943 1.363768e-06       1
1944 1.682574e-05       1
1945 6.564952e-07       1
1946 3.201537e-04       1
1947 3.982143e-07       1
1948 3.801339e-03       1
1949 2.952951e-06       1
1950 1.902888e-05       1
1951 9.568462e-04       1
1952 4.444605e-04       1
1953 1.003630e-05       1
1954 6.154457e-04       1
1955 9.264851e-07       1
1956 1.438554e-08       1
1957 8.575166e-04       1
1958 5.906149e-05       1
1959 2.136042e-05       1
1960 8.535791e-07       1
1961 2.128265e-06       1
1962 1.594885e-05       1
1963 2.968205e-04       1
1964 3.872778e-09       1
1965 2.958100e-04       1
1966 4.739544e-05       1
1967 3.417943e-04       1
1968 9.699966e-07       1
1969 2.835791e-04       1
1970 6.194254e-05       1
1971 1.697228e-05       1
1972 6.845961e-05       1
1973 1.959119e-05       1
1974 3.866337e-04       1
1975 5.990548e-06       1
1976 1.393021e-05       1
1977 3.078927e-04       1
1978 8.161786e-06       1
1979 8.124743e-05       1
1980 8.167168e-06       1
1981 2.345350e-04       1
1982 1.959090e-04       1
1983 1.234247e-04       1
1984 1.216018e-08       1
1985 1.965875e-05       1
1986 2.888950e-04       1
1987 5.220754e-04       1
1988 7.921382e-05       1
1989 1.586902e-04       1
1990 1.385210e-06       1
1991 2.319848e-05       1
1992 9.214234e-06       1
1993 4.842211e-04       1
1994 6.278405e-05       1
1995 4.307036e-04       1
1996 5.049931e-06       1
1997 1.515881e-04       1
1998 9.292775e-06       1
1999 1.033872e-05       1
2000 4.551014e-04       1
2001 3.520880e-06       1
2002 3.737670e-05       1
2003 5.162939e-05       1
2004 1.930138e-04       1
2005 1.952872e-04       1
2006 1.730321e-05       1
2007 9.735125e-04       1
2008 1.385983e-03       1
2009 1.265381e-04       1
2010 4.447778e-07       1
2011 2.599705e-05       1
2012 4.682938e-05       1
2013 6.735782e-04       1
2014 2.911878e-05       1
2015 7.394686e-05       1
2016 1.285178e-04       1
2017 3.424309e-04       1
2018 5.133169e-07       1
2019 3.585021e-03       1
2020 1.927996e-05       1
2021 8.194728e-06       1
2022 6.830203e-09       1
2023 9.125776e-05       1
2024 4.268044e-07       1
2025 1.064540e-04       1
2026 4.067214e-05       1
2027 2.273222e-07       1
2028 1.017220e-04       1
2029 1.281254e-04       1
2030 4.266977e-04       1
2031 8.442520e-04       1
2032 2.960267e-05       1
2033 1.737589e-06       1
2034 1.720241e-03       1
2035 7.332501e-04       1
2036 9.542311e-05       1
2037 2.016913e-06       1
2038 4.378916e-05       1
2039 3.155356e-05       1
2040 1.162861e-05       1
2041 1.308446e-05       1
2042 4.561635e-06       1
2043 1.303133e-04       1
2044 9.771161e-05       1
2045 4.345509e-05       1
2046 7.672451e-06       1
2047 6.177112e-04       1
2048 4.258905e-04       1
2049 8.923719e-04       1
2050 7.265237e-04       1
2051 6.305599e-05       1
2052 1.305906e-06       1
2053 1.015263e-04       1
2054 4.572622e-04       1
2055 8.393591e-05       1
2056 3.447220e-04       1
2057 2.607676e-07       1
2058 3.713638e-05       1
2059 5.470064e-05       1
2060 2.726391e-05       1
2061 2.135191e-05       1
2062 1.579111e-04       1
2063 2.087233e-04       1
2064 6.414927e-05       1
2065 1.311162e-04       1
2066 6.599658e-05       1
2067 4.736285e-04       1
2068 4.419110e-04       1
2069 1.681211e-04       1
2070 1.785804e-07       1
2071 2.546372e-06       1
2072 5.925210e-05       1
2073 7.643041e-05       1
2074 7.180829e-04       1
2075 1.892909e-04       1
2076 1.691103e-03       1
2077 8.316653e-05       1
2078 7.482655e-05       1
2079 6.812214e-05       1
2080 1.125894e-05       1
2081 7.882596e-04       1
2082 2.049868e-05       1
2083 1.071193e-05       1
2084 6.402276e-05       1
2085 2.214424e-05       1
2086 1.339828e-04       1
2087 7.516792e-04       1
2088 1.671376e-07       1
2089 2.408011e-04       1
2090 1.402242e-04       1
2091 3.600610e-05       1
2092 6.699670e-04       1
2093 7.142804e-04       1
2094 9.153444e-05       1
2095 4.212969e-05       1
2096 9.445020e-05       1
2097 4.868785e-05       1
2098 2.239874e-05       1
2099 2.383582e-03       1
2100 7.714172e-04       1
2101 2.577796e-05       1
2102 3.655070e-05       1
2103 3.697597e-04       1
2104 4.053437e-04       1
2105 2.059626e-03       1
2106 1.904440e-03       1
2107 2.645802e-04       1
2108 2.725124e-04       1
2109 8.194825e-05       1
2110 5.010327e-04       1
2111 2.877943e-06       1
2112 2.486767e-05       1
2113 1.197757e-05       1
2114 4.344912e-04       1
2115 6.575277e-05       1
2116 1.442000e-04       1
2117 4.194426e-06       1
2118 1.310733e-04       1
2119 6.815145e-05       1
2120 7.686595e-05       1
2121 1.105970e-04       1
2122 4.889040e-04       1
2123 3.870799e-05       1
2124 1.269381e-03       1
2125 6.247616e-04       1
2126 1.120987e-04       1
2127 2.463760e-05       1
2128 3.833767e-04       1
2129 8.920456e-04       1
2130 2.867302e-04       1
2131 2.457512e-05       1
2132 4.656612e-04       1
2133 1.425565e-04       1
2134 1.466999e-04       1
2135 4.130524e-05       1
2136 1.198258e-03       1
2137 3.153096e-03       1
2138 9.763269e-05       1
2139 3.367137e-04       1
2140 3.169581e-04       1
2141 4.729260e-05       1
2142 8.397082e-05       1
2143 1.227759e-03       1
2144 2.909892e-04       1
2145 2.585280e-03       1
2146 5.224755e-03       1
2147 6.568694e-06       1
2148 7.659017e-06       1
2149 7.796085e-04       1
2150 1.794330e-04       1
2151 1.807090e-05       1
2152 7.922493e-04       1
2153 7.361603e-04       1
2154 6.521028e-04       1
2155 2.575817e-05       1
2156 1.856271e-06       1
2157 6.342471e-06       1
2158 7.701644e-05       1
2159 1.372564e-05       1
2160 2.722081e-05       1
2161 2.354254e-05       1
2162 2.504408e-05       1
2163 1.812233e-04       1
2164 7.077389e-05       1
2165 9.965881e-05       1
2166 3.684509e-05       1
2167 1.331247e-04       1
2168 6.820014e-05       1
2169 4.281409e-05       1
2170 3.248305e-07       1
2171 2.432969e-04       1
2172 9.067488e-04       1
2173 1.152103e-05       1
2174 4.040874e-05       1
2175 4.932390e-04       1
2176 3.981453e-05       1
2177 3.744416e-05       1
2178 6.475227e-04       1
2179 1.072097e-04       1
2180 1.359698e-05       1
2181 2.543898e-04       1
2182 1.233703e-04       1
2183 1.390689e-05       1
2184 1.026205e-04       1
2185 2.290421e-04       1
2186 2.826296e-06       1
2187 3.357408e-05       1
2188 1.625358e-04       1
2189 1.551966e-04       1
2190 4.073219e-05       1
2191 3.746871e-05       1
2192 4.626451e-05       1
2193 1.365417e-05       1
2194 4.625870e-05       1
2195 1.981971e-04       1
2196 3.351586e-06       1
2197 1.290433e-05       1
2198 1.655862e-04       1
2199 4.290376e-04       1
2200 8.380353e-05       1
2201 1.305575e-03       1
2202 5.693234e-07       1
2203 2.299177e-06       1
2204 1.719279e-04       1
2205 4.562329e-06       1
2206 6.863149e-05       1
2207 3.039672e-07       1
2208 2.349462e-05       1
2209 1.063547e-04       1
2210 2.179619e-05       1
2211 2.353393e-04       1
2212 1.337957e-06       1
2213 1.655365e-05       1
2214 2.149190e-04       1
2215 1.429252e-04       1
2216 5.554087e-04       1
2217 2.922363e-05       1
2218 2.148253e-05       1
2219 8.920731e-05       1
2220 6.195768e-05       1
2221 5.134341e-04       1
2222 1.031728e-03       1
2223 7.897671e-05       1
2224 4.035116e-04       1
2225 1.513087e-05       1
2226 3.487990e-06       1
2227 6.158117e-05       1
2228 3.809682e-05       1
2229 1.977159e-05       1
2230 8.645921e-05       1
2231 4.503990e-04       1
2232 2.246162e-06       1
2233 1.389437e-05       1
2234 1.568655e-04       1
2235 4.058660e-04       1
2236 4.226491e-04       1
2237 3.996155e-05       1
2238 5.414503e-05       1
2239 8.719982e-06       1
2240 6.467297e-08       1
2241 8.152700e-05       1
2242 7.004248e-04       1
2243 5.299759e-05       1
2244 3.013280e-05       1
2245 2.031576e-05       1
2246 1.002099e-04       1
2247 1.507468e-04       1
2248 3.591872e-05       1
2249 4.886130e-05       1
2250 1.942250e-04       1
2251 5.218272e-04       1
2252 1.365828e-04       1
2253 9.177188e-05       1
2254 2.210815e-04       1
2255 5.328183e-06       1
2256 8.206634e-06       1
2257 1.224013e-05       1
2258 1.047948e-04       1
2259 1.959231e-04       1
2260 3.636800e-06       1
2261 1.022583e-04       1
2262 4.771210e-05       1
2263 4.442928e-05       1
2264 4.128874e-06       1
2265 3.905222e-04       1
2266 1.913395e-04       1
2267 9.175942e-06       1
2268 8.315151e-07       1
2269 1.743402e-06       1
2270 6.816383e-05       1
2271 5.148968e-06       1
2272 9.308099e-06       1
2273 4.866833e-04       1
2274 8.421439e-04       1
2275 4.487476e-08       1
2276 4.334173e-06       1
2277 8.999411e-05       1
2278 2.650349e-05       1
2279 2.377704e-04       1
2280 1.773630e-04       1
2281 4.950165e-05       1
2282 9.981927e-05       1
2283 4.452684e-04       1
2284 8.743553e-05       1
2285 3.045961e-06       1
2286 1.016536e-04       1
2287 3.025932e-04       1
2288 4.315372e-04       1
2289 2.722262e-05       1
2290 3.467100e-04       1
2291 2.691880e-05       1
2292 3.415568e-06       1
2293 6.236069e-06       1
2294 1.656493e-04       1
2295 2.996983e-06       1
2296 1.105071e-04       1
2297 2.516458e-07       1
2298 1.193049e-05       1
2299 4.627969e-05       1
2300 1.579064e-05       1
2301 3.481289e-04       1
2302 1.468444e-04       1
2303 7.310634e-05       1
2304 1.620745e-05       1
2305 3.987293e-05       1
2306 7.820421e-05       1
2307 4.281195e-05       1
2308 7.924216e-05       1
2309 5.569268e-05       1
2310 1.172745e-04       1
2311 4.378220e-05       1
2312 2.394840e-05       1
2313 4.242712e-07       1
2314 5.090462e-06       1
2315 1.943467e-05       1
2316 4.866033e-06       1
2317 6.159284e-05       1
2318 3.485859e-04       1
2319 2.235660e-05       1
2320 1.411069e-04       1
2321 2.574595e-04       1
2322 3.044900e-05       1
2323 3.245377e-04       1
2324 1.301095e-05       1
2325 8.693521e-05       1
2326 3.233063e-04       1
2327 3.770633e-06       1
2328 2.874509e-05       1
2329 2.078880e-04       1
2330 2.158273e-05       1
2331 3.743970e-05       1
2332 5.901629e-05       1
2333 1.987894e-04       1
2334 8.315169e-05       1
2335 4.176593e-04       1
2336 4.657652e-07       1
2337 2.523610e-06       1
2338 5.946518e-05       1
2339 1.963760e-04       1
2340 2.133426e-05       1
2341 5.408480e-06       1
2342 2.352897e-05       1
2343 2.591794e-05       1
2344 1.487996e-04       1
2345 3.402104e-04       1
2346 5.649157e-06       1
2347 9.849441e-05       1
2348 1.046858e-05       1
2349 5.153589e-07       1
2350 6.076422e-04       1
2351 1.045045e-03       1
2352 2.011313e-05       1
2353 5.551012e-04       1
2354 1.713435e-05       1
2355 2.885618e-04       1
2356 6.642938e-06       1
2357 4.612563e-05       1
2358 1.443392e-04       1
2359 2.169686e-05       1
2360 3.223639e-05       1
2361 3.804381e-05       1
2362 1.055349e-04       1
2363 1.515415e-04       1
2364 1.424161e-04       1
2365 3.929148e-05       1
2366 2.955732e-04       1
2367 7.080721e-05       1
2368 6.350620e-06       1
2369 1.299307e-03       1
2370 1.594014e-05       1
2371 1.670856e-05       1
2372 1.727668e-05       1
2373 8.967423e-05       1
2374 8.451153e-06       1
2375 1.504724e-05       1
2376 1.092839e-03       1
2377 5.690132e-05       1
2378 1.931015e-04       1
2379 2.069655e-04       1
2380 4.220818e-04       1
2381 3.901875e-05       1
2382 1.841003e-04       1
2383 3.831796e-05       1
2384 1.991070e-05       1
2385 6.368997e-04       1
2386 4.030155e-05       1
2387 6.069426e-05       1
2388 2.286736e-06       1
2389 2.576909e-06       1
2390 1.220193e-06       1
2391 3.402446e-05       1
2392 1.108605e-05       1
2393 7.244283e-04       1
2394 2.210956e-06       1
2395 3.908143e-04       1
2396 7.937586e-08       1
2397 1.512229e-03       1
2398 3.666232e-05       1
2399 5.289267e-05       1
2400 2.434529e-06       1
2401 1.946773e-03       1
2402 1.065232e-03       1
2403 2.106278e-04       1
2404 2.113507e-05       1
2405 3.153773e-05       1
2406 4.490046e-06       1
2407 1.201975e-04       1
2408 6.747939e-05       1
2409 2.229227e-04       1
2410 7.150443e-04       1
2411 1.820407e-04       1
2412 6.381270e-04       1
2413 2.018025e-05       1
2414 1.871367e-05       1
2415 5.589783e-05       1
2416 9.149040e-05       1
2417 1.445227e-05       1
2418 6.800922e-04       1
2419 2.863726e-04       1
2420 3.693898e-05       1
2421 7.675829e-05       1
2422 1.173017e-04       1
2423 6.207080e-05       1
2424 6.611375e-04       1
2425 5.247680e-04       1
2426 1.671748e-04       1
2427 1.360911e-04       1
2428 1.895618e-05       1
2429 1.743167e-04       1
2430 8.440759e-05       1
2431 2.088291e-04       1
2432 1.007857e-04       1
2433 5.745995e-05       1
2434 2.548073e-04       1
2435 3.345655e-06       1
2436 8.742819e-07       1
2437 3.248869e-04       1
2438 4.184716e-08       1
2439 3.132144e-04       1
2440 9.165835e-05       1
2441 2.277025e-05       1
2442 4.009251e-06       1
2443 6.784246e-05       1
2444 4.225665e-05       1
2445 8.097620e-05       1
2446 1.866899e-05       1
2447 8.828641e-05       1
2448 1.320790e-05       1
2449 1.891326e-04       1
2450 2.124985e-05       1
2451 4.021808e-04       1
2452 3.325893e-04       1
2453 5.965778e-04       1
2454 1.138361e-04       1
2455 1.900186e-05       1
2456 2.860243e-09       1
2457 6.121826e-04       1
2458 8.468524e-04       1
2459 7.403709e-05       1
2460 2.110836e-05       1
2461 1.085374e-04       1
2462 2.776634e-05       1
2463 3.676114e-06       1
2464 2.067514e-04       1
2465 5.889500e-08       1
2466 1.406666e-04       1
2467 4.516375e-05       1
2468 3.859108e-06       1
2469 1.029239e-05       1
2470 1.235872e-03       1
2471 5.098610e-04       1
2472 2.413036e-04       1
2473 1.719046e-05       1
2474 4.671308e-05       1
2475 1.764119e-04       1
2476 6.658322e-04       1
2477 4.726364e-04       1
2478 2.761549e-05       1
2479 1.769702e-05       1
2480 6.793854e-04       1
2481 1.267790e-03       1
2482 1.322848e-05       1
2483 3.606830e-05       1
2484 1.005655e-04       1
2485 2.978518e-04       1
2486 6.409449e-05       1
2487 2.000252e-05       1
2488 6.571801e-04       1
2489 1.577295e-04       1
2490 1.021588e-03       1
2491 1.207248e-04       1
2492 4.848599e-06       1
2493 5.891956e-03       1
2494 2.219894e-05       1
2495 1.156967e-07       1
2496 2.690727e-03       1
2497 5.991550e-04       1
2498 3.143672e-03       1
2499 3.136776e-03       1
2500 2.999514e-03       1
2501 1.447318e-03       1
2502 4.268459e-04       1
2503 1.125859e-04       1
2504 1.689573e-03       1
2505 7.024112e-04       1
2506 2.957060e-03       1
2507 4.222390e-05       1
2508 5.680977e-07       1
2509 1.887979e-05       1
2510 3.950214e-04       1
2511 1.939625e-04       1
2512 7.193692e-08       1
2513 9.348422e-06       1
2514 2.380651e-04       1
2515 2.876175e-04       1
2516 1.665940e-04       1
2517 4.000355e-04       1
2518 9.067378e-06       1
2519 3.314690e-04       1
2520 5.212438e-05       1
2521 1.948702e-04       1
2522 8.484865e-06       1
2523 2.319472e-05       1
2524 8.148745e-07       1
2525 3.599115e-04       1
2526 1.999929e-04       1
2527 1.432163e-05       1
2528 2.336222e-05       1
2529 7.133557e-03       1
2530 5.874863e-04       1
2531 3.166564e-05       1
2532 1.863683e-04       1
2533 1.194567e-05       1
2534 2.240913e-04       1
2535 1.411853e-03 0.73824
2536 1.932072e-05       1
2537 5.491456e-05       1
2538 1.592831e-05       1
2539 4.601054e-08       1
2540 1.366936e-04       1
2541 2.148551e-04       1
2542 1.514404e-05       1
2543 3.649636e-04       1
2544 1.281923e-03       1
2545 3.798564e-05       1
2546 5.936797e-06       1
2547 4.632019e-04       1
2548 2.611670e-04       1
2549 9.716554e-04       1
2550 8.046794e-05       1
2551 1.929126e-05       1
2552 4.681673e-05       1
2553 9.257126e-06       1
2554 3.146871e-06       1
2555 9.606394e-05       1
2556 1.500857e-05       1
2557 2.703602e-04       1
2558 2.874486e-04       1
2559 1.569674e-03       1
2560 1.173194e-04       1
2561 2.239922e-03       1
2562 5.269605e-04       1
2563 1.973072e-05       1
2564 1.053512e-03       1
2565 5.819734e-05       1
2566 1.278840e-03       1
2567 5.919621e-04       1
2568 1.430615e-04       1
2569 6.499258e-05       1
2570 3.624672e-05       1
2571 6.190875e-05       1
2572 2.905864e-06       1
2573 7.044508e-05       1
2574 1.328518e-04       1
2575 1.844284e-06       1
2576 2.296714e-06       1
2577 1.006357e-05       1
2578 1.739456e-06       1
2579 2.622625e-05       1
2580 9.434757e-04       1
2581 7.823983e-05       1
2582 7.241250e-05       1
2583 3.251398e-06       1
2584 1.818909e-05       1
2585 5.737576e-04       1
2586 1.522425e-05       1
2587 1.421088e-05       1
2588 2.703046e-05       1
2589 2.228080e-04       1
2590 8.779364e-04       1
2591 2.116923e-04       1
2592 9.496120e-05       1
2593 9.098995e-04       1
2594 6.627935e-05       1
2595 3.783974e-05       1
2596 3.389765e-04       1
2597 1.858709e-04       1
2598 1.223106e-05       1
2599 1.047108e-05       1
2600 1.734554e-04       1
2601 2.840057e-05       1
2602 6.410178e-05       1
2603 2.993676e-04       1
2604 1.631641e-04       1
2605 6.985475e-04       1
2606 7.383508e-04       1
2607 1.595262e-03       1
2608 2.170381e-04       1
2609 1.107387e-05       1
2610 7.484815e-04       1
2611 3.911341e-03       1
2612 7.697631e-04       1
2613 3.111711e-04       1
2614 8.912638e-05       1
2615 7.420444e-05       1
2616 5.480020e-06       1
2617 2.212688e-03       1
2618 2.714448e-05       1
2619 1.674150e-04       1
2620 8.037366e-05       1
2621 1.873901e-03       1
2622 4.479482e-05       1
2623 2.163473e-05       1
2624 2.413508e-04       1
2625 6.368637e-07       1
2626 5.537781e-05       1
2627 1.348244e-03       1
2628 1.648842e-04       1
2629 1.366538e-04       1
2630 1.330652e-04       1
2631 1.983531e-05       1
2632 8.719601e-05       1
2633 2.343815e-04       1
2634 4.746525e-04       1
2635 7.277258e-04       1
2636 8.895464e-06       1
2637 7.891935e-05       1
2638 2.232074e-04       1
2639 4.791734e-05       1
2640 8.588462e-05       1
2641 9.994855e-05       1
2642 2.256090e-05       1
2643 1.032048e-03       1
2644 3.992504e-06       1
2645 2.362999e-05       1
2646 4.230036e-04       1
2647 5.540462e-05       1
2648 1.227826e-06       1
2649 2.746325e-04       1
2650 2.639610e-04       1
2651 1.501577e-04       1
2652 1.530548e-04       1
2653 1.251661e-04       1
2654 3.631969e-04       1
2655 8.390696e-04       1
2656 1.354209e-04       1
2657 5.048771e-06       1
2658 1.328372e-04       1
2659 1.300132e-04       1
2660 3.487244e-06       1
2661 3.497742e-03       1
2662 3.008653e-04       1
2663 4.359534e-06       1
2664 1.076753e-04       1
2665 3.143954e-04       1
2666 1.636620e-04       1
2667 1.962340e-04       1
2668 1.160564e-03       1
2669 3.158542e-04       1
2670 1.052368e-04       1
2671 1.331240e-03       1
2672 9.864130e-05       1
2673 5.813938e-05       1
2674 1.948761e-05       1
2675 2.328892e-05       1
2676 9.460323e-04       1
2677 3.961700e-04       1
2678 9.293420e-05       1
2679 4.198855e-05       1
2680 6.414676e-06       1
2681 3.195802e-04       1
2682 4.191540e-04       1
2683 3.856861e-06       1
2684 1.079996e-05       1
2685 1.843549e-04       1
2686 7.765948e-08       1
2687 1.186693e-04       1
2688 1.189022e-04       1
2689 1.300126e-04       1
2690 2.265930e-06       1
2691 2.280437e-04       1
2692 1.360331e-04       1
2693 1.751792e-05       1
2694 1.169341e-04       1
2695 3.665509e-05       1
2696 6.929292e-07       1
2697 4.144291e-05       1
2698 1.109947e-04       1
2699 2.579261e-04       1
2700 7.230397e-05       1
2701 5.370291e-07       1
2702 1.046707e-06       1
2703 9.368562e-05       1
2704 1.024657e-05       1
2705 3.636469e-03       1
2706 1.991862e-08       1
2707 4.396677e-03       1
2708 3.261974e-04       1
2709 7.262266e-06       1
2710 7.129317e-06       1
2711 6.547636e-08       1
2712 8.214264e-04       1
2713 3.795623e-05       1
2714 6.338535e-07       1
2715 8.249879e-05       1
2716 1.055797e-04       1
2717 4.581469e-04       1
2718 5.985651e-05       1
2719 9.812071e-05       1
2720 4.127546e-04       1
2721 3.491949e-04       1
2722 2.055705e-05       1
2723 1.833527e-05       1
2724 1.484675e-04       1
2725 1.505789e-04       1
2726 4.360142e-06       1
2727 5.808745e-07       1
2728 3.282954e-04       1
2729 3.228996e-06       1
2730 2.843024e-04       1
2731 2.728477e-05       1
2732 5.745750e-07       1
2733 2.596588e-06       1
2734 1.385090e-03       1
2735 1.940939e-03       1
2736 3.491339e-04       1
2737 7.335836e-05       1
2738 8.003131e-04       1
2739 1.959054e-04       1
2740 6.056938e-04       1
2741 1.554994e-03       1
2742 6.592990e-04       1
2743 7.423735e-04       1
2744 3.803702e-04       1
2745 2.410732e-04       1
2746 2.374380e-04       1
2747 8.275188e-04       1
2748 1.180179e-05       1
2749 6.172460e-05       1
2750 2.412084e-05       1
2751 1.327149e-04       1
2752 1.116267e-04       1
2753 1.000446e-04       1
2754 3.209800e-04       1
2755 1.864678e-04       1
2756 4.668082e-04       1
2757 1.686382e-04       1
2758 2.248561e-04       1
2759 9.843063e-06       1
2760 6.304363e-04       1
2761 1.538101e-03       1
2762 1.932239e-06       1
2763 3.736045e-04       1
2764 2.140128e-06       1
2765 1.521645e-04       1
2766 2.630200e-04       1
2767 1.089763e-05       1
2768 3.442851e-05       1
2769 1.147292e-04       1
2770 2.115776e-04       1
2771 2.343466e-06       1
2772 1.631429e-05       1
2773 1.435178e-04       1
2774 3.811298e-04       1
2775 1.566818e-03       1
2776 2.017562e-04       1
2777 5.173068e-06       1
2778 6.832224e-05       1
2779 4.369383e-04       1
2780 1.445528e-03       1
2781 6.457891e-04       1
2782 6.573328e-04       1
2783 1.819487e-04       1
2784 7.933339e-04       1
2785 3.202420e-03       1
2786 4.302469e-05       1
2787 4.807688e-05       1
2788 1.055166e-05       1
2789 1.027978e-07       1
2790 1.066099e-04       1
2791 5.714182e-05       1
2792 2.999524e-06       1
2793 2.539147e-04       1
2794 3.805296e-04       1
2795 1.849388e-04       1
2796 3.551009e-04       1
2797 1.649547e-05       1
2798 1.527582e-04       1
2799 5.276602e-05       1
2800 1.017264e-05       1
2801 7.865890e-03       1
2802 2.928119e-04       1
2803 2.610075e-06       1
2804 2.952315e-05       1
2805 7.542111e-05       1
2806 3.664714e-05       1
2807 6.321691e-04       1
2808 1.351405e-04       1
2809 9.147675e-05       1
2810 1.191313e-05       1
2811 1.405988e-04       1
2812 1.589106e-05       1
2813 6.714906e-05       1
2814 1.039441e-05       1
2815 1.074242e-04       1
2816 1.027242e-04       1
2817 3.581007e-04       1
2818 1.979699e-03       1
2819 1.831396e-05       1
2820 2.579712e-06       1
2821 5.229139e-04       1
2822 8.953840e-04       1
2823 1.179598e-05       1
2824 1.336178e-04       1
2825 1.163847e-04       1
2826 1.199550e-04       1
2827 7.477249e-05       1
2828 1.356497e-04       1
2829 1.486441e-04       1
2830 2.042806e-04       1
2831 2.079309e-04       1
2832 1.173545e-05       1
2833 3.003016e-06       1
2834 1.099578e-04       1
2835 9.477894e-05       1
2836 1.438984e-03       1
2837 1.362183e-06       1
2838 1.373158e-04       1
2839 9.351204e-05       1
2840 1.419519e-04       1
2841 5.986082e-07       1
2842 2.264541e-04       1
2843 3.293017e-05       1
2844 2.894217e-05       1
2845 3.400288e-05       1
2846 3.408331e-04       1
2847 1.466631e-06       1
2848 7.277460e-05       1
2849 3.914513e-09       1
2850 1.678377e-04       1
2851 4.585833e-04       1
2852 1.357071e-05       1
2853 5.105639e-05       1
2854 1.504639e-04       1
2855 5.458493e-05       1
2856 9.155053e-04       1
2857 3.380248e-04       1
2858 4.838718e-04       1
2859 9.132275e-05       1
2860 7.295222e-06       1
2861 6.685848e-04       1
2862 8.868882e-05       1
2863 3.468031e-05       1
2864 1.064550e-04       1
2865 1.247615e-04       1
2866 2.280105e-03       1
2867 3.307543e-05       1
2868 4.133649e-04       1
2869 1.396891e-05       1
2870 2.744721e-05       1
2871 3.531025e-05       1
2872 8.932287e-05       1
2873 1.047239e-03       1
2874 3.446062e-05       1
2875 1.214857e-04       1
2876 1.497829e-04       1
2877 9.813076e-05       1
2878 1.143110e-03       1
2879 2.816849e-04       1
2880 2.783146e-04       1
2881 2.677438e-05       1
2882 2.757962e-05       1
2883 1.039143e-03       1
2884 2.793790e-04       1
2885 3.090540e-05       1
2886 6.372665e-06       1
2887 1.400512e-07       1
2888 1.114906e-06       1
2889 9.688427e-05       1
2890 5.489921e-05       1
2891 1.126740e-05       1
2892 3.955300e-04       1
2893 5.263036e-05       1
2894 1.259519e-04       1
2895 6.492323e-06       1
2896 2.738662e-05       1
2897 2.221725e-05       1
2898 1.231768e-05       1
2899 1.215333e-03       1
2900 1.018493e-04       1
2901 8.012509e-04       1
2902 2.836970e-04       1
2903 7.914349e-05       1
2904 1.511678e-04       1
2905 4.138353e-05       1
2906 2.645856e-04       1
2907 4.950581e-05       1
2908 1.449355e-05       1
2909 3.795289e-04       1
2910 4.725235e-05       1
2911 1.755319e-05       1
2912 2.757413e-04       1
2913 1.415489e-04       1
2914 2.443909e-05       1
2915 1.879534e-04       1
2916 2.191447e-04       1
2917 6.559484e-07       1
2918 6.050921e-05       1
2919 9.300045e-05       1
2920 3.570806e-04       1
2921 1.060090e-04       1
2922 2.045006e-04       1
2923 2.546524e-04       1
2924 1.027350e-05       1
2925 2.419985e-04       1
2926 2.844968e-05       1
2927 2.579929e-08       1
2928 2.107241e-04       1
2929 1.794930e-04       1
2930 5.645330e-04       1
2931 4.660586e-05       1
2932 6.519389e-05       1
2933 1.149930e-04       1
2934 1.493759e-07       1
2935 7.360454e-05       1
2936 9.038867e-05       1
2937 4.527199e-04       1
2938 1.208383e-04       1
2939 2.978322e-06       1
2940 9.717406e-05       1
2941 4.041458e-05       1
2942 1.361380e-04       1
2943 2.707585e-04       1
2944 1.856421e-05       1
2945 3.621353e-04       1
2946 6.490628e-06       1
2947 2.677325e-05       1
2948 2.701391e-04       1
2949 4.889067e-05       1
2950 5.858777e-06       1
2951 1.374601e-04       1
2952 5.854685e-05       1
2953 6.338141e-05       1
2954 3.496038e-04       1
2955 2.762977e-04       1
2956 7.194820e-05       1
2957 9.716868e-06       1
2958 7.538478e-07       1
2959 1.536428e-04       1
2960 1.153367e-04       1
2961 3.424840e-04       1
2962 6.566275e-05       1
2963 2.707281e-05       1
2964 1.990915e-04       1
2965 5.381186e-06       1
2966 1.003261e-05       1
2967 1.407483e-04       1
2968 1.107479e-04       1
2969 2.420077e-04       1
2970 1.292065e-04       1
2971 9.231809e-06       1
2972 4.255178e-05       1
2973 3.747430e-05       1
2974 3.722538e-05       1
2975 6.489344e-04       1
2976 1.300455e-05       1
2977 5.361401e-05       1
2978 1.455648e-04       1
2979 2.277868e-04       1
2980 3.586414e-05       1
2981 1.683041e-06       1
2982 2.323060e-04       1
2983 1.097705e-04       1
2984 5.882585e-07       1
2985 1.719887e-04       1
2986 1.785657e-05       1
2987 6.418834e-06       1
2988 2.305135e-05       1
2989 3.233892e-04       1
2990 1.526914e-04       1
2991 4.797690e-04       1
2992 3.785288e-04       1
2993 1.068857e-04       1
2994 2.616519e-04       1
2995 2.644850e-07       1
2996 2.721071e-04       1
2997 1.244142e-05       1
2998 2.353206e-04       1
2999 6.214838e-04       1
3000 6.651043e-06       1
3001 1.328121e-07       1
3002 2.346360e-04       1
3003 1.929908e-04       1
3004 3.852548e-04       1
3005 7.458569e-05       1
3006 5.661613e-06       1
3007 4.754460e-04       1
3008 6.583664e-05       1
3009 3.698017e-05       1
3010 1.067591e-04       1
3011 9.561139e-05       1
3012 5.907282e-05       1
3013 2.301671e-04       1
3014 6.950421e-05       1
3015 1.297723e-04       1
3016 3.099024e-04       1
3017 2.195077e-04       1
3018 1.668985e-05       1
3019 2.816446e-04       1
3020 3.273405e-07       1
3021 1.250282e-05       1
3022 3.335515e-04       1
3023 4.192592e-04       1
3024 2.192780e-04       1
3025 6.585485e-05       1
3026 2.631633e-04       1
3027 1.654953e-04       1
3028 1.445786e-04       1
3029 1.310937e-06       1
3030 1.937243e-05       1
3031 1.909297e-04       1
3032 1.119963e-04       1
3033 2.855649e-04       1
3034 9.591871e-05       1
3035 4.689523e-07       1
3036 1.789549e-04       1
3037 4.046619e-05       1
3038 1.253596e-05       1
3039 1.210175e-09       1
3040 3.354440e-06       1
3041 7.418440e-04       1
3042 1.706613e-04       1
3043 1.027644e-04       1
3044 7.110616e-05       1
3045 1.905902e-05       1
3046 1.277985e-04       1
3047 5.694890e-05       1
3048 7.631224e-05       1
3049 2.810056e-05       1
3050 1.568538e-05       1
3051 6.539451e-04       1
3052 3.404633e-05       1
3053 1.963054e-04       1
3054 3.000551e-05       1
3055 1.633482e-04       1
3056 4.151136e-04       1
3057 1.133679e-04       1
3058 3.679044e-07       1
3059 1.025826e-05       1
3060 7.810159e-06       1
3061 1.356423e-06       1
3062 8.206008e-05       1
3063 9.639040e-05       1
3064 1.777502e-05       1
3065 6.512961e-07       1
3066 1.423040e-04       1
3067 7.340831e-07       1
3068 8.506826e-07       1
3069 4.022468e-04       1
3070 5.026182e-04       1
3071 7.857404e-05       1
3072 5.922563e-05       1
3073 7.419545e-05       1
3074 1.532888e-04       1
3075 9.088381e-05       1
3076 4.479986e-05       1

$`MR-PRESSO results`$`Distortion Test`
$`MR-PRESSO results`$`Distortion Test`$`Outliers Indices`
[1] "No significant outliers"

$`MR-PRESSO results`$`Distortion Test`$`Distortion Coefficient`
[1] NA

$`MR-PRESSO results`$`Distortion Test`$Pvalue
[1] NA



