$`Main MR results`
       Exposure       MR Analysis Causal Estimate        Sd   T-stat
1 beta.exposure               Raw       1.0194203 0.2278431 4.474221
2 beta.exposure Outlier-corrected       0.6653531 0.1864574 3.568391
       P-value
1 2.033057e-05
2 5.556824e-04

$`MR-PRESSO results`
$`MR-PRESSO results`$`Global Test`
$`MR-PRESSO results`$`Global Test`$RSSobs
[1] 203.9045

$`MR-PRESSO results`$`Global Test`$Pvalue
[1] "<1e-04"


$`MR-PRESSO results`$`Outlier Test`
          RSSobs  Pvalue
1   1.695450e-02       1
2   4.009299e-04       1
3   1.023314e-02       1
4   2.312175e-01       1
5   2.704184e-02       1
6   1.435514e-02       1
7   3.371492e-04       1
8   2.817143e-02       1
9   1.049503e-02       1
10  5.757582e-03       1
11  3.601083e-03       1
12  4.655223e-03       1
13  5.035464e-03       1
14  9.542891e-03       1
15  7.050572e-03       1
16  8.955502e-03       1
17  1.331884e-03       1
18  4.147541e-03       1
19  4.156365e-03       1
20  1.001138e-02       1
21  8.677203e-02       1
22  3.974223e-03       1
23  5.754863e-05       1
24  1.164184e-05       1
25  2.995243e-03       1
26  7.614259e-02       1
27  1.499521e-01  0.7171
28  4.970608e-03       1
29  2.135470e-02       1
30  1.655207e-02       1
31  1.306215e-03       1
32  3.451613e-03       1
33  1.613495e-02       1
34  5.782482e-03       1
35  4.884230e-05       1
36  3.039105e-01       1
37  1.072068e-03       1
38  7.707135e-03       1
39  4.104478e-03       1
40  1.503048e-02       1
41  2.946297e-03       1
42  1.079588e+00 <0.0101
43  5.582584e-03       1
44  3.209219e-02       1
45  5.068820e-03       1
46  4.173942e-04       1
47  4.392402e-03       1
48  9.440292e-04       1
49  1.107748e-01       1
50  2.854484e-03       1
51  3.344218e-04       1
52  3.916547e-03       1
53  8.443330e-04       1
54  4.341681e-04       1
55  2.990299e-03       1
56  5.963200e-07       1
57  2.205953e-06       1
58  5.779086e-03       1
59  7.750252e-03       1
60  1.554253e-02       1
61  4.917399e-02       1
62  4.304582e-02       1
63  5.422219e-03       1
64  6.361731e-03       1
65  2.828259e-02       1
66  4.682811e-02       1
67  9.499716e-06       1
68  7.027446e-04       1
69  6.025833e-04       1
70  1.502667e-03       1
71  1.696039e-01       1
72  7.218256e-03       1
73  6.983465e-03       1
74  6.175541e-03       1
75  1.805996e-05       1
76  2.135881e-02       1
77  8.001228e-04       1
78  1.921598e-01  0.0909
79  1.839359e-02       1
80  7.880823e-03       1
81  1.371168e-04       1
82  3.469327e-03       1
83  1.929154e-02       1
84  2.715865e-03       1
85  2.756557e-03       1
86  2.955183e-01       1
87  2.419519e-03       1
88  2.960873e-01       1
89  8.482884e-05       1
90  3.117707e-02       1
91  1.506516e+00  0.9393
92  2.775450e-02       1
93  1.692794e-03       1
94  1.115335e-04       1
95  2.022712e-04       1
96  2.219990e-03       1
97  2.124724e-03       1
98  4.165547e-04       1
99  1.182034e-03       1
100 1.318890e-03       1
101 1.281102e-04       1

$`MR-PRESSO results`$`Distortion Test`
$`MR-PRESSO results`$`Distortion Test`$`Outliers Indices`
[1] 42

$`MR-PRESSO results`$`Distortion Test`$`Distortion Coefficient`
beta.exposure 
     53.21493 

$`MR-PRESSO results`$`Distortion Test`$Pvalue
[1] 0.0698



