$`Main MR results`
       Exposure       MR Analysis Causal Estimate          Sd     T-stat
1 beta.exposure               Raw    -0.001275735 0.009422851 -0.1353873
2 beta.exposure Outlier-corrected    -0.007971723 0.008559564 -0.9313235
    P-value
1 0.8923235
2 0.3518334

$`MR-PRESSO results`
$`MR-PRESSO results`$`Global Test`
$`MR-PRESSO results`$`Global Test`$RSSobs
[1] 2008.95

$`MR-PRESSO results`$`Global Test`$Pvalue
[1] "<1.33333333333333e-05"


$`MR-PRESSO results`$`Outlier Test`
           RSSobs  Pvalue
1    1.423589e-08       1
2    1.134866e-05       1
3    9.652836e-06       1
4    6.558161e-09       1
5    7.043821e-06       1
6    8.256615e-06       1
7    1.921160e-05       1
8    1.121077e-05       1
9    2.439951e-05       1
10   4.341361e-06       1
11   8.084119e-07       1
12   2.025649e-05       1
13   8.136020e-07       1
14   4.402816e-05       1
15   1.011198e-05       1
16   5.027567e-07       1
17   9.766169e-08       1
18   6.289494e-05       1
19   2.952840e-05       1
20   2.692033e-07       1
21   6.152524e-07       1
22   1.006228e-05       1
23   2.839809e-07       1
24   2.448740e-05       1
25   2.942963e-10       1
26   7.561373e-05       1
27   9.939847e-08       1
28   4.963487e-05       1
29   5.448036e-07       1
30   7.169857e-05       1
31   8.403726e-05       1
32   4.589683e-06       1
33   1.324957e-04       1
34   1.024805e-05       1
35   1.136818e-05       1
36   5.992658e-05       1
37   2.295097e-08       1
38   1.658444e-05       1
39   3.057164e-05       1
40   4.017914e-05       1
41   1.388896e-05       1
42   7.683434e-05       1
43   8.881385e-05       1
44   2.808667e-05       1
45   1.525206e-05       1
46   2.225492e-05       1
47   1.536964e-06       1
48   9.585251e-06       1
49   1.119938e-06       1
50   1.879175e-09       1
51   1.377692e-06       1
52   7.878107e-05       1
53   1.145469e-04       1
54   1.098108e-05       1
55   6.659719e-05       1
56   1.138658e-04       1
57   5.235921e-07       1
58   7.315906e-07       1
59   4.223622e-06       1
60   3.092301e-08       1
61   1.793799e-06       1
62   2.594575e-04       1
63   1.702507e-04       1
64   4.797788e-06       1
65   3.318313e-06       1
66   3.925044e-05       1
67   9.094022e-07       1
68   2.762374e-06       1
69   8.597520e-06       1
70   9.349840e-07       1
71   2.388566e-06       1
72   9.958282e-05       1
73   2.021285e-05       1
74   2.137026e-05       1
75   2.219873e-05       1
76   2.106238e-05       1
77   5.133511e-05       1
78   1.245344e-07       1
79   2.710447e-06       1
80   5.946653e-06       1
81   2.236524e-05       1
82   4.962703e-07       1
83   1.333800e-04       1
84   1.885825e-07       1
85   1.633050e-07       1
86   1.241869e-06       1
87   4.730380e-05       1
88   2.786999e-06       1
89   3.816054e-06       1
90   2.608532e-05       1
91   1.483606e-05       1
92   5.614470e-06       1
93   1.390574e-05       1
94   1.334620e-05       1
95   2.213578e-06       1
96   4.186079e-05       1
97   9.390134e-06       1
98   2.773377e-05       1
99   2.333345e-07       1
100  3.086716e-07       1
101  3.755488e-05       1
102  1.045015e-04       1
103  1.289986e-04       1
104  3.632302e-05       1
105  1.102682e-06       1
106  1.539445e-04       1
107  4.743725e-05       1
108  2.205150e-05       1
109  7.735723e-07       1
110  1.173227e-05       1
111  7.245676e-06       1
112  2.428664e-05       1
113  2.500568e-06       1
114  3.032230e-06       1
115  1.150540e-06       1
116  3.099163e-06       1
117  6.067341e-05       1
118  1.105511e-06       1
119  3.412403e-05       1
120  7.637743e-06       1
121  4.550129e-05       1
122  3.406654e-06       1
123  7.083427e-07       1
124  4.074047e-09       1
125  1.352120e-05       1
126  1.427224e-05       1
127  1.402726e-05       1
128  3.295575e-06       1
129  2.231318e-05       1
130  1.847038e-05       1
131  2.023579e-06       1
132  2.535600e-05       1
133  3.962844e-05       1
134  6.566148e-07       1
135  1.288225e-07       1
136  3.828638e-05       1
137  2.825302e-05       1
138  1.568244e-07       1
139  7.361874e-05       1
140  5.689830e-06       1
141  5.599380e-06       1
142  5.993254e-06       1
143  5.682173e-06       1
144  3.089288e-05       1
145  7.642961e-07       1
146  1.861779e-05       1
147  1.645620e-06       1
148  1.405320e-04       1
149  1.571704e-06       1
150  1.753462e-05       1
151  7.270827e-05       1
152  1.794811e-06       1
153  8.448307e-06       1
154  5.952049e-05       1
155  2.035641e-06       1
156  2.005656e-05       1
157  1.163585e-05       1
158  2.593037e-05       1
159  1.461705e-05       1
160  6.638130e-06       1
161  1.048586e-08       1
162  1.368794e-04       1
163  5.268898e-06       1
164  6.140127e-05       1
165  1.076931e-05       1
166  2.014671e-04       1
167  1.843386e-06       1
168  3.052314e-06       1
169  3.161473e-05       1
170  3.990405e-05       1
171  1.258014e-05       1
172  9.486190e-06       1
173  5.254308e-06       1
174  6.425276e-06       1
175  9.151457e-06       1
176  4.095353e-05       1
177  1.037602e-04       1
178  1.517992e-07       1
179  1.531674e-05       1
180  2.862366e-06       1
181  1.748145e-04       1
182  4.473219e-05       1
183  2.246443e-05       1
184  3.178849e-06       1
185  3.961637e-05       1
186  7.480727e-08       1
187  1.885032e-05       1
188  3.982190e-05       1
189  6.361195e-06       1
190  1.816894e-05       1
191  6.056138e-05       1
192  2.940074e-05       1
193  7.390709e-06       1
194  2.118656e-08       1
195  8.098342e-06       1
196  8.731118e-08       1
197  1.243936e-06       1
198  8.409640e-07       1
199  1.020013e-06       1
200  5.435248e-05       1
201  1.964836e-04       1
202  1.464708e-06       1
203  1.073238e-04       1
204  1.590781e-05       1
205  1.480968e-05       1
206  8.098077e-05       1
207  5.052923e-05       1
208  6.175628e-05       1
209  2.198972e-05       1
210  4.304320e-06       1
211  8.792005e-06       1
212  1.882996e-05       1
213  7.564966e-06       1
214  8.871661e-07       1
215  8.506025e-06       1
216  4.693829e-05       1
217  3.531113e-08       1
218  2.910021e-05       1
219  4.077803e-07       1
220  2.629036e-04       1
221  3.635537e-05       1
222  5.363606e-06       1
223  8.475749e-07       1
224  2.124444e-05       1
225  3.001554e-05       1
226  2.122953e-05       1
227  1.168818e-06       1
228  1.515351e-04       1
229  1.683088e-05       1
230  1.232059e-05       1
231  7.105808e-05       1
232  1.802756e-05       1
233  8.822893e-05       1
234  9.604977e-08       1
235  1.980894e-06       1
236  5.451782e-06       1
237  3.136028e-05       1
238  3.764194e-06       1
239  3.939920e-06       1
240  1.753669e-04       1
241  1.920944e-06       1
242  1.917665e-05       1
243  2.325177e-04       1
244  5.714591e-05       1
245  1.263772e-05       1
246  2.492785e-05       1
247  8.630119e-05       1
248  2.691733e-05       1
249  2.958306e-07       1
250  6.165695e-05       1
251  6.123785e-05       1
252  1.779325e-07       1
253  4.358926e-05       1
254  1.580229e-05       1
255  3.620938e-05       1
256  8.139427e-06       1
257  4.768857e-07       1
258  9.400896e-08       1
259  4.154541e-07       1
260  3.922295e-05       1
261  1.994718e-07       1
262  6.337256e-05       1
263  3.309979e-05       1
264  1.114768e-05       1
265  1.034702e-07       1
266  1.147505e-07       1
267  4.848856e-06       1
268  1.935259e-05       1
269  8.874582e-06       1
270  8.393949e-05       1
271  2.223270e-05       1
272  1.158537e-05       1
273  1.037575e-04       1
274  8.041428e-06       1
275  2.139208e-04       1
276  3.198621e-06       1
277  6.385111e-05       1
278  1.718223e-06       1
279  2.302395e-05       1
280  5.065304e-05       1
281  7.448914e-06       1
282  7.511108e-06       1
283  2.812698e-05       1
284  3.703899e-05       1
285  1.983605e-05       1
286  9.442701e-06       1
287  5.718094e-07       1
288  5.447136e-05       1
289  9.908734e-06       1
290  9.889356e-05       1
291  1.329033e-04       1
292  2.643547e-05       1
293  1.937879e-05       1
294  2.955314e-04       1
295  3.379078e-06       1
296  6.046220e-05       1
297  2.310504e-05       1
298  5.216783e-05       1
299  1.078654e-04       1
300  5.476890e-05       1
301  1.110587e-04       1
302  1.960973e-05       1
303  5.241691e-07       1
304  7.785212e-06       1
305  2.684735e-07       1
306  9.712002e-06       1
307  1.106363e-05       1
308  1.787632e-05       1
309  8.592752e-05       1
310  2.744959e-05       1
311  2.656863e-06       1
312  1.082534e-05       1
313  5.369659e-08       1
314  4.743025e-07       1
315  1.445312e-05       1
316  3.998821e-06       1
317  1.009526e-04       1
318  7.978822e-05       1
319  8.815539e-06       1
320  8.429681e-06       1
321  6.204379e-05       1
322  2.062059e-05       1
323  1.741151e-05       1
324  2.547125e-05       1
325  3.697716e-05       1
326  3.318158e-05       1
327  1.477416e-07       1
328  2.447816e-05       1
329  9.936603e-06       1
330  7.481165e-05       1
331  8.765874e-05       1
332  1.453239e-06       1
333  5.533311e-07       1
334  1.959812e-04       1
335  2.749066e-05       1
336  3.773252e-05       1
337  2.957153e-05       1
338  4.838138e-06       1
339  6.507439e-05       1
340  6.438841e-05       1
341  6.824461e-05       1
342  3.655262e-05       1
343  2.792735e-05       1
344  3.887326e-05       1
345  3.897896e-06       1
346  2.527388e-05       1
347  4.262329e-06       1
348  4.431567e-05       1
349  4.912405e-05       1
350  1.238525e-05       1
351  6.850515e-07       1
352  3.203899e-07       1
353  1.479742e-05       1
354  1.756372e-04       1
355  1.246831e-04       1
356  8.512496e-07       1
357  5.978746e-05       1
358  1.127041e-05       1
359  2.031293e-05       1
360  3.840978e-05       1
361  1.370713e-05       1
362  8.245453e-06       1
363  7.565749e-07       1
364  2.440081e-05       1
365  4.101256e-05       1
366  1.631587e-06       1
367  3.072067e-05       1
368  5.437121e-06       1
369  1.038316e-06       1
370  9.965724e-07       1
371  1.187893e-06       1
372  4.370615e-05       1
373  2.402400e-05       1
374  6.535704e-07       1
375  9.312641e-07       1
376  6.509879e-05       1
377  2.559523e-06       1
378  3.994637e-06       1
379  3.074002e-05       1
380  2.714859e-06       1
381  6.906879e-05       1
382  1.664817e-06       1
383  1.666751e-05       1
384  5.421363e-05       1
385  2.433612e-05       1
386  7.159322e-06       1
387  2.245400e-07       1
388  2.807866e-05       1
389  9.207126e-07       1
390  1.676095e-05       1
391  7.514654e-06       1
392  3.497760e-05       1
393  1.774430e-06       1
394  1.978684e-06       1
395  7.964097e-06       1
396  4.736950e-05       1
397  2.353346e-06       1
398  1.154926e-06       1
399  3.025342e-05       1
400  1.301963e-04       1
401  1.105098e-05       1
402  3.263660e-07       1
403  7.206812e-06       1
404  8.662479e-06       1
405  7.325382e-05       1
406  1.913609e-05       1
407  7.580612e-05       1
408  2.030902e-06       1
409  1.613389e-07       1
410  5.933595e-05       1
411  1.883983e-04       1
412  2.070394e-05       1
413  3.606320e-06       1
414  1.441712e-04       1
415  3.483123e-06       1
416  5.986983e-05       1
417  1.722583e-05       1
418  4.965804e-05       1
419  5.167505e-06       1
420  2.526556e-05       1
421  1.898998e-05       1
422  4.592030e-05       1
423  1.812867e-05       1
424  3.877316e-10       1
425  2.040921e-05       1
426  8.961052e-06       1
427  6.447668e-05       1
428  1.177263e-06       1
429  6.111185e-05       1
430  7.199598e-05       1
431  4.354263e-06       1
432  2.824897e-05       1
433  2.519777e-05       1
434  4.662392e-06       1
435  2.957749e-05       1
436  8.549107e-05       1
437  4.041882e-06       1
438  1.468402e-06       1
439  1.880852e-05       1
440  1.007060e-05       1
441  4.568466e-06       1
442  2.822215e-06       1
443  1.684952e-05       1
444  1.025654e-05       1
445  4.384565e-06       1
446  1.553051e-04       1
447  1.755675e-04       1
448  1.293539e-07       1
449  8.951143e-06       1
450  3.190860e-09       1
451  2.330286e-06       1
452  1.157300e-04       1
453  2.482029e-05       1
454  1.149330e-04       1
455  5.522026e-06       1
456  3.198096e-05       1
457  7.085493e-07       1
458  5.450035e-05       1
459  1.060985e-04       1
460  9.236045e-05       1
461  3.805306e-06       1
462  3.645281e-07       1
463  2.812061e-05       1
464  1.513930e-05       1
465  2.823635e-06       1
466  1.186983e-05       1
467  1.780515e-05       1
468  4.204380e-05       1
469  7.882774e-06       1
470  2.595372e-06       1
471  3.107579e-05       1
472  1.651142e-05       1
473  5.260080e-05       1
474  1.311927e-05       1
475  4.444870e-06       1
476  1.380841e-08       1
477  2.786560e-07       1
478  4.010054e-08       1
479  1.008837e-06       1
480  1.034194e-04       1
481  1.550351e-06       1
482  1.475903e-06       1
483  8.815475e-06       1
484  6.391979e-07       1
485  3.220478e-07       1
486  1.377723e-04       1
487  1.927963e-07       1
488  3.035042e-06       1
489  1.342943e-05       1
490  2.383598e-05       1
491  1.042878e-05       1
492  9.219548e-05       1
493  5.855473e-05       1
494  1.315391e-08       1
495  1.015412e-05       1
496  1.203852e-05       1
497  6.299054e-06       1
498  1.463862e-05       1
499  9.381562e-05       1
500  7.141208e-06       1
501  8.619141e-06       1
502  2.178228e-05       1
503  1.097632e-05       1
504  2.642584e-05       1
505  7.377474e-06       1
506  2.621935e-06       1
507  7.781998e-05       1
508  3.004127e-05       1
509  1.418885e-05       1
510  1.773975e-05       1
511  1.079585e-04       1
512  1.702107e-05       1
513  7.137149e-05       1
514  1.469375e-05       1
515  3.523598e-06       1
516  3.627295e-05       1
517  9.569315e-05       1
518  9.297777e-07       1
519  2.921920e-05       1
520  4.730382e-09       1
521  8.674390e-05       1
522  8.551604e-05       1
523  1.683568e-07       1
524  5.512697e-06       1
525  1.301977e-05       1
526  1.503231e-05       1
527  2.306818e-05       1
528  8.840848e-05       1
529  8.870078e-07       1
530  3.861860e-06       1
531  1.644956e-05       1
532  4.948184e-05       1
533  7.247579e-05       1
534  2.748116e-05       1
535  7.205501e-05       1
536  1.310946e-06       1
537  4.659922e-05       1
538  4.241593e-06       1
539  2.090268e-07       1
540  1.534024e-05       1
541  8.911877e-07       1
542  3.507657e-05       1
543  4.151038e-05       1
544  1.871827e-09       1
545  8.897702e-06       1
546  8.846257e-06       1
547  1.174644e-04       1
548  8.851904e-07       1
549  5.252074e-05       1
550  1.425818e-04       1
551  5.453909e-06       1
552  4.811176e-06       1
553  3.771584e-13       1
554  4.772530e-07       1
555  7.896811e-05       1
556  9.818563e-06       1
557  7.179625e-05       1
558  9.148242e-05       1
559  1.143452e-04       1
560  1.290758e-05       1
561  2.170709e-05       1
562  3.225120e-05       1
563  1.719967e-04       1
564  3.942070e-04       1
565  4.786706e-05       1
566  3.537992e-05       1
567  5.647643e-07       1
568  2.251615e-05       1
569  3.180926e-06       1
570  2.393155e-06       1
571  5.313382e-05       1
572  1.162117e-05       1
573  9.395663e-05       1
574  5.036286e-07       1
575  5.766004e-06       1
576  6.730079e-05       1
577  2.920710e-06       1
578  1.611232e-05       1
579  4.512209e-06       1
580  5.304152e-06       1
581  1.507260e-05       1
582  6.399717e-06       1
583  2.408704e-06       1
584  2.248997e-05       1
585  5.847154e-05       1
586  2.441061e-04       1
587  1.888492e-05       1
588  1.855965e-04       1
589  7.450417e-06       1
590  3.023684e-06       1
591  1.051108e-05       1
592  3.516160e-06       1
593  4.647615e-04       1
594  2.952380e-05       1
595  7.171925e-12       1
596  8.732382e-07       1
597  4.925310e-06       1
598  1.750279e-07       1
599  1.786346e-06       1
600  2.779906e-05       1
601  7.520241e-06       1
602  3.314119e-05       1
603  1.355813e-06       1
604  2.895333e-05       1
605  5.896706e-05       1
606  8.987785e-06       1
607  6.305520e-07       1
608  4.867978e-06       1
609  7.467791e-06       1
610  1.874144e-05       1
611  5.364784e-08       1
612  1.633858e-05       1
613  1.844246e-05       1
614  1.615098e-05       1
615  6.625128e-05       1
616  1.554598e-05       1
617  1.196448e-05       1
618  3.219874e-06       1
619  2.050254e-05       1
620  8.271277e-06       1
621  4.050304e-06       1
622  1.528919e-04       1
623  6.652345e-05       1
624  4.884934e-06       1
625  5.576985e-05       1
626  1.987354e-06       1
627  7.620979e-05       1
628  5.730791e-05       1
629  8.534557e-07       1
630  9.986284e-06       1
631  4.440879e-05       1
632  1.330278e-04       1
633  6.781480e-06       1
634  1.103617e-05       1
635  1.210254e-04       1
636  5.003465e-06       1
637  2.641486e-06       1
638  1.378852e-05       1
639  9.117858e-07       1
640  1.693080e-05       1
641  7.863263e-05       1
642  2.150221e-05       1
643  2.028828e-06       1
644  6.354774e-06       1
645  8.912162e-07       1
646  8.699532e-06       1
647  1.312395e-05       1
648  3.099530e-05       1
649  1.261673e-04       1
650  1.487537e-05       1
651  4.354934e-05       1
652  7.915460e-05       1
653  1.887344e-05       1
654  4.894776e-06       1
655  2.587482e-05       1
656  5.446451e-06       1
657  4.207855e-06       1
658  7.992141e-05       1
659  4.363687e-06       1
660  9.287249e-07       1
661  3.665693e-05       1
662  1.303046e-05       1
663  5.874990e-06       1
664  1.172668e-04       1
665  2.985329e-07       1
666  2.028479e-05       1
667  3.772465e-06       1
668  1.292615e-07       1
669  1.406651e-06       1
670  1.413883e-06       1
671  1.705126e-06       1
672  4.816953e-05       1
673  2.606598e-07       1
674  2.612502e-05       1
675  2.182282e-06       1
676  2.988375e-05       1
677  5.150332e-05       1
678  7.678221e-08       1
679  2.676050e-05       1
680  4.762413e-05       1
681  6.975798e-05       1
682  1.091347e-06       1
683  9.579864e-07       1
684  1.490521e-05       1
685  3.116991e-08       1
686  2.046723e-05       1
687  4.691336e-05       1
688  5.195689e-05       1
689  8.614622e-07       1
690  1.977464e-06       1
691  3.720703e-04       1
692  7.657627e-07       1
693  7.688573e-03 <0.0204
694  7.434902e-07       1
695  6.781616e-04       1
696  6.441955e-06       1
697  6.185753e-07       1
698  8.620986e-06       1
699  3.257633e-06       1
700  5.436749e-05       1
701  2.459091e-06       1
702  1.896013e-06       1
703  1.166740e-05       1
704  4.052437e-06       1
705  1.056445e-08       1
706  7.053766e-07       1
707  7.599772e-10       1
708  2.099642e-05       1
709  2.349531e-06       1
710  2.914773e-07       1
711  3.319831e-05       1
712  4.398067e-07       1
713  1.053680e-06       1
714  9.099290e-05       1
715  1.149357e-04       1
716  1.037312e-09       1
717  7.935637e-05       1
718  3.161422e-07       1
719  2.646161e-05       1
720  5.589170e-07       1
721  7.373312e-06       1
722  6.412647e-05       1
723  5.211029e-05       1
724  1.294840e-05       1
725  1.673824e-05       1
726  3.879129e-04       1
727  8.372698e-06       1
728  7.274345e-06       1
729  2.233110e-06       1
730  6.350037e-06       1
731  1.264028e-05       1
732  8.442396e-06       1
733  5.001757e-05       1
734  2.168675e-05       1
735  1.037331e-05       1
736  2.507926e-06       1
737  4.131222e-06       1
738  6.036519e-05       1
739  9.709019e-06       1
740  9.129052e-07       1
741  2.097007e-05       1
742  3.767823e-07       1
743  5.855527e-05       1
744  4.998065e-06       1
745  2.320649e-05       1
746  1.317898e-05       1
747  5.832344e-07       1
748  1.820172e-05       1
749  3.891659e-06       1
750  1.997716e-08       1
751  3.523363e-05       1
752  3.274253e-05       1
753  1.840293e-05       1
754  4.486841e-06       1
755  1.147449e-05       1
756  1.227811e-05       1
757  7.042367e-05       1
758  2.001110e-05       1
759  2.345803e-05       1
760  1.127546e-04       1
761  4.063312e-06       1
762  1.286808e-05       1
763  6.932773e-06       1
764  4.904591e-05       1
765  1.137562e-05       1
766  5.814095e-06       1
767  3.365046e-05       1
768  3.012041e-06       1
769  2.014661e-07       1
770  1.291671e-05       1
771  1.157885e-07       1
772  1.636809e-07       1
773  7.618661e-08       1
774  2.384076e-05       1
775  1.458621e-05       1
776  2.438891e-06       1
777  4.639238e-06       1
778  4.476581e-05       1
779  8.370001e-05       1
780  1.397033e-06       1
781  7.007686e-05       1
782  7.895966e-05       1
783  7.773981e-06       1
784  1.365497e-05       1
785  4.057775e-07       1
786  4.208310e-08       1
787  3.018206e-06       1
788  9.097699e-06       1
789  3.679890e-05       1
790  8.312190e-06       1
791  3.622528e-06       1
792  1.712450e-05       1
793  1.192868e-05       1
794  6.314718e-05       1
795  2.221137e-04       1
796  2.940118e-07       1
797  1.038638e-05       1
798  7.884161e-06       1
799  1.816798e-04       1
800  1.026791e-05       1
801  3.935958e-07       1
802  3.896695e-05       1
803  3.468567e-05       1
804  1.256386e-04       1
805  1.061841e-08       1
806  1.544660e-05       1
807  2.827094e-05       1
808  5.135554e-06       1
809  3.039675e-07       1
810  3.758203e-08       1
811  7.594657e-07       1
812  7.710896e-05       1
813  7.419459e-06       1
814  2.048472e-05       1
815  7.246523e-05       1
816  3.194798e-05       1
817  2.153077e-05       1
818  2.056029e-05       1
819  3.571852e-07       1
820  1.866060e-06       1
821  4.304550e-05       1
822  6.842668e-07       1
823  9.352013e-07       1
824  3.570663e-06       1
825  8.213241e-06       1
826  1.804024e-05       1
827  8.165980e-06       1
828  9.257339e-06       1
829  2.842443e-05       1
830  5.255471e-05       1
831  7.232637e-06       1
832  8.916510e-07       1
833  6.699415e-06       1
834  7.057064e-09       1
835  1.609048e-07       1
836  7.792492e-06       1
837  4.480945e-08       1
838  7.404844e-05       1
839  4.161694e-06       1
840  2.287625e-05       1
841  4.655403e-06       1
842  7.486581e-05       1
843  2.065560e-07       1
844  4.141935e-06       1
845  1.037420e-05       1
846  8.259670e-05       1
847  1.332411e-05       1
848  1.802773e-07       1
849  5.822487e-05       1
850  2.585403e-06       1
851  4.898174e-05       1
852  6.448411e-07       1
853  9.142694e-06       1
854  4.832452e-07       1
855  9.138933e-07       1
856  3.556081e-05       1
857  7.929988e-06       1
858  2.093329e-06       1
859  3.873453e-06       1
860  5.010901e-05       1
861  6.910346e-05       1
862  1.721338e-08       1
863  8.928470e-05       1
864  9.515967e-08       1
865  1.228837e-06       1
866  3.400103e-06       1
867  7.173964e-07       1
868  2.385867e-05       1
869  1.501279e-05       1
870  1.893134e-04       1
871  1.030303e-04       1
872  1.027299e-06       1
873  4.368180e-05       1
874  1.999784e-05       1
875  7.204933e-05       1
876  4.365011e-06       1
877  6.672737e-07       1
878  1.019578e-05       1
879  2.876152e-05       1
880  2.450710e-05       1
881  4.847771e-06       1
882  2.622048e-05       1
883  6.166881e-05       1
884  6.399464e-07       1
885  1.840629e-05       1
886  2.261599e-05       1
887  1.687086e-05       1
888  1.224995e-05       1
889  4.704996e-05       1
890  8.096297e-06       1
891  7.243521e-07       1
892  2.490650e-05       1
893  4.026536e-05       1
894  3.513798e-05       1
895  2.431011e-05       1
896  5.097973e-06       1
897  1.232308e-06       1
898  2.767304e-05       1
899  4.601217e-06       1
900  7.344715e-05       1
901  5.904611e-06       1
902  3.443284e-06       1
903  9.883049e-06       1
904  5.551384e-07       1
905  1.004873e-05       1
906  2.760206e-05       1
907  9.045860e-05       1
908  2.917712e-05       1
909  9.744886e-06       1
910  1.136102e-05       1
911  4.377100e-05       1
912  2.666273e-05       1
913  1.293079e-07       1
914  1.564559e-05       1
915  1.695947e-06       1
916  3.407046e-06       1
917  1.007934e-04       1
918  1.072723e-07       1
919  7.718729e-08       1
920  4.860575e-06       1
921  2.429476e-06       1
922  5.113418e-05       1
923  5.294100e-05       1
924  1.674516e-04       1
925  4.394812e-05       1
926  1.883766e-08       1
927  1.146971e-05       1
928  1.601451e-05       1
929  7.664400e-05       1
930  1.252964e-05       1
931  2.509598e-06       1
932  6.124203e-05       1
933  1.433354e-05       1
934  2.250624e-05       1
935  8.151278e-05       1
936  4.742881e-05       1
937  5.700894e-06       1
938  1.490602e-05       1
939  6.882968e-06       1
940  4.660001e-07       1
941  5.429987e-05       1
942  2.485078e-06       1
943  8.476412e-06       1
944  3.002424e-06       1
945  5.597945e-06       1
946  2.712495e-05       1
947  1.695177e-09       1
948  3.491985e-06       1
949  2.342806e-06       1
950  6.036211e-06       1
951  2.043958e-06       1
952  3.052707e-08       1
953  3.070570e-06       1
954  1.961057e-06       1
955  1.526702e-04       1
956  7.363012e-06       1
957  2.161702e-06       1
958  2.561885e-05       1
959  3.381773e-05       1
960  2.147632e-05       1
961  5.511893e-05       1
962  1.413255e-05       1
963  1.642244e-07       1
964  6.141835e-07       1
965  1.724808e-05       1
966  3.571237e-06       1
967  1.469430e-06       1
968  7.436174e-06       1
969  4.949646e-07       1
970  1.153556e-06       1
971  2.150915e-05       1
972  1.355951e-04       1
973  7.191686e-05       1
974  5.905954e-06       1
975  1.332611e-06       1
976  5.848538e-05       1
977  4.706795e-06       1
978  2.619878e-07       1
979  2.317206e-05       1
980  6.076835e-06       1
981  1.437543e-05       1
982  3.007756e-05       1
983  3.942248e-05       1
984  1.254404e-04       1
985  2.855838e-06       1
986  1.579904e-05       1
987  6.737902e-07       1
988  1.340358e-05       1
989  1.437397e-05       1
990  1.322263e-06       1
991  1.357756e-05       1
992  1.486841e-05       1
993  7.147570e-05       1
994  3.668693e-06       1
995  2.459369e-07       1
996  6.206789e-05       1
997  4.247994e-05       1
998  4.784904e-06       1
999  7.198899e-06       1
1000 4.023924e-05       1
1001 3.061524e-05       1
1002 4.027538e-05       1
1003 2.817184e-05       1
1004 3.908787e-07       1
1005 6.572809e-07       1
1006 9.131591e-06       1
1007 1.741448e-06       1
1008 2.473980e-07       1
1009 5.992775e-06       1
1010 8.727625e-05       1
1011 1.141312e-06       1
1012 6.165181e-07       1
1013 8.618192e-06       1
1014 1.046997e-06       1
1015 1.594425e-06       1
1016 4.500582e-05       1
1017 1.277903e-06       1
1018 7.999853e-07       1
1019 2.144953e-05       1
1020 1.628058e-07       1
1021 1.655733e-07       1
1022 5.334303e-07       1
1023 6.285548e-05       1
1024 1.412624e-05       1
1025 1.008423e-05       1
1026 1.929235e-05       1
1027 1.449423e-05       1
1028 2.791286e-05       1
1029 3.309466e-06       1
1030 3.010061e-05       1
1031 8.050311e-05       1
1032 2.610730e-05       1
1033 1.907450e-08       1
1034 1.271894e-04       1
1035 2.156875e-05       1
1036 2.369258e-05       1
1037 9.447213e-07       1
1038 6.006937e-05       1
1039 6.425381e-06       1
1040 2.446243e-06       1
1041 3.080786e-06       1
1042 6.582382e-06       1
1043 5.092930e-07       1
1044 1.187757e-05       1
1045 1.189474e-06       1
1046 1.905917e-07       1
1047 1.070713e-05       1
1048 6.591912e-06       1
1049 1.892279e-06       1
1050 1.719596e-05       1
1051 7.470466e-05       1
1052 1.389798e-05       1
1053 9.180704e-07       1
1054 1.743919e-04       1
1055 1.883076e-05       1
1056 3.691358e-06       1
1057 1.053719e-05       1
1058 3.641203e-05       1
1059 1.388681e-08       1
1060 3.571936e-07       1
1061 2.001335e-06       1
1062 5.690879e-05       1
1063 6.092599e-06       1
1064 5.142717e-05       1
1065 5.487806e-05       1
1066 1.766803e-05       1
1067 1.741314e-06       1
1068 1.733658e-07       1
1069 7.874827e-06       1
1070 8.930839e-06       1
1071 7.419760e-05       1
1072 2.757406e-05       1
1073 1.821781e-06       1
1074 2.666208e-05       1
1075 7.145109e-08       1
1076 9.798899e-08       1
1077 2.465165e-04       1
1078 2.603218e-06       1
1079 9.238847e-06       1
1080 1.100601e-05       1
1081 1.474755e-05       1
1082 1.126356e-05       1
1083 7.577227e-06       1
1084 1.057702e-05       1
1085 6.334117e-06       1
1086 1.425192e-05       1
1087 3.936484e-06       1
1088 2.360406e-06       1
1089 3.279303e-06       1
1090 5.420526e-08       1
1091 1.918482e-05       1
1092 1.034199e-06       1
1093 1.052457e-04       1
1094 1.441902e-05       1
1095 6.315087e-05       1
1096 1.156443e-05       1
1097 2.314144e-06       1
1098 1.780594e-06       1
1099 9.584753e-06       1
1100 2.927572e-06       1
1101 4.395919e-05       1
1102 2.960129e-04       1
1103 1.016067e-04       1
1104 1.718126e-06       1
1105 1.357650e-06       1
1106 5.613277e-07       1
1107 2.506859e-05       1
1108 1.534303e-06       1
1109 3.875706e-05       1
1110 8.343129e-05       1
1111 1.181990e-05       1
1112 8.205354e-06       1
1113 8.612882e-05       1
1114 1.014419e-05       1
1115 2.327353e-06       1
1116 5.947206e-06       1
1117 6.951138e-07       1
1118 2.989455e-06       1
1119 1.674438e-07       1
1120 9.750280e-07       1
1121 5.544337e-06       1
1122 4.215709e-06       1
1123 8.404119e-07       1
1124 3.425618e-05       1
1125 2.254590e-06       1
1126 1.908488e-05       1
1127 4.334346e-06       1
1128 2.111173e-05       1
1129 1.432300e-06       1
1130 2.833322e-06       1
1131 2.517029e-05       1
1132 3.382753e-05       1
1133 5.126736e-05       1
1134 2.636591e-05       1
1135 1.713975e-05       1
1136 1.137158e-05       1
1137 7.514343e-06       1
1138 1.029988e-04       1
1139 1.373686e-06       1
1140 4.215171e-07       1
1141 3.158249e-05       1
1142 1.669383e-05       1
1143 6.314771e-06       1
1144 4.117554e-05       1
1145 7.912109e-06       1
1146 5.371547e-06       1
1147 1.118962e-05       1
1148 1.081164e-06       1
1149 1.939170e-06       1
1150 7.325387e-05       1
1151 2.225807e-05       1
1152 6.761467e-07       1
1153 5.055479e-05       1
1154 2.049430e-06       1
1155 1.397047e-05       1
1156 1.885898e-05       1
1157 1.794231e-05       1
1158 2.895226e-05       1
1159 1.269548e-05       1
1160 5.161498e-05       1
1161 1.363896e-05       1
1162 7.404772e-05       1
1163 2.964545e-05       1
1164 1.176423e-07       1
1165 1.588592e-04       1
1166 7.533254e-07       1
1167 2.153813e-05       1
1168 5.175640e-07       1
1169 2.622809e-05       1
1170 3.142664e-06       1
1171 6.761435e-05       1
1172 2.376712e-07       1
1173 3.626566e-06       1
1174 2.963104e-07       1
1175 2.399680e-05       1
1176 6.511047e-07       1
1177 5.297818e-06       1
1178 3.121405e-06       1
1179 2.711598e-07       1
1180 3.089177e-05       1
1181 3.018375e-08       1
1182 1.073509e-06       1
1183 6.972353e-06       1
1184 5.941824e-06       1
1185 7.633188e-05       1
1186 4.541941e-05       1
1187 2.626800e-05       1
1188 3.361276e-05       1
1189 1.122111e-05       1
1190 1.151513e-07       1
1191 3.683316e-05       1
1192 7.025991e-06       1
1193 3.034745e-05       1
1194 1.080152e-05       1
1195 2.398780e-05       1
1196 7.314698e-06       1
1197 2.334268e-05       1
1198 6.172009e-06       1
1199 1.328933e-05       1
1200 7.722235e-05       1
1201 1.084975e-06       1
1202 1.411638e-07       1
1203 6.680723e-05       1
1204 4.408366e-07       1
1205 3.116779e-06       1
1206 9.214485e-06       1
1207 3.915840e-05       1
1208 1.262166e-06       1
1209 5.093179e-05       1
1210 4.569145e-06       1
1211 5.248195e-05       1
1212 3.941220e-05       1
1213 4.646446e-05       1
1214 3.430909e-06       1
1215 3.633292e-05       1
1216 2.105342e-05       1
1217 2.042891e-06       1
1218 2.289562e-06       1
1219 1.541813e-05       1
1220 8.607111e-05       1
1221 3.572480e-06       1
1222 1.462744e-04       1
1223 7.049044e-06       1
1224 1.408088e-04       1
1225 3.751197e-05       1
1226 2.255856e-06       1
1227 1.701390e-05       1
1228 2.568098e-05       1
1229 1.600456e-05       1
1230 1.534671e-06       1
1231 1.275692e-05       1
1232 4.752893e-06       1
1233 6.200133e-05       1
1234 2.936776e-06       1
1235 3.330760e-08       1
1236 3.366526e-05       1
1237 3.335675e-07       1
1238 1.069755e-06       1
1239 1.709198e-05       1
1240 1.271231e-05       1
1241 9.578713e-06       1
1242 3.997488e-05       1
1243 4.276967e-05       1
1244 1.423941e-05       1
1245 7.607873e-06       1
1246 4.980662e-05       1
1247 8.081724e-06       1
1248 1.218662e-05       1
1249 3.742864e-05       1
1250 2.633663e-07       1
1251 6.515560e-06       1
1252 1.787470e-06       1
1253 3.514708e-05       1
1254 6.655488e-05       1
1255 2.828692e-05       1
1256 2.782551e-06       1
1257 1.209464e-06       1
1258 5.086795e-06       1
1259 8.366406e-06       1
1260 3.365701e-05       1
1261 5.930578e-06       1
1262 1.534700e-06       1
1263 2.064672e-06       1
1264 3.025154e-05       1
1265 6.776269e-05       1
1266 2.232028e-07       1
1267 2.618927e-05       1
1268 4.336761e-05       1
1269 1.596329e-06       1
1270 2.273947e-06       1
1271 9.112797e-06       1
1272 5.338206e-05       1
1273 3.475111e-05       1
1274 3.321286e-06       1
1275 2.428096e-05       1
1276 8.142784e-06       1
1277 2.684998e-05       1
1278 6.635459e-05       1
1279 1.303706e-06       1
1280 2.455135e-05       1
1281 4.129108e-08       1
1282 7.312268e-06       1
1283 2.431157e-05       1
1284 1.126668e-05       1
1285 7.083519e-07       1
1286 6.258814e-08       1
1287 2.619838e-06       1
1288 2.586047e-06       1
1289 1.628158e-05       1
1290 6.851255e-06       1
1291 8.975627e-06       1
1292 6.184834e-05       1
1293 2.913242e-06       1
1294 3.185432e-05       1
1295 7.221154e-06       1
1296 3.803875e-05       1
1297 1.528208e-05       1
1298 6.285689e-05       1
1299 1.053248e-04       1
1300 1.042269e-04       1
1301 2.144254e-05       1
1302 3.309804e-08       1
1303 2.128527e-05       1
1304 5.419175e-06       1
1305 5.580317e-06       1
1306 5.556335e-06       1
1307 7.818269e-05       1
1308 1.702971e-06       1
1309 2.603173e-05       1
1310 2.155203e-05       1
1311 1.239123e-05       1
1312 9.554371e-05       1
1313 2.010232e-05       1
1314 8.856656e-05       1
1315 6.309659e-06       1
1316 1.176123e-04       1
1317 1.934833e-05       1
1318 5.262803e-06       1
1319 2.375991e-05       1
1320 9.276308e-06       1
1321 1.323342e-05       1
1322 4.228870e-05       1
1323 2.747542e-05       1
1324 6.593288e-08       1
1325 4.922195e-07       1
1326 1.985825e-06       1
1327 6.838101e-06       1
1328 5.241640e-07       1
1329 1.046044e-05       1
1330 5.488859e-06       1
1331 2.638929e-05       1
1332 5.206889e-06       1
1333 5.407008e-05       1
1334 1.273571e-05       1
1335 2.292393e-05       1
1336 1.446688e-06       1
1337 2.531954e-06       1
1338 2.898332e-05       1
1339 7.091122e-06       1
1340 9.443523e-05       1
1341 1.105152e-05       1
1342 3.495955e-05       1
1343 3.639144e-04       1
1344 7.890941e-06       1
1345 3.455087e-07       1
1346 1.040387e-05       1
1347 2.549197e-06       1
1348 2.427509e-05       1
1349 4.777939e-05       1
1350 1.824736e-05       1
1351 1.186387e-06       1
1352 5.487445e-07       1
1353 4.255927e-08       1
1354 4.621227e-06       1
1355 2.488336e-07       1
1356 4.340553e-06       1
1357 1.370567e-05       1
1358 3.252165e-06       1
1359 1.469646e-05       1
1360 1.155819e-05       1
1361 6.214804e-06       1
1362 4.767045e-05       1
1363 3.336472e-05       1
1364 1.432393e-05       1
1365 6.991756e-06       1
1366 1.057186e-05       1
1367 6.470904e-06       1
1368 2.739683e-05       1
1369 1.894039e-04       1
1370 4.449682e-07       1
1371 3.518228e-05       1
1372 7.887913e-06       1
1373 2.932224e-05       1
1374 1.743805e-05       1
1375 4.376520e-06       1
1376 2.380571e-05       1
1377 3.588154e-06       1
1378 3.349146e-07       1
1379 1.180229e-08       1
1380 2.928847e-04       1
1381 1.368531e-06       1
1382 3.979154e-05       1
1383 5.458472e-06       1
1384 2.490535e-06       1
1385 6.768845e-05       1
1386 9.110549e-06       1
1387 3.294810e-05       1
1388 1.377092e-06       1
1389 1.546207e-05       1
1390 5.046282e-05       1
1391 6.642948e-05       1
1392 2.055735e-06       1
1393 5.874373e-06       1
1394 8.875002e-05       1
1395 4.031043e-06       1
1396 3.882236e-06       1
1397 1.121753e-05       1
1398 1.890646e-05       1
1399 2.667209e-05       1
1400 3.829829e-05       1
1401 4.971928e-05       1
1402 2.104879e-04       1
1403 1.928283e-06       1
1404 1.090914e-06       1
1405 8.625205e-05       1
1406 9.758943e-05       1
1407 5.903967e-05       1
1408 1.548653e-04       1
1409 3.443106e-05       1
1410 5.707194e-05       1
1411 1.134849e-05       1
1412 4.352012e-05       1
1413 4.963133e-06       1
1414 3.503657e-05       1
1415 3.983947e-05       1
1416 5.193904e-06       1
1417 7.554468e-05       1
1418 1.025423e-04       1
1419 3.193554e-06       1
1420 1.625088e-04       1
1421 3.867845e-05       1
1422 1.454570e-05       1
1423 7.758175e-06       1
1424 1.118662e-07       1
1425 6.658409e-06       1
1426 5.166231e-06       1
1427 1.927862e-05       1
1428 4.220346e-06       1
1429 6.635631e-06       1
1430 1.874869e-05       1
1431 3.276517e-06       1
1432 1.041952e-05       1
1433 4.344484e-06       1
1434 2.168798e-06       1
1435 3.904765e-06       1
1436 1.210321e-06       1
1437 8.373707e-06       1
1438 5.319810e-06       1
1439 2.324195e-05       1
1440 9.662973e-05       1
1441 1.138776e-04       1
1442 4.633895e-06       1
1443 6.247024e-06       1
1444 6.292552e-10       1
1445 2.995134e-04       1
1446 2.081781e-06       1
1447 5.637812e-06       1
1448 1.044468e-04       1
1449 1.164635e-07       1
1450 1.555349e-05       1
1451 3.027469e-06       1
1452 8.776050e-06       1
1453 1.408328e-06       1
1454 3.517517e-05       1
1455 3.690893e-05       1
1456 4.507471e-05       1
1457 1.404529e-05       1
1458 3.748400e-05       1
1459 7.061573e-06       1
1460 1.103577e-05       1
1461 2.489992e-06       1
1462 1.401490e-06       1
1463 3.868466e-07       1
1464 8.223314e-06       1
1465 3.497744e-05       1
1466 3.688543e-05       1
1467 3.169055e-05       1
1468 3.262828e-05       1
1469 2.008227e-05       1
1470 2.753738e-06       1
1471 1.531778e-06       1
1472 4.892857e-05       1
1473 6.581800e-05       1
1474 6.684886e-06       1
1475 5.431971e-05       1
1476 5.245257e-08       1
1477 2.488298e-06       1
1478 1.343011e-04       1
1479 1.206008e-05       1
1480 1.270196e-06       1
1481 2.065430e-05       1
1482 1.912932e-05       1
1483 4.387130e-08       1
1484 3.205089e-05       1
1485 2.136632e-05       1
1486 1.126834e-06       1
1487 1.948001e-07       1
1488 2.649918e-06       1
1489 1.415671e-05       1
1490 8.190444e-07       1
1491 2.098219e-04       1
1492 6.609607e-06       1
1493 1.039543e-05       1
1494 1.897923e-05       1
1495 2.368609e-05       1
1496 6.848937e-06       1
1497 2.177925e-05       1
1498 6.438809e-06       1
1499 1.701392e-05       1
1500 1.290705e-05       1
1501 6.358080e-05       1
1502 1.750523e-05       1
1503 3.220603e-05       1
1504 3.541511e-06       1
1505 9.626634e-05       1
1506 3.580232e-05       1
1507 8.976419e-06       1
1508 8.073031e-05       1
1509 4.741433e-05       1
1510 1.009573e-04       1
1511 2.513613e-05       1
1512 8.435309e-05       1
1513 9.023825e-07       1
1514 2.959936e-05       1
1515 3.040964e-05       1
1516 5.921705e-05       1
1517 9.185087e-05       1
1518 2.397366e-06       1
1519 6.080771e-04  0.4284
1520 1.739216e-05       1
1521 5.373862e-05       1
1522 1.419061e-05       1
1523 4.279585e-05       1
1524 1.081142e-06       1
1525 3.264684e-05       1
1526 4.827721e-06       1
1527 1.535466e-05       1
1528 1.012940e-04       1
1529 1.159317e-05       1
1530 3.210478e-05       1

$`MR-PRESSO results`$`Distortion Test`
$`MR-PRESSO results`$`Distortion Test`$`Outliers Indices`
[1] 693

$`MR-PRESSO results`$`Distortion Test`$`Distortion Coefficient`
beta.exposure 
     83.99675 

$`MR-PRESSO results`$`Distortion Test`$Pvalue
[1] 0.6967067



