$`Main MR results`
       Exposure       MR Analysis Causal Estimate          Sd   T-stat
1 beta.exposure               Raw     0.005495016 0.002729689 2.013055
2 beta.exposure Outlier-corrected     0.005181723 0.002685412 1.929582
     P-value
1 0.04428413
2 0.05384394

$`MR-PRESSO results`
$`MR-PRESSO results`$`Global Test`
$`MR-PRESSO results`$`Global Test`$RSSobs
[1] 1642.628

$`MR-PRESSO results`$`Global Test`$Pvalue
[1] 0.02090667


$`MR-PRESSO results`$`Outlier Test`
           RSSobs   Pvalue
1    9.742758e-04        1
2    2.931729e-04        1
3    4.879374e-06        1
4    3.327020e-03        1
5    1.769917e-03        1
6    1.710971e-04        1
7    4.858992e-04        1
8    3.260913e-03        1
9    5.854794e-04        1
10   1.752671e-05        1
11   2.392759e-03        1
12   1.110547e-04        1
13   4.736032e-04        1
14   7.016188e-05        1
15   2.958513e-03        1
16   4.602537e-04        1
17   1.179455e-03        1
18   6.372364e-04        1
19   1.118792e-03        1
20   5.229092e-06        1
21   3.042694e-03        1
22   1.594897e-04        1
23   1.165104e-03        1
24   1.482231e-03        1
25   3.507439e-04        1
26   9.500686e-05        1
27   1.353153e-03        1
28   1.647629e-04        1
29   2.248346e-05        1
30   9.268020e-04        1
31   1.005970e-03        1
32   3.265342e-05        1
33   6.443772e-05        1
34   1.057788e-03        1
35   5.691569e-05        1
36   3.486880e-03        1
37   1.346112e-02        1
38   3.817502e-04        1
39   1.128642e-04        1
40   9.193728e-05        1
41   9.894173e-05        1
42   3.318050e-05        1
43   2.487239e-04        1
44   5.650259e-04        1
45   1.460499e-03        1
46   3.566254e-04        1
47   5.610939e-04        1
48   3.115784e-03        1
49   3.579071e-03        1
50   1.014259e-04        1
51   2.977758e-03        1
52   1.490923e-08        1
53   1.587201e-04        1
54   2.380984e-03        1
55   2.861583e-04        1
56   3.067578e-04        1
57   1.699464e-03        1
58   4.418268e-05        1
59   3.522035e-04        1
60   6.942810e-04        1
61   6.541815e-05        1
62   2.418563e-04        1
63   9.084661e-07        1
64   3.949596e-04        1
65   1.061860e-03        1
66   1.960225e-03        1
67   6.641346e-03        1
68   3.665368e-05        1
69   5.506880e-04        1
70   7.688595e-06        1
71   1.328421e-03        1
72   3.582805e-07        1
73   5.694424e-05        1
74   2.031760e-04        1
75   6.685905e-03        1
76   5.419402e-04        1
77   1.966326e-03        1
78   4.282188e-05        1
79   1.251740e-03        1
80   7.373972e-04        1
81   1.259244e-03        1
82   6.827207e-05        1
83   8.404671e-04        1
84   4.399374e-05        1
85   6.768605e-04        1
86   1.492544e-03        1
87   3.681066e-05        1
88   1.935061e-06        1
89   3.689863e-04        1
90   1.833838e-03        1
91   8.177714e-04        1
92   5.487181e-05        1
93   3.921214e-04        1
94   8.318954e-05        1
95   3.986015e-05        1
96   2.940801e-05        1
97   3.269456e-05        1
98   9.319717e-05        1
99   1.122671e-02        1
100  4.045428e-04        1
101  1.321208e-05        1
102  4.822915e-04        1
103  6.743090e-04        1
104  8.261247e-03        1
105  1.220704e-04        1
106  9.360069e-04        1
107  8.911568e-04        1
108  7.810425e-04        1
109  4.305058e-06        1
110  1.721111e-04        1
111  8.962160e-04        1
112  6.710187e-04        1
113  6.757595e-05        1
114  3.343324e-03        1
115  4.438804e-04        1
116  1.426086e-03        1
117  2.387664e-07        1
118  7.177945e-05        1
119  7.874319e-07        1
120  6.232841e-05        1
121  2.449699e-07        1
122  3.288997e-06        1
123  1.834390e-02        1
124  2.751378e-06        1
125  2.163041e-03        1
126  9.457472e-04        1
127  5.680829e-04        1
128  1.140977e-03        1
129  1.243745e-02        1
130  1.745629e-04        1
131  1.759269e-04        1
132  5.170614e-03        1
133  8.386760e-03        1
134  6.144188e-03        1
135  5.746805e-03        1
136  6.441733e-03        1
137  9.994479e-04        1
138  6.010281e-06        1
139  1.547412e-03        1
140  1.795805e-03        1
141  1.292181e-02        1
142  5.345929e-03        1
143  6.079810e-04        1
144  9.796138e-04        1
145  5.997712e-04        1
146  1.737501e-05        1
147  4.724266e-04        1
148  1.776742e-05        1
149  1.761833e-03        1
150  1.723123e-03        1
151  5.493733e-04        1
152  1.608582e-03        1
153  4.245307e-04        1
154  1.816624e-05        1
155  1.860040e-04        1
156  2.087183e-02        1
157  3.804156e-03        1
158  1.333512e-02        1
159  2.683040e-02        1
160  8.173930e-04        1
161  1.456603e-04        1
162  2.411408e-02        1
163  1.543819e-04        1
164  1.323360e-03        1
165  7.513082e-04        1
166  3.218019e-04        1
167  3.831626e-03        1
168  1.376009e-03        1
169  7.072691e-03        1
170  5.681075e-04        1
171  5.803461e-03        1
172  8.114656e-04        1
173  1.822545e-03        1
174  3.973033e-02        1
175  1.065887e-03        1
176  1.418929e-03        1
177  2.461123e-03        1
178  3.497629e-03        1
179  8.505348e-04        1
180  4.550795e-04        1
181  9.482421e-04        1
182  3.095857e-03        1
183  5.173036e-03        1
184  9.851443e-04        1
185  1.005497e-03        1
186  5.875372e-04        1
187  1.077775e-03        1
188  3.445877e-04        1
189  4.761494e-03        1
190  4.695570e-04        1
191  8.132882e-05        1
192  2.415698e-05        1
193  1.916791e-04        1
194  4.169009e-03        1
195  1.311677e-04        1
196  1.557946e-03        1
197  3.554151e-04        1
198  1.036923e-05        1
199  1.308837e-03        1
200  2.244211e-05        1
201  1.061280e-03        1
202  2.412299e-04        1
203  1.214157e-05        1
204  7.918569e-03        1
205  1.791815e-03        1
206  2.187174e-07        1
207  1.371452e-03        1
208  7.774597e-05        1
209  1.263179e-03        1
210  1.655022e-06        1
211  6.735753e-05        1
212  2.710531e-03        1
213  2.911250e-05        1
214  8.181837e-04        1
215  1.656431e-05        1
216  1.185078e-04        1
217  1.103395e-05        1
218  9.343402e-05        1
219  4.204678e-06        1
220  1.837969e-02        1
221  5.031332e-03        1
222  5.533621e-03        1
223  4.417198e-04        1
224  3.067354e-04        1
225  5.968621e-03        1
226  1.186803e-03        1
227  6.444093e-04        1
228  2.289966e-04        1
229  1.513873e-04        1
230  3.167597e-03        1
231  4.291481e-04        1
232  4.805333e-05        1
233  1.338818e-05        1
234  1.542823e-03        1
235  2.707776e-06        1
236  2.393798e-04        1
237  2.871155e-02        1
238  1.154598e-03        1
239  5.285530e-05        1
240  1.704055e-04        1
241  4.827299e-05        1
242  1.760420e-04        1
243  1.111176e-03        1
244  1.738403e-05        1
245  1.417409e-03        1
246  8.409654e-04        1
247  1.302055e-03        1
248  2.270710e-03        1
249  1.684954e-06        1
250  1.708447e-04        1
251  8.322796e-04        1
252  1.962304e-04        1
253  3.982391e-04        1
254  9.683134e-05        1
255  2.321883e-04        1
256  9.212934e-04        1
257  2.281114e-03        1
258  1.599436e-05        1
259  2.911101e-04        1
260  2.802801e-07        1
261  3.903435e-04        1
262  8.906389e-04        1
263  3.329673e-03        1
264  1.148323e-04        1
265  5.376111e-04        1
266  2.538652e-05        1
267  4.881380e-03        1
268  1.156276e-02        1
269  3.249907e-03        1
270  9.167177e-04        1
271  2.932407e-03        1
272  5.126307e-03        1
273  3.864491e-03        1
274  2.910968e-03        1
275  4.295316e-05        1
276  2.581921e-04        1
277  5.282387e-04        1
278  5.223775e-05        1
279  5.168116e-01 <0.02036
280  4.806162e-05        1
281  8.582377e-05        1
282  3.433631e-04        1
283  1.539155e-06        1
284  1.103854e-02        1
285  8.019128e-04        1
286  2.440916e-03        1
287  7.689209e-04        1
288  1.888179e-06        1
289  7.458143e-04        1
290  2.181751e-04        1
291  1.508817e-03        1
292  2.326880e-04        1
293  5.717594e-05        1
294  1.787443e-03        1
295  7.605689e-05        1
296  4.206779e-07        1
297  7.985001e-04        1
298  1.888545e-04        1
299  1.065776e-04        1
300  1.874090e-04        1
301  4.549915e-04        1
302  1.321152e-04        1
303  2.042197e-04        1
304  4.090291e-03        1
305  4.099693e-04        1
306  2.147173e-03        1
307  4.146259e-04        1
308  5.713889e-03        1
309  1.198569e-03        1
310  9.099849e-03        1
311  3.268825e-07        1
312  9.772150e-05        1
313  3.241853e-04        1
314  1.071496e-04        1
315  1.282837e-03        1
316  3.400389e-05        1
317  3.985706e-04        1
318  1.112903e-04        1
319  1.641423e-04        1
320  7.825564e-05        1
321  1.904443e-03        1
322  1.628155e-03        1
323  2.198543e-06        1
324  1.580284e-03        1
325  1.791681e-03        1
326  3.923023e-04        1
327  1.374043e-05        1
328  6.207136e-04        1
329  2.717861e-02        1
330  7.616821e-06        1
331  2.266343e-03        1
332  6.986438e-04        1
333  4.936275e-04        1
334  1.141127e-03        1
335  8.858569e-05        1
336  4.789539e-04        1
337  8.878811e-05        1
338  1.415876e-04        1
339  3.219610e-03        1
340  1.731487e-04        1
341  1.076875e-03        1
342  2.489931e-03        1
343  5.947182e-06        1
344  2.873010e-04        1
345  1.455666e-03        1
346  1.290270e-03        1
347  1.822576e-03        1
348  1.546787e-03        1
349  1.437995e-06        1
350  4.445721e-03        1
351  5.125510e-06        1
352  1.730996e-07        1
353  7.083577e-08        1
354  4.771416e-04        1
355  7.143783e-05        1
356  1.007887e-05        1
357  3.509495e-04        1
358  1.217504e-03        1
359  9.440107e-05        1
360  1.793986e-03        1
361  3.228585e-04        1
362  6.840215e-04        1
363  1.542895e-03        1
364  8.314988e-04        1
365  1.905297e-03        1
366  1.519710e-04        1
367  6.463385e-05        1
368  1.215864e-04        1
369  1.660975e-04        1
370  3.491072e-03        1
371  1.711476e-04        1
372  2.084172e-04        1
373  2.532977e-04        1
374  9.665105e-04        1
375  3.017447e-03        1
376  1.283611e-04        1
377  1.921582e-04        1
378  3.321794e-04        1
379  4.127583e-05        1
380  1.211447e-03        1
381  4.205085e-04        1
382  7.067782e-05        1
383  4.334341e-04        1
384  2.966524e-03        1
385  4.431934e-02        1
386  1.171346e-03        1
387  3.053064e-05        1
388  1.692283e-05        1
389  9.398024e-03        1
390  4.629345e-06        1
391  1.341034e-05        1
392  7.152993e-02        1
393  1.291814e-04        1
394  1.548637e-03        1
395  3.068584e-06        1
396  1.821570e-04        1
397  5.941824e-03        1
398  1.059429e-03        1
399  1.076144e-04        1
400  1.687856e-04        1
401  5.087969e-06        1
402  1.162722e-03        1
403  2.172432e-04        1
404  4.072997e-05        1
405  4.850591e-06        1
406  2.198605e-04        1
407  3.977607e-04        1
408  2.917851e-02        1
409  9.773705e-04        1
410  5.396829e-04        1
411  3.035772e-03        1
412  5.512985e-05        1
413  2.106792e-05        1
414  5.185393e-04        1
415  2.355286e-04        1
416  7.462687e-03        1
417  8.782655e-03        1
418  5.530562e-05        1
419  5.634245e-04        1
420  5.796209e-03        1
421  2.302057e-02        1
422  1.214905e-03        1
423  3.682940e-03        1
424  4.461851e-04        1
425  8.060464e-04        1
426  1.629401e-03        1
427  8.424591e-05        1
428  1.999061e-05        1
429  1.794415e-04        1
430  7.680980e-04        1
431  2.589511e-04        1
432  6.862979e-02        1
433  2.019504e-02        1
434  2.591248e-04        1
435  1.969969e-06        1
436  1.992278e-02        1
437  1.230884e-03        1
438  1.212782e-03        1
439  1.708684e-03        1
440  5.154469e-04        1
441  9.337543e-05        1
442  8.100888e-05        1
443  8.286683e-04        1
444  8.315375e-04        1
445  3.825542e-04        1
446  3.123518e-04        1
447  1.729848e-04        1
448  1.606960e-05        1
449  1.734225e-04        1
450  4.943217e-05        1
451  5.968919e-04        1
452  7.912851e-05        1
453  4.167762e-04        1
454  5.767734e-05        1
455  4.021555e-03        1
456  3.201459e-05        1
457  6.025103e-05        1
458  1.105706e-05        1
459  6.506244e-04        1
460  1.730401e-02        1
461  7.631160e-05        1
462  4.312454e-08        1
463  1.869678e-03        1
464  2.153939e-04        1
465  8.044572e-04        1
466  1.958583e-03        1
467  9.785045e-03        1
468  1.184204e-03        1
469  7.652127e-04        1
470  3.989983e-03        1
471  3.684159e-03        1
472  1.721405e-05        1
473  1.151331e-04        1
474  5.572530e-04        1
475  1.443581e-04        1
476  1.036386e-05        1
477  7.549722e-06        1
478  3.729124e-03        1
479  2.115899e-06        1
480  2.976352e-04        1
481  6.406949e-03        1
482  1.515992e-04        1
483  5.089906e-04        1
484  1.938873e-04        1
485  1.261505e-02        1
486  1.119170e-05        1
487  9.348801e-05        1
488  9.201282e-04        1
489  7.986762e-04        1
490  4.137066e-04        1
491  1.064363e-03        1
492  5.672671e-04        1
493  3.282202e-04        1
494  2.456571e-05        1
495  1.751301e-03        1
496  4.002081e-03        1
497  4.804593e-05        1
498  8.805079e-05        1
499  8.414050e-06        1
500  1.626327e-04        1
501  8.076557e-04        1
502  1.617242e-04        1
503  1.429470e-03        1
504  8.881196e-03        1
505  2.372200e-04        1
506  1.001608e-02        1
507  1.160990e-03        1
508  6.680299e-04        1
509  1.592997e-03        1
510  2.586032e-06        1
511  1.276037e-03        1
512  1.065781e-05        1
513  1.121021e-04        1
514  5.121434e-04        1
515  6.131857e-04        1
516  1.081400e-03        1
517  1.474167e-03        1
518  1.769823e-04        1
519  3.282150e-06        1
520  6.767928e-04        1
521  9.239237e-04        1
522  7.340288e-04        1
523  2.806502e-06        1
524  1.367967e-03        1
525  9.724776e-04        1
526  8.893858e-05        1
527  1.803760e-04        1
528  2.736625e-06        1
529  1.486694e-03        1
530  2.877617e-04        1
531  2.019264e-05        1
532  1.299040e-02        1
533  3.822934e-03        1
534  3.521570e-05        1
535  1.105701e-03        1
536  4.895252e-03        1
537  6.292165e-03        1
538  2.976467e-05        1
539  2.165812e-03        1
540  3.851569e-05        1
541  9.686526e-04        1
542  2.974574e-04        1
543  1.314803e-03        1
544  3.232348e-03        1
545  7.202308e-04        1
546  4.002882e-04        1
547  1.193009e-03        1
548  1.563966e-04        1
549  2.602689e-03        1
550  1.465130e-04        1
551  8.006991e-04        1
552  8.725709e-04        1
553  1.696306e-04        1
554  4.184276e-04        1
555  6.331687e-05        1
556  1.984044e-04        1
557  1.260480e-04        1
558  1.629383e-03        1
559  1.549331e-03        1
560  1.335828e-04        1
561  4.130453e-04        1
562  4.150165e-03        1
563  8.470483e-07        1
564  8.223669e-04        1
565  4.985901e-05        1
566  9.901276e-04        1
567  1.341924e-05        1
568  2.661411e-03        1
569  2.345779e-04        1
570  4.218366e-05        1
571  5.707534e-04        1
572  7.285225e-05        1
573  7.336896e-05        1
574  6.748122e-05        1
575  1.085527e-05        1
576  2.077892e-04        1
577  7.204700e-04        1
578  7.213566e-05        1
579  2.732688e-04        1
580  3.742813e-04        1
581  1.496356e-03        1
582  7.497468e-04        1
583  4.225634e-06        1
584  1.949733e-03        1
585  7.605323e-04        1
586  2.126683e-05        1
587  9.219141e-04        1
588  9.203743e-04        1
589  3.887155e-04        1
590  1.020849e-03        1
591  4.082253e-04        1
592  3.278435e-03        1
593  7.330668e-06        1
594  2.511790e-03        1
595  3.053659e-03        1
596  3.091031e-04        1
597  1.396030e-04        1
598  5.598651e-04        1
599  2.645609e-06        1
600  1.468611e-03        1
601  9.228014e-04        1
602  5.494562e-04        1
603  1.916859e-03        1
604  1.807464e-03        1
605  1.909828e-04        1
606  1.079056e-04        1
607  7.689740e-04        1
608  2.459564e-03        1
609  2.226055e-04        1
610  5.945646e-04        1
611  1.797456e-03        1
612  6.593839e-05        1
613  5.780767e-03        1
614  2.096691e-04        1
615  8.302310e-05        1
616  8.370651e-05        1
617  4.356998e-03        1
618  8.206923e-04        1
619  2.001997e-04        1
620  6.108200e-05        1
621  1.099307e-03        1
622  1.675191e-04        1
623  1.163591e-03        1
624  4.972251e-03        1
625  1.041759e-05        1
626  1.447634e-04        1
627  4.751628e-05        1
628  7.950621e-04        1
629  2.758972e-03        1
630  1.966869e-03        1
631  1.311713e-03        1
632  1.581643e-03        1
633  8.371047e-05        1
634  1.189878e-03        1
635  3.468712e-04        1
636  1.921538e-03        1
637  2.510355e-05        1
638  3.279658e-03        1
639  5.725982e-04        1
640  6.461514e-06        1
641  4.543842e-04        1
642  9.725767e-04        1
643  1.290144e-03        1
644  1.549057e-03        1
645  2.407688e-03        1
646  1.509502e-03        1
647  2.965776e-03        1
648  1.693843e-03        1
649  2.051235e-04        1
650  7.944076e-05        1
651  2.686289e-05        1
652  2.278338e-03        1
653  1.509671e-05        1
654  8.593823e-04        1
655  3.348472e-04        1
656  3.245888e-04        1
657  1.522884e-03        1
658  4.545449e-03        1
659  2.933992e-06        1
660  1.206608e-04        1
661  1.392120e-03        1
662  2.641431e-04        1
663  2.615439e-04        1
664  1.266976e-03        1
665  5.120962e-04        1
666  2.620244e-03        1
667  1.561328e-03        1
668  3.832941e-04        1
669  2.589972e-03        1
670  1.742519e-05        1
671  1.426965e-04        1
672  8.918129e-04        1
673  7.862182e-05        1
674  6.908729e-04        1
675  5.683512e-04        1
676  3.072937e-03        1
677  5.666849e-04        1
678  1.541293e-03        1
679  2.515336e-04        1
680  4.097426e-04        1
681  7.098849e-05        1
682  1.632139e-04        1
683  1.780814e-03        1
684  1.075239e-03        1
685  1.226102e-03        1
686  1.956942e-04        1
687  4.979979e-05        1
688  3.450786e-06        1
689  1.099154e-03        1
690  2.276945e-03        1
691  1.812917e-04        1
692  6.342625e-05        1
693  6.228069e-04        1
694  1.836766e-04        1
695  2.555924e-03        1
696  1.805960e-03        1
697  2.660959e-04        1
698  4.314345e-04        1
699  3.261910e-03        1
700  8.481731e-05        1
701  7.637167e-05        1
702  3.536472e-03        1
703  1.421781e-03        1
704  2.456724e-03        1
705  3.416348e-03        1
706  6.150065e-07        1
707  1.380833e-02        1
708  1.113853e-04        1
709  2.114251e-03        1
710  2.172030e-03        1
711  1.654631e-03        1
712  4.260280e-03        1
713  8.093971e-05        1
714  9.911467e-04        1
715  4.990838e-04        1
716  4.172294e-04        1
717  1.793258e-03        1
718  1.819790e-04        1
719  3.078675e-04        1
720  1.922707e-04        1
721  3.771855e-04        1
722  1.010048e-02        1
723  6.524965e-04        1
724  4.208638e-04        1
725  1.681700e-05        1
726  4.967644e-06        1
727  1.038439e-03        1
728  1.125604e-03        1
729  2.697316e-05        1
730  2.865808e-03        1
731  7.613175e-04        1
732  3.300398e-03        1
733  1.583214e-04        1
734  7.777216e-06        1
735  1.999177e-04        1
736  4.464782e-03        1
737  3.794694e-04        1
738  1.511478e-03        1
739  1.716941e-03        1
740  7.255469e-04        1
741  9.285083e-05        1
742  2.577352e-03        1
743  4.517115e-03        1
744  1.564748e-03        1
745  1.146609e-03        1
746  7.217264e-04        1
747  4.039994e-07        1
748  2.146876e-04        1
749  7.485379e-04        1
750  3.598779e-04        1
751  6.974672e-03        1
752  7.225946e-04        1
753  1.630481e-04        1
754  5.988054e-04        1
755  3.443518e-04        1
756  4.786182e-06        1
757  5.621521e-04        1
758  6.160833e-03        1
759  1.037830e-03        1
760  9.518496e-03        1
761  2.715948e-03        1
762  1.055480e-04        1
763  6.364881e-11        1
764  3.064769e-05        1
765  5.613875e-04        1
766  1.283534e-06        1
767  2.540188e-04        1
768  1.925234e-06        1
769  2.317991e-04        1
770  5.976448e-05        1
771  6.627115e-05        1
772  2.289944e-03        1
773  7.917017e-04        1
774  5.192689e-03        1
775  9.111327e-04        1
776  5.784173e-04        1
777  3.720283e-04        1
778  3.354509e-04        1
779  6.154786e-04        1
780  5.671398e-06        1
781  2.268532e-04        1
782  9.984550e-04        1
783  3.280388e-03        1
784  4.593739e-04        1
785  4.090535e-04        1
786  2.335465e-05        1
787  1.082431e-04        1
788  4.211811e-04        1
789  1.288628e-03        1
790  6.353267e-04        1
791  6.838250e-04        1
792  3.556341e-05        1
793  3.066855e-04        1
794  3.188785e-04        1
795  7.765799e-04        1
796  3.275442e-08        1
797  2.926003e-04        1
798  4.519253e-04        1
799  4.943943e-04        1
800  1.358834e-03        1
801  6.861754e-05        1
802  2.881599e-04        1
803  5.343529e-04        1
804  3.070259e-05        1
805  3.433696e-03        1
806  3.256064e-04        1
807  4.832636e-04        1
808  5.214056e-05        1
809  8.289168e-04        1
810  3.587299e-05        1
811  1.916609e-03        1
812  2.916900e-04        1
813  2.964109e-03        1
814  2.984569e-04        1
815  2.774737e-04        1
816  2.178745e-03        1
817  3.438732e-04        1
818  2.800872e-04        1
819  1.752345e-03        1
820  1.243384e-03        1
821  5.196070e-04        1
822  5.943680e-04        1
823  5.810686e-04        1
824  2.567265e-04        1
825  9.208280e-06        1
826  2.356983e-05        1
827  1.571920e-06        1
828  1.042757e-03        1
829  2.198595e-04        1
830  2.638206e-05        1
831  5.472178e-04        1
832  2.217006e-03        1
833  2.672794e-03        1
834  1.189192e-02        1
835  1.182877e-03        1
836  8.711731e-04        1
837  2.371292e-03        1
838  3.334071e-04        1
839  1.315071e-03        1
840  2.649093e-04        1
841  4.295958e-04        1
842  1.038428e-04        1
843  2.844974e-04        1
844  3.303830e-04        1
845  6.163360e-07        1
846  2.683351e-04        1
847  3.959213e-04        1
848  1.221100e-04        1
849  7.135729e-04        1
850  7.000634e-04        1
851  1.960374e-03        1
852  3.028763e-04        1
853  1.562914e-04        1
854  1.301205e-04        1
855  9.667408e-05        1
856  1.701720e-05        1
857  1.398248e-03        1
858  4.399172e-05        1
859  1.540436e-04        1
860  5.601755e-04        1
861  3.297804e-04        1
862  5.171709e-04        1
863  1.365039e-05        1
864  1.796272e-05        1
865  6.259478e-04        1
866  1.490876e-03        1
867  1.093703e-04        1
868  3.703040e-04        1
869  8.194047e-04        1
870  1.790577e-05        1
871  5.398578e-05        1
872  2.863982e-04        1
873  8.329747e-04        1
874  4.356511e-04        1
875  1.926325e-04        1
876  1.752862e-04        1
877  7.228156e-06        1
878  1.593026e-04        1
879  1.459997e-04        1
880  3.157123e-05        1
881  1.363557e-05        1
882  4.731954e-04        1
883  1.202040e-04        1
884  2.376027e-03        1
885  1.441467e-04        1
886  2.387091e-04        1
887  1.101261e-04        1
888  4.564581e-04        1
889  7.600492e-05        1
890  6.105457e-05        1
891  3.490418e-03        1
892  1.570013e-06        1
893  5.445127e-04        1
894  1.034078e-03        1
895  3.508141e-04        1
896  1.913920e-03        1
897  1.655655e-03        1
898  3.462604e-03        1
899  1.777512e-04        1
900  5.641897e-04        1
901  2.478554e-04        1
902  3.255055e-05        1
903  3.347381e-06        1
904  3.122002e-04        1
905  4.824744e-04        1
906  7.604741e-04        1
907  6.856377e-04        1
908  3.858661e-03        1
909  2.370422e-04        1
910  5.953533e-05        1
911  1.107282e-03        1
912  4.219173e-04        1
913  1.907498e-04        1
914  1.516607e-05        1
915  9.047225e-04        1
916  1.537772e-04        1
917  9.665261e-06        1
918  2.079956e-04        1
919  1.928313e-03        1
920  8.672682e-05        1
921  1.024936e-03        1
922  4.634673e-04        1
923  1.850779e-05        1
924  4.815489e-10        1
925  5.668247e-03        1
926  1.733676e-03        1
927  4.162906e-03        1
928  2.177149e-03        1
929  1.639402e-03        1
930  4.736290e-04        1
931  8.733955e-07        1
932  5.240127e-04        1
933  2.804399e-03        1
934  1.811766e-03        1
935  4.732914e-04        1
936  4.660417e-04        1
937  4.196162e-04        1
938  5.899678e-03        1
939  1.531465e-03        1
940  1.808459e-03        1
941  1.151581e-02        1
942  8.234181e-04        1
943  3.337894e-03        1
944  1.139084e-03        1
945  3.897885e-08        1
946  1.571364e-03        1
947  1.639509e-05        1
948  1.118456e-02        1
949  1.991145e-06        1
950  1.246124e-05        1
951  1.142753e-04        1
952  4.366445e-05        1
953  1.316663e-04        1
954  2.571502e-04        1
955  6.073771e-05        1
956  2.078923e-03        1
957  4.448901e-03        1
958  8.090706e-04        1
959  1.276521e-03        1
960  3.792170e-06        1
961  6.388657e-06        1
962  1.871987e-03        1
963  8.766500e-05        1
964  2.749079e-04        1
965  6.165076e-04        1
966  5.002207e-04        1
967  1.684464e-08        1
968  3.852680e-05        1
969  6.460892e-04        1
970  1.401816e-04        1
971  2.351227e-03        1
972  6.283116e-02        1
973  9.860173e-03        1
974  3.199275e-03        1
975  1.474997e-03        1
976  7.247907e-04        1
977  2.086483e-03        1
978  2.050634e-04        1
979  2.491995e-04        1
980  3.179033e-04        1
981  1.038984e-05        1
982  4.193220e-04        1
983  7.444197e-04        1
984  9.419981e-04        1
985  6.019449e-05        1
986  3.810179e-02        1
987  4.958492e-03        1
988  2.784048e-04        1
989  5.837736e-04        1
990  2.245987e-04        1
991  7.659819e-05        1
992  9.071479e-06        1
993  2.985232e-04        1
994  2.865156e-04        1
995  1.824830e-03        1
996  1.739743e-04        1
997  1.672462e-03        1
998  6.687940e-07        1
999  6.663837e-03        1
1000 9.141383e-04        1
1001 1.871503e-03        1
1002 3.891136e-04        1
1003 1.499798e-03        1
1004 2.117518e-05        1
1005 6.719905e-05        1
1006 4.464526e-07        1
1007 6.471580e-04        1
1008 2.252867e-07        1
1009 1.034914e-03        1
1010 8.015135e-04        1
1011 1.531304e-03        1
1012 3.082804e-04        1
1013 1.942360e-05        1
1014 2.377775e-04        1
1015 5.872524e-05        1
1016 4.308827e-04        1
1017 4.352281e-04        1
1018 4.531463e-04        1
1019 1.489738e-02        1
1020 4.757018e-04        1
1021 1.427555e-04        1
1022 7.053642e-05        1
1023 2.379110e-03        1
1024 4.663378e-04        1
1025 7.728031e-05        1
1026 5.528695e-03        1
1027 1.431686e-05        1
1028 3.861486e-03        1
1029 7.055201e-04        1
1030 6.127889e-06        1
1031 1.269056e-02        1
1032 4.695499e-04        1
1033 4.103754e-04        1
1034 2.934002e-04        1
1035 5.196268e-03        1
1036 1.275876e-03        1
1037 5.101675e-04        1
1038 1.092866e-02        1
1039 3.522058e-04        1
1040 1.469050e-04        1
1041 2.214072e-04        1
1042 4.068380e-04        1
1043 6.541402e-04        1
1044 2.646036e-02        1
1045 2.831477e-05        1
1046 7.514118e-03        1
1047 9.249011e-04        1
1048 3.973477e-05        1
1049 7.821989e-04        1
1050 2.364564e-06        1
1051 3.206104e-03        1
1052 5.533511e-06        1
1053 3.609999e-03        1
1054 1.016764e-04        1
1055 4.157582e-04        1
1056 7.543142e-05        1
1057 5.165847e-03        1
1058 3.347637e-03        1
1059 2.954937e-02        1
1060 1.453404e-04        1
1061 3.783138e-04        1
1062 4.875876e-03        1
1063 5.720339e-04        1
1064 5.907968e-04        1
1065 3.627386e-07        1
1066 4.442636e-07        1
1067 1.569069e-03        1
1068 7.420542e-04        1
1069 1.281783e-03        1
1070 4.289173e-05        1
1071 1.080336e-02        1
1072 3.019110e-03        1
1073 2.783764e-04        1
1074 9.779780e-04        1
1075 3.680911e-04        1
1076 3.286632e-02        1
1077 4.607635e-05        1
1078 6.482886e-05        1
1079 1.934724e-05        1
1080 2.638881e-03        1
1081 3.530161e-04        1
1082 4.041709e-04        1
1083 1.520210e-04        1
1084 1.135381e-03        1
1085 7.701814e-04        1
1086 3.538838e-04        1
1087 1.280476e-03        1
1088 1.198201e-06        1
1089 2.997373e-04        1
1090 1.431947e-03        1
1091 3.303944e-04        1
1092 9.737641e-05        1
1093 1.927197e-04        1
1094 7.498399e-04        1
1095 5.929742e-04        1
1096 6.530108e-04        1
1097 5.010508e-04        1
1098 4.547620e-04        1
1099 5.145245e-04        1
1100 1.511373e-04        1
1101 7.558303e-04        1
1102 7.392673e-04        1
1103 2.774787e-03        1
1104 2.268879e-03        1
1105 8.141935e-06        1
1106 2.228869e-04        1
1107 1.158746e-03        1
1108 4.348200e-08        1
1109 4.901930e-04        1
1110 6.557006e-04        1
1111 7.157582e-05        1
1112 1.645379e-03        1
1113 4.308712e-04        1
1114 3.994108e-05        1
1115 2.705406e-04        1
1116 1.943029e-05        1
1117 5.528419e-04        1
1118 2.027567e-03        1
1119 6.579020e-05        1
1120 9.217889e-04        1
1121 3.715621e-05        1
1122 9.045257e-04        1
1123 1.612078e-04        1
1124 3.540111e-05        1
1125 7.821498e-04        1
1126 2.631158e-04        1
1127 1.582003e-05        1
1128 1.302578e-04        1
1129 5.210404e-04        1
1130 1.434784e-04        1
1131 2.289975e-04        1
1132 1.161577e-03        1
1133 3.752210e-04        1
1134 3.043154e-06        1
1135 4.991448e-04        1
1136 9.879074e-04        1
1137 2.680537e-04        1
1138 7.767878e-04        1
1139 2.242023e-03        1
1140 2.600834e-04        1
1141 4.646395e-04        1
1142 3.106827e-04        1
1143 4.331575e-03        1
1144 4.602273e-06        1
1145 1.639368e-04        1
1146 1.902069e-03        1
1147 8.872704e-04        1
1148 5.840525e-04        1
1149 8.207677e-04        1
1150 9.443647e-05        1
1151 1.736928e-03        1
1152 2.813229e-03        1
1153 1.044234e-05        1
1154 9.858023e-04        1
1155 4.524723e-05        1
1156 1.422592e-06        1
1157 2.780919e-05        1
1158 3.682601e-04        1
1159 7.433808e-06        1
1160 3.898912e-04        1
1161 1.792091e-04        1
1162 1.105273e-03        1
1163 4.277519e-04        1
1164 1.294727e-04        1
1165 1.467576e-04        1
1166 7.656798e-04        1
1167 2.449576e-04        1
1168 2.797844e-05        1
1169 1.536888e-05        1
1170 1.619702e-04        1
1171 1.750360e-04        1
1172 4.820215e-04        1
1173 8.220512e-05        1
1174 6.330873e-03        1
1175 1.195366e-03        1
1176 1.307953e-05        1
1177 3.957916e-04        1
1178 4.037148e-05        1
1179 1.087674e-03        1
1180 6.613605e-04        1
1181 1.286606e-04        1
1182 1.219294e-04        1
1183 3.182679e-04        1
1184 3.803012e-04        1
1185 2.418328e-02        1
1186 1.205303e-02        1
1187 6.500333e-04        1
1188 8.474305e-05        1
1189 1.562836e-04        1
1190 3.002432e-04        1
1191 4.962991e-06        1
1192 4.439503e-05        1
1193 3.209314e-04        1
1194 1.648663e-05        1
1195 1.771847e-03        1
1196 1.067981e-04        1
1197 1.692548e-04        1
1198 3.006974e-03        1
1199 7.818159e-04        1
1200 1.367150e-03        1
1201 2.575368e-03        1
1202 7.054699e-05        1
1203 1.357348e-04        1
1204 4.900120e-04        1
1205 1.277946e-03        1
1206 4.199694e-03        1
1207 5.305606e-04        1
1208 1.215184e-04        1
1209 8.495493e-04        1
1210 6.082752e-04        1
1211 1.277006e-06        1
1212 1.723068e-03        1
1213 1.863124e-06        1
1214 2.197021e-03        1
1215 1.132627e-02        1
1216 9.241553e-04        1
1217 1.523022e-02        1
1218 1.871143e-05        1
1219 3.283123e-04        1
1220 3.047723e-04        1
1221 3.505745e-04        1
1222 4.620015e-04        1
1223 2.037990e-05        1
1224 9.352100e-04        1
1225 2.566508e-04        1
1226 1.170385e-02        1
1227 2.982976e-06        1
1228 4.415798e-04        1
1229 6.767803e-04        1
1230 3.294196e-03        1
1231 1.779278e-03        1
1232 8.435143e-04        1
1233 4.283851e-03        1
1234 1.474517e-03        1
1235 5.307025e-05        1
1236 1.037838e-04        1
1237 3.692251e-04        1
1238 3.912977e-06        1
1239 6.176170e-04        1
1240 4.064509e-04        1
1241 2.164236e-03        1
1242 3.219397e-05        1
1243 1.342178e-03        1
1244 6.643862e-04        1
1245 2.278232e-04        1
1246 2.432784e-03        1
1247 1.180988e-04        1
1248 2.131418e-03        1
1249 1.185378e-05        1
1250 5.021929e-04        1
1251 1.185943e-03        1
1252 3.035568e-04        1
1253 1.031998e-03        1
1254 4.139975e-04        1
1255 1.730942e-05        1
1256 1.403825e-03        1
1257 9.218803e-06        1
1258 1.494801e-04        1
1259 1.636457e-03        1
1260 6.028573e-03        1
1261 5.057382e-03        1
1262 1.199689e-05        1
1263 3.539307e-03        1
1264 9.332293e-05        1
1265 6.186283e-04        1
1266 1.736425e-05        1
1267 4.530761e-03        1
1268 4.836776e-03        1
1269 6.116652e-04        1
1270 6.155317e-04        1
1271 6.113879e-04        1
1272 4.763923e-04        1
1273 2.648665e-02        1
1274 5.975169e-03        1
1275 1.818182e-03        1
1276 8.032123e-05        1
1277 3.138823e-04        1
1278 7.547626e-05        1
1279 6.474534e-04        1
1280 5.096140e-04        1
1281 3.536273e-05        1
1282 5.401166e-07        1
1283 5.871625e-04        1
1284 5.706586e-04        1
1285 3.562606e-03        1
1286 3.004439e-04        1
1287 4.351011e-05        1
1288 2.778355e-04        1
1289 1.740090e-03        1
1290 6.620732e-04        1
1291 2.604166e-03        1
1292 9.739833e-04        1
1293 1.276298e-03        1
1294 1.330567e-04        1
1295 2.144789e-02        1
1296 9.779050e-04        1
1297 3.848811e-03        1
1298 2.678899e-04        1
1299 6.163413e-03        1
1300 2.382422e-04        1
1301 6.914405e-03        1
1302 6.724800e-05        1
1303 1.873378e-03        1
1304 4.403112e-04        1
1305 6.375385e-04        1
1306 4.366985e-04        1
1307 5.248420e-07        1
1308 2.126057e-04        1
1309 6.649532e-04        1
1310 4.803934e-04        1
1311 3.354385e-04        1
1312 3.377726e-03        1
1313 1.176934e-04        1
1314 5.114832e-04        1
1315 1.721285e-07        1
1316 5.519455e-04        1
1317 2.068755e-03        1
1318 4.772810e-04        1
1319 4.212750e-03        1
1320 4.922862e-03        1
1321 4.418166e-04        1
1322 1.330444e-03        1
1323 5.472444e-03        1
1324 1.005497e-03        1
1325 4.921730e-04        1
1326 4.849541e-06        1
1327 5.710235e-06        1
1328 1.601194e-03        1
1329 9.977029e-04        1
1330 1.638782e-04        1
1331 4.133294e-04        1
1332 1.069476e-04        1
1333 8.327785e-05        1
1334 5.010780e-03        1
1335 1.360434e-02        1
1336 3.155759e-04        1
1337 5.231623e-03        1
1338 3.426333e-04        1
1339 2.077550e-04        1
1340 2.614441e-03        1
1341 1.876315e-04        1
1342 8.940070e-07        1
1343 1.868448e-04        1
1344 2.148228e-02        1
1345 4.418661e-04        1
1346 1.031781e-03        1
1347 7.117173e-06        1
1348 3.869370e-04        1
1349 6.105039e-07        1
1350 8.419742e-05        1
1351 1.738656e-03        1
1352 2.601512e-05        1
1353 8.060888e-04        1
1354 9.989136e-04        1
1355 7.265700e-04        1
1356 7.554404e-04        1
1357 3.476584e-03        1
1358 3.367086e-04        1
1359 1.797336e-03        1
1360 1.016937e-03        1
1361 7.808478e-05        1
1362 3.063484e-03        1
1363 2.318592e-04        1
1364 3.112554e-03        1
1365 1.799830e-04        1
1366 1.435880e-03        1
1367 1.383084e-03        1
1368 7.170113e-06        1
1369 3.096898e-04        1
1370 4.110190e-05        1
1371 3.941972e-04        1
1372 1.706468e-03        1
1373 5.791289e-03        1
1374 6.968084e-05        1
1375 6.600890e-05        1
1376 2.774922e-05        1
1377 1.106464e-04        1
1378 2.854248e-04        1
1379 1.322728e-07        1
1380 3.569244e-02        1
1381 1.903299e-02        1
1382 1.070092e-04        1
1383 1.976464e-04        1
1384 2.411635e-05        1
1385 2.526859e-03        1
1386 6.289798e-05        1
1387 5.698789e-05        1
1388 3.055798e-07        1
1389 3.418441e-03        1
1390 6.056026e-04        1
1391 6.363988e-03        1
1392 2.052473e-04        1
1393 9.386869e-03        1
1394 7.430535e-06        1
1395 9.701630e-04        1
1396 7.416126e-05        1
1397 3.971790e-04        1
1398 1.418095e-04        1
1399 7.037373e-05        1
1400 3.870480e-07        1
1401 4.874966e-04        1
1402 4.970867e-04        1
1403 1.314846e-03        1
1404 1.542694e-03        1
1405 2.031889e-04        1
1406 3.460248e-04        1
1407 2.610520e-06        1
1408 4.904523e-03        1
1409 7.367867e-04        1
1410 1.981851e-04        1
1411 3.330151e-03        1
1412 3.125973e-04        1
1413 2.372022e-03        1
1414 1.515549e-02  0.77368
1415 3.903196e-03        1
1416 4.476298e-04        1
1417 3.190251e-03        1
1418 3.849535e-05        1
1419 4.175498e-04        1
1420 1.093340e-03        1
1421 1.081464e-03        1
1422 4.933769e-05        1
1423 6.875818e-03        1
1424 5.454406e-04        1
1425 1.981670e-03        1
1426 5.451221e-04        1
1427 2.398602e-03        1
1428 1.207356e-03        1
1429 9.865566e-04        1
1430 2.774912e-06        1
1431 1.489042e-03        1
1432 2.891653e-06        1
1433 7.211651e-07        1
1434 1.471446e-03        1
1435 5.939114e-04        1
1436 5.054727e-04        1
1437 2.304366e-03        1
1438 1.100788e-04        1
1439 1.871459e-05        1
1440 4.097968e-04        1
1441 3.969428e-05        1
1442 3.515133e-04        1
1443 6.546974e-05        1
1444 2.965490e-03        1
1445 4.929598e-05        1
1446 2.206784e-04        1
1447 5.396166e-04        1
1448 1.295110e-04        1
1449 1.081419e-03        1
1450 8.757965e-04        1
1451 1.905306e-04        1
1452 1.352420e-03        1
1453 8.315929e-08        1
1454 7.647964e-04        1
1455 1.285761e-06        1
1456 3.093516e-03        1
1457 2.593453e-04        1
1458 1.834613e-04        1
1459 3.898332e-04        1
1460 3.322539e-04        1
1461 1.066273e-03        1
1462 1.535065e-03        1
1463 3.996803e-05        1
1464 1.452167e-03        1
1465 1.388377e-03        1
1466 2.299642e-04        1
1467 4.640766e-06        1
1468 1.694510e-06        1
1469 1.553399e-03        1
1470 1.082689e-03        1
1471 2.619459e-04        1
1472 4.997695e-03        1
1473 5.222244e-05        1
1474 8.892682e-03        1
1475 8.012295e-06        1
1476 1.525282e-03        1
1477 2.184219e-05        1
1478 2.417531e-03        1
1479 4.793575e-05        1
1480 6.020301e-04        1
1481 1.254156e-05        1
1482 2.600647e-03        1
1483 1.934525e-03        1
1484 8.024916e-05        1
1485 4.599440e-06        1
1486 1.120086e-04        1
1487 1.315995e-03        1
1488 1.441653e-04        1
1489 8.134190e-04        1
1490 9.156072e-05        1
1491 1.033371e-03        1
1492 3.304515e-04        1
1493 2.761057e-04        1
1494 9.771164e-05        1
1495 7.202686e-04        1
1496 1.982673e-04        1
1497 4.141472e-05        1
1498 4.113854e-03        1
1499 1.514535e-03        1
1500 6.538835e-04        1
1501 4.798699e-03        1
1502 1.220413e-04        1
1503 1.713141e-04        1
1504 7.902819e-04        1
1505 6.583167e-06        1
1506 1.064923e-03        1
1507 1.854427e-04        1
1508 2.247880e-03        1
1509 6.111549e-05        1
1510 3.316322e-06        1
1511 1.770715e-03        1
1512 1.794144e-04        1
1513 3.656795e-03        1
1514 1.277194e-04        1
1515 1.474921e-05        1
1516 7.784866e-05        1
1517 5.684987e-04        1
1518 6.239072e-05        1
1519 1.459619e-04        1
1520 4.953623e-06        1
1521 9.424818e-06        1
1522 1.519498e-03        1
1523 8.647955e-08        1
1524 4.326576e-05        1
1525 3.290858e-03        1
1526 2.592462e-03        1
1527 5.724292e-03        1

$`MR-PRESSO results`$`Distortion Test`
$`MR-PRESSO results`$`Distortion Test`$`Outliers Indices`
[1] 279

$`MR-PRESSO results`$`Distortion Test`$`Distortion Coefficient`
beta.exposure 
     6.046119 

$`MR-PRESSO results`$`Distortion Test`$Pvalue
[1] 0.9037733



