$`Main MR results`
       Exposure       MR Analysis Causal Estimate         Sd     T-stat
1 beta.exposure               Raw    -0.014925420 0.01979028 -0.7541794
2 beta.exposure Outlier-corrected     0.006270304 0.01448134  0.4329921
    P-value
1 0.4522567
2 0.6658315

$`MR-PRESSO results`
$`MR-PRESSO results`$`Global Test`
$`MR-PRESSO results`$`Global Test`$RSSobs
[1] 233.0821

$`MR-PRESSO results`$`Global Test`$Pvalue
[1] "<1e-04"


$`MR-PRESSO results`$`Outlier Test`
          RSSobs  Pvalue
1   4.713661e-05       1
2   5.558457e-07       1
3   1.952871e-04       1
4   3.329750e-05       1
5   1.053762e-06       1
6   1.502478e-05       1
7   2.080609e-04       1
8   1.164840e-04       1
9   9.656623e-07       1
10  5.717877e-07       1
11  4.829040e-05       1
12  2.392279e-05       1
13  3.387241e-05       1
14  1.417351e-05       1
15  2.181742e-08       1
16  2.311497e-06       1
17  1.456311e-06       1
18  3.876672e-05       1
19  1.633213e-06       1
20  2.858909e-06       1
21  7.728094e-06       1
22  1.392285e-06       1
23  2.905071e-05       1
24  7.241012e-05       1
25  4.455570e-05       1
26  5.052591e-06       1
27  1.107761e-05       1
28  1.567696e-05       1
29  2.235169e-05       1
30  1.262662e-05       1
31  9.490355e-08       1
32  5.666165e-04       1
33  4.027082e-05       1
34  9.492009e-05       1
35  7.466352e-06       1
36  2.381605e-05       1
37  1.029974e-04       1
38  7.556487e-09       1
39  7.548799e-05       1
40  5.771457e-06       1
41  2.406565e-05       1
42  6.620264e-06       1
43  1.942848e-05       1
44  9.468377e-07       1
45  1.889966e-04       1
46  7.729750e-07       1
47  4.735916e-06       1
48  4.420169e-03 <0.0118
49  1.885093e-05       1
50  9.549565e-05       1
51  4.105891e-05       1
52  6.543790e-05       1
53  4.515540e-05       1
54  2.346708e-04  0.9086
55  3.239421e-06       1
56  4.568580e-04       1
57  2.973226e-05       1
58  9.091841e-06       1
59  8.274057e-05       1
60  9.316496e-07       1
61  2.910758e-05       1
62  2.274930e-05       1
63  1.511492e-05       1
64  1.792385e-05       1
65  6.238421e-07       1
66  4.429184e-04  0.1416
67  1.706742e-04       1
68  3.042012e-07       1
69  1.646644e-04       1
70  7.567603e-06       1
71  7.866458e-06       1
72  1.627424e-05       1
73  8.487728e-08       1
74  1.638909e-04       1
75  2.511519e-06       1
76  9.667650e-05       1
77  6.339047e-05       1
78  3.676601e-05       1
79  9.752839e-08       1
80  6.655839e-05       1
81  1.631147e-04       1
82  2.701380e-07       1
83  5.564878e-06       1
84  1.386958e-06       1
85  5.169921e-04       1
86  7.632486e-05       1
87  2.292418e-04       1
88  1.571435e-05       1
89  1.819668e-05       1
90  3.156210e-05       1
91  2.730913e-05       1
92  2.069773e-04       1
93  1.070789e-04       1
94  4.816697e-06       1
95  2.113562e-04       1
96  7.578966e-05       1
97  1.637831e-07       1
98  6.860743e-04       1
99  2.716648e-05       1
100 4.679597e-08       1
101 1.096570e-05       1
102 1.974202e-04       1
103 2.659387e-05       1
104 2.963124e-05       1
105 7.630659e-07       1
106 3.387138e-03  0.0118
107 3.970056e-05       1
108 1.339164e-04       1
109 3.616629e-05       1
110 6.349101e-05       1
111 1.088290e-04       1
112 3.391484e-05       1
113 6.345875e-05       1
114 4.145787e-06       1
115 2.766037e-07       1
116 1.926443e-06       1
117 1.202958e-04       1
118 1.262798e-06       1

$`MR-PRESSO results`$`Distortion Test`
$`MR-PRESSO results`$`Distortion Test`$`Outliers Indices`
[1]  48 106

$`MR-PRESSO results`$`Distortion Test`$`Distortion Coefficient`
beta.exposure 
    -338.0334 

$`MR-PRESSO results`$`Distortion Test`$Pvalue
[1] 0.1358



