$`Main MR results`
       Exposure       MR Analysis Causal Estimate       Sd      T-stat
1 beta.exposure               Raw        4.409503 52.24149  0.08440616
2 beta.exposure Outlier-corrected      -17.116896 48.88291 -0.35016114
    P-value
1 0.9328958
2 0.7269328

$`MR-PRESSO results`
$`MR-PRESSO results`$`Global Test`
$`MR-PRESSO results`$`Global Test`$RSSobs
[1] 140.5896

$`MR-PRESSO results`$`Global Test`$Pvalue
[1] 0.0157


$`MR-PRESSO results`$`Outlier Test`
          RSSobs  Pvalue
1   2.772273e+01       1
2   1.257369e+01       1
3   8.983488e+01       1
4   1.122964e+01       1
5   1.615311e+01       1
6   9.300258e+01       1
7   2.915945e+01       1
8   9.798498e+00       1
9   1.103837e-01       1
10  5.362151e-01       1
11  6.472629e-01       1
12  3.049911e+01       1
13  1.882829e+01       1
14  2.909649e+01       1
15  2.474639e+01       1
16  1.317147e+02       1
17  2.560075e+01       1
18  1.200651e+02       1
19  3.517757e-02       1
20  6.470349e+01       1
21  9.779719e+00       1
22  3.586967e+00       1
23  5.037119e+00       1
24  4.256913e-01       1
25  1.220169e+00       1
26  1.663632e+02       1
27  4.780013e-05       1
28  9.711141e+00       1
29  1.012765e+02       1
30  4.460754e+02 <0.0105
31  4.829987e+00       1
32  1.135161e+01       1
33  6.547606e+01       1
34  8.249301e+00       1
35  2.609366e+01       1
36  2.784862e+00       1
37  2.132672e+01       1
38  2.550888e-01       1
39  2.671455e+01       1
40  2.550034e+01       1
41  2.504435e+01       1
42  1.132210e+01       1
43  1.056618e+01       1
44  7.303710e+00       1
45  1.157870e+00       1
46  4.809996e+00       1
47  5.593788e+01       1
48  5.984941e-01       1
49  1.851546e+01       1
50  9.217041e+00       1
51  4.993913e+01       1
52  2.811031e+01       1
53  1.384886e+00       1
54  2.124271e+01       1
55  1.845304e+01       1
56  2.801754e+01       1
57  3.909768e+01       1
58  2.355005e+01       1
59  8.331978e+01       1
60  3.444245e+00       1
61  5.938186e+01       1
62  8.189328e+00       1
63  1.371415e+02       1
64  4.426888e-02       1
65  4.585912e+01       1
66  2.325055e+00       1
67  1.707320e+00       1
68  1.154369e+01       1
69  7.084568e+01       1
70  1.128137e+01       1
71  8.557087e-01       1
72  4.443117e+01       1
73  2.249378e+00       1
74  1.616034e+02       1
75  2.314676e+00       1
76  4.348254e+01       1
77  1.091576e+01       1
78  1.033159e+01       1
79  2.939223e+01       1
80  1.492213e+01       1
81  7.383029e+00       1
82  3.104577e+01       1
83  4.432890e+00       1
84  6.756872e+00       1
85  9.208950e+01       1
86  7.858883e+01       1
87  2.834980e+00       1
88  6.503619e+00       1
89  1.247255e-01       1
90  1.949992e-01       1
91  8.280675e+00       1
92  2.732838e+00       1
93  1.251099e-02       1
94  3.270892e+01       1
95  2.487346e+01       1
96  4.420332e+01       1
97  3.181842e+01       1
98  2.640483e+01       1
99  2.297703e+02   0.126
100 4.285122e+01       1
101 1.517159e+01       1
102 8.402331e+01       1
103 6.464923e+00       1
104 3.036853e-01       1
105 1.316234e+01       1

$`MR-PRESSO results`$`Distortion Test`
$`MR-PRESSO results`$`Distortion Test`$`Outliers Indices`
[1] 30

$`MR-PRESSO results`$`Distortion Test`$`Distortion Coefficient`
beta.exposure 
     125.7611 

$`MR-PRESSO results`$`Distortion Test`$Pvalue
[1] 0.1471



