$`Main MR results`
       Exposure       MR Analysis Causal Estimate        Sd    T-stat   P-value
1 beta.exposure               Raw      0.04477898 0.1011232 0.4428161 0.6589382
2 beta.exposure Outlier-corrected              NA        NA        NA        NA

$`MR-PRESSO results`
$`MR-PRESSO results`$`Global Test`
$`MR-PRESSO results`$`Global Test`$RSSobs
[1] 125.5312

$`MR-PRESSO results`$`Global Test`$Pvalue
[1] 0.017


$`MR-PRESSO results`$`Outlier Test`
         RSSobs Pvalue
1  5.268932e-05      1
2  8.204038e-05      1
3  2.787720e-04      1
4  2.754396e-06      1
5  4.086510e-07      1
6  3.385219e-04      1
7  8.536764e-03 0.0558
8  1.106270e-05      1
9  1.351526e-04      1
10 3.146941e-05      1
11 4.528767e-05      1
12 8.309764e-05      1
13 1.644210e-04      1
14 1.503064e-06      1
15 4.708631e-05      1
16 4.190714e-04      1
17 9.279400e-06      1
18 9.028823e-05      1
19 3.498516e-04      1
20 9.845211e-05      1
21 7.438231e-05      1
22 2.768990e-06      1
23 2.591911e-04      1
24 4.435550e-04      1
25 1.496011e-04      1
26 2.152263e-03      1
27 7.511948e-05      1
28 6.390595e-04      1
29 2.057381e-03      1
30 2.830518e-05      1
31 1.127765e-06      1
32 9.647069e-06      1
33 4.129905e-05      1
34 4.217820e-06      1
35 2.054223e-04      1
36 8.607312e-04 0.0744
37 1.855940e-05      1
38 1.819994e-04      1
39 1.315643e-04      1
40 1.584103e-05      1
41 2.977779e-05      1
42 2.551530e-05      1
43 2.064600e-04      1
44 9.395497e-05      1
45 4.666860e-05      1
46 6.144534e-05      1
47 5.093533e-06      1
48 8.282425e-05      1
49 1.602425e-04      1
50 3.018157e-05      1
51 2.742506e-04      1
52 3.003192e-04      1
53 3.577116e-05      1
54 3.066177e-04      1
55 2.393907e-07      1
56 2.834072e-05      1
57 4.096808e-05      1
58 2.092700e-04      1
59 1.351634e-07      1
60 1.273838e-05      1
61 1.124183e-03 0.0744
62 2.972970e-05      1
63 2.368896e-04      1
64 3.134126e-04      1
65 1.888168e-05      1
66 2.685789e-04      1
67 5.296192e-05      1
68 1.370261e-04      1
69 1.941189e-04      1
70 1.188859e-04      1
71 4.362205e-04      1
72 2.837239e-05      1
73 8.043162e-07      1
74 5.878156e-06      1
75 1.404602e-04      1
76 7.251983e-04      1
77 5.745296e-05      1
78 3.927782e-04      1
79 8.159548e-05      1
80 4.444841e-05      1
81 2.974082e-05      1
82 3.724175e-05      1
83 3.413246e-05      1
84 5.815195e-04 0.6975
85 8.519139e-07      1
86 4.709721e-06      1
87 3.148520e-05      1
88 1.786713e-05      1
89 1.092735e-05      1
90 2.074025e-05      1
91 1.133056e-06      1
92 6.061827e-06      1
93 8.188450e-06      1

$`MR-PRESSO results`$`Distortion Test`
$`MR-PRESSO results`$`Distortion Test`$`Outliers Indices`
[1] "No significant outliers"

$`MR-PRESSO results`$`Distortion Test`$`Distortion Coefficient`
[1] NA

$`MR-PRESSO results`$`Distortion Test`$Pvalue
[1] NA



