$`Main MR results`
       Exposure       MR Analysis Causal Estimate         Sd   T-stat
1 beta.exposure               Raw       0.5750113 0.11667848 4.928169
2 beta.exposure Outlier-corrected       0.1008199 0.04232612 2.381979
       P-value
1 1.548088e-06
2 1.807545e-02

$`MR-PRESSO results`
$`MR-PRESSO results`$`Global Test`
$`MR-PRESSO results`$`Global Test`$RSSobs
[1] 4438.03

$`MR-PRESSO results`$`Global Test`$Pvalue
[1] "<1e-04"


$`MR-PRESSO results`$`Outlier Test`
          RSSobs  Pvalue
1   2.314401e-04       1
2   1.735662e-04       1
3   1.454995e-05       1
4   8.282701e-04       1
5   1.069282e-04       1
6   1.982384e-05       1
7   3.991033e-03       1
8   2.784385e-03       1
9   1.533351e-02  0.1687
10  4.689822e-03  0.1205
11  4.595034e-03  0.0482
12  5.337122e-02 <0.0241
13  2.662283e-03       1
14  2.080898e-04       1
15  1.498829e-03       1
16  3.517616e-04       1
17  8.421762e-05       1
18  1.439506e-04       1
19  5.440576e-03  0.8435
20  3.609979e-05       1
21  4.956788e-05       1
22  9.732115e-03       1
23  5.633762e-04       1
24  1.236717e-03       1
25  1.405804e-03       1
26  9.284619e-03  0.6989
27  1.036321e-02  0.2651
28  8.074824e-05       1
29  7.493013e-05       1
30  1.072227e-04       1
31  3.634322e-05       1
32  1.761214e-04       1
33  1.682308e-05       1
34  2.413412e-04       1
35  1.219963e-04       1
36  2.950751e-03       1
37  1.027095e-03       1
38  1.339818e-05       1
39  3.621395e-05       1
40  4.092422e-04       1
41  1.275548e-03       1
42  1.273579e-03       1
43  5.876960e-04       1
44  4.686444e-05       1
45  1.528953e-04       1
46  6.671850e-03  0.6748
47  1.409543e-03       1
48  4.061566e-03       1
49  1.231813e-03       1
50  3.110884e-05       1
51  3.040486e-04       1
52  2.794729e-03  0.3615
53  3.140630e-03       1
54  7.337643e-06       1
55  3.453221e-04       1
56  1.613108e-05       1
57  5.309427e-04       1
58  3.975168e-04       1
59  2.958478e-04       1
60  1.087227e-01 <0.0241
61  1.453095e-05       1
62  1.778764e-03       1
63  1.790143e-04       1
64  1.650771e-02 <0.0241
65  6.624689e-03       1
66  5.212777e-04       1
67  1.745748e-03       1
68  4.803296e-04       1
69  2.510057e-03       1
70  4.572768e-04       1
71  4.059603e-04       1
72  4.164095e-06       1
73  1.054591e-03       1
74  1.181983e-03       1
75  1.168007e-03       1
76  3.015662e-04       1
77  2.670240e-03  0.7471
78  3.747307e-05       1
79  2.378720e-04       1
80  1.467607e-02       1
81  2.915141e-03       1
82  2.081351e-04       1
83  3.557638e-05       1
84  1.215019e-02 <0.0241
85  6.819315e-05       1
86  3.388102e-05       1
87  2.038834e-03       1
88  1.937307e-03       1
89  2.611677e-04       1
90  8.625992e-04       1
91  2.611502e-03       1
92  9.791283e-01 <0.0241
93  2.878820e-03       1
94  6.071676e-04       1
95  1.884130e-03       1
96  5.344342e-03  0.1687
97  1.960852e-03       1
98  8.460971e-04       1
99  1.096514e-04       1
100 1.210276e-03       1
101 2.672011e-05       1
102 9.141805e-04       1
103 2.824192e-05       1
104 1.215158e-04       1
105 7.492945e-04       1
106 3.555439e-05       1
107 7.408468e-05       1
108 2.179927e-04       1
109 2.503753e-04       1
110 2.732927e-03  0.6025
111 5.137984e-04       1
112 1.392107e-03       1
113 2.678028e-04       1
114 6.245246e-04       1
115 6.872354e-04       1
116 7.244542e-04       1
117 7.149992e-04       1
118 2.073504e-03       1
119 6.297579e-04       1
120 2.504351e-03  0.5784
121 2.254513e-02 <0.0241
122 1.064092e-03       1
123 3.700570e-03       1
124 2.341466e-02 <0.0241
125 6.710640e-04       1
126 8.979865e-03  0.0241
127 1.432981e-03       1
128 4.810583e-05       1
129 1.075090e-03       1
130 1.504058e-04       1
131 2.057239e-03       1
132 5.804587e-05       1
133 4.198729e-03  0.2892
134 3.111582e-04       1
135 4.631795e-03       1
136 1.815723e-03       1
137 1.815171e-04       1
138 5.630792e-03       1
139 5.178243e-03 <0.0241
140 6.322122e-02 <0.0241
141 3.122657e-03       1
142 2.741340e-03       1
143 6.682097e-03  0.1205
144 9.076313e-05       1
145 2.080138e-04       1
146 2.248243e-04       1
147 7.231461e-05       1
148 2.650377e-04       1
149 8.206428e-05       1
150 6.314078e-04       1
151 1.507676e-03       1
152 1.848784e-04       1
153 3.309882e-04       1
154 4.019648e-04       1
155 2.391944e-03       1
156 1.212043e-01 <0.0241
157 5.568977e-04       1
158 3.196191e-03       1
159 1.531851e-03       1
160 7.153312e-03       1
161 1.039627e-03       1
162 9.628732e-03  0.5302
163 6.736742e-06       1
164 2.302721e-04       1
165 2.128948e-02  0.3133
166 7.076931e-03 <0.0241
167 5.729565e-06       1
168 4.748086e-04       1
169 2.785880e-04       1
170 1.685600e-05       1
171 1.320391e-03       1
172 6.795820e-04       1
173 1.449590e-03       1
174 5.486133e-03  0.1687
175 8.814796e-05       1
176 6.241748e-05       1
177 6.331269e-05       1
178 2.214489e-03  0.9399
179 3.030385e-04       1
180 1.258066e-02  0.3133
181 9.456771e-04       1
182 4.888208e-04       1
183 4.683513e-03  0.2169
184 1.149689e-03       1
185 4.355387e-03 <0.0241
186 1.947197e-04       1
187 1.016854e-02  0.0241
188 4.060274e-03  0.0482
189 1.032498e-03       1
190 1.721923e-03       1
191 2.673618e-03       1
192 1.728871e-03       1
193 2.015504e-04       1
194 5.659591e-04       1
195 5.230352e-06       1
196 1.118055e-04       1
197 4.512202e-04       1
198 4.391215e-04       1
199 4.203815e-03  0.8194
200 2.512680e-05       1
201 3.290916e-04       1
202 3.363188e-01 <0.0241
203 1.357096e-04       1
204 6.224207e-06       1
205 3.486901e-04       1
206 1.288477e-03       1
207 5.903511e-04       1
208 4.400937e-02       1
209 3.473497e-04       1
210 8.723614e-04       1
211 3.419300e-02 <0.0241
212 6.390027e-04       1
213 4.361028e-04       1
214 6.209281e-03  0.4097
215 9.702262e-01 <0.0241
216 4.499011e-04       1
217 4.876382e-04       1
218 6.450230e-05       1
219 3.875903e-05       1
220 1.944376e-02  0.3374
221 4.715237e-04       1
222 3.000595e-07       1
223 1.175191e-03       1
224 5.697939e-06       1
225 8.636082e-07       1
226 4.213121e-03 <0.0241
227 6.693480e-02 <0.0241
228 3.960832e-04       1
229 2.792082e-04       1
230 1.952266e-03       1
231 3.552282e-04       1
232 3.895769e-04       1
233 2.377803e-04       1
234 1.382755e-03       1
235 4.449582e-05       1
236 1.250780e-03       1
237 2.319058e-04       1
238 2.521375e-03       1
239 2.001120e-03       1
240 8.622292e-07       1
241 3.824963e-03       1

$`MR-PRESSO results`$`Distortion Test`
$`MR-PRESSO results`$`Distortion Test`$`Outliers Indices`
 [1]  11  12  60  64  84  92 121 124 126 139 140 156 166 185 187 188 202 211 215
[20] 226 227

$`MR-PRESSO results`$`Distortion Test`$`Distortion Coefficient`
beta.exposure 
      470.335 

$`MR-PRESSO results`$`Distortion Test`$Pvalue
[1] "<1e-04"



