$`Main MR results`
       Exposure       MR Analysis Causal Estimate        Sd    T-stat   P-value
1 beta.exposure               Raw      0.17834039 0.1851427 0.9632593 0.3379425
2 beta.exposure Outlier-corrected      0.09256216 0.1713082 0.5403254 0.5902926

$`MR-PRESSO results`
$`MR-PRESSO results`$`Global Test`
$`MR-PRESSO results`$`Global Test`$RSSobs
[1] 124.3744

$`MR-PRESSO results`$`Global Test`$Pvalue
[1] 0.0191


$`MR-PRESSO results`$`Outlier Test`
         RSSobs  Pvalue
1  1.125871e-03       1
2  2.515784e-04       1
3  1.396439e-04       1
4  1.435583e-07       1
5  7.955162e-04       1
6  5.604605e-04       1
7  5.475214e-06       1
8  2.920038e-04       1
9  9.803740e-05       1
10 4.599424e-07       1
11 1.091254e-04       1
12 3.443559e-05       1
13 5.718805e-05       1
14 1.859843e-03       1
15 7.227036e-05       1
16 2.941169e-03       1
17 2.814950e-04       1
18 1.306077e-04       1
19 7.011068e-08       1
20 5.606010e-03 <0.0093
21 4.113196e-03       1
22 8.384920e-04       1
23 2.003810e-04       1
24 4.796195e-04       1
25 1.371003e-03       1
26 8.437561e-04       1
27 1.561966e-04       1
28 2.312384e-04       1
29 6.454856e-04       1
30 5.904548e-05       1
31 3.029655e-04       1
32 4.616627e-06       1
33 3.581606e-04       1
34 2.936284e-04       1
35 7.260376e-05       1
36 6.267625e-04       1
37 3.276341e-06       1
38 2.326417e-05       1
39 4.007201e-04       1
40 1.019454e-07       1
41 3.299394e-04       1
42 3.754197e-07       1
43 1.558763e-03       1
44 1.682611e-03       1
45 1.086231e-05       1
46 6.143710e-04       1
47 1.524602e-06       1
48 2.054995e-04       1
49 1.671443e-07       1
50 1.701195e-06       1
51 5.713414e-05       1
52 5.108555e-05       1
53 3.675613e-04       1
54 1.273506e-07       1
55 6.770405e-04       1
56 6.876581e-05       1
57 1.323805e-04       1
58 1.086127e-03       1
59 1.237972e-04       1
60 1.210385e-03       1
61 1.789245e-09       1
62 9.398410e-05       1
63 2.001188e-06       1
64 6.508784e-05       1
65 3.945786e-04       1
66 1.342786e-06       1
67 2.054209e-04       1
68 3.720388e-07       1
69 2.408642e-03       1
70 4.724634e-06       1
71 1.932365e-04       1
72 7.260550e-04       1
73 1.492860e-03       1
74 1.011838e-03       1
75 7.950825e-05       1
76 1.293498e-04       1
77 4.359674e-04       1
78 6.680936e-03       1
79 5.668703e-05       1
80 1.465286e-06       1
81 6.701153e-04       1
82 3.007040e-03       1
83 2.787387e-03       1
84 1.394515e-04       1
85 1.612383e-04       1
86 2.730273e-06       1
87 7.424127e-04       1
88 6.154903e-05       1
89 1.017120e-03       1
90 1.765738e-04       1
91 2.191665e-05       1
92 1.031305e-03       1
93 1.061942e-04       1

$`MR-PRESSO results`$`Distortion Test`
$`MR-PRESSO results`$`Distortion Test`$`Outliers Indices`
[1] 20

$`MR-PRESSO results`$`Distortion Test`$`Distortion Coefficient`
beta.exposure 
     92.67095 

$`MR-PRESSO results`$`Distortion Test`$Pvalue
[1] 0.3004



