$`Main MR results`
       Exposure       MR Analysis Causal Estimate         Sd    T-stat
1 beta.exposure               Raw      0.01672056 0.02504007 0.6677521
2 beta.exposure Outlier-corrected              NA         NA        NA
    P-value
1 0.5045477
2        NA

$`MR-PRESSO results`
$`MR-PRESSO results`$`Global Test`
$`MR-PRESSO results`$`Global Test`$RSSobs
[1] 665.5646

$`MR-PRESSO results`$`Global Test`$Pvalue
[1] 0.04064


$`MR-PRESSO results`$`Outlier Test`
          RSSobs  Pvalue
1   7.190288e-07       1
2   2.615176e-07       1
3   3.267608e-05       1
4   8.791185e-06       1
5   6.050420e-06       1
6   2.726903e-05       1
7   3.534913e-05       1
8   6.531691e-05       1
9   2.646283e-06       1
10  8.751404e-06       1
11  2.254095e-05       1
12  1.183871e-04       1
13  9.808837e-07       1
14  2.148238e-06       1
15  1.558236e-05       1
16  2.068687e-06       1
17  9.941279e-06       1
18  3.070673e-06       1
19  1.472696e-05       1
20  8.469388e-06       1
21  8.789835e-05       1
22  1.876770e-05       1
23  4.066600e-06       1
24  4.236459e-05       1
25  1.826163e-06       1
26  3.229558e-06       1
27  8.373016e-06       1
28  1.523607e-05       1
29  2.179284e-09       1
30  1.803385e-08       1
31  1.435551e-04       1
32  1.927886e-05       1
33  4.684538e-05       1
34  1.121118e-05       1
35  2.976434e-06       1
36  3.730311e-06       1
37  5.330310e-06       1
38  1.360628e-08       1
39  8.624057e-06       1
40  1.257350e-06       1
41  3.431177e-05       1
42  7.573971e-06       1
43  1.495288e-05       1
44  3.219227e-05       1
45  2.062636e-05       1
46  1.553198e-05       1
47  2.393796e-04       1
48  8.171021e-05       1
49  2.278116e-05       1
50  8.509364e-05       1
51  3.058877e-05       1
52  4.703567e-05       1
53  5.212061e-06       1
54  3.438944e-06       1
55  3.980384e-06       1
56  1.290707e-05       1
57  1.344241e-04       1
58  9.189484e-06       1
59  3.223404e-06       1
60  6.408724e-05       1
61  1.590053e-07       1
62  2.168775e-05       1
63  4.439217e-05       1
64  2.454916e-05       1
65  7.351383e-07       1
66  9.670213e-05       1
67  3.124535e-04       1
68  6.104106e-05       1
69  4.525917e-06       1
70  8.334747e-05       1
71  2.320713e-05       1
72  4.138911e-05       1
73  4.451933e-07       1
74  1.223949e-05       1
75  2.843544e-04       1
76  1.729656e-07       1
77  5.030539e-05       1
78  1.758576e-05       1
79  5.397628e-05       1
80  2.898991e-05       1
81  3.259774e-05       1
82  3.021613e-08       1
83  1.364807e-04       1
84  2.114752e-04       1
85  2.604807e-07       1
86  2.888995e-05       1
87  5.648985e-08       1
88  9.985318e-06       1
89  3.737523e-06       1
90  1.892105e-04       1
91  5.113155e-05       1
92  3.895899e-05       1
93  3.493419e-05       1
94  4.212171e-06       1
95  1.775506e-05       1
96  2.869640e-05       1
97  2.235362e-05       1
98  5.664200e-04       1
99  4.993064e-06       1
100 1.036987e-05       1
101 7.352536e-05       1
102 1.193880e-05       1
103 6.919209e-06       1
104 5.038240e-09       1
105 8.055337e-06       1
106 9.998957e-05       1
107 5.144334e-05       1
108 8.847390e-06       1
109 8.355975e-06       1
110 1.674642e-07       1
111 2.725239e-06       1
112 2.339084e-06       1
113 2.290162e-05       1
114 6.609515e-06       1
115 3.526971e-05       1
116 3.089884e-06       1
117 5.503816e-05       1
118 5.430856e-09       1
119 6.932274e-06       1
120 1.725320e-05       1
121 1.218454e-05       1
122 3.181812e-06       1
123 1.864412e-05       1
124 4.015094e-05       1
125 7.208379e-06       1
126 7.851930e-05       1
127 5.944427e-05       1
128 9.398268e-06       1
129 1.273333e-06       1
130 8.495816e-04       1
131 4.115839e-04       1
132 5.432412e-05       1
133 2.539155e-05       1
134 2.056603e-05       1
135 2.218268e-04       1
136 8.426904e-06       1
137 6.111526e-05       1
138 2.490487e-05       1
139 7.971136e-05       1
140 9.275941e-06       1
141 8.685352e-05       1
142 4.836153e-05       1
143 9.749220e-07       1
144 6.346047e-05       1
145 7.825525e-05       1
146 3.492765e-07       1
147 8.506830e-07       1
148 1.554282e-05       1
149 1.074063e-05       1
150 1.034435e-06       1
151 2.455692e-06       1
152 2.350155e-05       1
153 2.645468e-06       1
154 1.231927e-04       1
155 1.534634e-09       1
156 3.599027e-06       1
157 3.294818e-08       1
158 2.024015e-04       1
159 1.147734e-05       1
160 3.076037e-06       1
161 3.118191e-06       1
162 1.356031e-05       1
163 3.174719e-04       1
164 3.973602e-07       1
165 6.879866e-05       1
166 1.646179e-05       1
167 3.458821e-05       1
168 8.734601e-05       1
169 5.120162e-05       1
170 1.976241e-05       1
171 7.228519e-05       1
172 6.632542e-06       1
173 4.311148e-06       1
174 3.276745e-07       1
175 3.558207e-05       1
176 6.423426e-05       1
177 2.855716e-06       1
178 2.861387e-05       1
179 3.355001e-05       1
180 6.234814e-05       1
181 8.681340e-06       1
182 1.101070e-06       1
183 7.194565e-06       1
184 2.629437e-05       1
185 1.271806e-05       1
186 6.671446e-05       1
187 8.097567e-06       1
188 6.404970e-05       1
189 4.095212e-06       1
190 5.867567e-06       1
191 3.390231e-06       1
192 5.186015e-06       1
193 1.831800e-07       1
194 1.583573e-05       1
195 3.047738e-04       1
196 3.816381e-05       1
197 6.686931e-06       1
198 1.393505e-04       1
199 3.891885e-05       1
200 4.994456e-06       1
201 4.180511e-05       1
202 3.093039e-06       1
203 2.526857e-07       1
204 3.336114e-07       1
205 2.425106e-04       1
206 3.066068e-06       1
207 4.291303e-06       1
208 4.744613e-08       1
209 5.454888e-05       1
210 1.735444e-06       1
211 2.816471e-04       1
212 1.340855e-07       1
213 2.954782e-05       1
214 4.061960e-06       1
215 4.085847e-06       1
216 5.687931e-06       1
217 5.228120e-06       1
218 1.716340e-04       1
219 2.210634e-05       1
220 1.917560e-06       1
221 3.889123e-06       1
222 6.470457e-07       1
223 9.647646e-05       1
224 1.138662e-06       1
225 1.903053e-05       1
226 3.939473e-06       1
227 6.904415e-06       1
228 8.366416e-06       1
229 1.433222e-05       1
230 1.108814e-09       1
231 4.781265e-05       1
232 1.105738e-04       1
233 1.938162e-05       1
234 3.180295e-06       1
235 5.851147e-06       1
236 1.022172e-05       1
237 2.407308e-06       1
238 2.111542e-06       1
239 4.381841e-07       1
240 5.105025e-06       1
241 1.047570e-06       1
242 4.022636e-06       1
243 6.546807e-05       1
244 3.136215e-04       1
245 8.160729e-08       1
246 1.419759e-05       1
247 1.884576e-06       1
248 2.470615e-05       1
249 2.709695e-06       1
250 1.939773e-05       1
251 2.093123e-06       1
252 1.802023e-06       1
253 6.871845e-06       1
254 2.524602e-06       1
255 1.100793e-05       1
256 1.067761e-06       1
257 4.962297e-05       1
258 1.298431e-07       1
259 1.579222e-05       1
260 1.328651e-06       1
261 2.556087e-06       1
262 3.951377e-05       1
263 3.440190e-08       1
264 7.511256e-05       1
265 6.533250e-06       1
266 7.296776e-07       1
267 8.503638e-08       1
268 4.692327e-06       1
269 4.296064e-06       1
270 4.708644e-06       1
271 7.539570e-08       1
272 1.768241e-05       1
273 1.888745e-05       1
274 5.763235e-05       1
275 1.240109e-06       1
276 6.131756e-08       1
277 8.497014e-06       1
278 5.860210e-07       1
279 5.820467e-05       1
280 6.255393e-05       1
281 1.402520e-05       1
282 6.436075e-07       1
283 1.119209e-04       1
284 1.055444e-05       1
285 1.748027e-05       1
286 4.625548e-05       1
287 1.958711e-06       1
288 3.482010e-06       1
289 1.876290e-06       1
290 1.975180e-05       1
291 3.631878e-05       1
292 2.791474e-05       1
293 1.551515e-05       1
294 2.529217e-05       1
295 1.165361e-06       1
296 4.888620e-06       1
297 3.940443e-06       1
298 5.201617e-06       1
299 1.124355e-05       1
300 3.761569e-05       1
301 8.635863e-06       1
302 8.091162e-06       1
303 3.201774e-05       1
304 8.471176e-05       1
305 3.473357e-06       1
306 1.964831e-05       1
307 3.700389e-06       1
308 4.517793e-06       1
309 9.382283e-05       1
310 2.572213e-05       1
311 1.847140e-05       1
312 4.237627e-04       1
313 2.109319e-05       1
314 1.030413e-04       1
315 1.403656e-06       1
316 2.313531e-07       1
317 1.274033e-07       1
318 3.110321e-07       1
319 2.742368e-05       1
320 5.857910e-06       1
321 1.804570e-05       1
322 3.666529e-05       1
323 8.894173e-08       1
324 2.110754e-06       1
325 1.445962e-04       1
326 1.640433e-07       1
327 1.670807e-08       1
328 2.277897e-07       1
329 1.243766e-05       1
330 9.502826e-06       1
331 4.797205e-05       1
332 1.408700e-05       1
333 3.991297e-05       1
334 1.814490e-05       1
335 1.851643e-06       1
336 1.021751e-05       1
337 2.052564e-05       1
338 3.362544e-05       1
339 2.029663e-05       1
340 1.835072e-05       1
341 1.018900e-04       1
342 1.065049e-04       1
343 1.803862e-05       1
344 9.090447e-06       1
345 2.607057e-04       1
346 1.348940e-05       1
347 2.851711e-07       1
348 4.749031e-05       1
349 3.525744e-07       1
350 3.145080e-05       1
351 2.434083e-06       1
352 6.235809e-06       1
353 3.258981e-06       1
354 2.400598e-05       1
355 8.439073e-06       1
356 5.244473e-05       1
357 6.624546e-06       1
358 1.511680e-05       1
359 1.359014e-06       1
360 3.099233e-05       1
361 2.178206e-07       1
362 5.324352e-05       1
363 1.210375e-06       1
364 3.993493e-07       1
365 1.054329e-06       1
366 2.009373e-06       1
367 1.512819e-05       1
368 2.515125e-04       1
369 1.106367e-04       1
370 1.010898e-07       1
371 1.010931e-06       1
372 1.740148e-05       1
373 1.139459e-06       1
374 3.960298e-06       1
375 1.845057e-05       1
376 5.480915e-05       1
377 3.826898e-05       1
378 7.036524e-05       1
379 9.578137e-06       1
380 2.033709e-04       1
381 1.735702e-04       1
382 5.615319e-05       1
383 2.397683e-05       1
384 6.541904e-05       1
385 5.297201e-06       1
386 8.084725e-07       1
387 4.168001e-05       1
388 2.574300e-06       1
389 8.302113e-05       1
390 2.907099e-06       1
391 1.135077e-05       1
392 1.298481e-04       1
393 4.618686e-05       1
394 6.943774e-05       1
395 1.204630e-04       1
396 1.257793e-05       1
397 8.852486e-05       1
398 3.131948e-05       1
399 2.354824e-05       1
400 2.017373e-06       1
401 1.111782e-05       1
402 1.193356e-06       1
403 7.492478e-05       1
404 1.564749e-06       1
405 4.218957e-05       1
406 2.357500e-08       1
407 2.672162e-05       1
408 1.052370e-04       1
409 2.346591e-05       1
410 1.196582e-06       1
411 4.663326e-06       1
412 3.326224e-05       1
413 5.252362e-05       1
414 4.540352e-06       1
415 2.439339e-05       1
416 1.813215e-04       1
417 1.837301e-05       1
418 1.062896e-04       1
419 4.025832e-05       1
420 9.448188e-08       1
421 1.940722e-06       1
422 7.950963e-08       1
423 3.574522e-06       1
424 2.746065e-05       1
425 2.066486e-05       1
426 3.040581e-06       1
427 1.380293e-06       1
428 1.056581e-04       1
429 9.829809e-08       1
430 1.418332e-06       1
431 4.878583e-07       1
432 3.512004e-05       1
433 8.761759e-05       1
434 2.509097e-06       1
435 3.357009e-06       1
436 4.038506e-05       1
437 7.737055e-05       1
438 8.801177e-05       1
439 1.037437e-04       1
440 6.721703e-06       1
441 7.057292e-06       1
442 1.626382e-07       1
443 9.345858e-05       1
444 1.143584e-05       1
445 1.049864e-05       1
446 5.880091e-08       1
447 2.969674e-05       1
448 1.385471e-06       1
449 1.521469e-05       1
450 3.954353e-06       1
451 2.700111e-06       1
452 8.988469e-06       1
453 1.374916e-05       1
454 3.846594e-06       1
455 2.765920e-04 0.09648
456 3.343826e-05       1
457 2.491864e-05       1
458 1.496347e-05       1
459 1.557261e-06       1
460 7.341106e-06       1
461 1.318479e-05       1
462 2.868774e-06       1
463 1.076652e-04       1
464 4.865109e-08       1
465 1.343949e-05       1
466 6.168860e-05       1
467 6.745493e-05       1
468 1.495725e-05       1
469 1.368384e-05       1
470 1.018647e-05       1
471 2.681060e-05       1
472 8.918025e-07       1
473 6.182383e-05       1
474 1.485718e-06       1
475 2.024161e-05       1
476 1.829676e-06       1
477 5.502903e-05       1
478 1.103022e-05       1
479 1.843959e-06       1
480 4.717920e-05       1
481 3.010071e-07       1
482 7.599054e-06       1
483 6.883788e-05       1
484 5.059107e-06       1
485 1.270234e-05       1
486 2.766484e-05       1
487 2.119067e-05       1
488 7.230241e-05       1
489 2.796652e-07       1
490 1.274246e-05       1
491 6.817725e-05       1
492 5.291147e-04       1
493 8.587247e-05       1
494 3.353683e-05       1
495 2.015681e-05       1
496 9.609728e-05       1
497 1.332938e-05       1
498 7.760165e-07       1
499 1.456757e-05       1
500 7.880832e-05       1
501 2.105353e-06       1
502 9.157529e-06       1
503 3.773965e-05       1
504 4.736031e-04       1
505 2.852271e-06       1
506 3.046439e-07       1
507 3.508695e-05       1
508 3.021475e-05       1
509 4.720375e-06       1
510 9.743372e-06       1
511 1.284934e-06       1
512 1.310351e-05       1
513 6.465173e-06       1
514 2.295678e-06       1
515 3.949692e-05       1
516 8.077046e-06       1
517 1.794395e-05       1
518 4.953492e-06       1
519 1.431329e-05       1
520 3.798833e-05       1
521 4.845846e-06       1
522 1.514485e-04       1
523 7.289728e-05       1
524 1.831575e-05       1
525 7.741244e-05       1
526 5.344639e-05       1
527 1.837068e-05       1
528 2.776392e-06       1
529 3.533840e-05       1
530 1.045342e-06       1
531 2.694602e-06       1
532 3.275731e-04       1
533 5.501814e-05       1
534 2.570393e-05       1
535 6.405159e-07       1
536 2.115845e-05       1
537 6.160262e-05       1
538 7.359394e-05       1
539 7.922785e-10       1
540 3.061303e-07       1
541 3.075501e-05       1
542 4.988633e-04       1
543 1.262821e-04       1
544 2.028410e-04       1
545 6.823736e-06       1
546 8.154300e-06       1
547 1.485587e-05       1
548 5.639487e-05       1
549 1.803935e-06       1
550 2.924937e-11       1
551 5.156620e-07       1
552 6.413679e-05       1
553 8.372005e-06       1
554 2.077896e-05       1
555 2.223204e-06       1
556 1.184562e-05       1
557 5.441431e-06       1
558 6.260549e-06       1
559 5.332021e-05       1
560 8.867720e-06       1
561 4.314295e-06       1
562 4.715501e-06       1
563 1.320005e-05       1
564 8.998507e-06       1
565 1.017811e-04       1
566 8.135326e-08       1
567 1.896495e-06       1
568 2.140491e-07       1
569 6.035895e-05       1
570 1.265351e-04       1
571 1.749438e-05       1
572 6.419486e-06       1
573 9.720171e-07       1
574 2.908842e-06       1
575 7.293314e-06       1
576 5.412087e-06       1
577 3.094869e-04       1
578 5.537570e-05       1
579 4.867749e-05       1
580 9.000553e-05       1
581 5.054664e-06       1
582 2.974788e-06       1
583 1.866472e-04       1
584 1.922759e-05       1
585 5.136579e-06       1
586 7.973169e-07       1
587 5.565830e-06       1
588 1.527668e-05       1
589 1.307210e-05       1
590 1.303653e-05       1
591 8.894031e-06       1
592 3.698663e-06       1
593 7.343490e-06       1
594 2.240812e-05       1
595 8.484765e-06       1
596 1.000342e-06       1
597 5.746957e-05       1
598 4.565419e-05       1
599 6.011612e-05       1
600 5.816312e-05       1
601 1.864905e-05       1
602 2.370673e-05       1
603 1.338183e-05       1

$`MR-PRESSO results`$`Distortion Test`
$`MR-PRESSO results`$`Distortion Test`$`Outliers Indices`
[1] "No significant outliers"

$`MR-PRESSO results`$`Distortion Test`$`Distortion Coefficient`
[1] NA

$`MR-PRESSO results`$`Distortion Test`$Pvalue
[1] NA



