$`Main MR results`
       Exposure       MR Analysis Causal Estimate        Sd    T-stat
1 beta.exposure               Raw      -1.1717843 0.6350646 -1.845142
2 beta.exposure Outlier-corrected      -0.5363201 0.4397377 -1.219636
     P-value
1 0.06783508
2 0.22536151

$`MR-PRESSO results`
$`MR-PRESSO results`$`Global Test`
$`MR-PRESSO results`$`Global Test`$RSSobs
[1] 266.9007

$`MR-PRESSO results`$`Global Test`$Pvalue
[1] "<1e-04"


$`MR-PRESSO results`$`Outlier Test`
          RSSobs  Pvalue
1   1.391364e-04       1
2   6.872601e-03       1
3   9.246623e-03       1
4   5.183166e-06       1
5   8.099006e-03       1
6   7.318241e-04       1
7   3.510818e-05       1
8   3.131086e-05       1
9   2.267008e-03       1
10  2.406125e-02       1
11  1.571913e-01       1
12  3.310896e-02       1
13  1.015584e-03       1
14  4.796159e-03       1
15  5.133728e-05       1
16  4.483743e-03       1
17  3.283862e-03       1
18  5.957431e-04       1
19  4.040264e-04       1
20  1.113392e-02       1
21  1.345089e-05       1
22  3.035987e-03       1
23  1.060502e-01       1
24  8.541712e-03       1
25  1.317908e-03       1
26  3.880122e-03       1
27  3.287303e-03       1
28  7.552776e-04       1
29  2.195967e-02       1
30  1.937119e-02  0.7526
31  6.630365e-02       1
32  3.021078e-03       1
33  2.283352e-03       1
34  4.779285e-03       1
35  1.343972e-04       1
36  2.669091e-03       1
37  1.700449e-03       1
38  8.754108e-04       1
39  8.052007e-04       1
40  1.402417e-03       1
41  4.505147e-05       1
42  1.259058e-03       1
43  6.938276e-03       1
44  1.798411e-03       1
45  3.520087e-04       1
46  2.989933e-02       1
47  5.930882e-03       1
48  4.537442e-05       1
49  1.121994e-03       1
50  3.950414e-04       1
51  1.462800e-02       1
52  4.248991e-03       1
53  1.468853e-02       1
54  7.465685e-03       1
55  7.900848e-03       1
56  7.093459e-03       1
57  1.970310e-03       1
58  4.008067e-04       1
59  3.838068e-03       1
60  6.615494e-04       1
61  6.326779e-01 <0.0106
62  5.244604e-05       1
63  3.074320e-03       1
64  3.902599e-03       1
65  3.429712e-04       1
66  4.451661e-04       1
67  1.653875e-04       1
68  3.290123e-03       1
69  3.800509e-03       1
70  1.357436e-03       1
71  7.650468e-04       1
72  1.047974e-03       1
73  6.347751e-03       1
74  8.338609e-04       1
75  6.966843e-02       1
76  2.173524e-04       1
77  5.743475e-03       1
78  7.156163e-04       1
79  1.921253e-03       1
80  4.639527e-03       1
81  1.183094e-03       1
82  2.978787e-04       1
83  4.747371e-03       1
84  4.949394e-03       1
85  4.996222e-02       1
86  8.750210e-03       1
87  9.620360e-03       1
88  6.842321e-04       1
89  1.288410e-04       1
90  4.581181e-03       1
91  1.153313e-03       1
92  1.756245e-06       1
93  2.629871e-04       1
94  2.823268e-04       1
95  1.304359e-01       1
96  1.762653e-02       1
97  3.434583e-03       1
98  1.127161e-03       1
99  1.440577e-02   0.742
100 5.916357e-03       1
101 5.966337e-03       1
102 3.862356e-03       1
103 5.578085e-02       1
104 2.063189e-03       1
105 1.754850e-03       1
106 4.692368e-03       1

$`MR-PRESSO results`$`Distortion Test`
$`MR-PRESSO results`$`Distortion Test`$`Outliers Indices`
[1] 61

$`MR-PRESSO results`$`Distortion Test`$`Distortion Coefficient`
beta.exposure 
     -118.486 

$`MR-PRESSO results`$`Distortion Test`$Pvalue
[1] 0.0688



