$`Main MR results`
       Exposure       MR Analysis Causal Estimate          Sd   T-stat
1 beta.exposure               Raw      0.07899260 0.008148987 9.693549
2 beta.exposure Outlier-corrected      0.07963409 0.008035226 9.910622
       P-value
1 1.841026e-21
2 2.518727e-22

$`MR-PRESSO results`
$`MR-PRESSO results`$`Global Test`
$`MR-PRESSO results`$`Global Test`$RSSobs
[1] 2042.489

$`MR-PRESSO results`$`Global Test`$Pvalue
[1] "<2e-05"


$`MR-PRESSO results`$`Outlier Test`
           RSSobs  Pvalue
1    6.066396e-06       1
2    2.220643e-05       1
3    8.340467e-06       1
4    5.060493e-06       1
5    1.555158e-08       1
6    2.303817e-06       1
7    2.012012e-05       1
8    8.321845e-07       1
9    9.217078e-06       1
10   5.019302e-06       1
11   5.257211e-06       1
12   5.328093e-06       1
13   1.865177e-05       1
14   1.425875e-05       1
15   4.874199e-06       1
16   5.100095e-07       1
17   2.780011e-06       1
18   2.278228e-05       1
19   1.596190e-08       1
20   3.993939e-10       1
21   2.817308e-06       1
22   4.139427e-05       1
23   5.124421e-07       1
24   2.938697e-06       1
25   1.071160e-07       1
26   6.391477e-06       1
27   4.127307e-05       1
28   5.287815e-06       1
29   6.345019e-06       1
30   2.541218e-05       1
31   6.782467e-06       1
32   5.827934e-05       1
33   6.206643e-05       1
34   1.987373e-06       1
35   1.079248e-05       1
36   5.628921e-05       1
37   3.249824e-05       1
38   5.324861e-06       1
39   2.245516e-05       1
40   1.883075e-05       1
41   1.661826e-05       1
42   1.482391e-05       1
43   5.374788e-05       1
44   1.232882e-05       1
45   3.274671e-08       1
46   2.614375e-05       1
47   1.238257e-08       1
48   6.071762e-05       1
49   5.100683e-05       1
50   1.214326e-05       1
51   5.309091e-07       1
52   4.189442e-06       1
53   3.235334e-05       1
54   3.114188e-06       1
55   6.555998e-07       1
56   1.709440e-05       1
57   9.204885e-06       1
58   2.731649e-05       1
59   2.689375e-05       1
60   4.719616e-07       1
61   5.579857e-06       1
62   3.647512e-05       1
63   8.954081e-06       1
64   1.555562e-06       1
65   3.355139e-06       1
66   5.600239e-06       1
67   2.539096e-06       1
68   8.030200e-08       1
69   1.011699e-06       1
70   4.682989e-05       1
71   9.964971e-06       1
72   9.032615e-07       1
73   3.250497e-07       1
74   1.062492e-05       1
75   6.532394e-07       1
76   1.795236e-05       1
77   1.100257e-05       1
78   3.422038e-07       1
79   1.470508e-05       1
80   2.218354e-06       1
81   4.183802e-06       1
82   6.116346e-06       1
83   6.128663e-07       1
84   3.818241e-05       1
85   4.864612e-05       1
86   4.985085e-06       1
87   3.213184e-05       1
88   1.771010e-05       1
89   1.982177e-06       1
90   4.919502e-05       1
91   7.691402e-06       1
92   8.717712e-06       1
93   9.309781e-07       1
94   1.758306e-06       1
95   6.570439e-05       1
96   1.733561e-06       1
97   1.147577e-07       1
98   3.443858e-05       1
99   1.006574e-04  0.9594
100  1.273986e-05       1
101  1.240277e-05       1
102  1.542651e-05       1
103  2.571003e-06       1
104  4.368256e-05       1
105  5.014203e-06       1
106  2.373516e-07       1
107  2.007751e-05       1
108  7.605453e-06       1
109  6.406700e-05       1
110  1.557382e-05       1
111  8.358996e-06       1
112  1.718159e-06       1
113  1.068016e-05       1
114  1.870916e-06       1
115  2.479308e-06       1
116  2.095998e-06       1
117  5.798430e-08       1
118  2.456098e-06       1
119  1.225371e-05       1
120  2.983385e-05       1
121  2.181043e-05       1
122  1.153993e-05       1
123  1.073856e-06       1
124  2.663729e-05       1
125  1.858679e-05       1
126  3.341132e-07       1
127  2.412214e-05       1
128  2.468097e-04 <0.0246
129  4.793663e-05       1
130  7.311348e-06       1
131  1.595589e-05       1
132  5.773718e-06       1
133  2.776562e-06       1
134  7.076631e-06       1
135  7.151995e-07       1
136  5.455197e-06       1
137  2.695018e-05       1
138  3.437285e-05       1
139  1.711229e-05       1
140  1.106426e-05       1
141  2.802723e-05       1
142  1.472285e-07       1
143  1.952701e-05       1
144  4.903765e-06       1
145  4.351353e-09       1
146  7.242941e-06       1
147  2.547719e-06       1
148  4.087542e-06       1
149  5.474460e-06       1
150  2.890176e-05       1
151  1.391276e-06       1
152  4.791665e-05       1
153  5.068646e-05       1
154  1.561320e-06       1
155  7.918525e-06       1
156  1.562978e-05       1
157  4.199410e-05       1
158  2.025334e-06       1
159  1.895656e-05       1
160  4.103089e-06       1
161  8.035096e-07       1
162  5.042841e-06       1
163  3.619556e-05       1
164  1.907727e-05       1
165  2.107390e-05       1
166  5.622940e-07       1
167  1.641970e-05       1
168  5.370167e-05       1
169  3.786515e-06       1
170  1.737784e-05       1
171  2.778004e-06       1
172  2.652156e-05       1
173  3.691572e-05       1
174  2.516096e-06       1
175  2.402537e-05       1
176  4.187411e-06       1
177  3.020182e-05       1
178  4.016212e-07       1
179  5.004426e-06       1
180  2.879118e-06       1
181  7.457905e-07       1
182  8.532718e-06       1
183  1.373039e-05       1
184  1.573013e-05       1
185  1.879811e-05       1
186  2.626053e-05       1
187  3.028435e-05       1
188  1.381642e-05       1
189  4.061578e-06       1
190  4.456188e-05       1
191  2.039226e-05       1
192  9.845449e-06       1
193  2.526443e-06       1
194  6.186946e-07       1
195  4.359099e-07       1
196  4.241200e-07       1
197  3.519441e-05       1
198  5.641182e-09       1
199  4.331713e-06       1
200  1.277167e-05       1
201  4.205997e-06       1
202  9.304787e-08       1
203  1.138562e-05       1
204  4.095968e-05       1
205  1.095335e-05       1
206  2.921876e-05       1
207  2.523079e-06       1
208  3.285233e-05       1
209  1.020330e-05       1
210  1.751682e-05       1
211  1.806507e-05       1
212  3.188803e-05       1
213  1.378114e-05       1
214  2.173870e-05       1
215  1.307831e-05       1
216  4.691477e-06       1
217  2.031653e-05       1
218  3.442759e-07       1
219  1.235696e-05       1
220  4.471994e-06       1
221  1.594007e-08       1
222  8.071339e-06       1
223  5.675627e-06       1
224  5.870650e-06       1
225  7.042640e-09       1
226  1.455446e-07       1
227  3.172911e-05       1
228  1.050821e-05       1
229  5.937962e-06       1
230  1.024513e-05       1
231  3.926454e-05       1
232  2.992153e-07       1
233  4.778011e-05       1
234  2.256708e-05       1
235  1.149287e-05       1
236  1.063154e-05       1
237  2.056983e-05       1
238  1.497633e-05       1
239  1.330652e-05       1
240  1.216900e-06       1
241  3.848040e-06       1
242  5.993351e-07       1
243  4.573680e-06       1
244  7.226713e-05       1
245  9.331906e-07       1
246  7.011202e-05       1
247  2.057199e-05       1
248  4.755856e-06       1
249  1.646918e-06       1
250  5.111021e-06       1
251  1.483882e-05       1
252  3.451940e-05       1
253  1.012500e-07       1
254  2.380065e-06       1
255  1.907206e-05       1
256  3.657159e-06       1
257  3.376651e-06       1
258  3.734353e-05       1
259  1.334048e-05       1
260  1.876788e-06       1
261  9.243019e-05       1
262  1.300188e-05       1
263  2.851185e-06       1
264  2.988057e-07       1
265  6.480114e-06       1
266  1.221859e-05       1
267  3.980841e-07       1
268  2.967115e-05       1
269  3.446117e-06       1
270  4.321462e-05       1
271  6.941614e-06       1
272  5.348919e-06       1
273  1.214845e-05       1
274  3.001168e-05       1
275  6.282776e-05       1
276  5.392396e-06       1
277  8.688794e-06       1
278  4.468593e-06       1
279  4.067650e-05       1
280  9.951222e-07       1
281  5.058841e-05       1
282  2.212492e-06       1
283  1.838080e-05       1
284  2.422262e-06       1
285  4.238786e-06       1
286  2.245978e-07       1
287  2.123664e-05       1
288  3.101854e-06       1
289  2.381557e-06       1
290  1.976152e-05       1
291  7.114681e-06       1
292  2.370423e-05       1
293  2.253841e-05       1
294  3.109066e-05       1
295  2.333924e-06       1
296  7.500668e-06       1
297  1.194886e-06       1
298  3.769696e-06       1
299  8.484110e-09       1
300  4.671238e-06       1
301  1.086998e-04  0.5166
302  8.828360e-06       1
303  8.739193e-06       1
304  1.073026e-05       1
305  1.504156e-07       1
306  1.896397e-05       1
307  9.871321e-06       1
308  2.986595e-05       1
309  7.791058e-05       1
310  1.052843e-05       1
311  1.084759e-05       1
312  8.978467e-05       1
313  1.216905e-05       1
314  2.659489e-05       1
315  6.366531e-06       1
316  2.791677e-05       1
317  3.605485e-05       1
318  1.774189e-05       1
319  2.412782e-06       1
320  2.687141e-05       1
321  8.281683e-06       1
322  1.099383e-05       1
323  3.579034e-06       1
324  9.070591e-06       1
325  1.234556e-05       1
326  9.302844e-06       1
327  4.958672e-06       1
328  1.093603e-05       1
329  7.400517e-06       1
330  4.784342e-05       1
331  1.696455e-05       1
332  5.582679e-07       1
333  1.347037e-05       1
334  6.114757e-05       1
335  1.841423e-05       1
336  6.306745e-06       1
337  4.051634e-05       1
338  5.531412e-06       1
339  1.442594e-05       1
340  9.440908e-06       1
341  1.224783e-04  0.1722
342  2.041333e-07       1
343  3.052782e-06       1
344  2.441873e-07       1
345  4.233162e-07       1
346  3.487453e-05       1
347  1.321303e-06       1
348  1.338277e-05       1
349  2.623324e-06       1
350  2.737293e-05       1
351  2.526445e-06       1
352  1.323532e-06       1
353  1.388066e-05       1
354  3.614273e-05       1
355  3.530440e-06       1
356  1.957972e-05       1
357  2.357252e-05       1
358  7.697066e-06       1
359  1.742327e-08       1
360  4.552361e-08       1
361  1.958593e-05       1
362  4.400125e-08       1
363  2.455598e-06       1
364  1.657649e-07       1
365  5.259527e-08       1
366  1.425234e-06       1
367  5.540048e-06       1
368  5.243851e-05       1
369  1.698743e-07       1
370  1.170396e-05       1
371  9.085664e-07       1
372  1.654248e-06       1
373  1.950341e-07       1
374  4.804860e-06       1
375  7.088936e-06       1
376  3.287332e-06       1
377  1.676434e-06       1
378  2.840850e-05       1
379  1.956877e-05       1
380  4.195422e-07       1
381  4.471634e-07       1
382  1.865489e-06       1
383  1.333585e-05       1
384  7.438280e-06       1
385  5.578767e-06       1
386  5.816205e-07       1
387  8.952375e-06       1
388  2.756954e-05       1
389  2.355858e-05       1
390  5.625439e-08       1
391  3.040101e-05       1
392  6.891641e-06       1
393  3.227850e-07       1
394  8.232825e-06       1
395  4.058022e-05       1
396  3.768534e-05       1
397  1.206815e-06       1
398  4.756539e-07       1
399  1.911313e-05       1
400  5.591209e-08       1
401  1.647272e-05       1
402  3.382028e-06       1
403  5.746299e-05       1
404  4.883234e-06       1
405  1.179576e-05       1
406  6.224407e-05       1
407  1.306593e-06       1
408  4.046384e-07       1
409  5.532805e-05       1
410  1.274223e-05       1
411  1.593747e-05       1
412  2.020884e-05       1
413  7.208867e-06       1
414  3.332118e-08       1
415  4.660225e-06       1
416  1.591125e-07       1
417  4.725229e-05       1
418  4.942208e-06       1
419  3.923629e-05       1
420  4.205371e-05       1
421  2.083088e-05       1
422  2.584028e-07       1
423  4.002858e-06       1
424  3.771963e-07       1
425  3.344574e-06       1
426  3.005616e-09       1
427  2.913121e-05       1
428  1.872174e-07       1
429  1.209219e-05       1
430  2.102984e-05       1
431  1.584706e-05       1
432  1.053326e-05       1
433  7.310143e-06       1
434  1.674533e-05       1
435  2.880265e-05       1
436  7.730364e-06       1
437  5.486498e-05       1
438  1.587185e-05       1
439  4.357836e-06       1
440  2.849661e-05       1
441  3.578704e-06       1
442  8.082217e-06       1
443  5.022261e-05       1
444  3.148040e-06       1
445  2.332685e-06       1
446  4.624787e-05       1
447  6.290812e-06       1
448  6.577567e-06       1
449  1.599809e-04 <0.0246
450  3.099644e-05       1
451  2.398738e-07       1
452  9.291727e-07       1
453  1.462667e-07       1
454  3.791714e-08       1
455  1.933884e-07       1
456  2.406968e-07       1
457  1.556980e-05       1
458  5.481025e-07       1
459  2.378910e-07       1
460  1.316860e-07       1
461  1.455967e-05       1
462  8.329920e-06       1
463  9.234174e-06       1
464  3.037082e-05       1
465  2.324439e-05       1
466  5.674324e-07       1
467  3.022046e-06       1
468  3.822702e-05       1
469  3.900404e-05       1
470  2.496497e-06       1
471  5.724195e-06       1
472  2.143538e-05       1
473  3.330994e-06       1
474  4.865666e-05       1
475  2.966300e-06       1
476  7.718381e-07       1
477  5.930472e-05       1
478  9.107993e-06       1
479  1.332693e-06       1
480  2.510661e-06       1
481  1.296537e-05       1
482  1.167351e-04  0.3444
483  1.201547e-08       1
484  6.476385e-06       1
485  6.157492e-07       1
486  3.759309e-06       1
487  4.417541e-05       1
488  1.181472e-05       1
489  5.330016e-07       1
490  1.955049e-05       1
491  1.223170e-05       1
492  5.880908e-07       1
493  8.194171e-07       1
494  1.889351e-05       1
495  7.273756e-06       1
496  2.761844e-06       1
497  1.521122e-05       1
498  4.763227e-07       1
499  9.253090e-06       1
500  3.580483e-06       1
501  1.522756e-05       1
502  2.981075e-05       1
503  7.471091e-06       1
504  8.045360e-06       1
505  5.836693e-06       1
506  3.746647e-05       1
507  2.502708e-09       1
508  4.638277e-05       1
509  4.486811e-05       1
510  8.266231e-05       1
511  1.055322e-04   0.615
512  4.015960e-07       1
513  1.281412e-05       1
514  1.497950e-07       1
515  4.546916e-05       1
516  2.296486e-07       1
517  3.071333e-05       1
518  6.001315e-07       1
519  2.639677e-05       1
520  2.070402e-05       1
521  3.056511e-07       1
522  3.970824e-05       1
523  3.022181e-05       1
524  4.571260e-06       1
525  3.838328e-06       1
526  2.920302e-05       1
527  9.525328e-06       1
528  6.659837e-06       1
529  2.106845e-06       1
530  2.833872e-05       1
531  4.509266e-06       1
532  7.380716e-05       1
533  2.124061e-05       1
534  1.169714e-05       1
535  3.595704e-06       1
536  2.798926e-06       1
537  5.824210e-05       1
538  9.639021e-05       1
539  1.614248e-05       1
540  1.888444e-06       1
541  1.376262e-06       1
542  1.466767e-06       1
543  2.094226e-05       1
544  6.959711e-06       1
545  2.281584e-06       1
546  3.612200e-05       1
547  1.687594e-08       1
548  2.522473e-05       1
549  2.818593e-05       1
550  1.281590e-05       1
551  1.264119e-07       1
552  5.044837e-06       1
553  4.453604e-05       1
554  4.682925e-06       1
555  2.715217e-05       1
556  1.190179e-05       1
557  1.376277e-06       1
558  1.377994e-06       1
559  5.668164e-06       1
560  2.852499e-05       1
561  1.123281e-05       1
562  1.837950e-06       1
563  3.181883e-08       1
564  6.431352e-06       1
565  2.826391e-05       1
566  1.397125e-06       1
567  6.646681e-06       1
568  1.974966e-08       1
569  2.041406e-06       1
570  1.408089e-05       1
571  2.961493e-07       1
572  9.112799e-07       1
573  1.459414e-05       1
574  2.105252e-05       1
575  7.158987e-07       1
576  8.244113e-06       1
577  1.790159e-07       1
578  3.235941e-06       1
579  3.761049e-05       1
580  3.334963e-05       1
581  5.017834e-05       1
582  2.979294e-05       1
583  2.257516e-05       1
584  3.111240e-06       1
585  3.991017e-06       1
586  1.201656e-06       1
587  1.058303e-05       1
588  7.848141e-07       1
589  1.133937e-05       1
590  4.648196e-07       1
591  4.455259e-07       1
592  1.725142e-06       1
593  3.320967e-07       1
594  2.994058e-05       1
595  3.783252e-05       1
596  1.736876e-06       1
597  1.473626e-05       1
598  4.386010e-06       1
599  6.320427e-08       1
600  1.693904e-05       1
601  1.525938e-06       1
602  7.712863e-08       1
603  1.761475e-05       1
604  7.985215e-07       1
605  1.765366e-05       1
606  5.336035e-07       1
607  1.917501e-05       1
608  9.706168e-06       1
609  2.829878e-05       1
610  6.987535e-06       1
611  6.247231e-07       1
612  1.228072e-05       1
613  9.948599e-06       1
614  4.950138e-05       1
615  1.072045e-04       1
616  2.826139e-05       1
617  9.328344e-06       1
618  7.230858e-06       1
619  3.702643e-05       1
620  1.161170e-04  0.4674
621  7.195739e-07       1
622  1.008292e-07       1
623  2.066131e-05       1
624  2.492732e-08       1
625  1.954080e-05       1
626  1.203550e-06       1
627  2.881792e-06       1
628  8.724070e-06       1
629  2.602739e-05       1
630  3.217810e-07       1
631  4.764832e-06       1
632  2.535990e-09       1
633  4.245344e-06       1
634  2.173717e-06       1
635  8.846616e-06       1
636  3.550593e-05       1
637  1.520251e-05       1
638  1.004197e-05       1
639  1.061434e-06       1
640  2.080016e-05       1
641  1.294607e-05       1
642  2.789798e-06       1
643  4.582377e-05       1
644  1.321860e-05       1
645  9.136956e-07       1
646  3.623656e-07       1
647  1.874902e-06       1
648  4.846695e-07       1
649  8.162245e-08       1
650  5.152593e-05       1
651  1.793200e-05       1
652  2.356371e-06       1
653  1.324323e-05       1
654  4.102609e-05       1
655  7.198887e-05       1
656  8.707218e-06       1
657  7.572068e-06       1
658  7.460142e-07       1
659  6.814404e-06       1
660  1.488255e-05       1
661  1.543547e-05       1
662  1.314536e-06       1
663  6.130943e-06       1
664  7.720583e-06       1
665  2.478901e-06       1
666  5.587467e-06       1
667  2.354434e-06       1
668  1.017329e-05       1
669  2.175350e-06       1
670  5.094067e-08       1
671  4.588180e-06       1
672  2.849945e-05       1
673  1.902209e-06       1
674  8.584666e-07       1
675  3.025406e-08       1
676  7.131312e-05       1
677  1.211462e-05       1
678  2.577317e-06       1
679  9.104915e-06       1
680  3.024002e-05       1
681  2.509905e-06       1
682  2.895539e-09       1
683  8.200075e-08       1
684  1.871647e-05       1
685  3.948309e-06       1
686  3.405767e-05       1
687  8.730649e-08       1
688  9.513547e-06       1
689  1.867939e-05       1
690  1.189769e-05       1
691  1.695695e-05       1
692  4.658092e-07       1
693  4.760616e-06       1
694  2.918470e-07       1
695  5.073771e-08       1
696  4.635729e-05       1
697  2.313777e-06       1
698  4.895655e-06       1
699  8.511373e-07       1
700  1.046582e-05       1
701  7.783279e-05       1
702  1.497160e-04   0.123
703  1.415424e-05       1
704  1.410207e-05       1
705  2.107472e-05       1
706  6.493438e-06       1
707  7.909476e-06       1
708  2.715420e-05       1
709  8.630106e-06       1
710  3.291731e-05       1
711  3.451996e-05       1
712  2.520781e-08       1
713  3.598105e-06       1
714  4.388121e-08       1
715  4.006638e-08       1
716  1.236447e-05       1
717  2.829407e-07       1
718  9.412606e-06       1
719  1.220100e-05       1
720  1.607199e-05       1
721  5.027839e-06       1
722  8.315909e-08       1
723  2.435389e-06       1
724  3.644501e-05       1
725  1.019813e-06       1
726  3.050383e-07       1
727  1.622885e-06       1
728  1.530863e-05       1
729  2.017584e-05       1
730  1.753946e-05       1
731  1.409698e-04  0.0984
732  1.010490e-05       1
733  3.771780e-07       1
734  1.131457e-05       1
735  2.483542e-06       1
736  3.888838e-06       1
737  1.300110e-08       1
738  3.654752e-06       1
739  3.900677e-07       1
740  1.694701e-06       1
741  1.792593e-05       1
742  4.640676e-06       1
743  6.228748e-06       1
744  2.755833e-05       1
745  9.744036e-06       1
746  4.149994e-05       1
747  5.122333e-05       1
748  1.316558e-05       1
749  2.096164e-05       1
750  7.930147e-06       1
751  4.320584e-08       1
752  2.630460e-07       1
753  5.814317e-05       1
754  7.196698e-05       1
755  1.262480e-05       1
756  1.881194e-06       1
757  2.016754e-06       1
758  5.196893e-06       1
759  2.241352e-05       1
760  1.185189e-07       1
761  4.338014e-05       1
762  3.536216e-05       1
763  9.974595e-08       1
764  5.727692e-05       1
765  1.170229e-04  0.3936
766  1.444587e-05       1
767  3.158760e-06       1
768  3.900090e-05       1
769  2.441040e-05       1
770  5.263624e-06       1
771  1.081520e-04  0.8364
772  2.660595e-05       1
773  7.140725e-06       1
774  4.809916e-06       1
775  5.886094e-06       1
776  6.297644e-06       1
777  3.470664e-05       1
778  5.539551e-06       1
779  1.197378e-07       1
780  1.956428e-05       1
781  6.232369e-06       1
782  1.670047e-05       1
783  1.550786e-07       1
784  1.316125e-06       1
785  2.269660e-05       1
786  2.083540e-05       1
787  6.658159e-07       1
788  2.624510e-05       1
789  1.173107e-06       1
790  3.223899e-05       1
791  5.936256e-08       1
792  1.648311e-07       1
793  9.680093e-06       1
794  6.014181e-06       1
795  2.728052e-06       1
796  6.521624e-07       1
797  4.074728e-05       1
798  3.776184e-06       1
799  2.971487e-06       1
800  5.029812e-06       1
801  1.672427e-05       1
802  3.285091e-05       1
803  3.147588e-05       1
804  1.604841e-05       1
805  3.414017e-05       1
806  6.399652e-10       1
807  3.861842e-06       1
808  3.666285e-06       1
809  1.068211e-05       1
810  7.484007e-08       1
811  3.341527e-06       1
812  8.677105e-06       1
813  2.350570e-06       1
814  1.023218e-05       1
815  1.363804e-06       1
816  7.285547e-07       1
817  8.492067e-06       1
818  9.174950e-06       1
819  5.954490e-05       1
820  1.838388e-06       1
821  1.130986e-06       1
822  9.639796e-06       1
823  5.954463e-05       1
824  1.366571e-06       1
825  4.074748e-09       1
826  4.586025e-06       1
827  1.315057e-05       1
828  7.087631e-06       1
829  1.756436e-06       1
830  2.090041e-07       1
831  6.312332e-09       1
832  7.719529e-08       1
833  5.565384e-07       1
834  3.394973e-06       1
835  1.744785e-06       1
836  1.591430e-06       1
837  3.113272e-07       1
838  1.643673e-05       1
839  1.903420e-08       1
840  1.576017e-05       1
841  4.425819e-06       1
842  1.030828e-04   0.984
843  9.728988e-06       1
844  3.870192e-05       1
845  7.626717e-06       1
846  1.058462e-05       1
847  7.458288e-06       1
848  1.011826e-05       1
849  6.120669e-06       1
850  4.253745e-07       1
851  9.630010e-06       1
852  4.617220e-06       1
853  3.703423e-06       1
854  3.068190e-06       1
855  4.136027e-06       1
856  1.773117e-05       1
857  4.625067e-05       1
858  4.000361e-06       1
859  2.453958e-05       1
860  1.040668e-06       1
861  2.818296e-06       1
862  4.847867e-06       1
863  2.449985e-05       1
864  1.254073e-07       1
865  8.606542e-07       1
866  6.096810e-07       1
867  1.937721e-06       1
868  1.058120e-05       1
869  1.103167e-05       1
870  2.801546e-06       1
871  6.926735e-06       1
872  2.840493e-05       1
873  6.660499e-06       1
874  1.236893e-05       1
875  9.356190e-07       1
876  5.070967e-05       1
877  2.176531e-05       1
878  4.411066e-07       1
879  2.659625e-05       1
880  1.204393e-05       1
881  5.260936e-06       1
882  1.928116e-05       1
883  1.509347e-06       1
884  4.653864e-05       1
885  1.647832e-04 <0.0246
886  2.650766e-08       1
887  2.178974e-05       1
888  2.345000e-05       1
889  1.220115e-05       1
890  7.807589e-06       1
891  2.786764e-05       1
892  4.291923e-06       1
893  2.625085e-06       1
894  6.005759e-06       1
895  8.610126e-06       1
896  2.237541e-05       1
897  2.641223e-06       1
898  8.666132e-06       1
899  1.384921e-05       1
900  1.374078e-06       1
901  3.915477e-06       1
902  1.871251e-05       1
903  2.010781e-06       1
904  2.048475e-07       1
905  2.393323e-05       1
906  1.155776e-05       1
907  9.580271e-07       1
908  9.704782e-07       1
909  4.979948e-06       1
910  1.010317e-07       1
911  7.623400e-06       1
912  2.571279e-06       1
913  9.408713e-06       1
914  3.267342e-07       1
915  2.006621e-05       1
916  6.911835e-06       1
917  1.798978e-06       1
918  1.473727e-05       1
919  1.155646e-06       1
920  1.015887e-05       1
921  5.277470e-06       1
922  1.806483e-06       1
923  1.707020e-05       1
924  2.193368e-05       1
925  9.920502e-05  0.9594
926  2.543756e-06       1
927  5.777236e-06       1
928  3.087883e-09       1
929  1.665467e-06       1
930  2.893041e-05       1
931  4.062478e-06       1
932  2.097562e-05       1
933  5.751374e-06       1
934  9.462149e-06       1
935  1.012598e-05       1
936  3.245626e-05       1
937  1.385304e-05       1
938  4.109383e-07       1
939  1.124274e-05       1
940  1.780592e-05       1
941  2.443247e-06       1
942  3.102162e-05       1
943  8.971847e-06       1
944  3.289228e-08       1
945  8.312881e-07       1
946  1.007227e-05       1
947  1.326085e-05       1
948  1.885063e-06       1
949  6.712878e-06       1
950  3.063345e-05       1
951  2.396403e-06       1
952  2.567600e-06       1
953  3.484571e-05       1
954  5.935175e-08       1
955  1.421871e-05       1
956  3.528789e-06       1
957  2.930368e-07       1
958  3.172160e-06       1
959  4.846001e-05       1
960  3.705140e-05       1
961  3.031618e-12       1
962  4.868477e-06       1
963  5.673771e-05       1
964  3.244116e-06       1
965  5.898303e-06       1
966  4.399614e-05       1
967  1.212358e-05       1
968  1.383946e-05       1
969  1.673999e-06       1
970  8.591488e-06       1
971  8.514155e-08       1
972  1.000407e-05       1
973  2.687001e-06       1
974  8.492530e-06       1
975  1.667470e-05       1
976  3.570020e-06       1
977  2.536960e-05       1
978  1.752573e-06       1
979  3.527555e-06       1
980  2.718348e-08       1
981  6.528336e-07       1
982  1.784589e-05       1
983  5.362061e-05       1
984  2.416750e-06       1
985  4.591809e-07       1
986  4.417129e-06       1
987  2.324069e-07       1
988  6.499918e-05       1
989  4.671026e-05       1
990  7.376243e-06       1
991  3.654980e-05       1
992  4.826756e-05       1
993  1.347196e-05       1
994  4.152380e-08       1
995  1.957894e-05       1
996  7.869009e-06       1
997  6.497241e-07       1
998  3.802381e-05       1
999  2.774488e-05       1
1000 3.183464e-05       1
1001 1.037131e-06       1
1002 1.856867e-06       1
1003 3.066543e-05       1
1004 8.229530e-06       1
1005 3.423322e-05       1
1006 2.991261e-06       1
1007 1.848500e-07       1
1008 1.496956e-05       1
1009 5.047209e-07       1
1010 4.805589e-05       1
1011 1.253710e-05       1
1012 1.214858e-06       1
1013 1.841427e-05       1
1014 1.484656e-05       1
1015 1.844172e-06       1
1016 6.114543e-07       1
1017 1.161985e-05       1
1018 2.048713e-05       1
1019 2.953720e-05       1
1020 2.085775e-10       1
1021 3.893825e-08       1
1022 7.812167e-05       1
1023 3.271633e-06       1
1024 1.961805e-05       1
1025 9.103869e-07       1
1026 4.095553e-06       1
1027 3.132016e-07       1
1028 1.494088e-05       1
1029 1.655104e-05       1
1030 5.150637e-07       1
1031 2.005931e-07       1
1032 4.307046e-08       1
1033 7.919870e-06       1
1034 2.991325e-06       1
1035 5.594013e-08       1
1036 8.426453e-06       1
1037 1.852424e-05       1
1038 6.899280e-06       1
1039 4.352976e-05       1
1040 9.141667e-10       1
1041 1.818659e-06       1
1042 6.734937e-09       1
1043 7.983138e-06       1
1044 1.187598e-06       1
1045 1.192374e-05       1
1046 2.060801e-05       1
1047 6.035116e-06       1
1048 4.718187e-06       1
1049 1.007127e-05       1
1050 7.302966e-08       1
1051 5.262534e-07       1
1052 8.641936e-08       1
1053 1.466072e-05       1
1054 2.852563e-05       1
1055 1.480886e-06       1
1056 1.940762e-06       1
1057 1.100001e-07       1
1058 6.475968e-06       1
1059 1.310734e-06       1
1060 5.577675e-06       1
1061 4.326514e-07       1
1062 6.144277e-09       1
1063 8.211700e-06       1
1064 1.553501e-08       1
1065 1.414265e-05       1
1066 1.828738e-07       1
1067 7.452766e-06       1
1068 3.504553e-05       1
1069 1.548293e-05       1
1070 6.811982e-05       1
1071 1.582154e-07       1
1072 9.892937e-06       1
1073 9.409603e-06       1
1074 2.160902e-05       1
1075 1.046434e-06       1
1076 5.680839e-05       1
1077 1.046894e-07       1
1078 1.811291e-05       1
1079 7.043463e-06       1
1080 3.283054e-05       1
1081 3.095544e-05       1
1082 5.071014e-07       1
1083 5.094268e-08       1
1084 8.745104e-06       1
1085 4.929650e-07       1
1086 2.215065e-08       1
1087 9.827930e-06       1
1088 3.073041e-06       1
1089 3.942998e-05       1
1090 3.654111e-06       1
1091 6.155368e-06       1
1092 1.819426e-05       1
1093 3.464355e-05       1
1094 2.575464e-05       1
1095 2.516270e-07       1
1096 9.234013e-07       1
1097 3.079132e-07       1
1098 5.094559e-06       1
1099 7.971372e-06       1
1100 6.730997e-06       1
1101 3.435118e-07       1
1102 5.002932e-06       1
1103 3.053480e-05       1
1104 9.910595e-06       1
1105 3.169866e-05       1
1106 7.906090e-05       1
1107 2.023129e-06       1
1108 2.861190e-06       1
1109 1.963618e-07       1
1110 6.771529e-07       1
1111 3.760801e-05       1
1112 4.830083e-06       1
1113 5.404037e-05       1
1114 1.760114e-05       1
1115 4.115879e-05       1
1116 2.616061e-06       1
1117 2.046445e-07       1
1118 8.150005e-09       1
1119 4.822162e-07       1
1120 1.191668e-06       1
1121 2.983848e-05       1
1122 1.103229e-06       1
1123 1.942056e-05       1
1124 2.738150e-05       1
1125 4.164301e-06       1
1126 3.226695e-05       1
1127 8.397519e-07       1
1128 2.858664e-05       1
1129 1.247922e-07       1
1130 2.936447e-05       1
1131 9.090293e-06       1
1132 2.078934e-10       1
1133 5.730212e-07       1
1134 7.035540e-07       1
1135 1.464563e-05       1
1136 8.127008e-06       1
1137 1.662270e-05       1
1138 1.150490e-07       1
1139 6.114975e-05       1
1140 3.557148e-05       1
1141 5.301405e-05       1
1142 2.916843e-06       1
1143 7.258594e-06       1
1144 4.850437e-06       1
1145 9.787595e-06       1
1146 3.339584e-06       1
1147 1.460137e-05       1
1148 1.200710e-07       1
1149 1.319558e-05       1
1150 3.130711e-05       1
1151 8.670893e-09       1
1152 1.837361e-05       1
1153 2.008450e-07       1
1154 7.079762e-06       1
1155 1.352162e-08       1
1156 2.718841e-07       1
1157 2.668696e-06       1
1158 3.149870e-05       1
1159 1.735861e-06       1
1160 4.554326e-06       1
1161 1.591005e-05       1
1162 3.771503e-07       1
1163 1.213672e-06       1
1164 4.091248e-05       1
1165 2.012186e-05       1
1166 2.525246e-06       1
1167 6.071706e-06       1
1168 1.277611e-05       1
1169 3.702629e-06       1
1170 5.046536e-06       1
1171 9.937418e-06       1
1172 8.084784e-06       1
1173 7.286719e-07       1
1174 1.072276e-05       1
1175 1.554615e-05       1
1176 1.562858e-07       1
1177 3.058265e-05       1
1178 5.093394e-05       1
1179 3.409772e-06       1
1180 1.894118e-05       1
1181 2.662370e-05       1
1182 8.570492e-07       1
1183 9.747242e-08       1
1184 8.107379e-06       1
1185 1.139189e-05       1
1186 2.621149e-08       1
1187 2.263627e-06       1
1188 2.311133e-06       1
1189 3.711066e-05       1
1190 9.497607e-06       1
1191 9.743338e-07       1
1192 3.660345e-07       1
1193 1.042093e-05       1
1194 4.695830e-06       1
1195 8.072131e-10       1
1196 4.785015e-06       1
1197 4.342145e-08       1
1198 3.575288e-05       1
1199 4.446969e-08       1
1200 1.088955e-06       1
1201 5.225095e-09       1
1202 3.513724e-05       1
1203 1.673868e-05       1
1204 2.787441e-06       1
1205 2.838882e-05       1
1206 5.207061e-06       1
1207 2.937334e-05       1
1208 5.093781e-06       1
1209 9.127569e-06       1
1210 7.359867e-05       1
1211 5.200218e-09       1
1212 1.156889e-06       1
1213 9.405427e-06       1
1214 1.757776e-05       1
1215 2.164049e-06       1
1216 1.763487e-05       1
1217 8.621688e-06       1
1218 1.725178e-06       1
1219 9.975391e-06       1
1220 6.868228e-05       1
1221 1.400120e-04  0.0738
1222 2.689971e-08       1
1223 3.110335e-05       1
1224 3.936008e-06       1
1225 6.127031e-06       1
1226 2.072858e-06       1
1227 7.541988e-07       1
1228 1.669468e-05       1
1229 6.692702e-06       1
1230 5.050566e-06       1

$`MR-PRESSO results`$`Distortion Test`
$`MR-PRESSO results`$`Distortion Test`$`Outliers Indices`
[1] 128 449 885

$`MR-PRESSO results`$`Distortion Test`$`Distortion Coefficient`
beta.exposure 
   -0.8055438 

$`MR-PRESSO results`$`Distortion Test`$Pvalue
[1] 0.93868



