$`Main MR results`
       Exposure       MR Analysis Causal Estimate          Sd   T-stat
1 beta.exposure               Raw      0.06346863 0.005052409 12.56205
2 beta.exposure Outlier-corrected      0.06426475 0.004990142 12.87834
       P-value
1 2.698103e-35
2 5.838569e-37

$`MR-PRESSO results`
$`MR-PRESSO results`$`Global Test`
$`MR-PRESSO results`$`Global Test`$RSSobs
[1] 4142.436

$`MR-PRESSO results`$`Global Test`$Pvalue
[1] "<1e-05"


$`MR-PRESSO results`$`Outlier Test`
           RSSobs   Pvalue
1    5.374962e-06        1
2    9.170174e-09        1
3    2.351003e-05        1
4    1.415096e-06        1
5    8.543355e-08        1
6    6.923928e-06        1
7    2.002823e-06        1
8    3.845520e-08        1
9    1.722152e-05        1
10   2.725646e-05        1
11   5.635998e-06        1
12   1.210883e-08        1
13   6.170586e-06        1
14   2.936699e-06        1
15   2.161674e-05        1
16   1.047699e-05        1
17   5.493280e-07        1
18   1.000219e-05        1
19   5.581570e-06        1
20   6.971630e-06        1
21   1.384997e-06        1
22   6.320908e-06        1
23   4.469901e-06        1
24   1.626056e-05        1
25   2.039069e-05        1
26   3.328179e-06        1
27   1.527478e-05        1
28   5.515250e-06        1
29   1.996997e-06        1
30   5.642128e-06        1
31   1.006205e-05        1
32   3.329424e-05        1
33   5.342878e-08        1
34   3.497381e-07        1
35   4.735856e-05        1
36   2.366549e-06        1
37   6.107669e-07        1
38   1.132102e-05        1
39   8.216737e-06        1
40   8.420617e-06        1
41   3.985701e-06        1
42   3.504577e-05        1
43   2.099526e-05        1
44   8.812282e-06        1
45   2.776278e-06        1
46   4.128910e-05        1
47   3.833355e-07        1
48   1.301697e-07        1
49   1.798747e-05        1
50   2.088016e-08        1
51   3.661988e-07        1
52   3.862148e-06        1
53   2.307994e-06        1
54   4.456529e-05        1
55   1.109588e-08        1
56   2.840153e-07        1
57   3.440428e-07        1
58   2.445765e-06        1
59   2.222740e-07        1
60   1.366159e-05        1
61   5.621011e-06        1
62   4.307126e-05        1
63   4.658641e-06        1
64   5.227863e-06        1
65   1.083045e-05        1
66   4.973525e-06        1
67   7.612170e-06        1
68   2.673513e-05        1
69   9.358997e-07        1
70   3.842876e-06        1
71   5.604186e-07        1
72   3.857324e-06        1
73   2.881238e-05        1
74   8.325228e-07        1
75   3.669984e-06        1
76   5.758100e-06        1
77   7.436746e-06        1
78   5.605524e-05        1
79   3.108979e-07        1
80   6.395146e-05        1
81   2.082096e-08        1
82   2.526708e-06        1
83   1.757731e-06        1
84   2.394352e-07        1
85   9.795419e-06        1
86   1.257765e-05        1
87   5.828610e-05        1
88   3.470039e-05        1
89   9.902120e-07        1
90   1.265258e-05        1
91   4.124956e-06        1
92   6.514370e-06        1
93   2.344284e-05        1
94   1.727713e-07        1
95   4.057066e-06        1
96   2.055171e-05        1
97   1.991266e-05        1
98   3.280504e-06        1
99   1.769133e-05        1
100  2.045423e-08        1
101  1.315470e-05        1
102  5.195064e-05        1
103  1.105719e-05        1
104  1.662795e-06        1
105  4.179035e-05        1
106  9.103932e-10        1
107  1.522110e-06        1
108  2.790507e-05        1
109  4.929439e-07        1
110  8.270986e-07        1
111  2.201418e-07        1
112  3.576747e-07        1
113  2.684312e-05        1
114  5.867207e-05        1
115  5.284009e-05        1
116  1.261408e-07        1
117  1.337000e-05        1
118  3.377127e-07        1
119  4.859190e-06        1
120  2.300982e-06        1
121  5.070763e-05        1
122  1.002831e-05        1
123  3.390654e-05        1
124  2.523455e-06        1
125  3.459040e-07        1
126  1.952018e-05        1
127  8.189742e-06        1
128  9.408656e-06        1
129  2.941280e-05        1
130  2.599473e-05        1
131  2.542326e-05        1
132  1.582880e-05        1
133  7.111513e-07        1
134  2.570919e-05        1
135  2.971333e-07        1
136  3.528431e-05        1
137  4.690510e-06        1
138  3.834526e-05        1
139  1.821163e-06        1
140  7.691250e-06        1
141  1.231154e-06        1
142  2.793753e-06        1
143  4.034568e-05        1
144  6.717001e-06        1
145  2.166212e-06        1
146  6.478533e-08        1
147  2.419929e-08        1
148  2.185190e-08        1
149  9.388929e-06        1
150  1.108849e-05        1
151  2.660931e-05        1
152  1.816143e-07        1
153  7.508556e-07        1
154  4.461517e-05        1
155  1.079379e-05        1
156  9.607677e-07        1
157  8.471351e-07        1
158  1.757062e-06        1
159  1.586410e-06        1
160  6.570329e-06        1
161  1.487589e-06        1
162  1.920305e-07        1
163  1.147892e-05        1
164  9.743358e-06        1
165  8.622895e-07        1
166  1.027221e-06        1
167  1.941012e-05        1
168  1.488038e-06        1
169  2.517362e-06        1
170  1.248099e-05        1
171  3.081102e-06        1
172  2.583957e-06        1
173  6.554251e-07        1
174  6.302962e-05        1
175  1.680572e-07        1
176  1.206605e-06        1
177  1.900492e-07        1
178  1.622207e-05        1
179  2.636090e-06        1
180  1.140307e-05        1
181  5.124482e-06        1
182  2.962045e-05        1
183  5.206734e-06        1
184  6.170259e-06        1
185  8.166546e-07        1
186  4.032466e-05        1
187  5.046521e-05        1
188  5.629424e-06        1
189  2.710635e-06        1
190  3.053397e-05        1
191  1.914734e-05        1
192  4.755890e-09        1
193  2.872851e-05        1
194  2.408724e-06        1
195  7.248540e-06        1
196  5.100713e-05        1
197  6.713467e-06        1
198  9.502777e-06        1
199  6.170363e-07        1
200  2.093113e-06        1
201  6.284555e-05        1
202  3.015374e-05        1
203  2.738785e-06        1
204  4.697052e-06        1
205  2.124822e-06        1
206  2.382132e-05        1
207  3.757804e-08        1
208  1.593139e-05        1
209  4.453417e-05        1
210  3.183848e-08        1
211  3.771071e-05        1
212  3.611162e-05        1
213  9.731741e-05        1
214  1.164312e-05        1
215  1.142629e-05        1
216  4.508043e-05        1
217  4.121504e-06        1
218  1.344102e-05        1
219  2.121056e-04  0.02946
220  1.439606e-05        1
221  2.998860e-06        1
222  1.762912e-06        1
223  4.626221e-05        1
224  8.399652e-09        1
225  6.440478e-06        1
226  1.881828e-07        1
227  3.338362e-06        1
228  4.646625e-08        1
229  6.036709e-07        1
230  1.800536e-05        1
231  5.335844e-07        1
232  8.781149e-06        1
233  6.008830e-05        1
234  1.668552e-06        1
235  1.455577e-06        1
236  1.190539e-05        1
237  9.369545e-06        1
238  1.448446e-05        1
239  3.004737e-07        1
240  9.759909e-06        1
241  2.830917e-05        1
242  2.234698e-06        1
243  1.317231e-06        1
244  6.125392e-06        1
245  1.228771e-06        1
246  1.354834e-05        1
247  4.796577e-07        1
248  2.456819e-06        1
249  1.844483e-06        1
250  2.526607e-06        1
251  5.213729e-06        1
252  1.696955e-06        1
253  1.984437e-06        1
254  2.310329e-08        1
255  2.494941e-05        1
256  1.642882e-07        1
257  4.042880e-06        1
258  2.985419e-05        1
259  1.945127e-06        1
260  1.229211e-06        1
261  4.217961e-06        1
262  1.363262e-05        1
263  2.721849e-05        1
264  1.983258e-09        1
265  1.040207e-06        1
266  2.301872e-05        1
267  3.367564e-06        1
268  9.084848e-06        1
269  8.181801e-05        1
270  1.041845e-05        1
271  1.491251e-06        1
272  2.857480e-05        1
273  1.721487e-05        1
274  1.154055e-08        1
275  5.523939e-07        1
276  5.696593e-07        1
277  1.166582e-05        1
278  2.573989e-05        1
279  2.762550e-05        1
280  2.064006e-07        1
281  1.363710e-06        1
282  3.527446e-05        1
283  1.126539e-06        1
284  2.421323e-04 <0.02946
285  5.470285e-07        1
286  1.813163e-05        1
287  4.618312e-05        1
288  5.200704e-06        1
289  5.972344e-06        1
290  1.256205e-07        1
291  9.456095e-07        1
292  5.550838e-06        1
293  1.124752e-05        1
294  1.436294e-05        1
295  2.205194e-05        1
296  3.378412e-06        1
297  3.222726e-06        1
298  2.393257e-06        1
299  8.450805e-06        1
300  1.130668e-06        1
301  3.406180e-05        1
302  2.015193e-05        1
303  6.470103e-06        1
304  8.754598e-06        1
305  1.557206e-05        1
306  4.348509e-05        1
307  1.814406e-05        1
308  2.448166e-05        1
309  2.909093e-05        1
310  1.846628e-05        1
311  9.824242e-06        1
312  5.112727e-07        1
313  2.536691e-05        1
314  8.277461e-07        1
315  1.322194e-05        1
316  1.845905e-06        1
317  1.627103e-06        1
318  4.979685e-07        1
319  1.334788e-05        1
320  2.801597e-06        1
321  2.574874e-05        1
322  1.703824e-08        1
323  2.347036e-05        1
324  1.451974e-05        1
325  9.922968e-06        1
326  3.044405e-08        1
327  3.075190e-06        1
328  6.546262e-08        1
329  3.439369e-05        1
330  7.988179e-06        1
331  5.596274e-06        1
332  1.404659e-06        1
333  1.981135e-06        1
334  3.037167e-05        1
335  8.114639e-06        1
336  4.635787e-06        1
337  7.178997e-06        1
338  1.455857e-06        1
339  3.313425e-05        1
340  1.156391e-06        1
341  7.366541e-05        1
342  1.438900e-05        1
343  1.491414e-06        1
344  5.220753e-06        1
345  6.755670e-05        1
346  3.796781e-06        1
347  1.177068e-05        1
348  2.498953e-06        1
349  1.679628e-06        1
350  5.154408e-05        1
351  7.579852e-06        1
352  3.863756e-06        1
353  1.396491e-05        1
354  4.384831e-05        1
355  5.381673e-05        1
356  1.891545e-05        1
357  3.577859e-07        1
358  1.377972e-05        1
359  3.407151e-06        1
360  9.732266e-06        1
361  3.554784e-05        1
362  4.464118e-06        1
363  1.444629e-05        1
364  4.394700e-05        1
365  4.308751e-05        1
366  3.726707e-06        1
367  9.029702e-06        1
368  1.039263e-06        1
369  1.646998e-06        1
370  6.923413e-07        1
371  1.753634e-05        1
372  4.794736e-06        1
373  1.587719e-07        1
374  1.661616e-07        1
375  1.564231e-05        1
376  2.717844e-06        1
377  5.628608e-07        1
378  6.713034e-06        1
379  3.961588e-05        1
380  2.093926e-05        1
381  4.161973e-06        1
382  1.342983e-05        1
383  1.761859e-05        1
384  8.517899e-07        1
385  1.497220e-05        1
386  3.352362e-06        1
387  1.021976e-07        1
388  5.548865e-05        1
389  4.767726e-06        1
390  3.676037e-06        1
391  6.254719e-06        1
392  1.559187e-05        1
393  3.264934e-06        1
394  9.768057e-06        1
395  5.820978e-05        1
396  1.798424e-06        1
397  2.445606e-05        1
398  3.464190e-05        1
399  3.843626e-06        1
400  6.388514e-06        1
401  2.597936e-05        1
402  1.307174e-06        1
403  3.549937e-06        1
404  9.230330e-06        1
405  2.835510e-05        1
406  1.752563e-05        1
407  9.183232e-06        1
408  3.156272e-06        1
409  6.355631e-07        1
410  2.752063e-06        1
411  2.230263e-06        1
412  7.965558e-06        1
413  4.391695e-06        1
414  1.447065e-06        1
415  4.772596e-07        1
416  1.202436e-06        1
417  1.011433e-05        1
418  3.558265e-06        1
419  1.587121e-06        1
420  2.596667e-06        1
421  1.505276e-05        1
422  2.735436e-07        1
423  5.061772e-06        1
424  8.371706e-06        1
425  1.640112e-06        1
426  1.772661e-05        1
427  1.680861e-05        1
428  2.491948e-05        1
429  2.870713e-05        1
430  3.998570e-06        1
431  1.145961e-05        1
432  4.742328e-06        1
433  4.718767e-05        1
434  4.130638e-05        1
435  7.581426e-07        1
436  1.905662e-05        1
437  7.295777e-06        1
438  1.127083e-05        1
439  7.149531e-06        1
440  3.269927e-06        1
441  2.669954e-06        1
442  6.465791e-06        1
443  6.865795e-06        1
444  9.703606e-06        1
445  6.541484e-06        1
446  9.802526e-07        1
447  3.469829e-05        1
448  5.408374e-07        1
449  1.655975e-07        1
450  4.900131e-07        1
451  7.337554e-06        1
452  2.019540e-05        1
453  1.206940e-05        1
454  5.268299e-09        1
455  3.629364e-07        1
456  8.868386e-06        1
457  2.776235e-07        1
458  8.228445e-08        1
459  3.847027e-05        1
460  7.405203e-06        1
461  7.465378e-08        1
462  1.846259e-05        1
463  1.208251e-07        1
464  9.734641e-09        1
465  7.189563e-06        1
466  3.721402e-05        1
467  3.795916e-06        1
468  2.406540e-06        1
469  5.397991e-06        1
470  9.942600e-06        1
471  3.194170e-06        1
472  8.676224e-07        1
473  2.078214e-06        1
474  1.161883e-05        1
475  6.802030e-06        1
476  2.405179e-05        1
477  1.815618e-06        1
478  1.176738e-05        1
479  4.763895e-07        1
480  5.097004e-05        1
481  5.741582e-06        1
482  1.295137e-05        1
483  1.554746e-06        1
484  4.540123e-05        1
485  3.885804e-07        1
486  1.015631e-05        1
487  3.083653e-06        1
488  3.177991e-05        1
489  4.611909e-11        1
490  1.931509e-06        1
491  1.656718e-05        1
492  6.107564e-06        1
493  3.541310e-05        1
494  1.110463e-05        1
495  2.270450e-06        1
496  1.504254e-05        1
497  3.699829e-05        1
498  6.045133e-06        1
499  9.350247e-06        1
500  1.637139e-05        1
501  2.597701e-06        1
502  9.083775e-06        1
503  5.185554e-06        1
504  5.678645e-05        1
505  1.626422e-05        1
506  3.193424e-06        1
507  2.051988e-05        1
508  5.806899e-06        1
509  1.576881e-06        1
510  3.341499e-05        1
511  1.194030e-05        1
512  1.050502e-06        1
513  7.309231e-07        1
514  9.244732e-06        1
515  6.509844e-06        1
516  3.692621e-05        1
517  2.313364e-05        1
518  2.480105e-06        1
519  6.402778e-06        1
520  1.547561e-05        1
521  5.702294e-06        1
522  1.375410e-06        1
523  2.674926e-05        1
524  5.298008e-06        1
525  9.427709e-06        1
526  2.153184e-05        1
527  3.008706e-08        1
528  5.378053e-07        1
529  1.376648e-05        1
530  6.098610e-06        1
531  2.539021e-05        1
532  5.497396e-06        1
533  1.390067e-09        1
534  2.941681e-06        1
535  7.383676e-06        1
536  6.641507e-06        1
537  8.954134e-06        1
538  6.538832e-06        1
539  1.804179e-08        1
540  1.146590e-05        1
541  9.778071e-07        1
542  3.837946e-06        1
543  3.993605e-07        1
544  2.450780e-05        1
545  3.367731e-05        1
546  1.257301e-05        1
547  3.041584e-07        1
548  1.141164e-05        1
549  4.956746e-06        1
550  1.155180e-05        1
551  1.784505e-05        1
552  4.105506e-05        1
553  1.221475e-05        1
554  3.014506e-06        1
555  5.799247e-07        1
556  7.839174e-07        1
557  1.073651e-06        1
558  3.156169e-07        1
559  4.566887e-05        1
560  2.968204e-05        1
561  1.330611e-07        1
562  4.061648e-06        1
563  1.202177e-06        1
564  5.918421e-06        1
565  2.120669e-05        1
566  1.248985e-05        1
567  8.803643e-06        1
568  5.384956e-06        1
569  1.168812e-05        1
570  1.918545e-05        1
571  4.669883e-06        1
572  2.191588e-04 <0.02946
573  1.596428e-05        1
574  1.488510e-05        1
575  1.525384e-06        1
576  3.441751e-06        1
577  3.209507e-06        1
578  3.671576e-07        1
579  1.477386e-06        1
580  2.107580e-07        1
581  3.850755e-06        1
582  1.700541e-05        1
583  8.139490e-06        1
584  7.567463e-05        1
585  3.600815e-08        1
586  3.038373e-06        1
587  9.727640e-07        1
588  7.673293e-08        1
589  3.999753e-06        1
590  2.273852e-05        1
591  1.254343e-06        1
592  1.876176e-06        1
593  7.288449e-05        1
594  1.914888e-05        1
595  3.047125e-06        1
596  1.625950e-06        1
597  1.581747e-06        1
598  1.279041e-04   0.5892
599  1.539260e-05        1
600  5.392966e-06        1
601  1.186577e-06        1
602  2.301189e-06        1
603  5.690073e-06        1
604  4.110826e-05        1
605  1.306216e-05        1
606  3.302655e-05        1
607  4.936658e-09        1
608  2.872019e-06        1
609  2.946415e-06        1
610  1.795836e-05        1
611  4.006356e-07        1
612  4.408394e-06        1
613  1.607486e-06        1
614  7.764164e-05        1
615  4.285511e-08        1
616  4.015276e-06        1
617  3.981491e-05        1
618  1.431010e-05        1
619  1.355060e-06        1
620  1.175194e-05        1
621  1.567481e-06        1
622  9.731619e-05        1
623  5.024284e-08        1
624  1.206421e-05        1
625  3.197841e-05        1
626  5.249948e-06        1
627  8.089657e-06        1
628  3.354403e-06        1
629  2.294593e-07        1
630  1.484218e-05        1
631  1.967304e-05        1
632  1.379978e-05        1
633  1.304550e-07        1
634  7.304712e-06        1
635  2.517613e-08        1
636  5.579599e-05        1
637  2.806156e-06        1
638  1.629560e-05        1
639  2.125785e-06        1
640  1.124286e-05        1
641  6.360544e-07        1
642  7.574374e-06        1
643  3.765291e-05        1
644  3.392274e-05        1
645  4.143601e-06        1
646  4.634786e-05        1
647  8.676679e-06        1
648  4.736394e-06        1
649  1.064637e-05        1
650  3.336439e-06        1
651  2.081044e-05        1
652  3.157572e-05        1
653  6.530128e-05        1
654  6.088361e-06        1
655  2.482977e-08        1
656  2.581123e-06        1
657  7.668951e-07        1
658  7.723546e-06        1
659  5.533431e-06        1
660  3.714422e-06        1
661  3.885730e-05        1
662  1.258354e-06        1
663  5.376629e-06        1
664  2.673656e-07        1
665  3.841779e-06        1
666  6.867145e-06        1
667  5.288323e-05        1
668  1.662920e-05        1
669  2.911130e-08        1
670  2.795038e-06        1
671  2.603654e-06        1
672  1.945535e-05        1
673  1.097310e-05        1
674  3.174358e-06        1
675  6.784720e-06        1
676  5.061832e-06        1
677  4.227165e-07        1
678  2.002612e-05        1
679  3.168711e-05        1
680  4.499581e-07        1
681  2.517788e-06        1
682  5.755424e-06        1
683  3.419023e-06        1
684  2.102658e-05        1
685  6.160760e-06        1
686  2.164492e-05        1
687  2.112970e-05        1
688  2.741890e-05        1
689  6.054118e-11        1
690  1.336868e-07        1
691  2.748062e-06        1
692  3.577009e-06        1
693  8.301998e-06        1
694  4.033448e-05        1
695  1.465933e-06        1
696  7.378158e-06        1
697  2.598934e-09        1
698  1.486354e-06        1
699  7.701943e-06        1
700  2.995151e-06        1
701  2.717400e-06        1
702  6.343410e-08        1
703  5.457776e-06        1
704  5.497006e-06        1
705  1.162781e-04        1
706  2.284205e-08        1
707  8.066586e-06        1
708  1.320507e-05        1
709  1.323859e-05        1
710  9.586018e-06        1
711  4.425566e-05        1
712  1.255024e-05        1
713  1.526480e-07        1
714  3.124733e-08        1
715  2.054274e-05        1
716  1.137205e-05        1
717  5.702731e-07        1
718  2.830634e-05        1
719  7.573980e-05        1
720  1.108484e-06        1
721  2.427932e-05        1
722  1.839980e-06        1
723  1.195994e-05        1
724  6.459783e-06        1
725  1.198881e-05        1
726  4.158926e-07        1
727  8.535690e-05        1
728  1.636365e-05        1
729  1.328476e-05        1
730  7.449035e-06        1
731  3.029750e-06        1
732  1.642958e-06        1
733  8.253728e-07        1
734  2.944035e-05        1
735  4.963263e-06        1
736  7.116504e-06        1
737  3.673061e-06        1
738  3.399060e-05        1
739  2.592617e-05        1
740  5.102884e-07        1
741  3.446743e-05        1
742  1.245573e-05        1
743  2.997319e-06        1
744  1.890330e-05        1
745  2.825292e-06        1
746  3.714799e-06        1
747  2.112158e-06        1
748  2.106594e-07        1
749  2.472879e-05        1
750  7.431418e-06        1
751  1.008063e-05        1
752  1.685805e-05        1
753  5.173867e-07        1
754  4.905064e-06        1
755  2.886719e-06        1
756  1.022880e-05        1
757  1.280585e-05        1
758  6.370526e-06        1
759  1.526457e-05        1
760  1.022607e-05        1
761  3.922408e-06        1
762  1.006001e-05        1
763  8.128811e-06        1
764  4.992934e-05        1
765  2.035373e-05        1
766  1.807472e-05        1
767  3.883284e-07        1
768  1.101118e-06        1
769  6.475381e-07        1
770  1.474033e-05        1
771  6.330410e-05        1
772  2.545218e-05        1
773  2.788021e-05        1
774  1.241718e-05        1
775  4.276493e-07        1
776  2.445310e-06        1
777  1.631230e-07        1
778  3.844323e-09        1
779  1.517540e-05        1
780  5.341064e-06        1
781  1.071166e-06        1
782  4.399226e-05        1
783  4.433756e-05        1
784  1.192459e-05        1
785  2.997754e-06        1
786  1.652218e-05        1
787  1.983886e-07        1
788  2.103876e-05        1
789  2.559267e-07        1
790  5.820442e-05        1
791  1.128344e-06        1
792  1.833216e-05        1
793  7.967036e-06        1
794  2.458387e-06        1
795  7.693715e-06        1
796  1.422937e-07        1
797  1.378438e-06        1
798  1.068648e-05        1
799  1.555715e-05        1
800  7.668487e-06        1
801  1.196553e-04   0.8838
802  7.982764e-06        1
803  8.457206e-07        1
804  1.246586e-05        1
805  2.058326e-06        1
806  2.947501e-08        1
807  4.066658e-06        1
808  2.537917e-07        1
809  1.110130e-06        1
810  1.428430e-05        1
811  4.011369e-05        1
812  2.586931e-06        1
813  1.051645e-07        1
814  3.747772e-05        1
815  6.164789e-06        1
816  1.298213e-07        1
817  7.176233e-07        1
818  3.664530e-05        1
819  1.896479e-06        1
820  3.026267e-06        1
821  1.338132e-05        1
822  5.963594e-06        1
823  9.895097e-06        1
824  5.373961e-06        1
825  6.266625e-07        1
826  2.752125e-05        1
827  1.661501e-06        1
828  1.566042e-05        1
829  8.222068e-06        1
830  1.161909e-08        1
831  6.006201e-06        1
832  2.133241e-06        1
833  2.065296e-05        1
834  2.810822e-05        1
835  3.391780e-05        1
836  3.008260e-05        1
837  1.798856e-05        1
838  5.083306e-07        1
839  3.019120e-06        1
840  1.648875e-06        1
841  2.658650e-06        1
842  1.026425e-05        1
843  3.459234e-05        1
844  2.544793e-05        1
845  2.335030e-06        1
846  1.342217e-08        1
847  4.861041e-06        1
848  2.148466e-05        1
849  3.820110e-05        1
850  2.181882e-05        1
851  5.931960e-07        1
852  8.698283e-06        1
853  6.642844e-08        1
854  1.533696e-07        1
855  1.843437e-05        1
856  1.821822e-05        1
857  2.828172e-05        1
858  8.576047e-09        1
859  1.729517e-05        1
860  3.178351e-05        1
861  1.975758e-05        1
862  1.105496e-05        1
863  1.485270e-06        1
864  3.969022e-06        1
865  3.832213e-05        1
866  1.074678e-06        1
867  7.761630e-07        1
868  1.032984e-06        1
869  1.252617e-05        1
870  3.312019e-07        1
871  1.116879e-06        1
872  4.645978e-06        1
873  9.869610e-09        1
874  2.960530e-06        1
875  3.717187e-05        1
876  4.955793e-06        1
877  2.084132e-06        1
878  1.768872e-09        1
879  7.072751e-06        1
880  1.420692e-07        1
881  3.765589e-06        1
882  1.884882e-05        1
883  2.051685e-05        1
884  1.144850e-06        1
885  6.531725e-06        1
886  2.210212e-05        1
887  6.295169e-06        1
888  8.811020e-06        1
889  1.904389e-06        1
890  4.098672e-07        1
891  9.861301e-06        1
892  4.846609e-06        1
893  2.982677e-05        1
894  3.941135e-08        1
895  4.809194e-05        1
896  1.174257e-05        1
897  1.848154e-06        1
898  4.058765e-05        1
899  1.817520e-07        1
900  6.683633e-06        1
901  6.122379e-10        1
902  5.398170e-06        1
903  1.014105e-05        1
904  1.174517e-06        1
905  5.251211e-06        1
906  4.094300e-07        1
907  8.266222e-06        1
908  3.731166e-05        1
909  4.253131e-06        1
910  6.966188e-06        1
911  4.414274e-06        1
912  1.324469e-06        1
913  1.623964e-06        1
914  9.146177e-08        1
915  1.414717e-09        1
916  1.215164e-05        1
917  5.541297e-06        1
918  9.039314e-06        1
919  1.682733e-05        1
920  3.925180e-06        1
921  7.691551e-06        1
922  2.860985e-05        1
923  1.356662e-06        1
924  2.683246e-05        1
925  9.329984e-08        1
926  8.272730e-05        1
927  1.689488e-06        1
928  1.847728e-05        1
929  3.077966e-06        1
930  1.251354e-05        1
931  6.157477e-07        1
932  8.416711e-07        1
933  1.841454e-05        1
934  3.834202e-06        1
935  1.355666e-05        1
936  1.074077e-05        1
937  5.986891e-07        1
938  1.468806e-06        1
939  2.268447e-08        1
940  3.973127e-05        1
941  1.232755e-05        1
942  1.967812e-05        1
943  9.975903e-06        1
944  4.695987e-06        1
945  3.142254e-06        1
946  7.506936e-06        1
947  3.893287e-05        1
948  6.201802e-06        1
949  3.819861e-06        1
950  1.119508e-06        1
951  9.781269e-06        1
952  3.581358e-05        1
953  2.568917e-05        1
954  2.173755e-05        1
955  3.774577e-06        1
956  1.539725e-07        1
957  1.969632e-05        1
958  2.827887e-05        1
959  1.391003e-08        1
960  4.365207e-06        1
961  2.872850e-05        1
962  5.817883e-06        1
963  2.644033e-05        1
964  5.696206e-06        1
965  1.653319e-05        1
966  1.599538e-06        1
967  5.030321e-07        1
968  3.790920e-05        1
969  1.834314e-07        1
970  2.392480e-05        1
971  3.574590e-07        1
972  1.003169e-05        1
973  4.013881e-06        1
974  4.277680e-05        1
975  2.954533e-06        1
976  3.934783e-05        1
977  1.556678e-06        1
978  7.840258e-06        1
979  8.546080e-06        1
980  1.637316e-05        1
981  2.993829e-07        1
982  2.143595e-05        1
983  1.773910e-05        1
984  6.142679e-06        1
985  1.626306e-05        1
986  1.343976e-05        1
987  5.224120e-09        1
988  1.513299e-05        1
989  6.949656e-07        1
990  3.355523e-06        1
991  1.982772e-05        1
992  3.115610e-06        1
993  2.912936e-06        1
994  5.063201e-06        1
995  5.963892e-05        1
996  6.111447e-06        1
997  3.258179e-06        1
998  1.450124e-05        1
999  2.099337e-05        1
1000 6.464077e-05        1
1001 1.687760e-06        1
1002 7.098654e-07        1
1003 5.836146e-05        1
1004 1.406675e-05        1
1005 1.714743e-05        1
1006 8.482708e-06        1
1007 2.173427e-05        1
1008 1.193717e-05        1
1009 7.995769e-06        1
1010 1.227596e-06        1
1011 4.312449e-06        1
1012 8.353726e-10        1
1013 3.223574e-07        1
1014 4.077862e-06        1
1015 5.390330e-08        1
1016 4.550494e-05        1
1017 5.849367e-05        1
1018 9.708282e-06        1
1019 5.643817e-06        1
1020 7.243729e-06        1
1021 3.743960e-05        1
1022 1.001377e-05        1
1023 6.743923e-07        1
1024 4.487140e-05        1
1025 3.558879e-07        1
1026 2.280105e-05        1
1027 5.730384e-07        1
1028 3.367582e-06        1
1029 2.220218e-07        1
1030 2.659251e-06        1
1031 2.446977e-05        1
1032 1.012358e-05        1
1033 3.651262e-06        1
1034 4.199155e-08        1
1035 4.014355e-07        1
1036 4.181851e-06        1
1037 4.795073e-06        1
1038 1.861330e-06        1
1039 3.082364e-05        1
1040 3.599408e-07        1
1041 1.498456e-06        1
1042 1.364627e-05        1
1043 1.896370e-05        1
1044 1.717703e-05        1
1045 1.184031e-05        1
1046 2.542775e-07        1
1047 1.242832e-05        1
1048 6.555337e-06        1
1049 1.824067e-05        1
1050 2.360284e-05        1
1051 3.092806e-05        1
1052 6.991419e-06        1
1053 5.025564e-05        1
1054 1.450095e-05        1
1055 9.417954e-09        1
1056 2.739696e-05        1
1057 5.059123e-06        1
1058 8.849672e-05        1
1059 2.995120e-05        1
1060 7.762199e-07        1
1061 2.959149e-06        1
1062 8.909453e-06        1
1063 4.211549e-08        1
1064 5.230576e-05        1
1065 3.833078e-06        1
1066 1.925823e-06        1
1067 8.943490e-08        1
1068 3.145762e-06        1
1069 1.139754e-05        1
1070 4.453691e-05        1
1071 1.793578e-05        1
1072 1.627446e-05        1
1073 1.659470e-05        1
1074 4.403711e-06        1
1075 5.203801e-06        1
1076 8.471052e-06        1
1077 1.345639e-06        1
1078 2.966698e-05        1
1079 1.566397e-04  0.02946
1080 2.913479e-05        1
1081 4.059776e-06        1
1082 4.097433e-07        1
1083 3.200845e-06        1
1084 4.176126e-07        1
1085 1.591314e-05        1
1086 6.430542e-07        1
1087 1.170219e-07        1
1088 8.972444e-06        1
1089 7.053366e-08        1
1090 2.055545e-08        1
1091 9.035101e-06        1
1092 8.185204e-08        1
1093 2.481490e-07        1
1094 7.319766e-09        1
1095 5.698097e-05        1
1096 1.056964e-07        1
1097 5.043582e-07        1
1098 4.003513e-07        1
1099 1.416018e-05        1
1100 3.852476e-07        1
1101 1.345972e-06        1
1102 2.935908e-06        1
1103 8.321106e-08        1
1104 5.238316e-06        1
1105 1.039253e-05        1
1106 5.649581e-08        1
1107 5.197263e-07        1
1108 1.603501e-05        1
1109 7.392770e-06        1
1110 1.483825e-06        1
1111 3.059582e-06        1
1112 8.273319e-06        1
1113 5.353219e-06        1
1114 4.633940e-06        1
1115 3.585575e-05        1
1116 2.471129e-05        1
1117 7.853611e-07        1
1118 1.129927e-06        1
1119 4.390520e-05        1
1120 2.314388e-06        1
1121 1.215410e-05        1
1122 3.994553e-05        1
1123 6.476515e-06        1
1124 2.230739e-07        1
1125 1.231477e-05        1
1126 3.705640e-05        1
1127 1.331144e-05        1
1128 8.684812e-06        1
1129 1.569514e-06        1
1130 6.991813e-06        1
1131 2.621096e-05        1
1132 3.323529e-06        1
1133 6.356946e-06        1
1134 7.572754e-11        1
1135 2.015406e-05        1
1136 9.102210e-06        1
1137 2.690076e-06        1
1138 4.140860e-05        1
1139 2.729051e-06        1
1140 6.373981e-07        1
1141 5.469414e-05        1
1142 1.492556e-06        1
1143 3.083974e-08        1
1144 5.223589e-07        1
1145 5.521582e-07        1
1146 4.262108e-06        1
1147 6.454338e-07        1
1148 5.560505e-05        1
1149 2.544738e-05        1
1150 8.293223e-06        1
1151 8.781055e-07        1
1152 4.012789e-05        1
1153 4.120757e-07        1
1154 1.400456e-05        1
1155 3.022267e-06        1
1156 3.777243e-05        1
1157 5.121277e-06        1
1158 3.103255e-06        1
1159 1.720579e-07        1
1160 1.202372e-05        1
1161 8.441711e-07        1
1162 1.090885e-04        1
1163 6.968998e-07        1
1164 1.084297e-05        1
1165 2.172970e-09        1
1166 5.876632e-06        1
1167 9.293473e-10        1
1168 4.956227e-06        1
1169 8.949048e-08        1
1170 1.312926e-05        1
1171 4.238379e-07        1
1172 4.325523e-06        1
1173 4.196803e-05        1
1174 1.079479e-05        1
1175 6.195588e-06        1
1176 7.598239e-07        1
1177 1.834029e-05        1
1178 1.135136e-05        1
1179 5.944224e-06        1
1180 9.399902e-09        1
1181 5.873404e-06        1
1182 2.124504e-06        1
1183 7.579625e-06        1
1184 3.516862e-07        1
1185 7.733628e-06        1
1186 6.051475e-07        1
1187 3.484704e-06        1
1188 1.969240e-06        1
1189 3.305856e-05        1
1190 4.508287e-06        1
1191 4.244220e-06        1
1192 6.103098e-06        1
1193 6.450300e-07        1
1194 1.759575e-05        1
1195 8.333898e-06        1
1196 2.161764e-06        1
1197 1.620793e-05        1
1198 1.742034e-05        1
1199 1.006137e-05        1
1200 9.926580e-08        1
1201 9.222437e-06        1
1202 8.431889e-06        1
1203 4.066683e-06        1
1204 2.991032e-06        1
1205 3.063932e-05        1
1206 1.427024e-05        1
1207 2.810496e-05        1
1208 9.074420e-05        1
1209 5.750474e-06        1
1210 3.731417e-05        1
1211 1.493626e-05        1
1212 6.690878e-06        1
1213 3.151143e-06        1
1214 7.189978e-06        1
1215 3.800320e-06        1
1216 6.858902e-06        1
1217 3.906292e-05        1
1218 3.030323e-07        1
1219 2.580690e-05        1
1220 1.519830e-05        1
1221 4.562534e-06        1
1222 1.215002e-08        1
1223 1.156824e-05        1
1224 4.124104e-06        1
1225 4.427682e-05        1
1226 6.369238e-06        1
1227 4.691472e-05        1
1228 7.996331e-05        1
1229 1.392416e-07        1
1230 1.327001e-05        1
1231 3.372057e-06        1
1232 3.303795e-07        1
1233 1.029630e-04        1
1234 5.670352e-07        1
1235 1.171085e-05        1
1236 3.034880e-07        1
1237 4.724383e-05        1
1238 6.765366e-07        1
1239 7.464711e-06        1
1240 3.763523e-05        1
1241 1.004780e-07        1
1242 5.466536e-05        1
1243 3.330053e-05        1
1244 8.607174e-07        1
1245 2.331024e-05        1
1246 2.211779e-05        1
1247 5.126041e-07        1
1248 3.427168e-05        1
1249 2.280622e-08        1
1250 1.481293e-05        1
1251 1.668690e-07        1
1252 5.559872e-05        1
1253 4.129989e-05        1
1254 3.176018e-05        1
1255 3.802543e-06        1
1256 1.740305e-06        1
1257 7.247623e-06        1
1258 4.908324e-07        1
1259 3.120253e-05        1
1260 3.280665e-06        1
1261 6.968276e-06        1
1262 2.432358e-05        1
1263 4.773772e-05        1
1264 2.496081e-05        1
1265 1.041339e-05        1
1266 7.499676e-06        1
1267 2.605974e-06        1
1268 2.987010e-05        1
1269 1.193368e-05        1
1270 3.921342e-06        1
1271 3.929183e-05        1
1272 2.462834e-06        1
1273 7.636703e-05        1
1274 3.038577e-05        1
1275 3.059468e-06        1
1276 3.871224e-05        1
1277 9.736725e-06        1
1278 1.802644e-05        1
1279 3.057455e-10        1
1280 1.607778e-05        1
1281 2.319262e-05        1
1282 1.083054e-05        1
1283 2.024807e-05        1
1284 4.160069e-06        1
1285 1.591291e-06        1
1286 1.375006e-06        1
1287 1.213929e-05        1
1288 7.582490e-06        1
1289 6.039333e-05        1
1290 6.962530e-07        1
1291 9.928847e-05        1
1292 2.178549e-05        1
1293 1.309557e-07        1
1294 1.048773e-05        1
1295 1.722600e-05        1
1296 1.500610e-06        1
1297 1.776689e-06        1
1298 6.829568e-06        1
1299 6.476852e-06        1
1300 1.877180e-06        1
1301 3.895929e-06        1
1302 4.802755e-06        1
1303 1.924838e-05        1
1304 3.181322e-05        1
1305 3.526132e-08        1
1306 7.693997e-06        1
1307 3.694077e-06        1
1308 3.200447e-05        1
1309 2.710197e-06        1
1310 2.014864e-05        1
1311 1.184032e-09        1
1312 2.375421e-05        1
1313 2.963954e-05        1
1314 1.145443e-05        1
1315 4.669388e-05        1
1316 3.368831e-08        1
1317 1.334545e-05        1
1318 4.445324e-06        1
1319 1.031714e-05        1
1320 2.574069e-07        1
1321 4.112428e-05        1
1322 4.179208e-06        1
1323 2.521570e-05        1
1324 1.047370e-07        1
1325 1.217528e-07        1
1326 2.569897e-05        1
1327 1.277477e-05        1
1328 9.091690e-06        1
1329 3.790065e-07        1
1330 2.724231e-08        1
1331 6.498043e-05        1
1332 2.639461e-06        1
1333 2.365687e-05        1
1334 1.126805e-05        1
1335 1.619529e-05        1
1336 3.055051e-06        1
1337 1.961064e-05        1
1338 1.695532e-06        1
1339 2.339740e-06        1
1340 1.083840e-06        1
1341 4.990257e-06        1
1342 1.130739e-06        1
1343 2.755627e-08        1
1344 5.141506e-05        1
1345 1.188488e-06        1
1346 3.313778e-07        1
1347 7.624551e-06        1
1348 1.217907e-05        1
1349 8.760542e-07        1
1350 1.399135e-06        1
1351 3.731406e-05        1
1352 2.704080e-05        1
1353 2.815401e-05        1
1354 1.945054e-05        1
1355 9.791787e-06        1
1356 2.192284e-06        1
1357 1.261573e-07        1
1358 7.581535e-06        1
1359 1.064014e-05        1
1360 3.151900e-06        1
1361 6.110853e-06        1
1362 2.763427e-05        1
1363 2.984612e-05        1
1364 1.058705e-06        1
1365 5.966077e-06        1
1366 8.565283e-08        1
1367 2.609220e-06        1
1368 2.725530e-06        1
1369 7.615320e-08        1
1370 1.580389e-06        1
1371 8.562286e-06        1
1372 4.078461e-07        1
1373 7.224682e-07        1
1374 1.756352e-05        1
1375 1.460476e-05        1
1376 1.518288e-05        1
1377 1.708695e-11        1
1378 3.136730e-05        1
1379 6.149880e-06        1
1380 1.461526e-05        1
1381 1.145888e-07        1
1382 1.184678e-06        1
1383 1.335606e-05        1
1384 1.947437e-05        1
1385 1.032983e-06        1
1386 9.089618e-06        1
1387 7.320931e-06        1
1388 3.556305e-07        1
1389 8.219687e-08        1
1390 3.890858e-06        1
1391 4.325367e-06        1
1392 3.653299e-05        1
1393 3.723364e-06        1
1394 5.297602e-06        1
1395 1.176908e-08        1
1396 3.603595e-05        1
1397 1.281475e-07        1
1398 3.642911e-06        1
1399 2.219453e-06        1
1400 2.834329e-05        1
1401 3.492682e-05        1
1402 1.308924e-05        1
1403 5.221897e-05        1
1404 8.879175e-08        1
1405 2.804121e-05        1
1406 2.824773e-05        1
1407 2.081967e-05        1
1408 3.822576e-06        1
1409 4.507936e-06        1
1410 8.551716e-07        1
1411 1.460320e-06        1
1412 1.424827e-05        1
1413 4.508389e-06        1
1414 3.027322e-06        1
1415 4.066145e-06        1
1416 1.150224e-05        1
1417 5.295499e-05        1
1418 1.261114e-05        1
1419 5.775940e-07        1
1420 1.220494e-05        1
1421 2.760486e-07        1
1422 2.631481e-07        1
1423 1.382850e-06        1
1424 2.153104e-07        1
1425 2.035834e-07        1
1426 3.168336e-05        1
1427 9.146586e-06        1
1428 3.605946e-05        1
1429 1.395559e-06        1
1430 2.418758e-06        1
1431 8.656886e-06        1
1432 1.381454e-05        1
1433 5.003465e-06        1
1434 6.445472e-08        1
1435 2.323821e-07        1
1436 1.823818e-05        1
1437 2.304946e-06        1
1438 1.046322e-06        1
1439 2.416645e-07        1
1440 1.906616e-05        1
1441 4.210315e-06        1
1442 1.653028e-06        1
1443 4.268121e-08        1
1444 5.756086e-07        1
1445 4.103303e-05        1
1446 4.316584e-06        1
1447 3.012016e-05        1
1448 1.067745e-06        1
1449 1.576595e-05        1
1450 3.469716e-07        1
1451 2.622272e-06        1
1452 1.261950e-05        1
1453 1.812083e-05        1
1454 1.346125e-06        1
1455 2.567766e-05        1
1456 8.875532e-06        1
1457 2.681901e-05        1
1458 2.384219e-05        1
1459 6.218814e-06        1
1460 4.872372e-06        1
1461 9.904583e-08        1
1462 7.978813e-06        1
1463 1.097673e-05        1
1464 8.391061e-07        1
1465 1.343294e-05        1
1466 3.066648e-05        1
1467 4.807593e-05        1
1468 8.433853e-06        1
1469 4.603366e-05        1
1470 2.743066e-06        1
1471 1.044827e-04        1
1472 4.821707e-08        1
1473 1.006533e-05        1
1474 2.991226e-05        1
1475 1.064530e-05        1
1476 1.254338e-06        1
1477 8.372182e-08        1
1478 6.508124e-06        1
1479 3.494796e-05        1
1480 1.052736e-04        1
1481 5.238562e-07        1
1482 2.195298e-07        1
1483 1.282201e-06        1
1484 2.189633e-05        1
1485 1.152684e-07        1
1486 2.068861e-05        1
1487 8.207012e-06        1
1488 1.039475e-05        1
1489 1.704434e-05        1
1490 5.117133e-06        1
1491 2.043384e-08        1
1492 2.121771e-05        1
1493 8.395315e-07        1
1494 3.438981e-06        1
1495 4.473540e-05        1
1496 9.842412e-06        1
1497 3.201839e-05        1
1498 5.184615e-05        1
1499 1.535517e-05        1
1500 2.890834e-05        1
1501 1.955302e-07        1
1502 4.041953e-06        1
1503 1.445628e-06        1
1504 2.240876e-07        1
1505 1.533410e-06        1
1506 3.462053e-06        1
1507 3.950013e-06        1
1508 2.672654e-06        1
1509 1.401942e-05        1
1510 9.599970e-06        1
1511 1.300768e-06        1
1512 3.878793e-05        1
1513 1.381129e-05        1
1514 1.085704e-05        1
1515 8.852461e-06        1
1516 1.693845e-06        1
1517 3.205315e-06        1
1518 2.385588e-05        1
1519 2.210596e-05        1
1520 4.321100e-06        1
1521 1.718247e-07        1
1522 1.234022e-06        1
1523 3.777406e-07        1
1524 1.429935e-05        1
1525 1.257637e-05        1
1526 4.975359e-06        1
1527 2.680806e-06        1
1528 3.631106e-06        1
1529 5.317131e-06        1
1530 4.843480e-05        1
1531 1.557768e-07        1
1532 3.200487e-05        1
1533 2.705558e-07        1
1534 1.441973e-05        1
1535 7.790344e-06        1
1536 7.069313e-06        1
1537 2.015044e-07        1
1538 9.132276e-05        1
1539 2.342658e-05        1
1540 6.383450e-07        1
1541 1.147229e-06        1
1542 8.268690e-06        1
1543 1.551198e-06        1
1544 9.749023e-08        1
1545 2.443455e-08        1
1546 1.043579e-06        1
1547 1.914728e-06        1
1548 6.700058e-06        1
1549 5.635488e-05        1
1550 2.752782e-06        1
1551 1.124760e-05        1
1552 1.318617e-06        1
1553 1.945461e-05        1
1554 4.939441e-06        1
1555 7.444158e-06        1
1556 5.185057e-06        1
1557 4.261080e-06        1
1558 2.946144e-05        1
1559 3.407006e-06        1
1560 1.600380e-06        1
1561 1.212891e-05        1
1562 4.553854e-05        1
1563 7.573802e-05        1
1564 1.618210e-05        1
1565 2.335739e-06        1
1566 9.716847e-06        1
1567 1.653196e-07        1
1568 1.334164e-06        1
1569 3.389836e-05        1
1570 1.617972e-05        1
1571 6.760203e-06        1
1572 3.825335e-06        1
1573 1.479394e-05        1
1574 5.354639e-07        1
1575 7.658383e-06        1
1576 5.187002e-08        1
1577 5.010401e-05        1
1578 1.365751e-05        1
1579 1.256850e-05        1
1580 7.150456e-07        1
1581 1.414702e-05        1
1582 2.630779e-07        1
1583 8.622126e-07        1
1584 5.317531e-06        1
1585 2.744097e-06        1
1586 6.769273e-06        1
1587 3.074823e-05        1
1588 4.922899e-08        1
1589 2.055285e-06        1
1590 6.510722e-06        1
1591 2.387483e-05        1
1592 1.980109e-06        1
1593 5.027945e-06        1
1594 1.311113e-05        1
1595 1.100940e-05        1
1596 2.557415e-06        1
1597 4.686715e-06        1
1598 1.292848e-06        1
1599 3.222057e-05        1
1600 1.755182e-07        1
1601 8.635529e-08        1
1602 5.155258e-06        1
1603 1.494324e-05        1
1604 2.612552e-05        1
1605 2.617074e-06        1
1606 1.499952e-07        1
1607 6.373004e-07        1
1608 6.204752e-07        1
1609 1.296032e-05        1
1610 9.498368e-06        1
1611 2.707628e-09        1
1612 7.365869e-05        1
1613 1.100726e-05        1
1614 2.116284e-06        1
1615 7.403888e-08        1
1616 5.197216e-07        1
1617 2.627369e-06        1
1618 9.037346e-06        1
1619 1.862344e-05        1
1620 4.639256e-06        1
1621 2.350763e-05        1
1622 9.937702e-06        1
1623 2.624627e-05        1
1624 1.179523e-05        1
1625 1.822816e-06        1
1626 2.871209e-05        1
1627 9.798597e-09        1
1628 1.762592e-07        1
1629 8.646431e-08        1
1630 2.006418e-05        1
1631 1.985803e-05        1
1632 3.478905e-06        1
1633 9.320553e-07        1
1634 7.578999e-06        1
1635 8.569601e-06        1
1636 3.438100e-06        1
1637 3.560669e-05        1
1638 6.462173e-06        1
1639 6.683782e-06        1
1640 1.797440e-08        1
1641 7.446639e-06        1
1642 1.057946e-05        1
1643 1.997889e-05        1
1644 9.933140e-06        1
1645 8.933824e-06        1
1646 1.575545e-05        1
1647 2.635410e-07        1
1648 7.254719e-06        1
1649 1.376426e-06        1
1650 1.738015e-05        1
1651 7.685066e-06        1
1652 3.832529e-06        1
1653 5.476498e-06        1
1654 6.471283e-07        1
1655 1.401736e-07        1
1656 4.190767e-06        1
1657 4.285533e-06        1
1658 4.006631e-06        1
1659 1.299194e-07        1
1660 4.256881e-09        1
1661 4.446872e-05        1
1662 2.051818e-06        1
1663 5.609961e-05        1
1664 4.157385e-07        1
1665 2.916231e-06        1
1666 5.613071e-06        1
1667 5.946411e-07        1
1668 4.724494e-06        1
1669 6.613978e-06        1
1670 1.162004e-05        1
1671 8.079578e-05        1
1672 1.446471e-04  0.11784
1673 2.940924e-06        1
1674 9.591760e-07        1
1675 7.764199e-08        1
1676 3.269767e-07        1
1677 7.160388e-06        1
1678 1.882724e-07        1
1679 6.613555e-07        1
1680 2.091560e-05        1
1681 1.816143e-05        1
1682 7.586080e-06        1
1683 5.835672e-06        1
1684 3.966445e-06        1
1685 1.221405e-05        1
1686 1.322910e-05        1
1687 4.415856e-06        1
1688 9.308978e-08        1
1689 1.296823e-05        1
1690 8.268901e-06        1
1691 1.509722e-05        1
1692 3.123149e-06        1
1693 2.256671e-05        1
1694 2.548759e-08        1
1695 5.698501e-06        1
1696 2.549260e-06        1
1697 2.920664e-08        1
1698 1.570893e-06        1
1699 9.157548e-06        1
1700 2.563824e-05        1
1701 7.723148e-06        1
1702 9.456778e-06        1
1703 7.616048e-08        1
1704 1.536052e-06        1
1705 3.094477e-05        1
1706 9.204980e-07        1
1707 3.089227e-05        1
1708 4.193302e-10        1
1709 1.243319e-05        1
1710 3.089483e-06        1
1711 9.283134e-07        1
1712 1.620690e-07        1
1713 1.037017e-06        1
1714 1.137213e-07        1
1715 1.107107e-05        1
1716 1.552116e-05        1
1717 1.626318e-07        1
1718 1.060661e-05        1
1719 1.389667e-05        1
1720 9.581492e-06        1
1721 1.123862e-05        1
1722 1.747091e-05        1
1723 4.445816e-06        1
1724 1.605939e-06        1
1725 1.416978e-08        1
1726 8.933173e-07        1
1727 1.964264e-06        1
1728 2.524819e-05        1
1729 1.218644e-05        1
1730 3.395975e-05        1
1731 2.360161e-05        1
1732 1.513765e-06        1
1733 8.747792e-06        1
1734 4.464603e-05        1
1735 4.839441e-07        1
1736 2.045425e-05        1
1737 1.251733e-06        1
1738 1.427627e-05        1
1739 2.246638e-05        1
1740 3.642287e-07        1
1741 1.900641e-05        1
1742 1.402360e-06        1
1743 1.449503e-04  0.47136
1744 1.094442e-05        1
1745 7.069691e-06        1
1746 6.634244e-06        1
1747 1.368056e-06        1
1748 2.319376e-07        1
1749 1.315036e-05        1
1750 4.704200e-06        1
1751 5.883624e-06        1
1752 2.016716e-06        1
1753 5.616743e-07        1
1754 4.418984e-08        1
1755 4.526578e-06        1
1756 8.531848e-08        1
1757 9.894818e-06        1
1758 4.261065e-06        1
1759 6.035511e-07        1
1760 1.253350e-06        1
1761 1.895408e-05        1
1762 5.699561e-06        1
1763 4.823996e-06        1
1764 1.319619e-05        1
1765 3.490357e-06        1
1766 1.445962e-06        1
1767 3.520359e-06        1
1768 1.282377e-07        1
1769 5.306754e-08        1
1770 4.945922e-06        1
1771 2.322724e-05        1
1772 7.034444e-06        1
1773 2.920065e-05        1
1774 7.295440e-07        1
1775 1.720948e-06        1
1776 1.086076e-05        1
1777 3.349313e-05        1
1778 9.045714e-05        1
1779 1.699771e-06        1
1780 3.969099e-05        1
1781 5.328973e-05        1
1782 1.252251e-06        1
1783 1.645510e-05        1
1784 1.434122e-05        1
1785 9.162628e-05        1
1786 1.971358e-05        1
1787 8.656126e-06        1
1788 1.741528e-06        1
1789 2.997078e-05        1
1790 3.730496e-06        1
1791 7.825691e-10        1
1792 6.592478e-07        1
1793 1.555798e-06        1
1794 5.998932e-05        1
1795 7.448831e-05        1
1796 4.103320e-08        1
1797 5.498330e-06        1
1798 1.357769e-05        1
1799 1.509433e-06        1
1800 7.154598e-06        1
1801 1.304320e-05        1
1802 2.534437e-06        1
1803 4.528869e-06        1
1804 1.579302e-06        1
1805 4.618938e-06        1
1806 2.124607e-05        1
1807 1.672417e-08        1
1808 4.620494e-05        1
1809 1.350040e-05        1
1810 1.270236e-05        1
1811 4.426765e-06        1
1812 3.594808e-06        1
1813 3.019067e-05        1
1814 1.440044e-05        1
1815 2.749206e-05        1
1816 7.635242e-06        1
1817 3.388038e-05        1
1818 1.085127e-06        1
1819 1.548199e-05        1
1820 2.662798e-06        1
1821 8.040925e-06        1
1822 2.377988e-06        1
1823 2.403563e-08        1
1824 9.143405e-06        1
1825 6.089345e-05        1
1826 1.344734e-06        1
1827 4.659913e-07        1
1828 1.077928e-04        1
1829 1.602553e-05        1
1830 5.794984e-06        1
1831 1.297354e-05        1
1832 9.979338e-06        1
1833 6.210886e-07        1
1834 3.860142e-06        1
1835 1.782828e-06        1
1836 7.134293e-06        1
1837 4.271337e-06        1
1838 4.304920e-06        1
1839 7.426477e-06        1
1840 7.609539e-06        1
1841 9.323417e-06        1
1842 5.408031e-06        1
1843 3.667419e-05        1
1844 2.018611e-05        1
1845 7.702676e-06        1
1846 7.316748e-06        1
1847 2.223902e-05        1
1848 2.117239e-06        1
1849 7.919635e-05        1
1850 2.140199e-07        1
1851 1.971650e-06        1
1852 5.895153e-06        1
1853 6.874733e-06        1
1854 1.146904e-04   0.7365
1855 1.550427e-05        1
1856 4.399099e-06        1
1857 1.153359e-08        1
1858 2.426852e-05        1
1859 6.480631e-06        1
1860 3.821756e-06        1
1861 6.514917e-06        1
1862 5.587688e-06        1
1863 3.694852e-05        1
1864 8.425177e-06        1
1865 1.860882e-06        1
1866 7.155957e-06        1
1867 2.335609e-06        1
1868 3.913577e-08        1
1869 2.877631e-05        1
1870 2.084873e-05        1
1871 5.103737e-06        1
1872 9.061490e-06        1
1873 1.504635e-05        1
1874 1.322648e-05        1
1875 2.718158e-07        1
1876 9.046150e-07        1
1877 1.983052e-05        1
1878 1.399575e-06        1
1879 6.118241e-07        1
1880 7.328856e-06        1
1881 1.462837e-05        1
1882 2.341156e-06        1
1883 2.813138e-09        1
1884 1.924073e-05        1
1885 1.010286e-06        1
1886 3.448566e-07        1
1887 2.253153e-05        1
1888 1.744341e-05        1
1889 5.802041e-05        1
1890 2.830312e-05        1
1891 5.222322e-07        1
1892 8.314081e-07        1
1893 2.897280e-05        1
1894 5.524262e-09        1
1895 6.677027e-08        1
1896 1.060317e-05        1
1897 6.797539e-06        1
1898 1.598053e-06        1
1899 3.627882e-06        1
1900 2.964167e-05        1
1901 9.974763e-07        1
1902 3.905303e-07        1
1903 2.045352e-06        1
1904 4.266379e-05        1
1905 3.340349e-06        1
1906 7.184295e-05        1
1907 4.791655e-06        1
1908 6.423203e-06        1
1909 2.544372e-06        1
1910 3.827641e-07        1
1911 5.159311e-06        1
1912 1.293546e-06        1
1913 1.929987e-05        1
1914 1.823071e-05        1
1915 4.468171e-06        1
1916 3.102618e-06        1
1917 3.792196e-05        1
1918 9.427406e-08        1
1919 1.794115e-05        1
1920 6.416849e-06        1
1921 1.550542e-07        1
1922 3.517051e-05        1
1923 2.957406e-05        1
1924 1.597761e-05        1
1925 1.460576e-05        1
1926 3.577707e-05        1
1927 4.016386e-06        1
1928 8.037796e-06        1
1929 3.748158e-07        1
1930 2.295835e-08        1
1931 1.859158e-05        1
1932 1.597878e-05        1
1933 1.060423e-06        1
1934 1.542129e-06        1
1935 6.447045e-06        1
1936 4.977604e-06        1
1937 7.722539e-06        1
1938 2.939306e-06        1
1939 4.381324e-07        1
1940 1.079784e-06        1
1941 1.238604e-05        1
1942 1.890807e-08        1
1943 2.743428e-06        1
1944 3.957487e-06        1
1945 7.788568e-06        1
1946 1.048014e-05        1
1947 7.126523e-06        1
1948 1.222197e-06        1
1949 1.140420e-05        1
1950 1.149814e-05        1
1951 3.656213e-07        1
1952 1.777000e-05        1
1953 4.606054e-07        1
1954 8.299382e-06        1
1955 1.054829e-06        1
1956 6.972624e-07        1
1957 9.500003e-06        1
1958 7.169397e-06        1
1959 4.534652e-08        1
1960 1.676250e-05        1
1961 5.695369e-07        1
1962 3.236138e-06        1
1963 7.577505e-06        1
1964 7.388289e-06        1
1965 8.031289e-06        1
1966 2.379911e-06        1
1967 5.609382e-05        1
1968 3.111528e-06        1
1969 1.922497e-06        1
1970 7.865927e-07        1
1971 8.382049e-06        1
1972 1.716885e-05        1
1973 9.834068e-07        1
1974 5.738209e-05        1
1975 1.701685e-06        1
1976 2.716402e-08        1
1977 3.723481e-06        1
1978 2.277192e-06        1
1979 2.926973e-07        1
1980 7.870510e-06        1
1981 1.195209e-05        1
1982 6.351399e-06        1
1983 6.338851e-07        1
1984 5.802043e-07        1
1985 2.415758e-08        1
1986 1.309098e-08        1
1987 1.001207e-07        1
1988 2.781385e-06        1
1989 1.505735e-07        1
1990 2.350273e-06        1
1991 1.262728e-06        1
1992 1.306479e-07        1
1993 1.490423e-07        1
1994 1.502543e-05        1
1995 6.933848e-11        1
1996 1.714608e-05        1
1997 3.603118e-06        1
1998 9.401608e-05        1
1999 9.307388e-05        1
2000 8.857084e-07        1
2001 5.407516e-06        1
2002 8.756754e-06        1
2003 1.661420e-06        1
2004 1.199829e-05        1
2005 1.420703e-05        1
2006 4.081129e-05        1
2007 8.696677e-06        1
2008 1.163141e-05        1
2009 8.785641e-06        1
2010 1.710117e-05        1
2011 2.631731e-07        1
2012 1.452104e-05        1
2013 8.250475e-06        1
2014 9.170700e-06        1
2015 3.625407e-05        1
2016 3.580321e-07        1
2017 4.998989e-06        1
2018 2.480515e-06        1
2019 1.059888e-05        1
2020 7.140424e-06        1
2021 2.716563e-07        1
2022 2.013524e-06        1
2023 1.049883e-05        1
2024 1.912783e-05        1
2025 3.855579e-06        1
2026 1.678851e-06        1
2027 2.228874e-06        1
2028 4.219147e-06        1
2029 2.590062e-06        1
2030 1.003917e-05        1
2031 1.611181e-07        1
2032 9.034198e-06        1
2033 5.207024e-06        1
2034 4.933065e-06        1
2035 3.411488e-06        1
2036 1.154667e-05        1
2037 1.889118e-05        1
2038 4.983927e-07        1
2039 1.034580e-05        1
2040 4.236057e-05        1
2041 1.284807e-08        1
2042 3.308758e-06        1
2043 1.611942e-05        1
2044 5.969597e-06        1
2045 6.240423e-06        1
2046 5.509495e-07        1
2047 3.438147e-06        1
2048 2.590422e-05        1
2049 2.035783e-05        1
2050 3.735051e-05        1
2051 7.402976e-07        1
2052 3.311439e-06        1
2053 1.032568e-05        1
2054 1.301938e-05        1
2055 5.439593e-06        1
2056 2.579270e-05        1
2057 4.707275e-08        1
2058 5.447688e-07        1
2059 5.353564e-06        1
2060 8.383222e-07        1
2061 4.002767e-05        1
2062 1.399600e-05        1
2063 4.946454e-06        1
2064 2.407459e-06        1
2065 9.761921e-06        1
2066 2.288390e-06        1
2067 6.274651e-05        1
2068 9.480267e-06        1
2069 2.085606e-05        1
2070 7.758115e-07        1
2071 3.224620e-06        1
2072 1.186693e-07        1
2073 7.682340e-06        1
2074 3.015701e-05        1
2075 4.929934e-05        1
2076 3.600789e-06        1
2077 7.161836e-08        1
2078 8.027044e-06        1
2079 1.326422e-05        1
2080 1.279834e-05        1
2081 5.998629e-07        1
2082 4.671826e-05        1
2083 1.786896e-05        1
2084 3.073720e-05        1
2085 2.514761e-06        1
2086 2.371163e-05        1
2087 7.858033e-08        1
2088 6.199369e-06        1
2089 2.791394e-07        1
2090 2.509785e-05        1
2091 1.861257e-06        1
2092 3.514962e-05        1
2093 2.487681e-05        1
2094 1.289877e-05        1
2095 6.093167e-06        1
2096 5.732336e-06        1
2097 1.808885e-05        1
2098 1.064574e-06        1
2099 3.147145e-07        1
2100 3.069935e-05        1
2101 5.285618e-06        1
2102 4.900756e-05        1
2103 1.516416e-07        1
2104 1.680596e-04  0.02946
2105 4.453306e-06        1
2106 2.194228e-05        1
2107 1.076725e-07        1
2108 1.479263e-06        1
2109 2.644516e-06        1
2110 2.320966e-05        1
2111 2.501814e-05        1
2112 1.345315e-05        1
2113 3.230845e-06        1
2114 7.028309e-06        1
2115 2.599979e-05        1
2116 4.141682e-07        1
2117 3.512993e-06        1
2118 4.811065e-06        1
2119 3.084886e-06        1
2120 2.504716e-06        1
2121 2.802344e-06        1
2122 4.806270e-06        1
2123 8.390851e-05        1
2124 9.353630e-06        1
2125 2.413754e-05        1
2126 2.250754e-06        1
2127 9.454676e-06        1
2128 2.737357e-05        1
2129 2.031722e-07        1
2130 1.210549e-05        1
2131 2.383154e-05        1
2132 9.276276e-07        1
2133 1.151178e-06        1
2134 2.421326e-05        1
2135 6.955724e-07        1
2136 3.255527e-08        1
2137 3.378376e-06        1
2138 4.004904e-06        1
2139 1.737134e-05        1
2140 1.573618e-06        1
2141 1.394875e-05        1
2142 3.502082e-07        1
2143 5.584353e-07        1
2144 1.799647e-08        1
2145 8.303234e-06        1
2146 8.028780e-09        1
2147 5.398120e-06        1
2148 1.174457e-05        1
2149 2.233275e-05        1
2150 1.024707e-05        1
2151 6.547902e-05        1
2152 1.259732e-05        1
2153 1.391190e-06        1
2154 9.885904e-06        1
2155 1.744176e-08        1
2156 1.339284e-05        1
2157 2.201253e-06        1
2158 7.281762e-06        1
2159 7.156797e-07        1
2160 4.395636e-06        1
2161 2.186654e-07        1
2162 6.904644e-06        1
2163 3.523589e-09        1
2164 7.910615e-06        1
2165 3.066989e-06        1
2166 6.683725e-06        1
2167 1.563337e-07        1
2168 1.974164e-06        1
2169 8.304946e-06        1
2170 6.956420e-06        1
2171 1.641418e-07        1
2172 4.015195e-06        1
2173 2.305195e-05        1
2174 6.872113e-07        1
2175 1.452291e-05        1
2176 2.224879e-06        1
2177 6.265820e-06        1
2178 1.437824e-06        1
2179 1.339597e-05        1
2180 6.275628e-07        1
2181 2.957556e-05        1
2182 9.206515e-06        1
2183 5.873582e-07        1
2184 3.581723e-07        1
2185 2.686501e-05        1
2186 5.998644e-06        1
2187 3.827760e-05        1
2188 6.419237e-07        1
2189 1.480297e-06        1
2190 9.130298e-06        1
2191 2.238600e-07        1
2192 4.218510e-06        1
2193 9.397543e-06        1
2194 1.836783e-05        1
2195 4.168372e-05        1
2196 6.164104e-07        1
2197 2.046724e-05        1
2198 3.205800e-07        1
2199 1.109462e-05        1
2200 6.134612e-05        1
2201 1.020171e-04        1
2202 4.918048e-07        1
2203 7.416059e-06        1
2204 1.900567e-05        1
2205 1.960106e-06        1
2206 2.889594e-07        1
2207 9.296652e-06        1
2208 2.060281e-06        1
2209 6.688241e-06        1
2210 1.558973e-05        1
2211 4.525198e-05        1
2212 3.274371e-05        1
2213 1.048204e-07        1
2214 4.122179e-06        1
2215 2.044944e-06        1
2216 3.055863e-05        1
2217 3.396865e-06        1
2218 4.758006e-07        1
2219 2.217260e-05        1
2220 5.553792e-06        1
2221 6.893538e-06        1
2222 2.599413e-06        1
2223 3.547723e-05        1
2224 1.408606e-07        1
2225 2.219996e-05        1
2226 6.305112e-06        1
2227 6.376999e-06        1
2228 1.054731e-05        1
2229 7.659777e-06        1
2230 2.995351e-05        1
2231 1.116657e-05        1
2232 1.269537e-05        1
2233 9.022949e-05        1
2234 1.410431e-05        1
2235 2.981649e-05        1
2236 1.083768e-07        1
2237 1.479335e-05        1
2238 3.981040e-05        1
2239 1.363274e-06        1
2240 1.403623e-06        1
2241 1.776692e-05        1
2242 9.269313e-06        1
2243 1.558909e-05        1
2244 1.649634e-07        1
2245 1.916776e-05        1
2246 7.735503e-06        1
2247 3.947517e-08        1
2248 4.674616e-05        1
2249 6.237229e-07        1
2250 5.536163e-06        1
2251 2.024146e-06        1
2252 2.046515e-05        1
2253 3.283559e-05        1
2254 8.208223e-06        1
2255 1.289697e-05        1
2256 1.207573e-09        1
2257 1.544242e-06        1
2258 2.500116e-05        1
2259 1.140040e-06        1
2260 4.586329e-06        1
2261 1.153008e-05        1
2262 1.796085e-05        1
2263 1.130008e-05        1
2264 1.435891e-05        1
2265 1.331772e-06        1
2266 2.312813e-06        1
2267 1.769492e-06        1
2268 1.735965e-06        1
2269 6.765882e-07        1
2270 5.851694e-06        1
2271 3.231404e-05        1
2272 1.343290e-05        1
2273 2.694287e-06        1
2274 2.029260e-06        1
2275 2.192991e-06        1
2276 5.193687e-05        1
2277 6.475071e-06        1
2278 1.847138e-05        1
2279 1.120819e-04        1
2280 1.954564e-05        1
2281 4.694796e-06        1
2282 1.861901e-06        1
2283 3.227594e-05        1
2284 6.684910e-09        1
2285 2.756556e-05        1
2286 1.284657e-05        1
2287 4.112430e-06        1
2288 1.256655e-07        1
2289 1.790982e-06        1
2290 5.148175e-05        1
2291 2.677950e-05        1
2292 1.025136e-07        1
2293 1.882423e-05        1
2294 2.062526e-05        1
2295 2.260845e-05        1
2296 3.335374e-05        1
2297 7.408174e-08        1
2298 1.581843e-05        1
2299 4.200670e-06        1
2300 8.450954e-06        1
2301 7.313946e-06        1
2302 7.212864e-07        1
2303 2.854248e-06        1
2304 5.439831e-05        1
2305 2.633314e-05        1
2306 2.320959e-05        1
2307 1.445710e-05        1
2308 1.155412e-05        1
2309 3.923197e-05        1
2310 3.993717e-06        1
2311 5.274146e-06        1
2312 1.430643e-05        1
2313 2.543009e-06        1
2314 2.151348e-05        1
2315 1.460190e-06        1
2316 4.000972e-05        1
2317 2.592925e-08        1
2318 3.001268e-06        1
2319 1.449055e-05        1
2320 1.555044e-05        1
2321 3.678313e-07        1
2322 1.684804e-07        1
2323 2.226337e-06        1
2324 6.593709e-06        1
2325 1.764382e-05        1
2326 1.925010e-05        1
2327 2.475914e-07        1
2328 3.583217e-05        1
2329 1.170795e-05        1
2330 2.738838e-06        1
2331 3.494745e-06        1
2332 7.462193e-06        1
2333 7.953618e-06        1
2334 1.022035e-05        1
2335 1.856485e-05        1
2336 6.888933e-07        1
2337 4.186597e-06        1
2338 2.820076e-05        1
2339 3.293526e-08        1
2340 3.948509e-05        1
2341 1.952643e-06        1
2342 2.700072e-05        1
2343 1.070659e-06        1
2344 7.117527e-07        1
2345 3.219373e-07        1
2346 3.889465e-05        1
2347 4.635043e-06        1
2348 1.406231e-05        1
2349 7.814969e-06        1
2350 8.058647e-07        1
2351 8.522306e-05        1
2352 1.007845e-07        1
2353 1.109011e-07        1
2354 1.510007e-06        1
2355 1.160370e-06        1
2356 1.858297e-06        1
2357 1.894380e-05        1
2358 8.237445e-07        1
2359 5.650012e-05        1
2360 6.419462e-05        1
2361 1.006307e-05        1
2362 3.861393e-06        1
2363 2.683127e-05        1
2364 2.025259e-07        1
2365 3.365937e-08        1
2366 2.914417e-06        1
2367 2.712335e-07        1
2368 3.832943e-06        1
2369 6.189039e-07        1
2370 3.595589e-06        1
2371 9.583973e-08        1
2372 2.947844e-05        1
2373 8.494562e-06        1
2374 5.863458e-05        1
2375 1.217865e-07        1
2376 1.038820e-06        1
2377 4.360333e-05        1
2378 1.017853e-06        1
2379 7.708394e-06        1
2380 1.255223e-06        1
2381 1.190811e-06        1
2382 2.165760e-07        1
2383 5.794854e-06        1
2384 1.004784e-05        1
2385 2.947863e-06        1
2386 8.080655e-06        1
2387 3.451505e-05        1
2388 4.623164e-05        1
2389 6.291480e-06        1
2390 3.242181e-06        1
2391 2.518644e-07        1
2392 1.479257e-05        1
2393 1.356529e-07        1
2394 3.074547e-06        1
2395 2.138505e-05        1
2396 7.544963e-07        1
2397 6.787436e-06        1
2398 1.616795e-06        1
2399 1.227906e-05        1
2400 1.407751e-05        1
2401 2.938132e-07        1
2402 9.805639e-07        1
2403 1.688672e-07        1
2404 3.585982e-05        1
2405 2.541222e-05        1
2406 3.409274e-05        1
2407 1.485398e-06        1
2408 5.117563e-06        1
2409 2.699616e-06        1
2410 3.214381e-05        1
2411 9.751708e-06        1
2412 2.775613e-05        1
2413 1.093210e-06        1
2414 3.215377e-05        1
2415 2.105961e-06        1
2416 6.327543e-06        1
2417 3.684264e-07        1
2418 8.322220e-06        1
2419 2.934059e-06        1
2420 1.316759e-05        1
2421 6.495511e-06        1
2422 7.283109e-06        1
2423 1.373801e-05        1
2424 2.898008e-07        1
2425 9.320916e-07        1
2426 4.564164e-05        1
2427 1.019668e-05        1
2428 1.558978e-05        1
2429 1.066143e-05        1
2430 2.053544e-06        1
2431 1.677796e-05        1
2432 7.340661e-06        1
2433 1.609049e-05        1
2434 4.196925e-06        1
2435 1.410329e-06        1
2436 3.702365e-07        1
2437 2.835297e-05        1
2438 1.053205e-06        1
2439 9.319813e-06        1
2440 1.294522e-05        1
2441 1.848331e-05        1
2442 2.308761e-06        1
2443 6.878539e-05        1
2444 3.055732e-05        1
2445 3.184302e-05        1
2446 5.116406e-05        1
2447 4.953926e-08        1
2448 4.469320e-06        1
2449 7.400253e-09        1
2450 1.447158e-08        1
2451 7.171508e-05        1
2452 3.786839e-06        1
2453 2.094552e-05        1
2454 8.276304e-06        1
2455 4.935453e-07        1
2456 5.100674e-06        1
2457 1.142432e-06        1
2458 6.114653e-07        1
2459 2.414440e-08        1
2460 2.625292e-06        1
2461 4.697496e-07        1
2462 9.076223e-09        1
2463 1.964863e-05        1
2464 4.829014e-06        1
2465 6.901586e-06        1
2466 1.108810e-05        1
2467 2.954821e-06        1
2468 1.645610e-05        1
2469 4.756893e-06        1
2470 2.030802e-05        1
2471 6.672460e-07        1
2472 1.807054e-06        1
2473 1.388331e-07        1
2474 5.387561e-06        1
2475 1.085446e-05        1
2476 2.323006e-07        1
2477 1.776415e-05        1
2478 2.763198e-08        1
2479 2.149607e-07        1
2480 5.904542e-07        1
2481 1.914856e-07        1
2482 1.518053e-06        1
2483 7.322520e-05        1
2484 3.437433e-07        1
2485 9.686144e-06        1
2486 3.424504e-06        1
2487 3.158266e-08        1
2488 2.363181e-05        1
2489 3.530925e-06        1
2490 1.294095e-06        1
2491 9.411783e-06        1
2492 1.480236e-05        1
2493 6.181437e-06        1
2494 2.024279e-05        1
2495 4.895729e-05        1
2496 2.326797e-05        1
2497 2.502383e-07        1
2498 1.326762e-06        1
2499 2.980805e-05        1
2500 1.456328e-05        1
2501 3.255255e-06        1
2502 3.002207e-06        1
2503 9.070114e-06        1
2504 9.013909e-06        1
2505 4.546401e-05        1
2506 2.763598e-08        1
2507 2.234706e-07        1
2508 1.079806e-07        1
2509 2.283484e-06        1
2510 2.437274e-06        1
2511 1.320058e-06        1
2512 1.814433e-06        1
2513 1.611445e-07        1
2514 6.589177e-06        1
2515 1.492773e-05        1
2516 1.101484e-07        1
2517 1.256938e-05        1
2518 8.108703e-05        1
2519 6.368151e-07        1
2520 7.601579e-05        1
2521 2.525315e-05        1
2522 1.089786e-05        1
2523 2.195223e-07        1
2524 5.074070e-06        1
2525 9.450864e-06        1
2526 1.728669e-05        1
2527 7.134636e-06        1
2528 3.685720e-06        1
2529 9.128867e-06        1
2530 1.662864e-05        1
2531 1.867265e-07        1
2532 3.868272e-06        1
2533 1.057608e-05        1
2534 7.407829e-07        1
2535 3.685671e-06        1
2536 2.025716e-07        1
2537 2.205776e-07        1
2538 5.938867e-09        1
2539 2.193144e-06        1
2540 1.268459e-06        1
2541 9.785248e-07        1
2542 1.361401e-05        1
2543 1.087278e-07        1
2544 2.654725e-05        1
2545 8.971831e-06        1
2546 2.344697e-06        1
2547 3.601355e-05        1
2548 4.998257e-06        1
2549 8.381036e-06        1
2550 3.125847e-07        1
2551 1.577682e-06        1
2552 2.707879e-07        1
2553 6.298290e-06        1
2554 7.612867e-06        1
2555 1.794607e-06        1
2556 6.655660e-06        1
2557 2.383018e-07        1
2558 2.775494e-05        1
2559 1.229813e-06        1
2560 7.029398e-08        1
2561 2.910345e-07        1
2562 8.712015e-06        1
2563 1.425502e-06        1
2564 9.496631e-06        1
2565 2.778911e-05        1
2566 4.389738e-07        1
2567 8.342246e-06        1
2568 3.868005e-05        1
2569 1.290089e-05        1
2570 1.964693e-06        1
2571 1.858806e-05        1
2572 2.997808e-09        1
2573 1.293222e-05        1
2574 6.435404e-06        1
2575 3.432238e-08        1
2576 2.915996e-05        1
2577 6.005344e-05        1
2578 6.682002e-06        1
2579 1.430235e-07        1
2580 8.744584e-07        1
2581 2.686801e-05        1
2582 8.741198e-06        1
2583 2.913069e-05        1
2584 6.818467e-06        1
2585 2.530357e-08        1
2586 8.811674e-07        1
2587 1.286902e-05        1
2588 1.781221e-05        1
2589 1.650839e-05        1
2590 1.449491e-05        1
2591 7.412304e-05        1
2592 3.659168e-07        1
2593 1.206220e-05        1
2594 1.125369e-05        1
2595 2.293788e-05        1
2596 2.846333e-07        1
2597 1.342038e-06        1
2598 6.721269e-05        1
2599 7.133692e-09        1
2600 1.444805e-09        1
2601 3.909521e-06        1
2602 5.326165e-05        1
2603 4.818288e-06        1
2604 2.072370e-05        1
2605 4.359538e-06        1
2606 3.363604e-06        1
2607 1.965788e-07        1
2608 5.437909e-07        1
2609 1.944265e-05        1
2610 4.801463e-06        1
2611 3.509404e-05        1
2612 3.243386e-05        1
2613 2.146277e-05        1
2614 6.024909e-06        1
2615 1.978343e-06        1
2616 7.151454e-07        1
2617 2.708372e-06        1
2618 2.776972e-07        1
2619 1.010367e-08        1
2620 9.565683e-06        1
2621 3.556832e-06        1
2622 1.638252e-07        1
2623 9.909130e-06        1
2624 1.253633e-07        1
2625 5.262116e-12        1
2626 2.136696e-05        1
2627 1.903017e-05        1
2628 1.164863e-05        1
2629 9.981168e-09        1
2630 6.443018e-07        1
2631 4.476766e-06        1
2632 2.323832e-06        1
2633 5.358947e-06        1
2634 3.780362e-05        1
2635 2.724290e-06        1
2636 1.652320e-05        1
2637 5.493846e-06        1
2638 8.301858e-06        1
2639 5.602350e-06        1
2640 8.855298e-08        1
2641 2.009422e-05        1
2642 9.337571e-06        1
2643 1.692389e-05        1
2644 5.098486e-06        1
2645 3.160697e-05        1
2646 2.849652e-05        1
2647 3.882754e-07        1
2648 8.550931e-06        1
2649 1.919522e-05        1
2650 5.538923e-05        1
2651 8.164947e-07        1
2652 7.003833e-07        1
2653 4.708080e-07        1
2654 4.313709e-08        1
2655 2.343166e-06        1
2656 5.694778e-06        1
2657 8.600988e-06        1
2658 8.721925e-06        1
2659 5.605418e-06        1
2660 9.024980e-06        1
2661 6.016276e-07        1
2662 1.891674e-06        1
2663 6.009268e-06        1
2664 1.463752e-06        1
2665 2.848446e-05        1
2666 8.644751e-06        1
2667 5.229562e-06        1
2668 2.927003e-06        1
2669 2.829064e-05        1
2670 7.640556e-05        1
2671 1.569275e-06        1
2672 2.184348e-05        1
2673 1.172417e-05        1
2674 5.627485e-08        1
2675 9.196174e-06        1
2676 2.777115e-06        1
2677 3.810663e-07        1
2678 1.093892e-07        1
2679 2.448746e-06        1
2680 3.310072e-07        1
2681 1.206928e-06        1
2682 6.392684e-06        1
2683 3.944804e-07        1
2684 5.834930e-08        1
2685 3.923058e-05        1
2686 4.602924e-05        1
2687 4.107721e-06        1
2688 5.098717e-05        1
2689 1.914623e-05        1
2690 4.409446e-05        1
2691 3.849464e-05        1
2692 3.547375e-06        1
2693 2.735853e-09        1
2694 5.949383e-10        1
2695 2.248337e-08        1
2696 3.308510e-05        1
2697 4.240056e-08        1
2698 1.267851e-06        1
2699 6.216628e-09        1
2700 1.465599e-05        1
2701 1.213733e-05        1
2702 1.025662e-07        1
2703 6.779926e-07        1
2704 5.378897e-06        1
2705 3.167073e-05        1
2706 2.421912e-06        1
2707 1.579011e-06        1
2708 2.591073e-06        1
2709 7.840545e-07        1
2710 1.822916e-05        1
2711 6.322174e-07        1
2712 3.298647e-07        1
2713 5.009846e-07        1
2714 7.853001e-07        1
2715 2.597499e-05        1
2716 1.496068e-05        1
2717 5.639559e-05        1
2718 4.941418e-06        1
2719 3.430949e-05        1
2720 1.706136e-06        1
2721 4.176727e-05        1
2722 2.812182e-06        1
2723 2.999992e-05        1
2724 3.678642e-07        1
2725 3.478370e-06        1
2726 3.678294e-06        1
2727 1.895047e-06        1
2728 2.767182e-05        1
2729 9.893506e-06        1
2730 2.343842e-06        1
2731 2.461284e-06        1
2732 5.655979e-05        1
2733 1.578380e-08        1
2734 3.603341e-07        1
2735 1.508881e-07        1
2736 1.533891e-05        1
2737 2.860850e-06        1
2738 3.474122e-07        1
2739 9.462950e-07        1
2740 1.595465e-05        1
2741 3.372295e-05        1
2742 1.788312e-07        1
2743 9.121177e-06        1
2744 1.330522e-05        1
2745 2.966336e-06        1
2746 1.429612e-04  0.47136
2747 2.927472e-06        1
2748 3.377857e-06        1
2749 2.831673e-05        1
2750 3.870689e-08        1
2751 3.457968e-06        1
2752 5.813095e-05        1
2753 1.537512e-06        1
2754 1.492925e-05        1
2755 8.174632e-06        1
2756 3.393793e-05        1
2757 8.356509e-06        1
2758 4.853834e-12        1
2759 5.122707e-05        1
2760 7.535936e-07        1
2761 3.461709e-06        1
2762 1.863965e-06        1
2763 5.368333e-07        1
2764 6.488903e-06        1
2765 3.747125e-05        1
2766 4.689381e-05        1
2767 5.550103e-06        1
2768 8.380508e-06        1
2769 2.814063e-06        1
2770 1.569250e-05        1
2771 2.323176e-07        1
2772 9.010952e-06        1
2773 1.429695e-05        1
2774 8.538433e-07        1
2775 6.338741e-07        1
2776 1.029732e-06        1
2777 3.295338e-05        1
2778 1.058173e-05        1
2779 7.410054e-10        1
2780 3.595957e-08        1
2781 2.024422e-05        1
2782 5.284568e-07        1
2783 8.494524e-06        1
2784 1.549200e-10        1
2785 7.397040e-08        1
2786 1.064406e-05        1
2787 3.112456e-06        1
2788 5.690543e-05        1
2789 2.981441e-07        1
2790 1.448730e-05        1
2791 5.416597e-06        1
2792 2.959598e-05        1
2793 1.053834e-08        1
2794 3.119104e-08        1
2795 3.566934e-05        1
2796 2.445027e-06        1
2797 1.648496e-06        1
2798 3.884644e-06        1
2799 6.617250e-07        1
2800 1.493949e-05        1
2801 1.639888e-06        1
2802 5.602120e-07        1
2803 8.618638e-07        1
2804 3.825928e-06        1
2805 4.515075e-05        1
2806 2.190497e-05        1
2807 6.305098e-06        1
2808 5.019142e-05        1
2809 3.389614e-06        1
2810 3.773441e-05        1
2811 2.669535e-06        1
2812 1.697611e-05        1
2813 6.785373e-06        1
2814 1.384306e-05        1
2815 9.245763e-08        1
2816 5.495686e-06        1
2817 2.740813e-06        1
2818 2.395033e-06        1
2819 4.615037e-06        1
2820 3.835153e-06        1
2821 1.790010e-05        1
2822 9.996495e-07        1
2823 4.460761e-06        1
2824 9.082528e-06        1
2825 7.414424e-06        1
2826 5.232626e-07        1
2827 1.195186e-05        1
2828 7.255960e-06        1
2829 1.724636e-05        1
2830 1.409023e-07        1
2831 2.651140e-05        1
2832 2.692114e-07        1
2833 7.216988e-06        1
2834 3.257960e-05        1
2835 4.880214e-05        1
2836 1.112758e-06        1
2837 9.408708e-07        1
2838 8.789206e-08        1
2839 2.889264e-06        1
2840 1.773069e-06        1
2841 2.022464e-05        1
2842 2.867144e-05        1
2843 2.301129e-07        1
2844 1.282272e-06        1
2845 3.004597e-08        1
2846 1.138875e-05        1
2847 3.274192e-06        1
2848 9.365587e-06        1
2849 1.985251e-06        1
2850 1.149727e-05        1
2851 1.256402e-05        1
2852 2.534346e-11        1
2853 5.221985e-07        1
2854 2.716902e-06        1
2855 6.068972e-07        1
2856 1.084329e-05        1
2857 3.060670e-06        1
2858 3.080016e-06        1
2859 7.089389e-06        1
2860 2.839785e-06        1
2861 3.914151e-05        1
2862 2.886818e-05        1
2863 8.363782e-06        1
2864 1.427048e-06        1
2865 5.574850e-07        1
2866 2.702603e-06        1
2867 9.982282e-06        1
2868 1.152340e-05        1
2869 1.377644e-06        1
2870 4.577697e-06        1
2871 3.720052e-06        1
2872 3.197621e-06        1
2873 4.068144e-05        1
2874 2.542361e-08        1
2875 4.092747e-06        1
2876 7.702993e-07        1
2877 5.054325e-06        1
2878 1.329779e-06        1
2879 6.617657e-06        1
2880 1.279489e-07        1
2881 3.734298e-05        1
2882 2.588778e-11        1
2883 6.639186e-06        1
2884 7.896575e-07        1
2885 5.976511e-06        1
2886 9.749167e-06        1
2887 2.630001e-06        1
2888 5.092915e-08        1
2889 3.302855e-05        1
2890 1.794809e-05        1
2891 6.599046e-06        1
2892 8.547980e-07        1
2893 3.596226e-06        1
2894 2.702935e-05        1
2895 5.862126e-06        1
2896 3.152590e-05        1
2897 6.859226e-07        1
2898 3.243987e-06        1
2899 1.158936e-05        1
2900 1.686093e-05        1
2901 1.495176e-05        1
2902 9.946996e-06        1
2903 7.271303e-07        1
2904 6.069870e-06        1
2905 7.588550e-05        1
2906 1.048798e-06        1
2907 8.990829e-06        1
2908 1.443329e-06        1
2909 4.500652e-08        1
2910 9.794178e-06        1
2911 3.190858e-06        1
2912 1.606002e-06        1
2913 8.181938e-06        1
2914 5.226918e-06        1
2915 2.892115e-06        1
2916 1.937943e-05        1
2917 2.472242e-07        1
2918 2.711607e-06        1
2919 1.660573e-06        1
2920 5.431064e-06        1
2921 6.332318e-07        1
2922 1.871965e-05        1
2923 7.801547e-06        1
2924 1.096842e-05        1
2925 1.559179e-06        1
2926 2.123632e-06        1
2927 1.177623e-05        1
2928 7.120788e-05        1
2929 1.430094e-04  0.11784
2930 1.777928e-05        1
2931 1.337139e-07        1
2932 3.283165e-05        1
2933 3.364572e-06        1
2934 5.366610e-06        1
2935 8.510892e-06        1
2936 9.645162e-06        1
2937 1.574441e-06        1
2938 2.174331e-07        1
2939 3.120537e-06        1
2940 5.094312e-07        1
2941 6.254951e-06        1
2942 1.409881e-05        1
2943 1.553424e-05        1
2944 7.448459e-06        1
2945 6.482728e-06        1
2946 2.313716e-05        1

$`MR-PRESSO results`$`Distortion Test`
$`MR-PRESSO results`$`Distortion Test`$`Outliers Indices`
[1]  219  284  572 1079 2104

$`MR-PRESSO results`$`Distortion Test`$`Distortion Coefficient`
beta.exposure 
    -1.238816 

$`MR-PRESSO results`$`Distortion Test`$Pvalue
[1] 0.87501



