$`Main MR results`
       Exposure       MR Analysis Causal Estimate          Sd    T-stat
1 beta.exposure               Raw      0.00462114 0.007319055 0.6313847
2 beta.exposure Outlier-corrected              NA          NA        NA
    P-value
1 0.5294833
2        NA

$`MR-PRESSO results`
$`MR-PRESSO results`$`Global Test`
$`MR-PRESSO results`$`Global Test`$RSSobs
[1] 120.056

$`MR-PRESSO results`$`Global Test`$Pvalue
[1] 0.0145


$`MR-PRESSO results`$`Outlier Test`
         RSSobs Pvalue
1  1.913924e-04      1
2  3.296937e-04      1
3  6.789069e-05      1
4  7.501335e-07      1
5  1.241232e-03      1
6  3.819169e-04      1
7  1.573249e-05      1
8  1.222440e-04      1
9  4.439355e-04      1
10 2.725199e-04      1
11 1.059313e-04      1
12 4.750196e-05      1
13 3.766887e-04      1
14 9.524850e-05      1
15 5.426389e-04      1
16 1.534148e-04      1
17 3.229620e-05      1
18 1.157623e-05      1
19 6.220532e-05      1
20 8.257467e-05      1
21 5.197363e-04      1
22 1.794783e-04      1
23 2.427962e-06      1
24 2.588487e-03      1
25 4.317804e-03      1
26 9.903333e-04      1
27 2.832933e-04      1
28 2.854881e-04      1
29 2.361276e-04      1
30 4.134402e-05      1
31 3.927386e-05      1
32 1.313289e-04      1
33 6.697686e-05      1
34 2.330966e-04      1
35 3.303210e-04      1
36 1.661681e-06      1
37 4.184634e-05      1
38 6.659162e-04      1
39 6.702310e-05      1
40 3.042841e-05      1
41 4.978763e-05      1
42 2.724301e-04      1
43 1.988502e-04      1
44 7.661420e-04  0.903
45 3.776954e-05      1
46 7.413252e-05      1
47 1.299698e-04      1
48 3.209762e-06      1
49 4.768269e-03      1
50 1.610319e-03      1
51 3.514072e-05      1
52 2.826755e-04      1
53 1.571222e-04      1
54 4.693537e-05      1
55 4.759938e-06      1
56 1.526608e-04      1
57 3.222656e-04      1
58 2.086437e-05      1
59 1.265685e-03      1
60 3.198856e-04      1
61 3.135154e-04      1
62 7.521848e-05      1
63 2.495205e-05      1
64 4.583173e-04      1
65 2.448986e-05      1
66 8.424056e-05      1
67 1.697148e-03  0.344
68 6.271128e-05      1
69 6.020445e-04      1
70 9.543849e-04 0.1118
71 8.717812e-05      1
72 8.503909e-05      1
73 5.874649e-05      1
74 1.478620e-07      1
75 1.251513e-03      1
76 2.734166e-03      1
77 1.057158e-04      1
78 9.513905e-04 0.2838
79 1.451410e-04      1
80 8.147532e-05      1
81 3.205586e-04      1
82 2.205054e-04      1
83 4.472405e-03      1
84 8.439741e-06      1
85 1.014904e-04      1
86 2.796195e-09      1

$`MR-PRESSO results`$`Distortion Test`
$`MR-PRESSO results`$`Distortion Test`$`Outliers Indices`
[1] "No significant outliers"

$`MR-PRESSO results`$`Distortion Test`$`Distortion Coefficient`
[1] NA

$`MR-PRESSO results`$`Distortion Test`$Pvalue
[1] NA



