$`Main MR results`
       Exposure       MR Analysis Causal Estimate       Sd    T-stat   P-value
1 beta.exposure               Raw       0.5264805 0.790524 0.6659892 0.5054701
2 beta.exposure Outlier-corrected              NA       NA        NA        NA

$`MR-PRESSO results`
$`MR-PRESSO results`$`Global Test`
$`MR-PRESSO results`$`Global Test`$RSSobs
[1] 3076.549

$`MR-PRESSO results`$`Global Test`$Pvalue
[1] 0.04898


$`MR-PRESSO results`$`Outlier Test`
           RSSobs  Pvalue
1    1.219060e+01       1
2    1.422211e+01       1
3    3.861153e+02       1
4    1.710512e+01       1
5    5.713623e-02       1
6    1.602016e+00       1
7    2.827214e+02       1
8    1.829850e+01       1
9    1.002309e+00       1
10   1.609655e-03       1
11   2.357809e+02       1
12   1.605924e+00       1
13   1.289883e+01       1
14   2.849642e+01       1
15   3.967873e+01       1
16   3.751403e+00       1
17   9.526339e+00       1
18   8.522855e+01       1
19   9.204424e+01       1
20   1.585181e+01       1
21   6.090704e+01       1
22   1.834712e+01       1
23   6.397821e+01       1
24   1.865190e+00       1
25   3.864659e+00       1
26   1.341743e+00       1
27   2.546655e+01       1
28   1.693350e+00       1
29   8.648490e+01       1
30   2.649926e+00       1
31   7.931937e+00       1
32   6.396065e-01       1
33   9.068432e+00       1
34   7.977978e+01       1
35   7.554480e+01       1
36   4.714002e+01       1
37   6.084720e-01       1
38   4.427802e+01       1
39   1.309859e+01       1
40   2.726433e+01       1
41   5.561893e+00       1
42   4.385097e+01       1
43   1.810954e+00       1
44   1.569598e+01       1
45   1.600070e+00       1
46   3.083853e+01       1
47   3.167223e+01       1
48   7.240208e+00       1
49   1.134173e+02       1
50   2.566408e+01       1
51   8.050720e+00       1
52   2.436215e+02       1
53   7.022300e+00       1
54   3.690939e+01       1
55   8.281484e+00       1
56   6.825122e+01       1
57   2.638476e+00       1
58   6.549752e+00       1
59   1.162149e+02       1
60   9.158233e+01       1
61   2.292175e+01       1
62   5.957400e+00       1
63   1.796393e+00       1
64   6.201958e-01       1
65   4.047122e+00       1
66   9.729841e-02       1
67   3.290465e+01       1
68   1.036353e+01       1
69   8.104405e+00       1
70   8.509752e-01       1
71   8.597030e+00       1
72   4.367233e+00       1
73   2.018421e+00       1
74   1.822362e+01       1
75   3.190277e-03       1
76   2.833749e+01       1
77   3.143165e+01       1
78   4.584081e-01       1
79   8.378961e+01       1
80   6.273819e+00       1
81   6.954138e+01       1
82   1.390886e+01       1
83   1.597686e+01       1
84   1.235846e+02       1
85   5.228313e+02       1
86   6.473545e+00       1
87   4.169612e+01       1
88   7.408085e+01       1
89   2.147390e+00       1
90   1.023144e+02       1
91   6.528253e+00       1
92   1.792839e+00       1
93   4.780831e+00       1
94   1.022076e+02       1
95   2.087061e+00       1
96   8.138333e+00       1
97   2.635170e+02       1
98   8.406890e-02       1
99   5.879083e+01       1
100  7.479882e-02       1
101  2.081714e+01       1
102  3.860272e+01       1
103  1.413542e-03       1
104  3.753925e+01       1
105  4.517606e+02 0.05896
106  5.973722e+00       1
107  1.335617e+01       1
108  3.601420e+00       1
109  1.135822e-01       1
110  9.146929e-01       1
111  5.553635e+00       1
112  3.550375e+00       1
113  4.036188e+02       1
114  1.935097e-02       1
115  2.093094e+01       1
116  1.508019e+00       1
117  1.117698e-01       1
118  1.607292e+01       1
119  4.965163e-01       1
120  5.951907e-01       1
121  2.925748e-03       1
122  8.376611e+00       1
123  3.504887e+01       1
124  1.658164e+01       1
125  1.791257e+01       1
126  4.846994e+01       1
127  4.211960e+01       1
128  9.555249e+00       1
129  4.807580e-02       1
130  6.040346e+02       1
131  1.477348e+01       1
132  2.635567e+01       1
133  3.575209e+01       1
134  1.214947e+00       1
135  8.422785e+00       1
136  1.346185e+00       1
137  4.087866e-01       1
138  2.710884e+01       1
139  5.167306e-02       1
140  9.917505e+01       1
141  3.058659e+00       1
142  3.222118e+01       1
143  1.112250e+00       1
144  8.095052e+01       1
145  1.071980e-01       1
146  3.031194e+00       1
147  4.166202e+01       1
148  7.266705e+01       1
149  7.222620e+01       1
150  9.697158e+00       1
151  4.967598e+00       1
152  1.388834e+01       1
153  4.834845e+00       1
154  2.774062e+01       1
155  1.003909e+00       1
156  2.165438e+01       1
157  2.131935e+01       1
158  2.236638e+02       1
159  6.899277e+00       1
160  2.106189e+01       1
161  3.580569e+01       1
162  1.852095e+01       1
163  2.827708e+01       1
164  5.214237e+01       1
165  1.504592e+01       1
166  2.715459e+01       1
167  5.322600e+01       1
168  1.116121e+00       1
169  1.935856e+01       1
170  5.277033e+00       1
171  1.800937e+02       1
172  5.296987e+01       1
173  2.568888e+00       1
174  7.066013e-03       1
175  9.936783e+02       1
176  9.789586e-03       1
177  1.341287e+00       1
178  6.167425e+00       1
179  7.806968e+01       1
180  4.774577e+01       1
181  2.310308e+01       1
182  5.856583e+01       1
183  2.161535e-01       1
184  3.558624e+02       1
185  1.442874e+02       1
186  1.877538e-01       1
187  1.013500e+02       1
188  3.978655e+01       1
189  1.292591e+02       1
190  9.183233e-01       1
191  2.156833e-01       1
192  8.718437e+01       1
193  6.357132e+00       1
194  6.378245e+01       1
195  2.004134e+01       1
196  2.462467e-01       1
197  2.921820e+00       1
198  2.415995e+02       1
199  2.399824e+01       1
200  9.548015e+01       1
201  8.311543e-02       1
202  2.733739e+00       1
203  1.993091e+01       1
204  3.354601e+01       1
205  6.046256e+00       1
206  3.451434e+00       1
207  2.047038e+01       1
208  1.317440e-01       1
209  1.836477e+02       1
210  2.675535e+01       1
211  3.226176e+00       1
212  1.441542e+01       1
213  1.398156e+00       1
214  5.149282e+01       1
215  5.358005e+01       1
216  3.050343e+01       1
217  7.913950e-02       1
218  1.146385e+01       1
219  2.422560e+02       1
220  2.270629e+01       1
221  1.329990e+01       1
222  9.570174e+00       1
223  7.942609e+02       1
224  5.202895e+02       1
225  1.613197e+02       1
226  8.301354e+01       1
227  5.510718e-03       1
228  6.755637e+01       1
229  2.718484e-01       1
230  4.439680e+00       1
231  4.654212e+01       1
232  5.759826e-02       1
233  2.071607e+01       1
234  6.946363e+01       1
235  3.616819e+01       1
236  1.699504e+02       1
237  1.057267e+01       1
238  9.468144e+01       1
239  1.332861e+01       1
240  3.919115e+01       1
241  3.630213e-01       1
242  1.713284e+01       1
243  4.349177e+01       1
244  1.278122e+02       1
245  5.616584e+01       1
246  6.217575e+01       1
247  9.810863e+00       1
248  1.848116e+00       1
249  1.973782e+01       1
250  1.272183e+00       1
251  8.277093e+01       1
252  5.095797e+01       1
253  1.658474e+01       1
254  6.958114e+00       1
255  5.562849e+01       1
256  7.541850e+00       1
257  9.967364e+01       1
258  5.136726e+01       1
259  6.311731e+02       1
260  2.393160e+02       1
261  2.665027e+01       1
262  1.019365e+02       1
263  6.198433e-01       1
264  1.057728e+02       1
265  3.135662e+01       1
266  1.511706e+01       1
267  9.079686e-03       1
268  4.363244e+01       1
269  3.299684e+00       1
270  4.720318e+01       1
271  2.881449e+02       1
272  4.572498e+01       1
273  1.206926e+01       1
274  3.672541e+00       1
275  2.762126e+02       1
276  9.913291e+00       1
277  8.855979e+01       1
278  1.085956e-01       1
279  1.227068e+02       1
280  1.969993e+01       1
281  4.120702e+01       1
282  5.663204e+01       1
283  1.376491e+03       1
284  1.161153e+03       1
285  3.438881e+02       1
286  6.235994e+00       1
287  1.646566e+02       1
288  1.291599e+03       1
289  5.482689e+01       1
290  6.895323e+00       1
291  1.119916e+02       1
292  5.228150e+02       1
293  7.459504e+01       1
294  7.131235e+00       1
295  1.055061e+01       1
296  1.518017e+01       1
297  9.038259e+01       1
298  1.768199e+02       1
299  3.658873e+01       1
300  1.081952e+02       1
301  1.566637e+02       1
302  4.549794e+01       1
303  2.345522e+01       1
304  9.399051e+00       1
305  4.712772e-01       1
306  5.461345e+01       1
307  4.890909e+01       1
308  2.720339e+02       1
309  1.397483e+01       1
310  2.718109e+00       1
311  1.233645e+02       1
312  2.417475e+02       1
313  6.217067e+01       1
314  4.135792e+01       1
315  3.545704e+01       1
316  3.404974e+01       1
317  9.579428e-02       1
318  1.920467e+00       1
319  4.487004e+00       1
320  6.478286e+01       1
321  1.894122e+01       1
322  3.485218e+00       1
323  4.420010e+02       1
324  1.380873e+01       1
325  4.853264e+00       1
326  8.806412e+00       1
327  4.159226e+01       1
328  7.352720e+02       1
329  5.524253e+01       1
330  1.026742e+01       1
331  8.041587e+00       1
332  6.711194e+01       1
333  4.762380e-01       1
334  9.367805e+00       1
335  1.073835e+01       1
336  5.513751e+01       1
337  1.091583e+02       1
338  2.004592e+01       1
339  6.572202e+00       1
340  2.500951e+02       1
341  2.775713e+01       1
342  2.675015e+01       1
343  6.757912e+01       1
344  1.893110e+02       1
345  4.219589e+01       1
346  2.110084e+00       1
347  1.497323e+01       1
348  5.785864e+01       1
349  2.869688e+01       1
350  7.504216e+00       1
351  1.168593e+01       1
352  2.023502e+00       1
353  3.418548e+01       1
354  1.823009e+02       1
355  2.692279e+00       1
356  6.369004e+01       1
357  2.150129e+02       1
358  1.327527e+01       1
359  1.580127e+01       1
360  6.524164e+00       1
361  3.653986e+01       1
362  2.413322e+01       1
363  1.559457e+02       1
364  8.738199e-01       1
365  4.846216e+00       1
366  4.494895e+00       1
367  3.159312e+02       1
368  3.499310e+01       1
369  1.043187e+02       1
370  8.507731e-01       1
371  1.441721e+02       1
372  5.461541e+01       1
373  1.483784e+02       1
374  3.274499e+00       1
375  1.490586e+02       1
376  4.025627e+00       1
377  1.599709e+01       1
378  2.397492e+01       1
379  1.242708e+01       1
380  8.902710e+00       1
381  4.377827e+00       1
382  3.639671e+01       1
383  2.076604e+01       1
384  2.690288e+00       1
385  6.105481e-01       1
386  1.970390e+02       1
387  1.341894e+01       1
388  9.756834e+00       1
389  1.780789e+01       1
390  1.170843e+02       1
391  1.049159e+02       1
392  3.582240e+01       1
393  6.642328e+00       1
394  6.356736e+01       1
395  1.922841e+02       1
396  3.516837e+00       1
397  1.180717e+02       1
398  1.930037e+00       1
399  4.182969e+01       1
400  1.767008e+00       1
401  2.098291e+02       1
402  1.552381e+02       1
403  4.861653e+00       1
404  7.687852e-02       1
405  2.567465e+01       1
406  3.231466e+02       1
407  4.089254e+02       1
408  1.430170e+03       1
409  2.298606e+02       1
410  5.687549e+01       1
411  7.076758e+01       1
412  4.483137e+00       1
413  2.019777e+02       1
414  1.083604e-01       1
415  3.253052e+00       1
416  3.548692e+01       1
417  2.110219e+00       1
418  2.158132e+01       1
419  6.258233e+01       1
420  4.200190e+02       1
421  2.397106e+01       1
422  9.045655e+00       1
423  6.613295e+00       1
424  2.517497e+02       1
425  1.463013e+02       1
426  1.131266e+01       1
427  3.929894e+01       1
428  2.917878e+01       1
429  1.156538e+01       1
430  2.737417e+02       1
431  1.575571e+01       1
432  9.414327e+02       1
433  8.054692e+02       1
434  6.215437e+00       1
435  1.155263e+02       1
436  3.517587e+00       1
437  4.221990e+00       1
438  6.964155e+02       1
439  1.020606e+02       1
440  1.025305e+03       1
441  6.106237e+01       1
442  1.531840e+01       1
443  2.119904e-01       1
444  4.961123e+01       1
445  1.344996e+00       1
446  1.443736e+01       1
447  3.272229e+01       1
448  7.920415e+01       1
449  1.595209e+03       1
450  1.845374e+01       1
451  1.200942e+01       1
452  6.452547e+01       1
453  5.573523e-01       1
454  1.201582e+01       1
455  9.398393e+01       1
456  1.989108e+02       1
457  4.071132e-03       1
458  6.347809e-02       1
459  2.326404e+01       1
460  1.833427e+03       1
461  2.942738e+03       1
462  1.457314e+02       1
463  1.229363e+01       1
464  6.737412e+01       1
465  6.190861e+00       1
466  1.716969e+02       1
467  1.253899e+00       1
468  1.854031e+00       1
469  1.625947e-03       1
470  2.148214e-01       1
471  7.552713e+00       1
472  6.893705e+01       1
473  1.472946e+01       1
474  1.254470e+00       1
475  2.354783e+01       1
476  2.570013e-01       1
477  4.265016e+01       1
478  5.154023e+01       1
479  1.969453e+00       1
480  6.792624e+01       1
481  2.406159e+02       1
482  7.981294e+00       1
483  4.125116e+01       1
484  1.736921e+02       1
485  2.116887e+01       1
486  4.887223e+02       1
487  1.449160e+00       1
488  2.743185e+01       1
489  9.296063e-01       1
490  1.774843e+01       1
491  3.322211e+00       1
492  2.218729e+01       1
493  1.637475e+01       1
494  1.723081e+01       1
495  3.736633e+00       1
496  7.548099e+00       1
497  5.250500e+00       1
498  1.155480e+01       1
499  2.227720e+01       1
500  9.979567e+01       1
501  1.599230e+00       1
502  3.719080e+01       1
503  4.341149e+01       1
504  9.059555e+00       1
505  1.039589e+01       1
506  5.070646e+01       1
507  3.254047e+01       1
508  2.191444e+00       1
509  1.282609e+01       1
510  2.402766e-01       1
511  6.128694e-01       1
512  4.741353e+02       1
513  1.517071e+01       1
514  1.154818e+00       1
515  2.565114e+00       1
516  1.447922e+01       1
517  2.523602e+00       1
518  1.081754e+01       1
519  2.025255e+00       1
520  1.676559e+02       1
521  7.270104e+00       1
522  6.504303e+01       1
523  6.872629e+00       1
524  2.181648e+01       1
525  9.756036e-02       1
526  4.709554e+01       1
527  2.075695e+02       1
528  4.638623e+00       1
529  5.921355e+00       1
530  1.648707e+00       1
531  1.943463e+00       1
532  1.532651e+02       1
533  3.850111e-01       1
534  3.307570e+01       1
535  6.560926e+02       1
536  9.179242e+01       1
537  1.721717e+01       1
538  2.396149e+00       1
539  1.054368e+00       1
540  1.904799e+02       1
541  2.907560e-01       1
542  6.492711e+00       1
543  6.136270e+01       1
544  2.158060e+01       1
545  7.408909e+01       1
546  8.167350e+01       1
547  8.701577e-01       1
548  2.571045e+00       1
549  4.320271e+00       1
550  1.692770e+01       1
551  4.651951e+01       1
552  5.769306e+01       1
553  2.167390e+01       1
554  1.102628e+01       1
555  1.477972e+02       1
556  3.034002e+01       1
557  4.794082e+00       1
558  3.200594e+01       1
559  1.214022e+01       1
560  1.031286e+02       1
561  3.013133e+00       1
562  9.148295e+01       1
563  1.466188e+01       1
564  2.396217e-02       1
565  4.191823e-01       1
566  3.433523e-03       1
567  5.632543e-01       1
568  1.756030e+02       1
569  2.794413e+00       1
570  2.017975e-01       1
571  1.986680e+02       1
572  2.902449e+01       1
573  4.043251e+01       1
574  3.195803e+01       1
575  4.454367e+01       1
576  3.242302e+01       1
577  2.722601e+01       1
578  8.454738e-01       1
579  6.838183e+00       1
580  5.549181e+01       1
581  1.480426e+02       1
582  7.679155e-01       1
583  3.970896e+01       1
584  4.444366e+01       1
585  3.973918e-01       1
586  9.350808e+01       1
587  3.188813e+00       1
588  4.840852e+01       1
589  9.383789e+01       1
590  8.128034e+00       1
591  2.632320e+01       1
592  9.555435e-01       1
593  1.487381e+02       1
594  1.638229e+01       1
595  5.515142e+01       1
596  1.275503e+01       1
597  3.563405e-03       1
598  1.475100e+00       1
599  3.842229e+01       1
600  1.501317e+01       1
601  2.353242e-01       1
602  1.414962e+00       1
603  7.094621e+01       1
604  1.957181e+00       1
605  2.392253e+02       1
606  1.345939e+00       1
607  1.273482e+01       1
608  6.146495e+00       1
609  5.858930e+00       1
610  4.973441e+00       1
611  8.726124e+01       1
612  3.466499e+00       1
613  4.152643e+00       1
614  2.820875e+00       1
615  1.109285e+02       1
616  2.017795e+02       1
617  1.504694e+02       1
618  6.390666e+00       1
619  2.723522e+02       1
620  1.362987e+02       1
621  3.107900e+01       1
622  3.434803e-01       1
623  2.207250e+02       1
624  1.022465e+01       1
625  2.737775e+01       1
626  3.437260e+01       1
627  2.288163e+02       1
628  1.122736e+01       1
629  1.346498e+02       1
630  2.316583e-02       1
631  2.569882e+00       1
632  2.259700e-01       1
633  1.481861e+02       1
634  4.352343e+00       1
635  2.560473e+01       1
636  4.520808e+00       1
637  2.295731e+01       1
638  7.902897e+01       1
639  1.279606e+01       1
640  4.194564e+01       1
641  1.161827e+00       1
642  1.714879e+00       1
643  7.878438e+00       1
644  1.597243e+01       1
645  2.102648e+01       1
646  4.005577e+01       1
647  2.040806e+00       1
648  1.589952e+01       1
649  4.479096e-03       1
650  2.252144e+01       1
651  1.267825e+01       1
652  2.731129e-01       1
653  1.243488e+01       1
654  9.008963e-01       1
655  1.023473e+01       1
656  1.270410e+01       1
657  8.040923e+01       1
658  2.396540e+01       1
659  7.306235e+00       1
660  1.193266e+02       1
661  2.358659e+01       1
662  8.111196e-03       1
663  7.711979e+02       1
664  8.511080e+01       1
665  3.960503e+01       1
666  7.582788e+01       1
667  1.917422e+01       1
668  1.790970e-01       1
669  5.902929e+01       1
670  2.618889e+01       1
671  5.221012e-01       1
672  7.510081e+00       1
673  3.139258e+01       1
674  4.927360e+01       1
675  1.745890e-01       1
676  9.815772e+00       1
677  1.243974e+01       1
678  7.759462e+02  0.1474
679  3.448338e+01       1
680  5.822039e+01       1
681  1.972471e+02       1
682  6.939470e+00       1
683  1.783292e+02       1
684  8.694789e+00       1
685  9.928119e+00       1
686  1.303262e+01       1
687  1.923050e+01       1
688  9.039343e+01       1
689  1.711018e+01       1
690  7.080484e+01       1
691  9.150512e+00       1
692  3.160851e+01       1
693  4.785642e-01       1
694  3.637361e+00       1
695  9.264093e+01       1
696  1.223055e+01       1
697  3.556003e+00       1
698  3.144108e+01       1
699  2.469379e+00       1
700  6.367327e+00       1
701  5.675790e+01       1
702  1.036175e+02       1
703  1.745885e+00       1
704  1.067400e+01       1
705  2.441280e+01       1
706  9.914628e+00       1
707  9.729875e-01       1
708  1.209132e+02       1
709  4.865760e+00       1
710  5.374958e+01       1
711  5.788369e+01       1
712  5.868201e+01       1
713  4.870279e+00       1
714  4.318339e+01       1
715  1.081465e+00       1
716  2.254756e+00       1
717  3.735543e+01       1
718  1.544799e+01       1
719  2.896332e+00       1
720  1.166005e+01       1
721  4.999814e-01       1
722  9.103550e+00       1
723  3.334978e+01       1
724  7.984428e+00       1
725  1.512977e+01       1
726  3.542592e+00       1
727  5.023929e+02       1
728  4.310806e+01       1
729  6.809357e+01       1
730  4.508014e+01       1
731  1.154774e+01       1
732  7.263974e+00       1
733  4.125456e+02       1
734  6.225672e+00       1
735  1.471596e+02       1
736  7.988369e+01       1
737  6.002991e+01       1
738  2.370305e+01       1
739  5.808915e+01       1
740  1.159287e+02       1
741  8.106210e+00       1
742  2.767328e+03       1
743  1.682597e+01       1
744  9.369777e+01       1
745  2.310480e-01       1
746  3.581892e+01       1
747  8.522335e+01       1
748  1.342812e+02       1
749  5.961805e+02       1
750  1.571329e+02       1
751  6.602083e+01       1
752  6.210621e-01       1
753  3.706810e+01       1
754  7.445877e+01       1
755  5.003831e+02       1
756  1.355564e+02       1
757  2.079319e+01       1
758  1.367520e+02       1
759  2.609209e+02       1
760  1.878453e-01       1
761  2.098092e+02       1
762  3.370660e-03       1
763  3.266947e+01       1
764  7.971850e+01       1
765  2.347725e+02       1
766  1.571531e+02       1
767  3.082218e+01       1
768  6.592278e+01       1
769  5.064536e+01       1
770  6.525082e-01       1
771  8.314079e+01       1
772  6.150510e+03       1
773  8.723124e+01       1
774  6.901659e+01       1
775  5.824375e+02       1
776  7.200735e+00       1
777  1.055291e+03       1
778  1.436123e+01       1
779  2.612380e+00       1
780  1.444236e+01       1
781  5.959538e+01       1
782  3.868214e+01       1
783  6.157709e+01       1
784  9.000067e+02       1
785  4.991422e+02       1
786  4.250806e-01       1
787  1.885925e+01       1
788  7.483504e+02       1
789  2.711370e+01       1
790  1.182815e+02       1
791  3.336252e+01       1
792  1.445589e+02       1
793  1.768160e+01       1
794  7.575968e+01       1
795  1.112530e+01       1
796  2.146499e+03       1
797  2.346079e+02       1
798  8.613563e+00       1
799  1.670655e+00       1
800  6.822667e+02       1
801  2.369858e+01       1
802  8.825715e+00       1
803  4.419244e+01       1
804  3.279934e+00       1
805  3.020059e+00       1
806  1.676774e+01       1
807  4.488371e+01       1
808  3.849569e+01       1
809  5.333732e+00       1
810  5.599567e+02       1
811  1.620910e+02       1
812  1.348591e+00       1
813  6.469772e+01       1
814  1.774648e+02       1
815  1.676549e+01       1
816  9.733211e+00       1
817  1.211321e+01       1
818  9.724335e+01       1
819  1.080328e+02       1
820  4.537901e+00       1
821  3.704191e+01       1
822  1.339621e+01       1
823  4.171506e+01       1
824  9.184687e+00       1
825  7.881282e-01       1
826  1.882444e+02       1
827  2.814842e+02       1
828  1.152338e+02       1
829  4.293602e+01       1
830  5.548057e+01       1
831  2.126736e+02       1
832  1.329649e+02       1
833  4.551899e+00       1
834  7.142009e+01       1
835  1.914453e+03       1
836  1.354244e+01       1
837  1.175226e+02       1
838  8.054551e+02       1
839  1.333726e+02       1
840  8.791848e+01       1
841  9.993893e+01       1
842  6.891866e-03       1
843  1.244444e+01       1
844  7.546411e+01       1
845  5.542063e+00       1
846  2.173036e+02       1
847  1.466878e+02       1
848  1.118696e+02       1
849  3.470526e+02       1
850  5.228138e+01       1
851  3.770677e+00       1
852  9.943475e+01       1
853  6.329489e+01       1
854  1.414584e+02       1
855  1.158966e+00       1
856  1.386767e+01       1
857  9.712303e-01       1
858  2.139776e+00       1
859  6.215859e-02       1
860  1.377833e+02       1
861  2.000691e+00       1
862  8.218462e+01       1
863  5.379751e+00       1
864  1.063430e+02       1
865  4.375479e+00       1
866  4.074558e+00       1
867  6.778754e+01       1
868  8.883487e+00       1
869  6.816284e+01       1
870  3.794835e+01       1
871  6.716511e-04       1
872  1.918681e+00       1
873  6.111884e-01       1
874  5.316911e+01       1
875  5.169447e+01       1
876  1.747603e+02       1
877  3.349163e-01       1
878  3.842705e+01       1
879  2.359270e+01       1
880  5.973072e-01       1
881  2.167138e-01       1
882  1.696584e+02       1
883  2.027816e+00       1
884  8.732208e+00       1
885  1.191145e+01       1
886  7.383434e+01       1
887  1.468479e+02       1
888  2.653686e+00       1
889  1.476683e+00       1
890  4.955700e+01       1
891  6.567941e-01       1
892  3.101956e+01       1
893  2.771381e+02       1
894  1.708142e+01       1
895  4.861510e-01       1
896  2.303382e+00       1
897  2.640895e+01       1
898  2.220124e+01       1
899  6.058850e+01       1
900  5.053922e-01       1
901  2.111865e+00       1
902  2.512284e+01       1
903  2.523392e+00       1
904  2.389568e+02       1
905  4.849808e+00       1
906  1.165349e+01       1
907  6.004967e+01       1
908  9.733269e-02       1
909  4.949897e+01       1
910  2.175931e+01       1
911  9.225966e-03       1
912  3.823908e+02       1
913  8.411404e+02       1
914  2.614838e+02       1
915  6.961450e+00       1
916  1.046653e+02       1
917  1.950498e+01       1
918  2.604980e+02       1
919  1.326419e+00       1
920  1.323475e+00       1
921  2.951515e+00       1
922  2.625161e+02       1
923  7.784723e+01       1
924  4.873469e-01       1
925  1.875092e-01       1
926  6.160055e+01       1
927  5.869707e+01       1
928  3.487578e+01       1
929  2.086192e+00       1
930  4.622497e-01       1
931  9.662366e+00       1
932  2.058217e+01       1
933  3.547172e+01       1
934  3.653278e+01       1
935  2.701559e-02       1
936  6.770598e+01       1
937  2.981149e+00       1
938  3.180921e+02       1
939  2.880422e+00       1
940  5.755526e+00       1
941  9.664261e+00       1
942  8.308056e-03       1
943  2.294061e+01       1
944  1.726886e+01       1
945  2.464852e+00       1
946  3.327766e+00       1
947  9.914305e+01       1
948  1.087519e+03       1
949  3.097848e+01       1
950  1.189378e+01       1
951  4.585617e+01       1
952  2.075390e+00       1
953  2.968355e+02       1
954  1.662346e+02       1
955  6.583966e+01       1
956  3.760659e+00       1
957  7.704377e-02       1
958  1.378976e+02       1
959  1.735868e+00       1
960  5.723052e+01       1
961  2.741648e+00       1
962  2.078415e-02       1
963  9.625423e+01       1
964  1.101308e+00       1
965  2.516008e+01       1
966  8.083279e+02       1
967  2.783929e-01       1
968  1.226229e+01       1
969  3.265564e+01       1
970  8.452423e+01       1
971  2.494425e+01       1
972  2.553053e+02       1
973  1.455722e+00       1
974  8.836364e+00       1
975  1.121658e+02       1
976  6.115274e+01       1
977  1.619624e+01       1
978  3.029923e-01       1
979  7.830623e+01       1
980  1.052297e+02       1
981  2.091818e+00       1
982  3.594894e+01       1
983  4.015866e+01       1
984  2.239818e+01       1
985  7.074113e+01       1
986  8.623626e+00       1
987  1.170995e+00       1
988  5.535838e+01       1
989  9.720381e-01       1
990  2.468650e-03       1
991  1.091285e+02       1
992  1.098500e+01       1
993  4.426877e+01       1
994  5.952080e+02       1
995  7.156822e+00       1
996  2.591512e+02       1
997  5.569340e+01       1
998  1.579599e+02       1
999  7.544164e+00       1
1000 5.348261e+01       1
1001 1.331131e+00       1
1002 1.353059e+01       1
1003 1.546543e-01       1
1004 1.054677e+01       1
1005 1.986137e+00       1
1006 4.135389e+01       1
1007 6.757194e+00       1
1008 6.571870e+01       1
1009 8.572594e+01       1
1010 1.448191e+02       1
1011 3.572554e+01       1
1012 1.703704e+02       1
1013 1.389000e+00       1
1014 2.770574e+01       1
1015 2.021545e+01       1
1016 1.416276e+02       1
1017 6.463084e+00       1
1018 1.105952e+02       1
1019 4.230479e+01       1
1020 2.560535e+01       1
1021 2.600463e+01       1
1022 3.468625e+00       1
1023 3.928351e+02       1
1024 4.053604e+01       1
1025 8.636252e+02       1
1026 1.235885e+02       1
1027 5.374902e+00       1
1028 3.696230e+00       1
1029 8.441544e+01       1
1030 4.172845e+00       1
1031 2.173160e+01       1
1032 1.078681e+02       1
1033 9.246218e+01       1
1034 5.293229e-01       1
1035 6.342362e+01       1
1036 7.613560e+01       1
1037 6.664454e+01       1
1038 1.892254e+01       1
1039 1.269817e+03       1
1040 1.385094e+02       1
1041 3.119957e+00       1
1042 2.225135e+02       1
1043 6.652682e+00       1
1044 1.218654e+00       1
1045 1.572515e+01       1
1046 3.920075e-02       1
1047 1.056778e+02       1
1048 6.232405e+01       1
1049 1.531043e+01       1
1050 5.120161e+00       1
1051 5.836098e+00       1
1052 1.003503e+02       1
1053 4.058190e-01       1
1054 1.461134e+02       1
1055 6.609953e+00       1
1056 8.702968e+00       1
1057 8.988395e+01       1
1058 1.525448e+01       1
1059 2.153118e+00       1
1060 3.228162e+01       1
1061 4.733985e+00       1
1062 7.355157e+00       1
1063 7.210604e+00       1
1064 2.758798e+01       1
1065 8.519525e+01       1
1066 1.025152e+01       1
1067 3.581278e+00       1
1068 8.535388e+01       1
1069 9.145492e+01       1
1070 6.977753e+01       1
1071 3.837710e+01       1
1072 1.608665e+00       1
1073 1.760247e+00       1
1074 8.733052e+01       1
1075 3.790359e-01       1
1076 4.282099e+00       1
1077 1.168909e+01       1
1078 4.479626e+00       1
1079 7.227118e+01       1
1080 1.918547e+01       1
1081 1.605665e+00       1
1082 1.132362e+01       1
1083 9.595414e+00       1
1084 2.024821e+00       1
1085 4.123700e-01       1
1086 2.121201e+01       1
1087 1.476352e-03       1
1088 6.989601e-01       1
1089 9.201574e+00       1
1090 2.940714e+01       1
1091 6.342823e+01       1
1092 3.110884e+01       1
1093 1.471380e+02       1
1094 1.539264e+01       1
1095 3.044032e-01       1
1096 4.912123e+00       1
1097 6.278989e-03       1
1098 2.140782e+01       1
1099 1.777030e-02       1
1100 2.222058e-02       1
1101 9.690191e+01       1
1102 2.832236e+01       1
1103 2.129806e+01       1
1104 5.778996e+01       1
1105 2.770173e-01       1
1106 1.822858e+01       1
1107 3.689233e+01       1
1108 2.153069e+02       1
1109 1.572655e-01       1
1110 3.767093e+01       1
1111 4.002324e+01       1
1112 3.638254e+02       1
1113 2.348845e+01       1
1114 1.750572e+01       1
1115 2.514737e+01       1
1116 4.910840e+01       1
1117 7.501134e+01       1
1118 7.702312e+01       1
1119 2.156868e+02       1
1120 4.326805e-02       1
1121 1.516211e+01       1
1122 4.858824e+01       1
1123 6.916070e+00       1
1124 1.949198e+01       1
1125 2.187343e+02       1
1126 7.319110e+00       1
1127 3.564502e+00       1
1128 1.371060e+00       1
1129 6.332274e+01       1
1130 7.028493e+01       1
1131 1.642633e+01       1
1132 1.020498e-02       1
1133 3.499546e+01       1
1134 2.147772e+01       1
1135 2.627819e+01       1
1136 2.272860e+00       1
1137 6.726796e+00       1
1138 9.956595e+01       1
1139 1.105889e+01       1
1140 7.113010e+01       1
1141 7.698560e-02       1
1142 4.427078e-01       1
1143 1.970476e+01       1
1144 3.721590e+00       1
1145 5.872417e+01       1
1146 2.563623e+01       1
1147 7.985875e-01       1
1148 1.479963e+02       1
1149 5.327793e-01       1
1150 2.549431e+01       1
1151 1.557262e+01       1
1152 2.215474e+00       1
1153 1.329810e+01       1
1154 3.196872e+00       1
1155 2.437568e+01       1
1156 2.668615e+01       1
1157 1.312032e-01       1
1158 4.571802e+01       1
1159 1.519493e+02       1
1160 3.021999e+01       1
1161 1.227515e-02       1
1162 1.105723e+00       1
1163 1.216773e+01       1
1164 2.742418e+01       1
1165 2.077128e-02       1
1166 1.478683e+02       1
1167 5.286125e+00       1
1168 2.123279e+01       1
1169 1.687242e+00       1
1170 2.089494e+00       1
1171 4.214101e+00       1
1172 4.686651e+01       1
1173 3.120296e+01       1
1174 3.873725e+01       1
1175 8.203017e+01       1
1176 5.382087e+00       1
1177 2.769920e+01       1
1178 1.392416e+02       1
1179 6.118559e-01       1
1180 5.739632e+01       1
1181 5.650450e+01       1
1182 3.373072e+00       1
1183 8.691807e+01       1
1184 9.870213e-01       1
1185 1.969699e+01       1
1186 4.894818e+01       1
1187 3.019424e+01       1
1188 6.231392e+01       1
1189 2.539584e+00       1
1190 6.462965e-01       1
1191 2.517639e+01       1
1192 3.971301e+01       1
1193 3.144591e+00       1
1194 2.134362e+01       1
1195 2.562920e+03       1
1196 5.238428e+01       1
1197 3.322688e-01       1
1198 2.958975e+00       1
1199 4.530152e+01       1
1200 9.820131e+00       1
1201 8.878960e-01       1
1202 3.407743e+01       1
1203 1.074574e+02       1
1204 1.523406e+01       1
1205 2.988517e+01       1
1206 1.662894e-02       1
1207 3.362532e-01       1
1208 2.538022e+01       1
1209 4.594294e+00       1
1210 2.921832e+01       1
1211 1.631315e+01       1
1212 1.121540e+00       1
1213 2.918358e+01       1
1214 2.569616e+01       1
1215 1.744670e+01       1
1216 1.692015e+01       1
1217 9.704209e+01       1
1218 4.223041e+00       1
1219 4.550754e+01       1
1220 2.308538e+01       1
1221 3.831190e+00       1
1222 7.875775e+01       1
1223 1.068926e+00       1
1224 2.381338e+01       1
1225 1.712740e+00       1
1226 1.179991e+00       1
1227 9.033144e+00       1
1228 3.819898e+01       1
1229 1.403758e+01       1
1230 1.719428e-01       1
1231 7.659453e+01       1
1232 1.764062e-01       1
1233 1.033687e+01       1
1234 8.377349e+01       1
1235 1.361487e+01       1
1236 4.516046e+01       1
1237 1.668226e+02       1
1238 6.431108e+01       1
1239 8.272639e+01       1
1240 7.721570e+00       1
1241 3.258750e+01       1
1242 2.269651e+00       1
1243 2.156817e+01       1
1244 1.651002e+00       1
1245 1.596262e+01       1
1246 3.420617e+00       1
1247 3.016320e+01       1
1248 4.916509e+01       1
1249 1.334440e+01       1
1250 2.413283e+00       1
1251 1.526739e+01       1
1252 1.788071e+02       1
1253 2.013184e+01       1
1254 8.692596e+00       1
1255 3.613210e+00       1
1256 7.310023e+01       1
1257 3.401281e+01       1
1258 6.464671e+01       1
1259 2.987618e+00       1
1260 1.167391e+02       1
1261 2.906507e+01       1
1262 2.955051e+01       1
1263 2.336179e+02       1
1264 6.820340e-01       1
1265 1.852583e+02       1
1266 2.274137e+01       1
1267 3.473374e+00       1
1268 6.308337e+00       1
1269 4.449578e+01       1
1270 1.020956e+02       1
1271 1.304721e+02       1
1272 3.189812e+02       1
1273 4.151417e+01       1
1274 2.721913e+01       1
1275 1.115146e+01       1
1276 2.601406e+00       1
1277 6.434723e+00       1
1278 1.381951e+01       1
1279 2.518517e+01       1
1280 3.105890e+01       1
1281 1.431041e+00       1
1282 2.337441e+01       1
1283 5.739960e-01       1
1284 2.969188e+01       1
1285 2.793352e+00       1
1286 1.754642e-02       1
1287 2.556440e+01       1
1288 5.312409e+01       1
1289 3.197651e-01       1
1290 1.224587e+01       1
1291 2.764836e+00       1
1292 1.355995e+00       1
1293 1.842188e+01       1
1294 4.765693e+00       1
1295 2.296190e-02       1
1296 3.955529e-01       1
1297 8.372420e+01       1
1298 3.195460e+02       1
1299 6.145186e-01       1
1300 6.329806e-01       1
1301 3.503521e-01       1
1302 4.456591e+01       1
1303 3.929524e+00       1
1304 1.212327e+01       1
1305 4.975039e+01       1
1306 2.932396e+01       1
1307 4.341403e+01       1
1308 9.837026e+00       1
1309 3.015471e+01       1
1310 7.637964e+01       1
1311 6.317440e+00       1
1312 1.430013e+01       1
1313 2.448608e+00       1
1314 2.792102e+02       1
1315 1.658113e+00       1
1316 5.761634e+00       1
1317 1.746350e+00       1
1318 1.214516e+01       1
1319 2.432076e+00       1
1320 1.930056e+01       1
1321 6.524233e+01       1
1322 7.491812e+00       1
1323 1.388818e+01       1
1324 1.328114e+01       1
1325 6.850625e-01       1
1326 2.563529e+00       1
1327 6.038290e-01       1
1328 6.750079e+00       1
1329 2.568654e+00       1
1330 6.621990e+00       1
1331 1.003825e+01       1
1332 5.790089e+01       1
1333 1.745817e+01       1
1334 2.135443e+01       1
1335 2.779280e+00       1
1336 8.001030e+00       1
1337 1.184400e+01       1
1338 8.727608e+00       1
1339 3.609814e+01       1
1340 1.902551e+00       1
1341 2.407244e+02       1
1342 1.760217e+01       1
1343 1.908267e+02       1
1344 1.233699e+01       1
1345 5.390831e+01       1
1346 2.334059e+01       1
1347 8.371832e+00       1
1348 4.424169e+02       1
1349 1.576983e+02       1
1350 9.697540e+00       1
1351 9.776569e+01       1
1352 3.418102e+01       1
1353 8.032911e+01       1
1354 4.037284e+01       1
1355 7.076432e+01       1
1356 4.911881e+00       1
1357 6.308881e+00       1
1358 7.119210e+00       1
1359 2.311579e-01       1
1360 2.432592e-01       1
1361 4.390375e+00       1
1362 1.076115e+02       1
1363 4.502037e+01       1
1364 1.002711e+01       1
1365 4.486764e+00       1
1366 4.754452e+00       1
1367 3.377498e+01       1
1368 1.544113e+02       1
1369 2.157115e+01       1
1370 2.412476e+01       1
1371 1.903536e+00       1
1372 4.851670e+01       1
1373 6.853892e+00       1
1374 1.867611e+00       1
1375 9.792341e+00       1
1376 1.065053e+01       1
1377 3.303693e+01       1
1378 3.819440e+01       1
1379 1.660587e+02       1
1380 1.041243e+01       1
1381 1.477474e+01       1
1382 1.019135e+01       1
1383 2.772569e+01       1
1384 9.594309e+00       1
1385 1.184846e+02       1
1386 5.916987e+00       1
1387 2.937494e+01       1
1388 1.120801e+02       1
1389 5.452641e+01       1
1390 8.446917e-01       1
1391 1.029536e+01       1
1392 1.540610e+02       1
1393 2.595079e+01       1
1394 9.895617e+01       1
1395 8.118020e+01       1
1396 2.533671e-01       1
1397 1.701513e+01       1
1398 3.479974e+01       1
1399 7.512977e-01       1
1400 4.483795e-01       1
1401 1.412553e+01       1
1402 9.078067e+00       1
1403 4.112697e+01       1
1404 2.417521e+01       1
1405 3.757672e+00       1
1406 5.649006e+01       1
1407 1.803084e+02       1
1408 4.764090e+01       1
1409 4.737937e+00       1
1410 6.935435e+01       1
1411 1.782043e+01       1
1412 3.668922e+01       1
1413 4.002925e+01       1
1414 1.515912e+01       1
1415 4.257403e+00       1
1416 2.250969e+02       1
1417 5.199685e+00       1
1418 3.134644e-01       1
1419 4.106886e+01       1
1420 3.593659e+00       1
1421 2.686035e+01       1
1422 5.459805e+01       1
1423 6.417138e+01       1
1424 5.632425e-02       1
1425 4.927618e+00       1
1426 5.569091e+00       1
1427 5.511368e+00       1
1428 5.600360e-02       1
1429 9.731069e-01       1
1430 2.033957e+00       1
1431 2.273528e+01       1
1432 1.549518e+01       1
1433 4.280067e+01       1
1434 5.129594e-02       1
1435 6.779943e+01       1
1436 8.075705e-01       1
1437 3.418686e+00       1
1438 3.988948e+00       1
1439 2.644304e+02       1
1440 3.778493e+02       1
1441 3.143591e+01       1
1442 1.536351e-01       1
1443 2.258916e+02       1
1444 3.743845e+01       1
1445 3.214569e+01       1
1446 9.417513e+00       1
1447 1.045510e+01       1
1448 3.842533e-02       1
1449 4.848758e+00       1
1450 1.636979e-01       1
1451 1.914269e+02       1
1452 1.014301e+02       1
1453 5.088355e-01       1
1454 2.331321e+00       1
1455 2.213567e+02       1
1456 3.644201e+00       1
1457 1.802809e+00       1
1458 1.317861e+02       1
1459 2.393471e+00       1
1460 3.273604e+01       1
1461 2.953812e+01       1
1462 7.163379e+01       1
1463 2.926198e+02       1
1464 2.844473e+01       1
1465 2.010635e+00       1
1466 7.056501e-01       1
1467 2.389505e+02       1
1468 3.349201e+00       1
1469 7.636159e-02       1
1470 1.666704e+01       1
1471 4.593907e+01       1
1472 5.630128e+01       1
1473 7.491032e+01       1
1474 1.248631e+01       1
1475 2.979716e+02       1
1476 8.748143e+01       1
1477 9.051089e+01       1
1478 1.245218e-01       1
1479 1.064714e+01       1
1480 4.215344e+01       1
1481 1.690594e+00       1
1482 8.534656e+00       1
1483 3.476007e+01       1
1484 2.243423e+00       1
1485 6.181799e+01       1
1486 1.284637e+02       1
1487 9.060797e-01       1
1488 2.049371e+01       1
1489 7.783699e+01       1
1490 6.831604e+02       1
1491 6.044109e+01       1
1492 6.929532e+01       1
1493 3.286899e+00       1
1494 1.780252e+02       1
1495 9.662962e-02       1
1496 2.634446e+00       1
1497 5.792952e+00       1
1498 2.982871e+00       1
1499 1.027735e+02       1
1500 1.034214e+01       1
1501 6.118287e+01       1
1502 5.298079e+00       1
1503 2.125144e-04       1
1504 1.099701e+02       1
1505 4.438641e+01       1
1506 7.395004e+01       1
1507 5.188629e+00       1
1508 1.124351e+01       1
1509 1.146634e+02       1
1510 3.411500e+00       1
1511 1.450975e+02       1
1512 2.148334e+00       1
1513 3.815705e+02       1
1514 2.873077e+01       1
1515 1.428745e+02       1
1516 4.257704e+01       1
1517 1.738854e+02       1
1518 8.419322e+01       1
1519 1.010595e+00       1
1520 4.709126e+01       1
1521 1.374126e+01       1
1522 1.923574e+01       1
1523 3.535822e+00       1
1524 1.211536e+01       1
1525 1.097663e+02       1
1526 8.782011e+01       1
1527 1.032577e+02       1
1528 4.353866e+00       1
1529 2.048782e+00       1
1530 5.435311e+02       1
1531 3.790639e+01       1
1532 2.338605e+01       1
1533 4.400093e+01       1
1534 6.814718e+00       1
1535 2.734167e+01       1
1536 1.328517e+01       1
1537 2.115941e+01       1
1538 3.050105e+01       1
1539 2.979666e+00       1
1540 8.019987e+00       1
1541 5.551980e+01       1
1542 1.005564e+02       1
1543 6.797892e+01       1
1544 6.681961e-01       1
1545 1.620877e-01       1
1546 3.710562e+01       1
1547 3.790291e+00       1
1548 5.727621e+01       1
1549 8.619823e-01       1
1550 1.691066e-01       1
1551 1.538469e+01       1
1552 7.644871e+00       1
1553 2.528276e-01       1
1554 2.158340e+01       1
1555 3.559182e+01       1
1556 4.589422e+00       1
1557 1.428668e+01       1
1558 9.005199e+00       1
1559 9.729139e+00       1
1560 3.988034e+00       1
1561 5.279070e+01       1
1562 1.185075e-01       1
1563 8.829356e+01       1
1564 6.365629e+00       1
1565 9.144831e-03       1
1566 2.469774e+00       1
1567 1.798094e+01       1
1568 7.115219e+01       1
1569 1.080131e+01       1
1570 2.856450e+01       1
1571 5.837739e+01       1
1572 1.089314e+01       1
1573 5.444184e-01       1
1574 3.711350e+02       1
1575 1.148538e+02       1
1576 2.118560e-01       1
1577 4.532820e+01       1
1578 5.193024e+01       1
1579 5.110499e+01       1
1580 8.921231e+00       1
1581 7.829610e+00       1
1582 4.165471e+01       1
1583 2.772970e+02       1
1584 2.765819e+01       1
1585 1.594290e+00       1
1586 1.356929e+01       1
1587 2.757658e+00       1
1588 4.912595e+01       1
1589 1.269140e+02       1
1590 3.751192e-01       1
1591 4.707171e-05       1
1592 1.926616e+01       1
1593 2.618647e-02       1
1594 7.676843e+01       1
1595 1.839396e+01       1
1596 1.372868e+00       1
1597 3.902366e+01       1
1598 5.324280e+00       1
1599 7.375031e+01       1
1600 1.229827e+02       1
1601 1.840728e+00       1
1602 5.613519e+00       1
1603 9.421254e+00       1
1604 4.451008e+01       1
1605 1.561243e+01       1
1606 8.312951e+01       1
1607 1.258515e+01       1
1608 4.582458e+02       1
1609 2.030247e+01       1
1610 1.334602e+02       1
1611 7.047872e+00       1
1612 2.362690e+01       1
1613 1.286728e+00       1
1614 5.870817e+01       1
1615 3.363911e+00       1
1616 1.967293e+02       1
1617 1.841336e-02       1
1618 3.368147e+00       1
1619 5.890969e+00       1
1620 2.035464e+01       1
1621 7.295931e+00       1
1622 2.842340e+01       1
1623 1.135383e+01       1
1624 1.998502e+00       1
1625 4.192736e+01       1
1626 2.302719e+00       1
1627 5.071443e+01       1
1628 2.569623e+00       1
1629 1.135516e+02       1
1630 2.624936e+01       1
1631 1.630276e+01       1
1632 1.206336e+01       1
1633 6.581295e-01       1
1634 1.813105e+01       1
1635 7.828821e+00       1
1636 3.043483e+01       1
1637 4.567504e+01       1
1638 1.646663e+01       1
1639 8.338162e-02       1
1640 1.012686e+02       1
1641 9.881131e+00       1
1642 2.839831e-03       1
1643 2.837588e+00       1
1644 4.047387e+01       1
1645 1.899475e-02       1
1646 4.069727e-01       1
1647 5.604582e+00       1
1648 1.338274e+01       1
1649 1.243567e+01       1
1650 3.814020e+01       1
1651 8.084672e+00       1
1652 2.895449e+01       1
1653 3.232170e+00       1
1654 9.071435e+01       1
1655 1.141086e+00       1
1656 1.043770e+01       1
1657 3.363486e+00       1
1658 2.861943e+00       1
1659 4.587837e-01       1
1660 9.307303e-02       1
1661 5.525716e+01       1
1662 1.316871e+02       1
1663 5.069665e+01       1
1664 2.733703e+01       1
1665 1.562199e+01       1
1666 2.477735e+00       1
1667 1.603859e+02       1
1668 5.681476e+00       1
1669 3.368129e+00       1
1670 3.491870e-01       1
1671 5.016412e+00       1
1672 9.784928e+00       1
1673 1.434730e+01       1
1674 1.116604e-01       1
1675 6.423535e+00       1
1676 1.617998e+01       1
1677 3.081920e+02       1
1678 8.105087e+01       1
1679 2.005566e+03       1
1680 3.027618e+00       1
1681 2.153030e+01       1
1682 1.410896e+01       1
1683 2.674721e+02       1
1684 3.118532e+01       1
1685 1.188098e-02       1
1686 1.157915e+02       1
1687 9.470016e+01       1
1688 3.778273e+01       1
1689 6.609246e+00       1
1690 2.662388e+01       1
1691 4.110904e+01       1
1692 4.755862e+01       1
1693 7.511101e-01       1
1694 6.239823e-01       1
1695 3.669475e+00       1
1696 8.449486e+00       1
1697 1.916053e+01       1
1698 2.744809e+01       1
1699 1.230302e+01       1
1700 1.310845e+00       1
1701 5.647912e+00       1
1702 1.531413e+02       1
1703 1.755110e+01       1
1704 2.495457e+01       1
1705 5.584003e+00       1
1706 1.264861e-01       1
1707 7.942734e-01       1
1708 1.028678e+00       1
1709 5.795814e-01       1
1710 1.885951e+01       1
1711 1.294794e+01       1
1712 2.927872e+01       1
1713 1.702844e+01       1
1714 9.075045e-01       1
1715 5.352239e+01       1
1716 5.599888e+01       1
1717 2.265627e+01       1
1718 2.640821e+00       1
1719 1.462863e-02       1
1720 5.788296e+01       1
1721 3.339630e-01       1
1722 6.269228e+00       1
1723 1.003019e+02       1
1724 8.864548e+00       1
1725 7.203779e+00       1
1726 2.709997e+01       1
1727 5.699404e+01       1
1728 3.804434e+01       1
1729 4.221210e+01       1
1730 3.948946e+00       1
1731 5.720829e+00       1
1732 1.442624e+00       1
1733 1.077959e+03       1
1734 2.314910e+01       1
1735 1.621914e+00       1
1736 1.851414e-02       1
1737 3.066318e+01       1
1738 5.555182e-01       1
1739 4.538207e+01       1
1740 5.514888e-01       1
1741 4.413688e+01       1
1742 1.061939e+01       1
1743 2.933213e+01       1
1744 1.047052e+02       1
1745 4.502794e+00       1
1746 9.277740e+01       1
1747 6.208357e+01       1
1748 9.718282e-02       1
1749 3.099678e+01       1
1750 1.761868e+01       1
1751 3.449817e+01       1
1752 1.260791e-02       1
1753 1.305073e+01       1
1754 6.795729e+01       1
1755 8.959246e+00       1
1756 4.172072e-01       1
1757 6.678878e-01       1
1758 5.805665e+01       1
1759 4.391777e+01       1
1760 1.545973e+02       1
1761 7.755787e+01       1
1762 1.812948e-01       1
1763 3.983372e+00       1
1764 1.281915e-02       1
1765 6.126596e+01       1
1766 6.947879e+01       1
1767 5.480336e+01       1
1768 1.753019e+01       1
1769 1.377659e-01       1
1770 8.241245e+00       1
1771 5.211470e+00       1
1772 1.157207e+00       1
1773 7.062002e+00       1
1774 2.369386e+01       1
1775 9.110266e+01       1
1776 5.215491e+01       1
1777 4.085464e-01       1
1778 1.034400e+01       1
1779 4.056628e+01       1
1780 4.334573e-02       1
1781 1.657397e+01       1
1782 6.291476e+00       1
1783 1.908119e+01       1
1784 1.190408e+00       1
1785 2.521706e-01       1
1786 1.221470e+01       1
1787 7.600393e+01       1
1788 2.139694e-01       1
1789 3.008419e-02       1
1790 4.087297e+00       1
1791 3.668145e+00       1
1792 1.176145e+00       1
1793 1.872013e-01       1
1794 1.501734e+00       1
1795 7.027063e+00       1
1796 4.168317e+00       1
1797 1.731118e-01       1
1798 4.053880e+00       1
1799 1.057332e-01       1
1800 8.677410e+00       1
1801 2.288954e+00       1
1802 2.356814e+01       1
1803 5.757719e+01       1
1804 7.335266e+01       1
1805 9.055538e-01       1
1806 1.573390e+02       1
1807 6.522099e-02       1
1808 9.439174e+01       1
1809 1.515372e+01       1
1810 1.919222e+01       1
1811 1.686446e+00       1
1812 2.557991e+00       1
1813 4.495171e+00       1
1814 4.801634e+01       1
1815 1.410810e+01       1
1816 5.497575e+00       1
1817 3.487254e+00       1
1818 2.235906e+00       1
1819 3.222200e+01       1
1820 2.764060e+02       1
1821 2.947995e+01       1
1822 1.597124e+00       1
1823 5.099502e-01       1
1824 1.692464e+01       1
1825 1.141328e+01       1
1826 4.240998e+01       1
1827 5.134234e-02       1
1828 6.181261e+00       1
1829 1.126723e+01       1
1830 6.435784e+00       1
1831 6.809717e+00       1
1832 7.340383e+00       1
1833 5.659872e+01       1
1834 3.447558e+01       1
1835 4.162116e+01       1
1836 8.289011e+02       1
1837 1.170723e+02       1
1838 2.932113e+00       1
1839 2.874461e+01       1
1840 2.400185e-01       1
1841 4.676963e+01       1
1842 5.342438e+01       1
1843 2.808683e+02       1
1844 1.920501e+01       1
1845 1.551241e+00       1
1846 6.800637e+00       1
1847 6.253728e-01       1
1848 8.493490e+00       1
1849 1.300945e+02       1
1850 3.102668e-01       1
1851 1.473739e+02       1
1852 3.631212e+02       1
1853 8.965042e+00       1
1854 5.421485e+00       1
1855 3.725674e-01       1
1856 2.354690e-02       1
1857 2.212518e+01       1
1858 2.747865e+02       1
1859 2.478817e+00       1
1860 4.104082e+00       1
1861 9.825688e-01       1
1862 3.126168e+01       1
1863 6.605844e+01       1
1864 7.223710e+00       1
1865 9.817065e+01       1
1866 3.008476e+01       1
1867 2.258420e+01       1
1868 3.020907e+01       1
1869 7.667047e+02       1
1870 1.962221e+01       1
1871 2.570052e+01       1
1872 3.112870e+02       1
1873 2.050665e+02       1
1874 1.244959e+02       1
1875 9.974133e-01       1
1876 1.219321e+01       1
1877 4.109874e+02       1
1878 3.017117e+01       1
1879 6.679552e-02       1
1880 2.040946e+01       1
1881 5.126303e+01       1
1882 1.113501e+02       1
1883 8.887031e+01       1
1884 1.020164e+02       1
1885 5.997739e+01       1
1886 1.055698e+00       1
1887 1.383481e+02       1
1888 1.962325e+00       1
1889 2.815161e+01       1
1890 1.667303e+01       1
1891 5.095360e+00       1
1892 1.066434e+01       1
1893 1.318336e-01       1
1894 2.121716e+01       1
1895 2.151550e+01       1
1896 6.322080e+00       1
1897 1.362006e+02       1
1898 2.321318e+01       1
1899 8.320162e+01       1
1900 8.362282e+00       1
1901 8.049862e+01       1
1902 4.669572e+01       1
1903 1.970991e+01       1
1904 2.024057e+01       1
1905 1.016794e+01       1
1906 8.346954e+00       1
1907 7.145250e+01       1
1908 9.078603e+01       1
1909 6.779465e+01       1
1910 1.909996e+00       1
1911 2.454063e+01       1
1912 1.213126e+02       1
1913 9.007848e+01       1
1914 5.755742e+01       1
1915 3.708815e+01       1
1916 5.018350e+01       1
1917 1.382895e+01       1
1918 1.627790e-01       1
1919 4.075814e+00       1
1920 2.846345e+01       1
1921 5.687248e+00       1
1922 7.160002e-01       1
1923 1.153586e+01       1
1924 1.549511e+02       1
1925 1.118645e+01       1
1926 5.894096e+01       1
1927 5.439600e+01       1
1928 6.142901e+00       1
1929 2.945689e+01       1
1930 2.224496e+01       1
1931 5.389135e+01       1
1932 7.144350e+01       1
1933 5.839285e+00       1
1934 5.540279e+01       1
1935 6.655002e+01       1
1936 5.807591e+01       1
1937 3.678637e+00       1
1938 2.082904e+03       1
1939 3.932002e+01       1
1940 3.846403e-01       1
1941 6.854557e-01       1
1942 1.169336e+02       1
1943 2.521744e+01       1
1944 1.673173e+01       1
1945 2.061168e+01       1
1946 1.442315e+01       1
1947 3.672108e+00       1
1948 1.618083e+02       1
1949 6.474493e+01       1
1950 1.937578e+01       1
1951 2.892612e+00       1
1952 3.083668e+02       1
1953 1.476545e+02       1
1954 5.635072e+00       1
1955 2.497426e+00       1
1956 2.238596e+01       1
1957 4.776512e+00       1
1958 2.724983e+01       1
1959 2.673068e+00       1
1960 3.898470e+01       1
1961 4.007842e+01       1
1962 1.531334e+01       1
1963 4.056386e+01       1
1964 6.527924e-01       1
1965 6.223748e+01       1
1966 2.941310e+01       1
1967 5.341040e+02       1
1968 1.713602e+01       1
1969 7.852764e+00       1
1970 2.654742e-02       1
1971 1.088878e-01       1
1972 3.309301e+02       1
1973 3.505645e-01       1
1974 1.130384e+02       1
1975 3.967226e+01       1
1976 9.307841e+00       1
1977 6.093171e+01       1
1978 1.096822e+01       1
1979 2.112005e+00       1
1980 2.876661e+01       1
1981 1.973943e+01       1
1982 1.161196e+01       1
1983 7.916474e-02       1
1984 3.228888e+01       1
1985 2.429532e+02       1
1986 9.422285e-01       1
1987 2.800910e+01       1
1988 3.610696e-02       1
1989 7.836596e-01       1
1990 2.243983e+01       1
1991 1.930626e+01       1
1992 1.612029e+01       1
1993 2.954527e+02       1
1994 1.183449e+02       1
1995 2.263120e+02       1
1996 7.170145e+01       1
1997 3.736247e+00       1
1998 1.001379e+02       1
1999 1.079833e+01       1
2000 3.774166e+00       1
2001 2.001512e+01       1
2002 8.960301e+01       1
2003 3.288238e+00       1
2004 2.452739e+01       1
2005 9.468442e+00       1
2006 1.068755e+02       1
2007 1.272351e+00       1
2008 2.089195e+00       1
2009 9.247332e-01       1
2010 3.335171e-03       1
2011 1.743942e+01       1
2012 3.999440e+03       1
2013 1.262709e+02       1
2014 5.326785e+00       1
2015 3.617987e+01       1
2016 1.751104e+02       1
2017 1.483317e+02       1
2018 2.518811e+02       1
2019 2.543873e+02       1
2020 3.144500e+01       1
2021 1.815543e+01       1
2022 1.525713e+01       1
2023 1.874611e+02       1
2024 2.576147e+01       1
2025 1.265077e+00       1
2026 1.519653e+01       1
2027 8.586309e+01       1
2028 7.377880e+00       1
2029 1.314915e+01       1
2030 9.188657e+02       1
2031 5.552489e+01       1
2032 3.029754e+00       1
2033 1.046151e+02       1
2034 2.328112e+00       1
2035 5.719089e-01       1
2036 2.776048e+02       1
2037 1.772908e+02       1
2038 8.951655e+01       1
2039 9.553002e+01       1
2040 1.497245e+02       1
2041 6.907197e+01       1
2042 1.045389e+00       1
2043 9.985759e+01       1
2044 5.944839e+01       1
2045 5.465438e+01       1
2046 9.705177e+01       1
2047 8.067513e-01       1
2048 8.194315e+02       1
2049 2.438170e+01       1
2050 1.495406e+01       1
2051 5.926008e+00       1
2052 4.120567e+01       1
2053 1.350847e+01       1
2054 2.743407e+01       1
2055 2.537469e+02       1
2056 5.048278e+01       1
2057 5.668252e+02       1
2058 2.140980e+03       1
2059 7.305985e+01       1
2060 4.966492e-01       1
2061 4.100997e+02 0.82544
2062 4.971009e+01       1
2063 2.080827e+01       1
2064 5.505020e+01       1
2065 2.138730e+02       1
2066 4.853523e-01       1
2067 4.636819e+01       1
2068 7.143578e+01       1
2069 3.695727e+00       1
2070 3.328552e+01       1
2071 1.742517e+00       1
2072 5.642308e+00       1
2073 1.219447e-02       1
2074 2.882106e+01       1
2075 3.522763e+01       1
2076 5.971872e+00       1
2077 3.715472e+00       1
2078 1.961554e+01       1
2079 1.128569e-01       1
2080 8.520103e-01       1
2081 1.522592e+00       1
2082 6.542256e+01       1
2083 1.043719e+02       1
2084 1.735724e+00       1
2085 3.380842e+00       1
2086 2.102637e+02       1
2087 2.095810e+00       1
2088 1.951161e+01       1
2089 7.455272e+01       1
2090 9.685953e-02       1
2091 8.195878e-01       1
2092 1.091564e+02       1
2093 3.064599e+01       1
2094 4.576006e+01       1
2095 4.619743e+00       1
2096 4.084789e+01       1
2097 1.436979e+00       1
2098 2.151762e+01       1
2099 1.225556e+01       1
2100 4.227436e-04       1
2101 4.133978e+01       1
2102 1.249034e+00       1
2103 3.388223e-01       1
2104 7.272544e-02       1
2105 2.329523e-01       1
2106 5.093259e+01       1
2107 2.838363e+01       1
2108 2.388775e+00       1
2109 1.186908e+01       1
2110 1.814700e+02       1
2111 2.828190e+01       1
2112 1.170587e+01       1
2113 5.561418e+00       1
2114 1.474846e+01       1
2115 3.117498e+01       1
2116 1.892251e+01       1
2117 7.544729e+01       1
2118 1.631223e+01       1
2119 3.437029e+01       1
2120 8.901092e+00       1
2121 3.653761e+00       1
2122 5.358309e+01       1
2123 3.289593e+01       1
2124 7.483316e+01       1
2125 3.325913e+00       1
2126 8.632204e+00       1
2127 2.520063e-01       1
2128 2.067449e+01       1
2129 7.237334e+01       1
2130 1.947351e+02       1
2131 1.982063e+01       1
2132 1.338527e+00       1
2133 9.472591e+00       1
2134 2.348028e+01       1
2135 1.751147e+01       1
2136 3.434434e-01       1
2137 2.903028e-01       1
2138 3.462326e+01       1
2139 2.339997e+01       1
2140 7.556145e+00       1
2141 5.380202e+01       1
2142 1.730152e+02       1
2143 1.989551e+01       1
2144 2.824286e+00       1
2145 1.189794e+01       1
2146 2.926916e+00       1
2147 9.173774e+00       1
2148 3.476844e+01       1
2149 2.747166e+00       1
2150 3.034540e+01       1
2151 1.420190e+01       1
2152 1.837228e+00       1
2153 8.530317e+01       1
2154 8.232434e+01       1
2155 4.749604e+00       1
2156 5.617063e+01       1
2157 1.303026e+00       1
2158 8.274993e+00       1
2159 9.033355e+01       1
2160 2.009259e+02       1
2161 1.112940e+01       1
2162 8.050255e-01       1
2163 2.032050e-01       1
2164 4.818064e+01       1
2165 3.561248e+01       1
2166 2.216286e+02       1
2167 2.442029e+01       1
2168 3.620412e+00       1
2169 7.746671e-01       1
2170 7.372023e-01       1
2171 1.547238e+01       1
2172 1.010173e+01       1
2173 3.086995e+00       1
2174 1.846251e+00       1
2175 1.285948e+00       1
2176 1.060359e+02       1
2177 4.174472e+01       1
2178 4.171312e+00       1
2179 7.469011e+01       1
2180 5.459344e+02       1
2181 1.655226e+00       1
2182 5.287447e+00       1
2183 1.813129e+01       1
2184 1.171858e+01       1
2185 1.928329e+01       1
2186 6.534945e+00       1
2187 3.404523e+01       1
2188 4.610237e+00       1
2189 5.091512e+01       1
2190 1.676484e-01       1
2191 1.211170e+02       1
2192 9.383050e+01       1
2193 5.803808e+01       1
2194 2.825451e+01       1
2195 1.482403e+01       1
2196 3.152166e+01       1
2197 3.715022e+00       1
2198 7.299400e+00       1
2199 5.445208e-01       1
2200 4.981567e+01       1
2201 6.595707e+00       1
2202 4.838632e+00       1
2203 7.141714e-01       1
2204 8.667402e+00       1
2205 4.123709e+00       1
2206 1.859312e+00       1
2207 1.892107e+01       1
2208 3.309912e+00       1
2209 1.471756e+01       1
2210 1.458432e+01       1
2211 1.410099e+00       1
2212 1.399543e+00       1
2213 7.615179e+01       1
2214 1.239044e-01       1
2215 8.179186e-02       1
2216 7.956815e+01       1
2217 1.407155e+00       1
2218 5.626896e+01       1
2219 1.920964e+00       1
2220 1.565134e+00       1
2221 3.150311e+00       1
2222 1.947822e+01       1
2223 3.594946e+00       1
2224 5.342862e+01       1
2225 2.881372e+00       1
2226 6.201138e+01       1
2227 1.069053e+02       1
2228 2.794209e-02       1
2229 7.199754e+00       1
2230 3.001751e+01       1
2231 4.403387e+01       1
2232 8.035509e+00       1
2233 3.706265e+01       1
2234 3.335354e-01       1
2235 8.515121e+00       1
2236 2.799011e+01       1
2237 5.315563e+01       1
2238 5.082288e+01       1
2239 2.762570e+01       1
2240 2.323460e+01       1
2241 3.585512e+01       1
2242 3.117028e+01       1
2243 1.470061e+00       1
2244 2.884107e+01       1
2245 1.116069e+01       1
2246 6.813596e+00       1
2247 1.924421e+01       1
2248 1.532616e+01       1
2249 7.198508e+00       1
2250 3.308515e+01       1
2251 1.001220e+02       1
2252 2.899500e-01       1
2253 1.895739e-02       1
2254 8.014010e+00       1
2255 2.505535e+02       1
2256 2.527677e+01       1
2257 6.725930e+01       1
2258 6.749527e+01       1
2259 8.107557e+01       1
2260 1.849941e+02       1
2261 6.482078e+00       1
2262 3.615284e+00       1
2263 1.466080e-01       1
2264 1.467913e+02       1
2265 8.204903e-02       1
2266 4.418136e+00       1
2267 7.881462e+00       1
2268 7.834483e+00       1
2269 3.559552e+01       1
2270 2.117290e+01       1
2271 8.537986e+01       1
2272 2.277639e+00       1
2273 2.566366e+01       1
2274 6.900735e+01       1
2275 1.034830e+01       1
2276 9.307802e+00       1
2277 6.590431e-02       1
2278 1.463009e+01       1
2279 1.426132e+00       1
2280 1.968553e+01       1
2281 3.149915e+01       1
2282 8.602180e+00       1
2283 1.668815e+01       1
2284 4.490342e+01       1
2285 8.217780e+01       1
2286 2.987334e+00       1
2287 4.347188e+01       1
2288 1.511135e+00       1
2289 7.740549e+01       1
2290 2.141701e+02       1
2291 4.565523e+01       1
2292 3.135640e+01       1
2293 3.808284e-01       1
2294 2.226230e+01       1
2295 1.048732e+00       1
2296 1.685691e-02       1
2297 1.162039e+01       1
2298 1.532531e+02       1
2299 1.980386e+01       1
2300 7.479779e-02       1
2301 6.624388e+01       1
2302 1.067560e+02       1
2303 1.515618e+01       1
2304 3.516711e+01       1
2305 3.808343e+02       1
2306 3.853299e+02       1
2307 1.659539e+02       1
2308 1.650857e+00       1
2309 1.827356e+01       1
2310 3.462656e-01       1
2311 1.904805e-01       1
2312 6.146503e+00       1
2313 4.670972e+01       1
2314 9.346384e+01       1
2315 1.360525e+01       1
2316 1.205664e+00       1
2317 2.237324e+00       1
2318 7.436051e-02       1
2319 1.992255e+01       1
2320 1.419286e+01       1
2321 2.682336e+01       1
2322 1.332555e+01       1
2323 7.381584e+01       1
2324 8.255677e+01       1
2325 6.744037e+01       1
2326 1.066754e+01       1
2327 5.619706e+01       1
2328 2.644231e+01       1
2329 1.788921e+00       1
2330 2.048339e+01       1
2331 1.146323e+01       1
2332 2.370326e+00       1
2333 1.083887e+02       1
2334 3.533185e+00       1
2335 3.823258e+01       1
2336 1.387205e+02       1
2337 5.153461e+00       1
2338 4.998415e+01       1
2339 2.497607e+01       1
2340 6.217158e-01       1
2341 1.894225e+02       1
2342 5.501213e-02       1
2343 2.109036e+01       1
2344 3.550744e+01       1
2345 1.556752e+01       1
2346 9.899240e+00       1
2347 1.179129e+01       1
2348 9.802040e+00       1
2349 7.432841e+00       1
2350 7.078164e+01       1
2351 4.736007e+02       1
2352 5.283743e+01       1
2353 1.686164e+01       1
2354 2.491379e+01       1
2355 2.213365e+02       1
2356 1.672874e-01       1
2357 5.528902e+02       1
2358 3.097190e-02       1
2359 3.956646e+02       1
2360 3.724093e-01       1
2361 2.960623e+01       1
2362 3.958806e+00       1
2363 1.525240e+00       1
2364 4.033280e+01       1
2365 3.783286e+00       1
2366 1.250681e+01       1
2367 3.752666e-01       1
2368 1.050877e+02       1
2369 7.947654e+01       1
2370 1.637798e+01       1
2371 4.034531e+02       1
2372 2.988610e+00       1
2373 5.313555e+01       1
2374 4.740681e-01       1
2375 1.486845e+02       1
2376 2.805078e+01       1
2377 9.580042e+01       1
2378 1.870606e+01       1
2379 2.534323e+01       1
2380 2.745757e+02       1
2381 2.500112e+01       1
2382 6.399372e+01       1
2383 2.053872e+01       1
2384 5.912741e+01       1
2385 1.166691e+01       1
2386 5.943408e+01       1
2387 5.210676e+01       1
2388 4.030718e+00       1
2389 1.386539e+02       1
2390 3.312037e+00       1
2391 3.090543e+01       1
2392 1.331743e+03       1
2393 1.377952e+00       1
2394 2.312153e+01       1
2395 7.180988e+02       1
2396 1.094645e+02       1
2397 3.893206e+02       1
2398 5.163457e+02       1
2399 2.612989e+02       1
2400 7.196545e+01       1
2401 1.660961e+02       1
2402 2.024188e+01       1
2403 9.345705e+02       1
2404 4.465826e+02       1
2405 3.282450e+01       1
2406 1.198762e-01       1
2407 5.075561e+01       1
2408 2.834539e+01       1
2409 8.322635e-02       1
2410 3.965360e+01       1
2411 1.381790e+00       1
2412 7.271286e+01       1
2413 3.216255e+01       1
2414 5.090758e+01       1
2415 2.673144e+01       1
2416 1.465207e+02       1
2417 1.281628e+03       1
2418 3.443287e+01       1
2419 3.172076e+02       1
2420 1.179725e+01       1
2421 1.624779e+02       1
2422 3.624343e+00       1
2423 3.636656e+01       1
2424 3.390894e+00       1
2425 2.014104e+03       1
2426 7.448476e-01       1
2427 7.013254e+00       1
2428 3.775520e+00       1
2429 1.089362e+00       1
2430 4.077976e+01       1
2431 4.493845e+00       1
2432 1.793844e+01       1
2433 1.509167e+01       1
2434 2.532566e-04       1
2435 2.983048e+00       1
2436 1.099557e+02       1
2437 1.162993e+02       1
2438 2.398807e+00       1
2439 6.460244e+01       1
2440 4.691496e+01       1
2441 1.076356e+00       1
2442 3.893770e+00       1
2443 3.350590e+01       1
2444 1.007548e+02       1
2445 2.687184e+01       1
2446 2.807070e+02       1
2447 3.888228e+01       1
2448 6.162517e+00       1
2449 6.363136e+01       1
2450 2.153016e+00       1
2451 4.144471e-01       1
2452 4.887117e-03       1
2453 7.954795e-01       1
2454 3.982629e+02       1
2455 1.413523e+01       1
2456 6.919733e+02       1
2457 8.275666e+01       1
2458 4.480197e+01       1
2459 1.209187e+01       1
2460 9.306157e+00       1
2461 9.508290e+02       1
2462 8.141276e+01       1
2463 7.396266e+01       1
2464 3.005834e+01       1
2465 9.844428e+00       1
2466 3.136663e+00       1
2467 8.091267e+00       1
2468 2.040216e+02       1
2469 4.269242e+01       1
2470 1.757427e+02       1
2471 2.153722e+01       1
2472 1.798175e+01       1
2473 6.971682e+00       1
2474 1.041716e+02       1
2475 2.686652e+01       1
2476 1.107249e+00       1
2477 1.551073e+02       1
2478 1.950090e+02       1
2479 3.193923e-01       1
2480 2.869516e-01       1
2481 8.789598e-01       1
2482 3.611694e+00       1
2483 7.879623e+01       1
2484 4.278166e-01       1
2485 2.004584e+01       1
2486 1.952708e+01       1
2487 1.502097e+00       1
2488 1.414798e+00       1
2489 2.651020e+00       1
2490 1.260117e+01       1
2491 3.446162e+01       1
2492 1.276921e+01       1
2493 2.161882e+00       1
2494 1.573624e+02       1
2495 7.790076e+00       1
2496 6.739788e+00       1
2497 1.552829e+01       1
2498 4.605091e+02       1
2499 5.769181e+01       1
2500 4.415924e+00       1
2501 1.333623e+03       1
2502 2.029825e+02       1
2503 1.633243e+01       1
2504 7.840281e-02       1
2505 1.466406e+01       1
2506 9.878421e-02       1
2507 1.329133e+03       1
2508 9.386253e-01       1
2509 3.731213e-01       1
2510 1.637433e+00       1
2511 2.778082e+02       1
2512 6.976088e+01       1
2513 5.776608e+01       1
2514 1.124349e+02       1
2515 1.200805e+00       1
2516 1.164449e+01       1
2517 9.319564e+02       1
2518 2.705173e+00       1
2519 5.290722e+00       1
2520 8.735689e+00       1
2521 1.156699e+01       1
2522 6.481244e+01       1
2523 4.360874e+02       1
2524 5.466321e-01       1
2525 3.687358e+02       1
2526 2.155421e+00       1
2527 2.231904e+01       1
2528 5.134003e+01       1
2529 3.807449e+01       1
2530 3.184292e+02       1
2531 6.191868e+00       1
2532 5.034841e+02       1
2533 2.247280e+01       1
2534 7.379565e+00       1
2535 3.875524e+02       1
2536 1.339820e+02       1
2537 7.417503e+01       1
2538 1.010436e+02       1
2539 5.371589e+01       1
2540 8.736854e+01       1
2541 3.172701e+00       1
2542 4.062133e-02       1
2543 1.093809e+02       1
2544 1.697037e+01       1
2545 5.788263e+01       1
2546 9.593686e+00       1
2547 3.281992e+01       1
2548 4.930561e+01       1
2549 2.534099e+00       1
2550 8.853151e+01       1
2551 3.560009e+01       1
2552 6.679908e+00       1
2553 7.809923e+01       1
2554 1.366925e+02       1
2555 3.006017e+01       1
2556 1.774909e+01       1
2557 3.248429e+02       1
2558 7.374909e+00       1
2559 2.007378e-02       1
2560 6.575463e+02       1
2561 1.005559e+02       1
2562 2.390498e+00       1
2563 8.068572e+00       1
2564 2.887335e+00       1
2565 2.507426e+02       1
2566 3.735939e+01       1
2567 6.624352e+00       1
2568 2.406481e-02       1
2569 2.000676e+02       1
2570 1.926794e-01       1
2571 1.121234e+00       1
2572 1.707535e+01       1
2573 3.932712e+00       1
2574 1.664275e+02       1
2575 2.168081e+01       1
2576 2.647854e+00       1
2577 9.109087e+01       1
2578 8.102518e+01       1
2579 9.383300e+00       1
2580 5.591240e+01       1
2581 3.513182e+01       1
2582 2.889756e+01       1
2583 1.348960e-01       1
2584 1.820902e+00       1
2585 7.712264e-01       1
2586 3.727857e+01       1
2587 1.175974e+01       1
2588 5.230420e-01       1
2589 1.512265e+01       1
2590 1.875565e+00       1
2591 3.849601e+01       1
2592 3.327715e+01       1
2593 5.284611e+01       1
2594 1.817531e+01       1
2595 2.246552e+03       1
2596 1.540515e+01       1
2597 5.708804e+01       1
2598 5.000867e+02       1
2599 9.257259e-01       1
2600 1.238725e+02       1
2601 7.583553e+01       1
2602 1.297373e+01       1
2603 1.212004e+01       1
2604 2.490537e+01       1
2605 2.545536e+00       1
2606 2.958254e+02       1
2607 4.675119e+01       1
2608 2.917298e+01       1
2609 4.023590e+02       1
2610 6.945239e+00       1
2611 1.672081e+01       1
2612 1.061539e+00       1
2613 4.173161e+00       1
2614 3.075259e+00       1
2615 2.356001e+01       1
2616 5.441071e+00       1
2617 3.682865e+01       1
2618 5.943610e+00       1
2619 2.002410e+01       1
2620 3.040480e+02       1
2621 8.579067e+01       1
2622 7.109910e+02       1
2623 4.208096e+01       1
2624 7.150963e-02       1
2625 2.360765e+00       1
2626 5.204806e-01       1
2627 2.553717e+02       1
2628 3.409234e+01       1
2629 1.234566e+02       1
2630 1.947979e+02       1
2631 1.512901e+01       1
2632 2.098619e+00       1
2633 2.323017e+00       1
2634 2.392234e+00       1
2635 4.311946e+02       1
2636 1.448742e-01       1
2637 3.042207e+01       1
2638 1.032322e+01       1
2639 5.243516e-01       1
2640 3.821123e+01       1
2641 4.904509e+01       1
2642 8.486935e-01       1
2643 1.007336e+02       1
2644 6.279627e+00       1
2645 7.891418e+01       1
2646 8.601607e-01       1
2647 1.874418e+00       1
2648 8.961864e+01       1
2649 7.202040e+00       1
2650 5.714459e+01       1
2651 2.426014e+01       1
2652 1.201476e+02       1
2653 2.045510e+01       1
2654 3.464644e+02       1
2655 9.365240e-01       1
2656 1.451776e+02       1
2657 5.886942e+01       1
2658 3.745648e+01       1
2659 8.269103e+01       1
2660 2.065355e-02       1
2661 4.227693e+01       1
2662 1.062993e+03       1
2663 1.742385e+03       1
2664 1.069904e+02       1
2665 1.191534e+02       1
2666 4.683686e+01       1
2667 1.752492e+02       1
2668 1.682488e+01       1
2669 4.457216e-01       1
2670 3.934960e+01       1
2671 4.447037e+01       1
2672 9.639791e+00       1
2673 5.798191e+00       1
2674 7.351349e-03       1
2675 7.611055e+00       1
2676 4.416503e+00       1
2677 2.365602e+02       1
2678 3.845538e-01       1
2679 1.881864e+02       1
2680 3.151259e+01       1
2681 3.082647e+00       1
2682 1.512281e+00       1
2683 3.470862e+01       1
2684 1.342571e+02       1
2685 5.195211e+01       1
2686 2.103576e+01       1
2687 1.091399e+01       1
2688 2.116661e+01       1
2689 3.122163e+01       1
2690 8.006420e+01       1
2691 7.630655e+00       1
2692 1.225614e+00       1
2693 9.130222e+00       1
2694 4.949943e+01       1
2695 4.192440e+01       1
2696 3.092679e+01       1
2697 1.747102e+01       1
2698 3.821992e+01       1
2699 1.170330e+01       1
2700 4.634731e+02       1
2701 6.762814e+01       1
2702 1.323562e+01       1
2703 3.086585e+01       1
2704 7.896537e+00       1
2705 5.915496e+01       1
2706 1.934677e+00       1
2707 2.913574e+01       1
2708 1.048961e-04       1
2709 6.992100e-02       1
2710 4.082917e+01       1
2711 2.091811e+01       1
2712 1.688033e+02       1
2713 6.978744e+01       1
2714 2.818656e+01       1
2715 1.204041e+01       1
2716 3.098909e+01       1
2717 1.499350e+01       1
2718 1.739155e+03       1
2719 4.556243e+00       1
2720 8.418163e+01       1
2721 5.113900e+00       1
2722 1.125985e+02       1
2723 4.116658e+00       1
2724 1.048670e+02       1
2725 6.532611e+00       1
2726 1.820667e+01       1
2727 4.649672e+01       1
2728 8.894323e+01       1
2729 1.709446e+03       1
2730 4.672627e+01       1
2731 1.030264e+01       1
2732 7.665073e+01       1
2733 6.083018e+01       1
2734 2.378192e+00       1
2735 4.776376e+01       1
2736 7.252206e+01       1
2737 3.688069e+02       1
2738 9.631473e+01       1
2739 3.967393e+02       1
2740 1.312673e+01       1
2741 6.834599e+01       1
2742 1.029534e+02       1
2743 1.286026e+00       1
2744 3.663450e+00       1
2745 1.846329e+01       1
2746 4.942408e+00       1
2747 3.787312e+01       1
2748 1.088476e+02       1
2749 3.653771e+00       1
2750 1.404193e+00       1
2751 8.291385e+00       1
2752 2.752024e+00       1
2753 2.585674e+01       1
2754 3.638870e+01       1
2755 8.567043e+00       1
2756 2.489988e+01       1
2757 8.325451e+00       1
2758 7.553342e+01       1
2759 7.622890e+00       1
2760 1.326290e+02       1
2761 1.714976e+01       1
2762 1.024251e+02       1
2763 3.650197e+01       1
2764 1.587845e+01       1
2765 9.470295e+00       1
2766 1.098473e+00       1
2767 2.345503e+01       1
2768 2.108440e+00       1
2769 5.429949e+00       1
2770 6.311270e+01       1
2771 4.051130e+01       1
2772 1.890573e+00       1
2773 9.623552e+00       1
2774 8.817054e+00       1
2775 7.593997e+00       1
2776 5.426049e+02       1
2777 6.298156e+01       1
2778 2.556755e+02       1
2779 4.090155e+01       1
2780 5.299482e-01       1
2781 5.472252e+00       1
2782 6.701601e-01       1
2783 9.437141e+01       1
2784 2.044725e+02       1
2785 1.281921e+01       1
2786 1.633930e+00       1
2787 2.606361e+00       1
2788 4.481260e+01       1
2789 3.076036e+01       1
2790 1.669703e+01       1
2791 2.825540e+01       1
2792 1.535131e+01       1
2793 7.918032e+00       1
2794 1.073181e+02       1
2795 1.804271e+00       1
2796 8.066394e+00       1
2797 1.429298e+01       1
2798 8.442437e+01       1
2799 4.780911e+01       1
2800 6.897166e+00       1
2801 6.813982e+01       1
2802 4.635343e-01       1
2803 2.649630e+00       1
2804 2.966752e+01       1
2805 1.695813e+00       1
2806 2.344567e+02       1
2807 8.206486e+01       1
2808 5.888239e-01       1
2809 1.506915e+01       1
2810 5.043744e+00       1
2811 3.742611e+01       1
2812 2.483368e+01       1
2813 1.234560e+02       1
2814 1.586440e+01       1
2815 2.709339e+00       1
2816 4.604121e-02       1
2817 8.815488e+00       1
2818 1.635963e+01       1
2819 3.484092e+01       1
2820 4.787813e+00       1
2821 1.095185e+01       1
2822 2.915980e+00       1
2823 2.127710e+01       1
2824 1.831030e+01       1
2825 8.150526e+01       1
2826 2.217988e+01       1
2827 3.963633e+01       1
2828 1.030119e+01       1
2829 1.330079e+01       1
2830 1.645049e-03       1
2831 2.473846e+01       1
2832 8.409860e-02       1
2833 1.469786e-02       1
2834 3.567410e+00       1
2835 3.382905e+01       1
2836 6.360795e+01       1
2837 1.359827e+02       1
2838 1.628429e-01       1
2839 4.918218e+00       1
2840 7.722760e+00       1
2841 2.220455e-02       1
2842 1.430383e+01       1
2843 4.107801e+01       1
2844 4.616339e+00       1
2845 5.839151e+00       1
2846 1.371628e-02       1
2847 1.425667e+01       1
2848 5.755057e+00       1
2849 2.796886e+00       1
2850 2.466370e+02       1
2851 1.173675e+00       1
2852 2.388749e+00       1
2853 1.154950e+01       1
2854 5.188630e+01       1
2855 3.341807e+01       1
2856 5.410997e+00       1
2857 1.564275e+01       1
2858 1.621250e+02       1
2859 2.397281e+01       1
2860 9.627395e+00       1
2861 1.519039e+01       1
2862 3.733400e+00       1
2863 4.412112e+00       1
2864 9.917485e+01       1
2865 1.344804e+02       1
2866 3.228299e+01       1
2867 7.595340e+01       1
2868 9.203984e-01       1
2869 1.346580e+02       1
2870 2.599774e-02       1
2871 4.168068e+01       1
2872 1.962523e+01       1
2873 2.375864e+00       1
2874 4.398403e+00       1
2875 7.100817e+01       1
2876 2.027646e+00       1
2877 1.009925e+02       1
2878 1.532562e-03       1
2879 3.606827e+01       1
2880 1.042711e+02       1
2881 1.961674e+00       1
2882 1.598843e+02       1
2883 2.949711e+01       1
2884 1.212466e+00       1
2885 2.340664e+01       1
2886 1.185118e+00       1
2887 1.426484e+02       1
2888 4.828911e+01       1
2889 2.436194e+01       1
2890 1.111768e+02       1
2891 1.243695e+01       1
2892 1.798824e+01       1
2893 1.012708e+01       1
2894 1.746190e+01       1
2895 1.267147e+02       1
2896 9.921229e+00       1
2897 5.628791e+01       1
2898 2.569645e+01       1
2899 4.421661e+01       1
2900 1.577730e+01       1
2901 3.991096e+00       1
2902 1.394951e+03       1
2903 1.973418e-02       1
2904 2.287483e+01       1
2905 2.068773e+01       1
2906 3.646335e-01       1
2907 3.958950e+01       1
2908 6.876282e+01       1
2909 3.836332e+01       1
2910 4.357670e+01       1
2911 1.460907e+01       1
2912 1.043405e+01       1
2913 1.058329e+00       1
2914 4.278657e-02       1
2915 2.710432e+00       1
2916 5.745395e+01       1
2917 1.728651e-01       1
2918 1.808830e+00       1
2919 3.953108e+01       1
2920 8.553708e+00       1
2921 7.979669e+00       1
2922 1.154578e-01       1
2923 5.363106e+01       1
2924 1.854881e+02       1
2925 1.470900e+01       1
2926 2.205927e+01       1
2927 6.011641e+01       1
2928 9.142679e+00       1
2929 2.341752e+02       1
2930 5.363671e+01       1
2931 2.985542e+01       1
2932 1.910229e+01       1
2933 2.461050e+00       1
2934 1.500504e+00       1
2935 2.603516e+01       1
2936 1.578998e+01       1
2937 2.091207e+00       1
2938 3.324139e+00       1
2939 2.883171e+02       1
2940 1.269109e-01       1
2941 2.508823e+01       1
2942 5.988598e+01       1
2943 7.445387e+01       1
2944 7.848420e+00       1
2945 1.771331e+01       1
2946 1.886031e+01       1
2947 1.233899e+01       1
2948 2.506608e-03       1

$`MR-PRESSO results`$`Distortion Test`
$`MR-PRESSO results`$`Distortion Test`$`Outliers Indices`
[1] "No significant outliers"

$`MR-PRESSO results`$`Distortion Test`$`Distortion Coefficient`
[1] NA

$`MR-PRESSO results`$`Distortion Test`$Pvalue
[1] NA



