$`Main MR results`
       Exposure       MR Analysis Causal Estimate       Sd     T-stat   P-value
1 beta.exposure               Raw        12.52879 52.14739  0.2402573 0.8106084
2 beta.exposure Outlier-corrected        -9.13941 48.73668 -0.1875263 0.8516205

$`MR-PRESSO results`
$`MR-PRESSO results`$`Global Test`
$`MR-PRESSO results`$`Global Test`$RSSobs
[1] 137.281

$`MR-PRESSO results`$`Global Test`$Pvalue
[1] 0.02


$`MR-PRESSO results`$`Outlier Test`
          RSSobs  Pvalue
1   2.865253e+01       1
2   1.186344e+01       1
3   9.184039e+01       1
4   1.197645e+01       1
5   5.268310e+01       1
6   1.682876e+01       1
7   9.489337e+01       1
8   2.836909e+01       1
9   1.035649e+01       1
10  7.018412e-02       1
11  4.438347e-01       1
12  5.173477e-01       1
13  2.974983e+01       1
14  1.941822e+01       1
15  3.040048e+01       1
16  2.395238e+01       1
17  1.335232e+02       1
18  2.457140e+01       1
19  1.178536e+02       1
20  1.428270e-02       1
21  6.589810e+01       1
22  9.261203e+00       1
23  3.970094e+00       1
24  4.553573e+00       1
25  2.866959e-01       1
26  1.380243e+00       1
27  1.686856e+02       1
28  1.041018e-02       1
29  9.075619e+00       1
30  9.921257e+01       1
31  4.423428e+02 <0.0104
32  4.466913e+00       1
33  1.079763e+01       1
34  6.402507e+01       1
35  8.724492e+00       1
36  2.478970e+01       1
37  3.018515e+00       1
38  2.219931e+01       1
39  1.764247e-01       1
40  2.603925e+01       1
41  2.465995e+01       1
42  2.406600e+01       1
43  1.059342e+01       1
44  1.006777e+01       1
45  7.709697e+00       1
46  1.002181e+00       1
47  5.197673e+00       1
48  5.779413e+01       1
49  4.557968e-01       1
50  1.941661e+01       1
51  9.762768e+00       1
52  4.889594e+01       1
53  2.696373e+01       1
54  1.638589e+00       1
55  2.212298e+01       1
56  1.918732e+01       1
57  2.721966e+01       1
58  3.822707e+01       1
59  2.217703e+01       1
60  8.134190e+01       1
61  3.817597e+00       1
62  6.069828e+01       1
63  7.506982e+00       1
64  1.391585e+02       1
65  8.826272e-02       1
66  2.080158e+00       1
67  1.527307e+00       1
68  1.082502e+01       1
69  7.244596e+01       1
70  1.087134e+01       1
71  9.954190e-01       1
72  4.548863e+01       1
73  2.572694e+00       1
74  1.639672e+02       1
75  2.080622e+00       1
76  4.237430e+01       1
77  9.276976e+00       1
78  1.091637e+01       1
79  2.816540e+01       1
80  1.429983e+01       1
81  6.996864e+00       1
82  3.218565e+01       1
83  4.999049e+00       1
84  6.230138e+00       1
85  9.371300e+01       1
86  2.551204e+00       1
87  6.099981e+00       1
88  1.757250e-01       1
89  1.248917e-01       1
90  1.018750e+00       1
91  7.779983e+00       1
92  2.523449e+00       1
93  1.842289e-04       1
94  3.351900e+01       1
95  2.569004e+01       1
96  4.559841e+01       1
97  3.078867e+01       1
98  2.804409e+01       1
99  2.320202e+02   0.156
100 4.183076e+01       1
101 8.266743e+01       1
102 6.919854e+00       1
103 2.372318e-01       1
104 1.246071e+01       1

$`MR-PRESSO results`$`Distortion Test`
$`MR-PRESSO results`$`Distortion Test`$`Outliers Indices`
[1] 31

$`MR-PRESSO results`$`Distortion Test`$`Distortion Coefficient`
beta.exposure 
     237.0853 

$`MR-PRESSO results`$`Distortion Test`$Pvalue
[1] 0.0998



