$`Main MR results`
       Exposure       MR Analysis Causal Estimate          Sd    T-stat
1 beta.exposure               Raw    -0.004219414 0.001110320 -3.800177
2 beta.exposure Outlier-corrected    -0.004289342 0.001106405 -3.876829
       P-value
1 0.0001485487
2 0.0001089522

$`MR-PRESSO results`
$`MR-PRESSO results`$`Global Test`
$`MR-PRESSO results`$`Global Test`$RSSobs
[1] 2321.963

$`MR-PRESSO results`$`Global Test`$Pvalue
[1] 0.02182


$`MR-PRESSO results`$`Outlier Test`
           RSSobs  Pvalue
1    1.563471e-06       1
2    8.034314e-05       1
3    2.416053e-04       1
4    6.814907e-05       1
5    7.081229e-06       1
6    8.270770e-05       1
7    5.792297e-04       1
8    7.606888e-07       1
9    1.596004e-06       1
10   1.750215e-04       1
11   2.582412e-05       1
12   5.661919e-05       1
13   1.645492e-04       1
14   4.108504e-05       1
15   7.095674e-05       1
16   5.709632e-05       1
17   2.399971e-05       1
18   1.099601e-05       1
19   4.036236e-06       1
20   6.047930e-08       1
21   1.052457e-05       1
22   7.213975e-07       1
23   2.265495e-05       1
24   3.274638e-05       1
25   6.350081e-07       1
26   4.109056e-06       1
27   1.666351e-06       1
28   1.882317e-04       1
29   3.667169e-05       1
30   1.733021e-05       1
31   7.649384e-05       1
32   1.287181e-05       1
33   7.385431e-06       1
34   1.396251e-04       1
35   8.818617e-05       1
36   4.186423e-06       1
37   1.132474e-05       1
38   5.067518e-05       1
39   4.163501e-05       1
40   1.476963e-06       1
41   6.954094e-05       1
42   7.468824e-05       1
43   1.494650e-06       1
44   1.489564e-06       1
45   7.014474e-05       1
46   1.361053e-04       1
47   5.761770e-05       1
48   3.435311e-06       1
49   1.997960e-04       1
50   3.592460e-06       1
51   2.633239e-04       1
52   3.494449e-05       1
53   1.996102e-06       1
54   3.716931e-05       1
55   1.917764e-06       1
56   4.834632e-05       1
57   4.452472e-06       1
58   1.561674e-04       1
59   2.320138e-08       1
60   5.404939e-05       1
61   2.866749e-04       1
62   2.983278e-04       1
63   2.890507e-05       1
64   1.679401e-05       1
65   1.538224e-05       1
66   3.648056e-04       1
67   3.557746e-05       1
68   1.452291e-04       1
69   4.041017e-07       1
70   1.062799e-05       1
71   1.533630e-04       1
72   6.398098e-05       1
73   7.473678e-06       1
74   2.463623e-05       1
75   8.988817e-05       1
76   7.045413e-06       1
77   8.021409e-05       1
78   1.184660e-04       1
79   1.299360e-05       1
80   3.492592e-04       1
81   2.790990e-05       1
82   4.751824e-05       1
83   6.626200e-05       1
84   8.756362e-05       1
85   1.873908e-05       1
86   4.394937e-06       1
87   1.042947e-06       1
88   1.022029e-05       1
89   1.114199e-07       1
90   1.227784e-04       1
91   1.762898e-06       1
92   4.014570e-06       1
93   1.073766e-05       1
94   4.908720e-05       1
95   9.033477e-06       1
96   8.154868e-05       1
97   1.575283e-06       1
98   1.352875e-06       1
99   5.780950e-05       1
100  4.525374e-05       1
101  9.337658e-05       1
102  2.852864e-05       1
103  7.817924e-06       1
104  6.344254e-05       1
105  1.112757e-04       1
106  1.331342e-04       1
107  3.478020e-05       1
108  1.386936e-07       1
109  2.717258e-05       1
110  2.560263e-07       1
111  6.534099e-06       1
112  2.844609e-05       1
113  4.874041e-06       1
114  2.975125e-05       1
115  1.816395e-04       1
116  4.067377e-07       1
117  3.694635e-04       1
118  9.082457e-05       1
119  2.181175e-05       1
120  1.142013e-07       1
121  3.320891e-05       1
122  1.409256e-04       1
123  6.273814e-05       1
124  1.579626e-05       1
125  1.372905e-05       1
126  1.702311e-05       1
127  8.230656e-05       1
128  3.652817e-04       1
129  3.275717e-08       1
130  1.114888e-05       1
131  4.807680e-06       1
132  4.787979e-05       1
133  2.208622e-04       1
134  6.776411e-06       1
135  3.413594e-05       1
136  3.898368e-05       1
137  6.181230e-05       1
138  6.416071e-06       1
139  1.661636e-04       1
140  1.372736e-06       1
141  2.077451e-06       1
142  1.481851e-05       1
143  2.190920e-07       1
144  5.370933e-06       1
145  3.607335e-05       1
146  4.748468e-06       1
147  8.900848e-05       1
148  4.516065e-05       1
149  7.428633e-05       1
150  1.260110e-05       1
151  2.212385e-08       1
152  4.626678e-05       1
153  6.164562e-08       1
154  4.417235e-05       1
155  3.058060e-06       1
156  2.502450e-06       1
157  1.978330e-08       1
158  2.818563e-05       1
159  6.923536e-05       1
160  1.089856e-04       1
161  4.382600e-05       1
162  2.276660e-05       1
163  4.161536e-05       1
164  2.438581e-06       1
165  6.734268e-06       1
166  3.298079e-06       1
167  6.180674e-06       1
168  2.678251e-06       1
169  1.641594e-05       1
170  1.116128e-04       1
171  1.363759e-05       1
172  1.784093e-04       1
173  1.758989e-07       1
174  1.656840e-04       1
175  1.229142e-04       1
176  6.433999e-04       1
177  1.133912e-04       1
178  1.691758e-05       1
179  1.907089e-08       1
180  3.436251e-06       1
181  7.605403e-06       1
182  6.637731e-05       1
183  7.775024e-06       1
184  5.277704e-06       1
185  2.439076e-05       1
186  2.081024e-05       1
187  3.246687e-04       1
188  9.326224e-05       1
189  6.819329e-05       1
190  3.201869e-04       1
191  1.128090e-05       1
192  5.939182e-05       1
193  2.658747e-04       1
194  2.535575e-04       1
195  1.030879e-05       1
196  1.526040e-04       1
197  6.959771e-05       1
198  1.983019e-04       1
199  1.065482e-03       1
200  1.566713e-05       1
201  4.495788e-05       1
202  1.095474e-06       1
203  1.557663e-07       1
204  1.033763e-04       1
205  1.878730e-03       1
206  3.203323e-05       1
207  8.599608e-06       1
208  3.901683e-06       1
209  2.026285e-05       1
210  2.448345e-07       1
211  2.764819e-06       1
212  2.448509e-05       1
213  1.212962e-04       1
214  1.062344e-05       1
215  2.106583e-07       1
216  3.467089e-05       1
217  2.014741e-06       1
218  7.947709e-05       1
219  2.455750e-05       1
220  4.304158e-07       1
221  1.897672e-04       1
222  3.326541e-05       1
223  3.636032e-06       1
224  7.290293e-05       1
225  3.695853e-06       1
226  4.956824e-06       1
227  1.429407e-04       1
228  3.253090e-06       1
229  1.721317e-07       1
230  6.420662e-05       1
231  2.094811e-05       1
232  8.080712e-05       1
233  9.005423e-07       1
234  1.311807e-04       1
235  8.528638e-05       1
236  2.028717e-04       1
237  2.338410e-07       1
238  7.161032e-05       1
239  5.798939e-04       1
240  7.121051e-05       1
241  2.009440e-04       1
242  7.952268e-04       1
243  3.593832e-05       1
244  2.307647e-04       1
245  1.239882e-04       1
246  3.869834e-04       1
247  1.393871e-04       1
248  1.527920e-05       1
249  2.047428e-04       1
250  3.320461e-04       1
251  1.800468e-05       1
252  4.012668e-05       1
253  8.575862e-06       1
254  1.515379e-05       1
255  5.428451e-06       1
256  2.042955e-04       1
257  2.058524e-05       1
258  3.677771e-07       1
259  1.050501e-04       1
260  1.796574e-06       1
261  9.524579e-06       1
262  5.382593e-05       1
263  1.008619e-04       1
264  1.899707e-04       1
265  3.477491e-04       1
266  1.893429e-05       1
267  1.221516e-05       1
268  3.827592e-06       1
269  2.236070e-05       1
270  9.332759e-05       1
271  3.431803e-05       1
272  3.789658e-04       1
273  1.648582e-05       1
274  1.146358e-03       1
275  1.354732e-05       1
276  8.543754e-06       1
277  1.685897e-05       1
278  1.574027e-04       1
279  3.916375e-08       1
280  4.281578e-04       1
281  5.284470e-05       1
282  9.677621e-05       1
283  1.810048e-04       1
284  8.989955e-05       1
285  2.241064e-05       1
286  2.021431e-06       1
287  1.739662e-05       1
288  1.824380e-04       1
289  5.282389e-05       1
290  1.345780e-06       1
291  4.034236e-05       1
292  2.296707e-05       1
293  2.403601e-05       1
294  2.493252e-06       1
295  1.101602e-06       1
296  2.284304e-04       1
297  7.630009e-05       1
298  2.904172e-07       1
299  1.124927e-04       1
300  4.521649e-04       1
301  2.611779e-04       1
302  2.742538e-05       1
303  3.891983e-06       1
304  6.306720e-05       1
305  1.060930e-04       1
306  1.263611e-05       1
307  8.482088e-04       1
308  1.955402e-05       1
309  2.225659e-05       1
310  3.580485e-05       1
311  1.086894e-04       1
312  1.998426e-05       1
313  7.108628e-04       1
314  1.255240e-04       1
315  1.311640e-05       1
316  3.345864e-04       1
317  7.087314e-05       1
318  1.102187e-04       1
319  4.937529e-07       1
320  3.309021e-04       1
321  5.264568e-05       1
322  4.240429e-05       1
323  5.662591e-06       1
324  2.357521e-07       1
325  1.027147e-04       1
326  3.226298e-04       1
327  3.770039e-05       1
328  2.031121e-05       1
329  5.787257e-05       1
330  3.247193e-04       1
331  7.603810e-05       1
332  6.081048e-05       1
333  2.004108e-05       1
334  6.834079e-05       1
335  4.763149e-05       1
336  3.639750e-04       1
337  2.539594e-06       1
338  4.494194e-05       1
339  3.788427e-05       1
340  2.329355e-05       1
341  2.360337e-04       1
342  3.661578e-05       1
343  1.329182e-05       1
344  1.174203e-06       1
345  4.315991e-05       1
346  7.769318e-05       1
347  5.970782e-06       1
348  8.511666e-06       1
349  9.128042e-06       1
350  3.993961e-06       1
351  1.222082e-05       1
352  1.687818e-04       1
353  8.302905e-06       1
354  1.273316e-05       1
355  6.798976e-05       1
356  5.666116e-06       1
357  9.039848e-05       1
358  3.968039e-05       1
359  1.779292e-05       1
360  8.121530e-06       1
361  1.065028e-04       1
362  1.457945e-04       1
363  1.549678e-05       1
364  2.408965e-05       1
365  1.301499e-04       1
366  8.127484e-05       1
367  3.243955e-05       1
368  1.735641e-06       1
369  4.978776e-05       1
370  2.231092e-04       1
371  1.018346e-04       1
372  5.144228e-05       1
373  3.517705e-05       1
374  1.228209e-05       1
375  1.775642e-07       1
376  6.996015e-05       1
377  1.062763e-04       1
378  1.178453e-06       1
379  1.331313e-04       1
380  1.180196e-04       1
381  1.124746e-04       1
382  2.666473e-05       1
383  1.003187e-09       1
384  1.138320e-04       1
385  9.658895e-05       1
386  1.579100e-05       1
387  4.665997e-07       1
388  8.497023e-05       1
389  5.653970e-05       1
390  6.579963e-05       1
391  3.666359e-06       1
392  4.877235e-07       1
393  8.723044e-07       1
394  2.002858e-04       1
395  2.401301e-05       1
396  9.404293e-06       1
397  2.818821e-04       1
398  2.885816e-06       1
399  8.075832e-05       1
400  9.601961e-07       1
401  2.349454e-05       1
402  5.055764e-06       1
403  1.350124e-04       1
404  5.087792e-05       1
405  2.153428e-04       1
406  1.481161e-04       1
407  8.921962e-06       1
408  9.202747e-05       1
409  4.466862e-05       1
410  8.307941e-06       1
411  7.393720e-05       1
412  1.448369e-05       1
413  2.456923e-06       1
414  3.249056e-07       1
415  3.403874e-07       1
416  1.004536e-04       1
417  3.694036e-06       1
418  5.426213e-05       1
419  6.429077e-05       1
420  9.832169e-06       1
421  2.446105e-05       1
422  4.688087e-06       1
423  6.890536e-05       1
424  2.988670e-05       1
425  4.796248e-05       1
426  9.769246e-05       1
427  4.974853e-05       1
428  1.916179e-06       1
429  1.216904e-05       1
430  8.279275e-05       1
431  8.401528e-06       1
432  1.353176e-07       1
433  2.857939e-07       1
434  3.715014e-05       1
435  1.179036e-04       1
436  5.079564e-04       1
437  2.219512e-04       1
438  2.889822e-05       1
439  2.553742e-05       1
440  5.362590e-06       1
441  7.434619e-06       1
442  1.347291e-05       1
443  4.499713e-04       1
444  1.297069e-06       1
445  6.418854e-05       1
446  8.528220e-05       1
447  2.512077e-05       1
448  2.256881e-06       1
449  1.262723e-05       1
450  3.159820e-05       1
451  1.548500e-07       1
452  4.614872e-08       1
453  3.721554e-05       1
454  2.166168e-04       1
455  4.606312e-05       1
456  1.362571e-05       1
457  6.094021e-05       1
458  7.040977e-05       1
459  5.071092e-08       1
460  6.157986e-07       1
461  9.349242e-06       1
462  3.079785e-05       1
463  2.691421e-05       1
464  5.884849e-05       1
465  2.852045e-05       1
466  3.754127e-05       1
467  5.945156e-05       1
468  1.718138e-05       1
469  4.657065e-05       1
470  2.186604e-05       1
471  1.447804e-04       1
472  1.317709e-04       1
473  1.384644e-05       1
474  1.908215e-07       1
475  2.082514e-07       1
476  3.892900e-07       1
477  1.161572e-04       1
478  9.149604e-06       1
479  1.261229e-05       1
480  2.233947e-04       1
481  4.147703e-08       1
482  8.427786e-06       1
483  2.648653e-05       1
484  3.097584e-04       1
485  5.730774e-06       1
486  1.358163e-04       1
487  1.274473e-06       1
488  1.194065e-05       1
489  1.277581e-05       1
490  3.501966e-04       1
491  5.530928e-06       1
492  7.179267e-07       1
493  2.894361e-06       1
494  5.868691e-05       1
495  9.511933e-06       1
496  6.155178e-06       1
497  3.321288e-07       1
498  6.103872e-04  0.0437
499  1.843833e-06       1
500  1.055622e-04       1
501  2.794536e-06       1
502  9.240917e-06       1
503  4.969330e-05       1
504  1.659481e-06       1
505  3.412695e-04       1
506  9.851105e-05       1
507  3.100328e-05       1
508  8.222494e-06       1
509  1.583845e-04       1
510  2.944345e-06       1
511  1.854436e-05       1
512  4.188141e-05       1
513  1.737253e-08       1
514  1.809147e-05       1
515  2.843446e-05       1
516  3.206594e-05       1
517  2.025126e-04       1
518  9.459574e-07       1
519  2.145765e-05       1
520  8.609287e-08       1
521  3.861301e-05       1
522  4.449256e-05       1
523  5.476088e-06       1
524  9.662432e-07       1
525  7.403681e-06       1
526  1.266449e-06       1
527  6.973615e-06       1
528  3.173787e-05       1
529  3.069172e-06       1
530  8.428506e-06       1
531  3.025105e-05       1
532  2.925818e-05       1
533  2.678743e-04       1
534  2.521717e-04       1
535  2.627198e-05       1
536  1.774502e-06       1
537  4.699823e-05       1
538  7.788075e-06       1
539  8.018683e-05       1
540  5.815433e-04       1
541  1.655382e-04       1
542  4.584590e-05       1
543  1.305947e-03       1
544  3.819246e-04       1
545  3.317096e-05       1
546  7.570114e-06       1
547  1.042718e-04       1
548  1.201398e-05       1
549  5.683477e-06       1
550  9.489205e-05       1
551  1.205869e-04       1
552  7.750074e-04       1
553  2.775131e-04       1
554  3.546536e-05       1
555  2.037370e-04       1
556  9.433567e-06       1
557  1.751269e-05       1
558  1.032034e-04       1
559  1.046696e-05       1
560  3.476666e-04       1
561  2.216588e-05       1
562  4.013218e-04       1
563  1.908879e-05       1
564  2.204312e-05       1
565  3.207863e-05       1
566  2.981749e-05       1
567  8.538493e-06       1
568  1.303839e-08       1
569  1.309404e-05       1
570  1.734196e-06       1
571  6.821044e-05       1
572  6.157238e-06       1
573  4.596248e-05       1
574  1.512460e-05       1
575  1.210592e-04       1
576  1.090650e-04       1
577  1.366313e-03       1
578  1.003736e-05       1
579  5.529602e-04       1
580  1.091866e-04       1
581  3.486387e-06       1
582  2.155025e-04       1
583  2.156046e-04       1
584  2.109654e-05       1
585  8.005038e-04       1
586  6.685402e-04       1
587  9.848518e-05       1
588  1.144835e-04       1
589  2.210040e-05       1
590  1.231507e-03       1
591  1.434368e-05       1
592  3.216712e-04       1
593  1.113650e-04       1
594  2.402703e-06       1
595  6.657390e-06       1
596  1.725412e-04       1
597  1.413777e-03       1
598  1.015753e-04       1
599  1.518462e-04       1
600  1.956848e-04       1
601  2.425337e-07       1
602  7.166640e-06       1
603  7.050471e-06       1
604  2.539705e-06       1
605  8.386952e-05       1
606  1.635330e-04       1
607  2.214997e-04       1
608  9.909881e-06       1
609  3.043640e-06       1
610  1.411713e-07       1
611  9.995613e-05       1
612  1.999530e-04       1
613  2.231321e-04       1
614  2.753805e-04       1
615  1.189901e-05       1
616  4.303083e-05       1
617  4.282276e-05       1
618  2.755567e-05       1
619  1.944753e-06       1
620  4.231920e-06       1
621  1.798018e-05       1
622  7.087972e-05       1
623  2.836691e-07       1
624  3.029451e-05       1
625  1.713638e-04       1
626  8.372548e-05       1
627  5.964681e-09       1
628  1.044288e-07       1
629  4.394589e-05       1
630  5.329779e-06       1
631  6.661908e-05       1
632  6.407380e-07       1
633  1.290121e-05       1
634  3.663177e-07       1
635  4.662280e-05       1
636  1.273702e-04       1
637  8.806699e-07       1
638  7.645688e-06       1
639  3.258834e-05       1
640  6.602142e-05       1
641  1.458516e-05       1
642  3.628596e-05       1
643  4.550529e-06       1
644  2.049658e-04       1
645  7.178667e-06       1
646  3.107848e-06       1
647  1.552727e-04       1
648  1.166143e-05       1
649  3.576742e-06       1
650  1.139966e-04       1
651  1.354120e-04       1
652  1.457798e-05       1
653  2.890791e-05       1
654  1.303106e-04       1
655  7.353149e-06       1
656  2.001002e-08       1
657  6.855738e-06       1
658  7.139787e-05       1
659  1.742129e-06       1
660  4.752159e-05       1
661  8.142335e-06       1
662  2.418547e-04       1
663  3.207798e-05       1
664  9.636589e-06       1
665  2.758328e-06       1
666  6.350991e-06       1
667  4.939442e-04       1
668  8.786892e-06       1
669  5.846377e-05       1
670  1.073892e-04       1
671  3.206960e-04       1
672  4.569569e-04       1
673  5.944727e-05       1
674  2.286603e-04       1
675  4.501954e-05       1
676  7.444814e-05       1
677  1.280199e-08       1
678  4.951208e-05       1
679  6.544920e-07       1
680  1.972891e-06       1
681  3.037336e-06       1
682  2.426866e-05       1
683  1.021465e-05       1
684  8.335798e-06       1
685  3.651543e-05       1
686  4.036541e-04       1
687  1.211961e-04       1
688  4.173244e-08       1
689  3.065695e-04       1
690  2.636861e-06       1
691  2.807299e-05       1
692  3.119560e-05       1
693  3.417828e-05       1
694  1.893302e-10       1
695  4.740355e-05       1
696  1.372733e-06       1
697  8.057338e-05       1
698  3.974920e-05       1
699  3.283454e-05       1
700  2.586194e-05       1
701  3.867092e-04       1
702  4.136952e-04       1
703  1.041481e-04       1
704  1.022947e-05       1
705  1.274969e-06       1
706  3.752619e-05       1
707  1.776566e-05       1
708  9.195488e-05       1
709  1.307615e-05       1
710  1.049218e-05       1
711  7.151349e-05       1
712  2.262414e-06       1
713  1.444509e-04       1
714  5.470776e-05       1
715  4.116201e-06       1
716  2.856200e-04       1
717  2.727536e-06       1
718  1.981738e-05       1
719  2.736943e-06       1
720  1.278281e-04       1
721  1.394769e-03       1
722  5.685511e-05       1
723  2.528703e-04       1
724  1.210119e-04       1
725  2.131845e-05       1
726  1.456600e-06       1
727  1.269681e-05       1
728  4.164919e-05       1
729  1.821650e-05       1
730  3.391074e-05       1
731  6.700963e-05       1
732  4.151199e-04       1
733  3.237151e-05       1
734  2.889458e-05       1
735  3.278978e-05       1
736  4.444279e-05       1
737  8.585262e-05       1
738  3.519193e-05       1
739  2.261546e-05       1
740  6.510362e-06       1
741  2.542062e-05       1
742  5.122702e-04       1
743  2.519806e-04       1
744  1.001530e-05       1
745  6.264627e-05       1
746  1.266250e-04       1
747  7.106386e-06       1
748  1.174390e-04       1
749  4.198084e-05       1
750  6.363479e-05       1
751  6.574854e-05       1
752  4.563715e-05       1
753  7.899140e-05       1
754  9.278700e-05       1
755  2.234873e-06       1
756  5.499854e-05       1
757  2.149246e-05       1
758  1.285018e-05       1
759  6.119329e-09       1
760  1.980320e-07       1
761  2.024871e-04       1
762  7.302826e-05       1
763  9.320157e-05       1
764  2.002345e-04       1
765  5.212614e-07       1
766  1.778844e-04       1
767  1.352162e-04       1
768  6.887164e-06       1
769  4.020253e-06       1
770  5.459212e-06       1
771  3.049349e-04       1
772  2.998542e-05       1
773  1.273114e-06       1
774  7.747923e-05       1
775  1.844766e-06       1
776  5.775618e-06       1
777  7.076681e-06       1
778  1.268589e-05       1
779  3.138320e-05       1
780  2.654851e-07       1
781  4.473562e-05       1
782  5.430908e-06       1
783  5.665021e-05       1
784  1.988246e-04       1
785  4.892195e-06       1
786  1.117140e-04       1
787  6.502824e-07       1
788  4.456444e-05       1
789  1.369471e-05       1
790  5.968808e-06       1
791  7.290259e-07       1
792  2.318579e-05       1
793  2.105569e-04       1
794  1.871970e-04       1
795  4.070778e-05       1
796  2.965479e-05       1
797  4.298787e-05       1
798  9.948797e-07       1
799  8.761425e-06       1
800  1.504157e-04       1
801  3.470715e-04       1
802  9.058717e-06       1
803  5.432839e-07       1
804  1.409697e-04       1
805  9.090099e-05       1
806  2.690000e-05       1
807  3.037090e-06       1
808  5.197671e-06       1
809  1.236739e-05       1
810  1.673104e-05       1
811  9.762722e-05       1
812  4.801389e-06       1
813  1.074785e-05       1
814  6.895273e-06       1
815  2.521133e-06       1
816  5.179685e-05       1
817  1.911142e-04       1
818  2.297944e-05       1
819  1.207896e-04       1
820  1.451490e-05       1
821  8.731993e-05       1
822  2.577936e-06       1
823  1.528616e-05       1
824  2.581639e-04       1
825  2.621576e-05       1
826  8.983258e-08       1
827  5.549753e-05       1
828  3.366873e-06       1
829  6.895376e-06       1
830  7.561940e-06       1
831  3.646366e-07       1
832  3.837711e-04       1
833  5.334623e-05       1
834  2.924797e-04       1
835  3.005838e-04       1
836  1.564289e-04       1
837  1.919214e-06       1
838  4.978854e-05       1
839  4.592025e-05       1
840  1.365581e-05       1
841  7.938666e-05       1
842  8.081968e-06       1
843  8.852977e-05       1
844  5.321558e-05       1
845  9.079520e-06       1
846  1.525361e-04       1
847  5.170526e-07       1
848  4.573670e-06       1
849  3.611499e-05       1
850  5.426857e-05       1
851  1.284156e-05       1
852  3.205629e-05       1
853  1.477721e-05       1
854  2.326371e-05       1
855  1.456515e-05       1
856  7.658919e-06       1
857  2.723085e-06       1
858  3.830363e-05       1
859  6.893908e-05       1
860  6.738045e-05       1
861  1.224682e-04       1
862  9.654906e-05       1
863  1.278012e-05       1
864  9.521510e-06       1
865  1.620051e-04       1
866  2.299454e-04       1
867  1.094774e-06       1
868  5.270349e-08       1
869  3.033946e-05       1
870  1.548335e-04       1
871  1.206613e-04       1
872  8.087250e-06       1
873  3.983862e-05       1
874  7.602447e-06       1
875  9.086822e-05       1
876  1.596603e-05       1
877  2.436224e-05       1
878  1.317516e-04       1
879  1.653665e-04       1
880  7.748664e-05       1
881  6.007596e-06       1
882  1.051334e-04       1
883  1.096894e-06       1
884  8.782017e-05       1
885  1.959768e-05       1
886  2.384432e-05       1
887  1.625355e-06       1
888  7.096544e-05       1
889  2.971551e-05       1
890  5.136583e-06       1
891  1.851588e-06       1
892  3.100256e-09       1
893  1.334101e-06       1
894  9.543057e-05       1
895  1.340279e-04       1
896  4.941414e-05       1
897  8.989529e-05       1
898  2.633418e-04       1
899  7.099469e-05       1
900  1.454601e-04       1
901  5.533762e-05       1
902  7.724287e-05       1
903  5.896667e-05       1
904  2.228562e-05       1
905  5.463096e-05       1
906  1.818684e-04       1
907  5.208380e-05       1
908  2.316033e-04       1
909  4.189584e-06       1
910  3.691168e-06       1
911  3.814766e-05       1
912  1.125328e-04       1
913  2.725211e-05       1
914  6.171242e-08       1
915  1.016408e-06       1
916  1.529923e-05       1
917  6.832170e-07       1
918  1.676942e-05       1
919  6.494600e-05       1
920  2.028743e-05       1
921  1.451617e-06       1
922  1.138759e-04       1
923  1.385622e-05       1
924  1.481959e-05       1
925  7.937365e-06       1
926  6.936907e-04       1
927  1.606934e-05       1
928  2.995685e-04       1
929  9.770028e-06       1
930  3.979081e-06       1
931  5.814815e-05       1
932  6.665748e-05       1
933  8.942403e-05       1
934  1.430609e-05       1
935  1.693882e-05       1
936  1.143412e-04       1
937  4.927178e-05       1
938  2.930650e-05       1
939  1.892082e-05       1
940  2.870483e-06       1
941  2.878643e-04       1
942  6.893751e-05       1
943  6.979212e-06       1
944  6.792968e-09       1
945  8.024841e-06       1
946  2.113208e-04       1
947  1.747250e-04       1
948  2.229537e-04       1
949  6.677463e-05       1
950  7.300941e-05       1
951  4.664434e-06       1
952  5.337294e-05       1
953  8.478306e-05       1
954  1.470503e-07       1
955  1.195262e-05       1
956  1.261576e-05       1
957  3.475954e-06       1
958  1.405910e-04       1
959  2.335066e-05       1
960  4.820366e-06       1
961  6.085781e-06       1
962  4.038664e-06       1
963  1.917763e-06       1
964  1.896438e-09       1
965  3.272046e-07       1
966  5.987817e-05       1
967  4.275026e-05       1
968  2.052536e-05       1
969  7.559995e-08       1
970  4.617978e-06       1
971  7.542718e-05       1
972  3.842294e-07       1
973  4.627923e-05       1
974  1.925849e-04       1
975  3.722609e-05       1
976  1.074657e-04       1
977  1.290665e-04       1
978  3.489272e-05       1
979  4.141855e-06       1
980  1.457309e-05       1
981  6.896040e-05       1
982  5.538552e-06       1
983  4.197512e-04       1
984  7.872677e-07       1
985  7.789839e-05       1
986  2.511548e-06       1
987  1.220209e-06       1
988  3.597412e-07       1
989  4.225823e-06       1
990  9.124820e-06       1
991  1.771244e-08       1
992  4.236084e-06       1
993  1.755119e-05       1
994  1.103372e-05       1
995  2.440982e-06       1
996  1.606881e-04       1
997  9.377447e-06       1
998  2.861463e-05       1
999  2.552682e-04       1
1000 2.206017e-05       1
1001 1.314580e-05       1
1002 3.472216e-07       1
1003 1.096706e-04       1
1004 1.995590e-05       1
1005 2.781069e-05       1
1006 4.988489e-05       1
1007 3.175011e-05       1
1008 2.313745e-05       1
1009 1.334563e-04       1
1010 2.583336e-05       1
1011 5.344712e-06       1
1012 5.729149e-05       1
1013 3.195626e-05       1
1014 8.250689e-05       1
1015 2.354791e-06       1
1016 2.198245e-05       1
1017 6.110464e-06       1
1018 2.080316e-04       1
1019 1.952315e-05       1
1020 6.299869e-06       1
1021 3.285004e-05       1
1022 1.978400e-05       1
1023 1.059548e-04       1
1024 1.031705e-07       1
1025 2.416089e-04       1
1026 5.483279e-05       1
1027 1.116976e-06       1
1028 5.127144e-05       1
1029 3.281645e-05       1
1030 1.385814e-04       1
1031 2.690076e-05       1
1032 1.718560e-05       1
1033 1.482047e-05       1
1034 1.185941e-08       1
1035 9.153792e-06       1
1036 3.786036e-07       1
1037 1.406502e-05       1
1038 1.142956e-05       1
1039 6.393804e-06       1
1040 2.072105e-05       1
1041 7.893412e-05       1
1042 8.063821e-06       1
1043 6.465812e-05       1
1044 3.159087e-07       1
1045 6.656158e-06       1
1046 6.821622e-05       1
1047 5.761193e-05       1
1048 1.684346e-05       1
1049 3.004110e-05       1
1050 2.847934e-04       1
1051 3.942245e-05       1
1052 1.164197e-04       1
1053 1.882783e-08       1
1054 1.708762e-05       1
1055 5.389693e-06       1
1056 7.794119e-06       1
1057 2.531117e-06       1
1058 4.933552e-07       1
1059 9.551189e-04       1
1060 1.171472e-05       1
1061 2.690180e-04       1
1062 1.449532e-04       1
1063 1.406922e-05       1
1064 3.277998e-04       1
1065 8.589252e-06       1
1066 2.754416e-06       1
1067 3.317755e-06       1
1068 4.523615e-06       1
1069 9.515831e-05       1
1070 5.067562e-05       1
1071 5.874542e-06       1
1072 3.202875e-05       1
1073 3.047724e-05       1
1074 7.490109e-06       1
1075 1.421296e-05       1
1076 4.939834e-06       1
1077 1.705825e-04       1
1078 1.352026e-04       1
1079 1.110501e-04       1
1080 7.334883e-05       1
1081 1.455609e-03       1
1082 1.051585e-04       1
1083 6.355817e-06       1
1084 2.753342e-04       1
1085 2.493526e-05       1
1086 3.050647e-07       1
1087 9.498101e-05       1
1088 3.692847e-06       1
1089 5.369766e-07       1
1090 6.523677e-05       1
1091 2.032397e-04       1
1092 5.057316e-05       1
1093 1.927154e-05       1
1094 6.199310e-09       1
1095 1.588987e-04       1
1096 3.315406e-05       1
1097 7.317374e-06       1
1098 1.909794e-04       1
1099 4.503402e-04       1
1100 6.558588e-06       1
1101 8.258811e-05       1
1102 2.328058e-05       1
1103 5.417257e-04       1
1104 4.354328e-05       1
1105 6.293501e-11       1
1106 6.763367e-06       1
1107 3.737813e-09       1
1108 6.850213e-05       1
1109 4.647842e-04       1
1110 6.636462e-06       1
1111 2.487464e-07       1
1112 1.936217e-06       1
1113 1.934883e-05       1
1114 1.697806e-04       1
1115 8.706485e-05       1
1116 5.199744e-07       1
1117 2.398582e-05       1
1118 8.705458e-06       1
1119 1.993038e-04       1
1120 3.525260e-06       1
1121 7.384713e-07       1
1122 3.394045e-05       1
1123 9.810469e-04       1
1124 7.817872e-05       1
1125 7.274425e-08       1
1126 1.166070e-04       1
1127 9.233307e-06       1
1128 1.394755e-05       1
1129 3.621463e-05       1
1130 8.637476e-06       1
1131 1.677846e-04       1
1132 2.478808e-06       1
1133 3.920169e-05       1
1134 8.772478e-07       1
1135 2.234131e-04       1
1136 1.023786e-05       1
1137 1.122219e-04       1
1138 7.860130e-06       1
1139 5.223345e-05       1
1140 7.383368e-05       1
1141 3.248458e-06       1
1142 1.347124e-05       1
1143 4.362333e-06       1
1144 3.434201e-05       1
1145 6.427839e-06       1
1146 5.533692e-06       1
1147 1.107863e-05       1
1148 1.664572e-06       1
1149 1.556965e-04       1
1150 3.808562e-05       1
1151 1.063017e-04       1
1152 4.646611e-05       1
1153 1.043930e-05       1
1154 2.534653e-05       1
1155 5.229039e-07       1
1156 4.664994e-05       1
1157 4.793696e-06       1
1158 2.545215e-06       1
1159 4.214677e-05       1
1160 2.348368e-06       1
1161 1.655722e-05       1
1162 1.958002e-04       1
1163 7.385222e-05       1
1164 4.155885e-05       1
1165 5.141244e-05       1
1166 1.743216e-06       1
1167 2.539336e-05       1
1168 3.584745e-07       1
1169 8.459637e-05       1
1170 2.348511e-04       1
1171 1.222414e-04       1
1172 1.405778e-05       1
1173 1.045690e-04       1
1174 2.388178e-04       1
1175 4.572508e-07       1
1176 1.966441e-05       1
1177 6.940053e-05       1
1178 9.064367e-06       1
1179 5.885602e-06       1
1180 6.323865e-06       1
1181 1.658643e-05       1
1182 1.385445e-06       1
1183 9.386951e-06       1
1184 1.836438e-05       1
1185 1.748012e-05       1
1186 2.886447e-05       1
1187 4.680818e-05       1
1188 1.039072e-05       1
1189 3.673752e-05       1
1190 1.109194e-06       1
1191 1.159890e-06       1
1192 1.600514e-08       1
1193 3.437439e-07       1
1194 1.047227e-04       1
1195 7.599518e-04 0.63365
1196 2.153117e-05       1
1197 1.854295e-05       1
1198 1.516068e-07       1
1199 1.673992e-05       1
1200 3.602671e-07       1
1201 6.433549e-05       1
1202 5.453605e-06       1
1203 8.651862e-07       1
1204 1.380424e-05       1
1205 4.571974e-05       1
1206 7.594490e-05       1
1207 6.921825e-06       1
1208 1.794650e-06       1
1209 4.159260e-06       1
1210 2.809253e-05       1
1211 3.399128e-04       1
1212 1.243204e-05       1
1213 8.539770e-06       1
1214 2.305616e-05       1
1215 2.824763e-05       1
1216 5.865195e-05       1
1217 1.241949e-06       1
1218 3.260242e-05       1
1219 4.912053e-07       1
1220 6.180732e-06       1
1221 7.653913e-06       1
1222 4.851029e-05       1
1223 1.236223e-04       1
1224 6.103562e-05       1
1225 5.767179e-05       1
1226 1.521885e-04       1
1227 1.105981e-06       1
1228 1.997140e-05       1
1229 3.375764e-05       1
1230 1.779348e-07       1
1231 8.854574e-06       1
1232 8.528418e-07       1
1233 1.304714e-05       1
1234 5.834395e-05       1
1235 7.501223e-04       1
1236 1.891329e-04       1
1237 4.534504e-04       1
1238 4.365669e-06       1
1239 8.833510e-06       1
1240 4.605212e-06       1
1241 2.626842e-06       1
1242 1.827464e-05       1
1243 2.646641e-06       1
1244 8.059759e-06       1
1245 1.776431e-06       1
1246 5.331082e-05       1
1247 2.904165e-05       1
1248 2.867554e-04       1
1249 6.598605e-05       1
1250 2.777679e-05       1
1251 3.737473e-06       1
1252 1.535978e-04       1
1253 1.231094e-05       1
1254 4.336398e-05       1
1255 6.959182e-05       1
1256 2.095848e-05       1
1257 4.025317e-05       1
1258 2.223501e-07       1
1259 2.070431e-05       1
1260 3.696432e-08       1
1261 2.438273e-04       1
1262 1.791316e-04       1
1263 4.890760e-05       1
1264 1.706968e-05       1
1265 1.257581e-06       1
1266 4.375308e-09       1
1267 1.437988e-05       1
1268 7.046095e-06       1
1269 1.267096e-04       1
1270 5.331903e-05       1
1271 3.099494e-05       1
1272 2.406398e-05       1
1273 4.772909e-08       1
1274 1.111413e-05       1
1275 2.588967e-05       1
1276 2.699438e-06       1
1277 2.877731e-05       1
1278 2.837330e-05       1
1279 2.283499e-05       1
1280 6.390975e-05       1
1281 4.455418e-05       1
1282 6.708909e-06       1
1283 8.172437e-06       1
1284 3.956190e-05       1
1285 1.584024e-06       1
1286 2.996494e-05       1
1287 8.360236e-05       1
1288 1.146339e-05       1
1289 6.466604e-05       1
1290 2.303216e-05       1
1291 3.730698e-06       1
1292 2.599099e-05       1
1293 1.023841e-04       1
1294 7.828444e-06       1
1295 1.481245e-05       1
1296 2.692292e-05       1
1297 4.073576e-06       1
1298 1.321599e-04       1
1299 5.408340e-06       1
1300 1.626071e-06       1
1301 3.626353e-06       1
1302 1.967356e-04       1
1303 2.627960e-06       1
1304 1.068139e-06       1
1305 1.427146e-04       1
1306 1.214523e-04       1
1307 9.184589e-05       1
1308 3.129058e-05       1
1309 1.994233e-05       1
1310 3.159674e-09       1
1311 7.047526e-05       1
1312 1.898738e-06       1
1313 1.605392e-05       1
1314 2.819756e-06       1
1315 1.589877e-04       1
1316 7.441810e-06       1
1317 2.239412e-05       1
1318 5.721284e-05       1
1319 2.292837e-05       1
1320 2.652857e-05       1
1321 6.048835e-05       1
1322 9.232320e-08       1
1323 2.758679e-05       1
1324 7.700747e-05       1
1325 9.498540e-08       1
1326 7.339333e-05       1
1327 2.167617e-05       1
1328 8.940758e-05       1
1329 2.489192e-07       1
1330 1.244268e-05       1
1331 1.042026e-05       1
1332 1.736726e-05       1
1333 1.568176e-05       1
1334 6.551762e-05       1
1335 5.822960e-05       1
1336 6.616479e-05       1
1337 1.917047e-05       1
1338 6.752573e-05       1
1339 3.683064e-06       1
1340 3.457146e-07       1
1341 1.895624e-05       1
1342 2.958229e-04       1
1343 1.824329e-05       1
1344 7.926976e-05       1
1345 2.974277e-06       1
1346 6.457330e-09       1
1347 9.133754e-05       1
1348 1.185791e-05       1
1349 1.562420e-04       1
1350 5.369281e-04       1
1351 1.867878e-06       1
1352 1.743920e-04       1
1353 1.678360e-04       1
1354 2.178499e-04       1
1355 4.482360e-06       1
1356 7.622701e-06       1
1357 5.904958e-06       1
1358 1.106028e-04       1
1359 2.325047e-04       1
1360 6.035385e-07       1
1361 1.250003e-05       1
1362 1.756755e-04       1
1363 4.962053e-06       1
1364 7.282838e-06       1
1365 3.524169e-06       1
1366 1.390094e-04       1
1367 1.559793e-04       1
1368 2.491989e-06       1
1369 2.095439e-04       1
1370 1.905725e-06       1
1371 7.624205e-06       1
1372 5.355058e-05       1
1373 1.092147e-04       1
1374 6.684134e-06       1
1375 3.543855e-05       1
1376 8.923238e-05       1
1377 4.059770e-04       1
1378 1.083486e-03       1
1379 1.260898e-04       1
1380 3.827268e-05       1
1381 1.323951e-05       1
1382 3.413175e-06       1
1383 2.805390e-05       1
1384 3.133984e-04       1
1385 1.653017e-04       1
1386 2.499431e-05       1
1387 1.590368e-05       1
1388 7.441804e-07       1
1389 5.234549e-05       1
1390 2.923562e-05       1
1391 7.532099e-05       1
1392 1.119483e-06       1
1393 5.643456e-05       1
1394 1.905831e-05       1
1395 1.044818e-05       1
1396 1.133150e-05       1
1397 1.158542e-05       1
1398 6.866375e-05       1
1399 1.459144e-04       1
1400 1.138303e-06       1
1401 2.814193e-05       1
1402 2.577674e-07       1
1403 9.642152e-05       1
1404 2.948046e-05       1
1405 2.430546e-06       1
1406 1.549407e-05       1
1407 4.560279e-06       1
1408 1.101668e-04       1
1409 3.014033e-05       1
1410 3.615884e-05       1
1411 3.183422e-06       1
1412 3.702195e-05       1
1413 1.896303e-04       1
1414 3.225885e-06       1
1415 5.957118e-06       1
1416 2.230326e-04       1
1417 1.996633e-05       1
1418 3.917428e-05       1
1419 1.101362e-04       1
1420 9.005403e-05       1
1421 1.165795e-04       1
1422 3.131447e-05       1
1423 1.603265e-04       1
1424 2.745664e-06       1
1425 2.236974e-05       1
1426 1.095122e-05       1
1427 2.194371e-05       1
1428 2.780869e-05       1
1429 2.808435e-05       1
1430 1.160924e-04       1
1431 2.849459e-05       1
1432 2.745763e-04       1
1433 1.785283e-06       1
1434 1.086939e-05       1
1435 5.185559e-06       1
1436 1.781656e-06       1
1437 3.806927e-08       1
1438 2.808955e-05       1
1439 5.852461e-06       1
1440 2.778116e-06       1
1441 2.391191e-05       1
1442 3.377935e-04       1
1443 4.042710e-05       1
1444 3.723290e-07       1
1445 3.068839e-05       1
1446 8.881790e-05       1
1447 1.939736e-04       1
1448 5.864454e-05       1
1449 1.401394e-04       1
1450 3.453139e-05       1
1451 1.109090e-05       1
1452 2.107110e-05       1
1453 9.322429e-06       1
1454 2.044866e-04       1
1455 6.701460e-05       1
1456 3.239309e-06       1
1457 3.406932e-06       1
1458 1.236562e-06       1
1459 7.380373e-09       1
1460 2.787940e-05       1
1461 1.489744e-05       1
1462 1.206538e-05       1
1463 4.051057e-07       1
1464 2.208006e-04       1
1465 4.466292e-04       1
1466 3.022104e-04       1
1467 7.009342e-09       1
1468 1.837318e-04       1
1469 6.152777e-06       1
1470 6.590444e-05       1
1471 2.887594e-05       1
1472 4.505425e-04       1
1473 5.382615e-05       1
1474 9.456134e-06       1
1475 1.660556e-05       1
1476 8.295428e-08       1
1477 7.620832e-06       1
1478 1.831810e-04       1
1479 3.261402e-05       1
1480 3.767430e-05       1
1481 2.636106e-08       1
1482 1.225590e-05       1
1483 3.646528e-05       1
1484 3.070346e-04       1
1485 4.041575e-06       1
1486 6.802421e-07       1
1487 2.299929e-08       1
1488 1.266970e-05       1
1489 6.653467e-06       1
1490 7.856249e-05       1
1491 1.946333e-05       1
1492 1.193806e-05       1
1493 6.541165e-05       1
1494 7.395808e-05       1
1495 4.941356e-04       1
1496 1.577892e-05       1
1497 2.431473e-05       1
1498 6.867683e-07       1
1499 4.125523e-04       1
1500 9.711631e-06       1
1501 1.599406e-04       1
1502 2.251396e-05       1
1503 3.266802e-06       1
1504 1.763294e-04       1
1505 1.287633e-05       1
1506 8.916387e-06       1
1507 3.969010e-05       1
1508 9.187241e-05       1
1509 8.715174e-05       1
1510 4.422407e-05       1
1511 4.429530e-05       1
1512 1.674698e-05       1
1513 1.867062e-04       1
1514 4.230413e-04       1
1515 2.290175e-06       1
1516 1.888777e-05       1
1517 1.253012e-06       1
1518 4.319905e-07       1
1519 1.649365e-05       1
1520 8.254924e-05       1
1521 1.591759e-04       1
1522 1.212894e-05       1
1523 1.342198e-04       1
1524 2.108527e-05       1
1525 1.558706e-05       1
1526 1.947724e-05       1
1527 1.281181e-04       1
1528 3.534649e-07       1
1529 1.551449e-05       1
1530 5.241414e-07       1
1531 1.178347e-04       1
1532 2.012516e-05       1
1533 6.449611e-07       1
1534 1.606532e-04       1
1535 2.342353e-06       1
1536 1.737680e-05       1
1537 2.798311e-04       1
1538 2.506166e-05       1
1539 1.766410e-05       1
1540 2.446174e-04       1
1541 1.924181e-05       1
1542 3.671772e-06       1
1543 2.529724e-06       1
1544 2.413165e-08       1
1545 1.559230e-05       1
1546 9.577178e-05       1
1547 1.875265e-05       1
1548 6.799763e-06       1
1549 2.265402e-05       1
1550 4.554570e-04       1
1551 1.263172e-06       1
1552 8.698155e-07       1
1553 5.209716e-05       1
1554 6.635138e-06       1
1555 2.899358e-06       1
1556 2.789678e-06       1
1557 1.311436e-04       1
1558 1.670427e-08       1
1559 4.607542e-05       1
1560 5.178445e-07       1
1561 5.744897e-06       1
1562 4.313082e-05       1
1563 7.209561e-06       1
1564 1.694819e-04       1
1565 1.691631e-05       1
1566 1.868217e-05       1
1567 2.000379e-05       1
1568 3.121178e-06       1
1569 2.350114e-05       1
1570 2.263015e-05       1
1571 1.687167e-05       1
1572 6.527455e-05       1
1573 1.676416e-06       1
1574 2.409341e-05       1
1575 3.099439e-05       1
1576 2.923082e-05       1
1577 1.638214e-06       1
1578 3.021006e-06       1
1579 5.150629e-08       1
1580 5.198907e-05       1
1581 9.369642e-05       1
1582 1.442676e-06       1
1583 3.572966e-05       1
1584 1.625645e-06       1
1585 5.797767e-05       1
1586 5.392657e-05       1
1587 2.334899e-04       1
1588 1.517549e-06       1
1589 2.297608e-06       1
1590 5.393855e-05       1
1591 6.591180e-04       1
1592 1.959419e-05       1
1593 3.295791e-04       1
1594 1.251944e-04       1
1595 2.618534e-04       1
1596 3.537744e-05       1
1597 1.721699e-05       1
1598 8.885787e-06       1
1599 4.763505e-06       1
1600 1.922613e-05       1
1601 2.267619e-05       1
1602 7.180126e-05       1
1603 1.439235e-07       1
1604 1.414904e-04       1
1605 8.412707e-05       1
1606 8.240675e-06       1
1607 2.770330e-04       1
1608 1.278008e-04       1
1609 1.106866e-04       1
1610 1.148343e-05       1
1611 9.736067e-05       1
1612 2.327549e-08       1
1613 5.305874e-05       1
1614 1.982183e-08       1
1615 5.166608e-06       1
1616 1.903912e-05       1
1617 1.142466e-05       1
1618 2.155587e-05       1
1619 6.121966e-05       1
1620 3.958124e-05       1
1621 1.050591e-05       1
1622 2.749257e-05       1
1623 5.230341e-05       1
1624 2.142155e-05       1
1625 1.644261e-05       1
1626 1.412493e-05       1
1627 1.927182e-06       1
1628 6.368133e-05       1
1629 6.223583e-07       1
1630 3.129211e-05       1
1631 2.304135e-05       1
1632 4.727829e-06       1
1633 6.108560e-07       1
1634 9.130550e-06       1
1635 1.611570e-07       1
1636 2.593836e-05       1
1637 1.536268e-04       1
1638 3.679146e-05       1
1639 5.465211e-06       1
1640 1.501370e-05       1
1641 1.451170e-06       1
1642 4.156054e-07       1
1643 3.021291e-07       1
1644 9.894279e-05       1
1645 1.016209e-05       1
1646 5.830203e-07       1
1647 8.324997e-05       1
1648 8.360255e-05       1
1649 1.757052e-05       1
1650 2.180865e-05       1
1651 5.640208e-07       1
1652 3.088890e-05       1
1653 7.810878e-06       1
1654 1.021849e-06       1
1655 8.923600e-05       1
1656 4.159268e-04       1
1657 1.130998e-04       1
1658 7.725040e-06       1
1659 4.020258e-06       1
1660 8.553909e-06       1
1661 9.322752e-05       1
1662 9.200224e-08       1
1663 1.237858e-04       1
1664 4.366695e-07       1
1665 1.021261e-04       1
1666 2.949888e-05       1
1667 4.314856e-07       1
1668 5.355284e-06       1
1669 4.742548e-05       1
1670 1.294445e-05       1
1671 5.377312e-05       1
1672 5.567607e-05       1
1673 7.921290e-05       1
1674 4.808695e-05       1
1675 2.210778e-05       1
1676 3.166071e-05       1
1677 1.966675e-06       1
1678 1.398528e-06       1
1679 9.679145e-06       1
1680 1.126870e-05       1
1681 1.863781e-06       1
1682 5.750953e-05       1
1683 7.568096e-05       1
1684 5.380650e-05       1
1685 3.356664e-06       1
1686 2.880820e-08       1
1687 2.323576e-06       1
1688 2.008284e-06       1
1689 1.299476e-04       1
1690 2.322246e-04       1
1691 1.911865e-05       1
1692 9.960858e-08       1
1693 1.474741e-06       1
1694 7.458241e-06       1
1695 8.143235e-05       1
1696 4.141852e-06       1
1697 6.448850e-05       1
1698 1.658629e-05       1
1699 3.414056e-05       1
1700 1.435601e-04       1
1701 1.142794e-05       1
1702 5.825388e-05       1
1703 1.160721e-04       1
1704 1.263835e-05       1
1705 4.506667e-06       1
1706 3.600412e-05       1
1707 5.048493e-06       1
1708 3.636889e-05       1
1709 6.185337e-05       1
1710 3.075533e-05       1
1711 1.779822e-05       1
1712 3.393541e-06       1
1713 2.881625e-06       1
1714 1.951224e-05       1
1715 2.370831e-05       1
1716 3.740371e-06       1
1717 9.516361e-08       1
1718 9.679002e-04       1
1719 8.056499e-05       1
1720 5.306404e-05       1
1721 1.304792e-06       1
1722 3.281303e-05       1
1723 1.644074e-05       1
1724 1.764094e-05       1
1725 1.103376e-04       1
1726 2.923447e-05       1
1727 2.631041e-05       1
1728 2.633489e-05       1
1729 2.520455e-05       1
1730 1.322484e-05       1
1731 1.650809e-04       1
1732 4.317545e-08       1
1733 8.973368e-05       1
1734 6.440830e-05       1
1735 1.811216e-05       1
1736 7.762447e-05       1
1737 2.432708e-04       1
1738 8.141487e-05       1
1739 6.502827e-04       1
1740 4.125056e-05       1
1741 2.627606e-06       1
1742 2.175378e-04       1
1743 1.588311e-05       1
1744 5.938195e-05       1
1745 3.740937e-05       1
1746 1.355749e-05       1
1747 4.626492e-06       1
1748 5.899430e-05       1
1749 7.146567e-06       1
1750 4.639842e-06       1
1751 1.498274e-06       1
1752 6.352829e-06       1
1753 8.564856e-06       1
1754 3.433732e-05       1
1755 7.055203e-07       1
1756 3.729839e-04       1
1757 6.282775e-05       1
1758 1.237722e-06       1
1759 1.024501e-06       1
1760 3.321882e-05       1
1761 5.396150e-06       1
1762 3.720262e-04       1
1763 2.905139e-05       1
1764 3.695154e-04       1
1765 1.233919e-04       1
1766 6.756496e-05       1
1767 9.116671e-07       1
1768 2.460941e-06       1
1769 1.298671e-04       1
1770 2.846026e-06       1
1771 1.889498e-05       1
1772 7.812417e-05       1
1773 7.366970e-04       1
1774 1.189108e-05       1
1775 1.975133e-12       1
1776 8.123514e-05       1
1777 1.061983e-09       1
1778 1.190830e-05       1
1779 1.382074e-03       1
1780 9.543489e-05       1
1781 2.519656e-04       1
1782 4.395424e-07       1
1783 9.739381e-05       1
1784 1.202699e-05       1
1785 1.064801e-08       1
1786 1.065912e-04       1
1787 2.184798e-04       1
1788 4.921955e-07       1
1789 4.346456e-05       1
1790 6.303691e-04       1
1791 3.613465e-06       1
1792 5.244527e-05       1
1793 1.905421e-06       1
1794 5.599416e-05       1
1795 3.586156e-04       1
1796 4.318988e-04       1
1797 1.391616e-07       1
1798 5.454707e-05       1
1799 1.351936e-04       1
1800 1.496606e-05       1
1801 5.624884e-05       1
1802 3.207117e-07       1
1803 5.747101e-09       1
1804 8.475342e-05       1
1805 5.513695e-04       1
1806 9.624678e-06       1
1807 1.411055e-04       1
1808 4.608045e-05       1
1809 5.641397e-05       1
1810 4.528193e-05       1
1811 2.015516e-04       1
1812 9.932913e-05       1
1813 6.130240e-05       1
1814 2.156522e-05       1
1815 3.431780e-04       1
1816 2.280373e-05       1
1817 1.082335e-05       1
1818 2.820118e-05       1
1819 9.250094e-06       1
1820 4.147815e-04       1
1821 5.975564e-05       1
1822 4.872938e-06       1
1823 3.504894e-05       1
1824 8.504792e-05       1
1825 1.490150e-06       1
1826 4.277184e-06       1
1827 1.734130e-04       1
1828 1.136695e-04       1
1829 1.884731e-05       1
1830 3.924774e-05       1
1831 2.003890e-06       1
1832 2.480774e-04       1
1833 2.289232e-04       1
1834 4.925399e-05       1
1835 6.619243e-05       1
1836 7.613806e-06       1
1837 3.700245e-05       1
1838 9.021259e-05       1
1839 5.379299e-05       1
1840 1.792217e-04       1
1841 8.244815e-06       1
1842 1.196932e-05       1
1843 4.005305e-05       1
1844 9.745565e-05       1
1845 8.843906e-05       1
1846 1.067001e-04       1
1847 1.887569e-05       1
1848 3.577848e-04       1
1849 3.406777e-05       1
1850 1.439700e-04       1
1851 3.505848e-06       1
1852 8.479196e-05       1
1853 4.120568e-05       1
1854 2.966708e-05       1
1855 8.296018e-05       1
1856 3.020757e-06       1
1857 5.008097e-05       1
1858 1.341821e-05       1
1859 2.862421e-05       1
1860 1.501080e-04       1
1861 1.068078e-04       1
1862 1.074718e-08       1
1863 2.244322e-04       1
1864 1.874350e-04       1
1865 5.095051e-04       1
1866 2.849628e-05       1
1867 7.983457e-06       1
1868 3.664957e-07       1
1869 7.908674e-05       1
1870 1.812520e-04       1
1871 1.664743e-03       1
1872 3.131492e-05       1
1873 4.988466e-07       1
1874 9.279984e-05       1
1875 5.736544e-05       1
1876 7.403090e-08       1
1877 3.428025e-05       1
1878 3.894752e-06       1
1879 4.132276e-05       1
1880 1.043528e-04       1
1881 3.043637e-05       1
1882 4.403490e-05       1
1883 1.177874e-06       1
1884 3.854031e-06       1
1885 2.617194e-06       1
1886 1.147776e-04       1
1887 4.878117e-05       1
1888 4.384727e-06       1
1889 6.602428e-06       1
1890 5.437631e-04       1
1891 5.739991e-05       1
1892 1.603494e-04       1
1893 1.442575e-10       1
1894 5.243650e-05       1
1895 1.123104e-06       1
1896 5.573470e-05       1
1897 1.223963e-06       1
1898 7.278789e-05       1
1899 3.753093e-06       1
1900 6.226731e-05       1
1901 1.176223e-04       1
1902 7.973668e-05       1
1903 3.158021e-06       1
1904 3.545735e-04       1
1905 1.696178e-08       1
1906 1.552544e-05       1
1907 1.812087e-04       1
1908 1.306451e-04       1
1909 4.716976e-06       1
1910 4.189200e-04       1
1911 3.469906e-05       1
1912 1.318372e-06       1
1913 9.275572e-08       1
1914 5.390140e-05       1
1915 1.435711e-05       1
1916 1.133953e-06       1
1917 7.663013e-07       1
1918 5.657316e-05       1
1919 1.821409e-07       1
1920 5.040197e-05       1
1921 1.214541e-04       1
1922 5.129059e-05       1
1923 2.437654e-05       1
1924 1.532736e-04       1
1925 2.123847e-04       1
1926 4.111017e-05       1
1927 3.932247e-06       1
1928 1.476512e-05       1
1929 3.697975e-06       1
1930 8.687036e-05       1
1931 1.016477e-05       1
1932 1.585187e-04       1
1933 2.232587e-06       1
1934 1.055114e-05       1
1935 7.433954e-05       1
1936 1.040813e-04       1
1937 4.174939e-05       1
1938 5.147979e-05       1
1939 1.433728e-05       1
1940 2.697280e-06       1
1941 1.904769e-05       1
1942 1.458112e-04       1
1943 1.878855e-05       1
1944 7.694878e-06       1
1945 7.210038e-06       1
1946 7.376864e-05       1
1947 1.609579e-06       1
1948 1.129081e-05       1
1949 8.132988e-07       1
1950 3.522684e-05       1
1951 3.587743e-05       1
1952 3.569012e-06       1
1953 2.531510e-04       1
1954 2.176696e-04       1
1955 5.211696e-06       1
1956 1.264001e-05       1
1957 1.430707e-05       1
1958 4.858700e-07       1
1959 4.009831e-05       1
1960 1.414938e-04       1
1961 5.117349e-06       1
1962 1.392496e-04       1
1963 2.039081e-04       1
1964 2.613050e-04       1
1965 7.625403e-05       1
1966 4.393701e-04       1
1967 2.044645e-04       1
1968 1.658034e-05       1
1969 4.615063e-05       1
1970 8.426203e-05       1
1971 1.347327e-06       1
1972 1.059167e-05       1
1973 1.799478e-04       1
1974 2.239264e-05       1
1975 7.576480e-06       1
1976 2.704777e-05       1
1977 4.305650e-09       1
1978 1.780203e-04       1
1979 2.053569e-04       1
1980 3.793655e-08       1
1981 2.370228e-06       1
1982 7.150538e-05       1
1983 2.864564e-05       1
1984 3.560102e-06       1
1985 1.225839e-04       1
1986 1.202724e-05       1
1987 1.597036e-05       1
1988 1.169157e-07       1
1989 6.708415e-06       1
1990 8.583735e-05       1
1991 3.878642e-05       1
1992 7.332554e-05       1
1993 3.048204e-05       1
1994 1.863946e-06       1
1995 5.544152e-06       1
1996 2.067369e-04       1
1997 2.122755e-04       1
1998 3.773960e-05       1
1999 1.256188e-05       1
2000 1.539955e-07       1
2001 1.814230e-07       1
2002 2.088684e-05       1
2003 1.146335e-06       1
2004 1.831454e-05       1
2005 4.178928e-07       1
2006 9.459130e-04       1
2007 1.322413e-06       1
2008 4.250486e-04       1
2009 8.883367e-05       1
2010 9.182080e-05       1
2011 2.389787e-05       1
2012 1.236826e-03       1
2013 1.963899e-07       1
2014 1.661877e-04       1
2015 1.028534e-04       1
2016 2.963030e-05       1
2017 8.631453e-04       1
2018 1.862215e-04       1
2019 1.309063e-04       1
2020 7.327463e-04       1
2021 3.682737e-06       1
2022 5.577945e-05       1
2023 2.809528e-05       1
2024 5.236324e-05       1
2025 1.682824e-05       1
2026 1.575436e-07       1
2027 1.029291e-05       1
2028 3.861039e-05       1
2029 9.432166e-06       1
2030 2.651330e-05       1
2031 7.240102e-06       1
2032 1.899049e-04       1
2033 3.333583e-06       1
2034 2.285036e-06       1
2035 1.923490e-05       1
2036 2.081646e-05       1
2037 1.068590e-05       1
2038 6.748017e-08       1
2039 3.135519e-06       1
2040 1.860395e-05       1
2041 5.929703e-05       1
2042 3.435197e-04       1
2043 7.028811e-05       1
2044 1.079037e-04       1
2045 1.348615e-04       1
2046 6.257832e-07       1
2047 1.446299e-05       1
2048 6.107550e-07       1
2049 1.164653e-05       1
2050 2.781632e-05       1
2051 8.363711e-05       1
2052 1.794259e-06       1
2053 4.767947e-06       1
2054 8.965425e-07       1
2055 4.936994e-05       1
2056 6.059963e-05       1
2057 1.248078e-04       1
2058 2.566525e-06       1
2059 1.668569e-05       1
2060 7.846453e-05       1
2061 1.799845e-04       1
2062 4.244434e-06       1
2063 2.536102e-05       1
2064 1.012236e-07       1
2065 2.563238e-05       1
2066 3.635591e-06       1
2067 2.449928e-05       1
2068 3.540193e-04       1
2069 2.552974e-05       1
2070 2.967896e-05       1
2071 1.245698e-04       1
2072 2.999004e-06       1
2073 1.000304e-04       1
2074 1.823259e-04       1
2075 1.370065e-05       1
2076 3.419830e-05       1
2077 3.380049e-05       1
2078 8.058506e-06       1
2079 1.652047e-05       1
2080 1.361728e-06       1
2081 1.133939e-04       1
2082 2.103937e-04       1
2083 5.751543e-06       1
2084 2.915285e-05       1
2085 1.761074e-05       1
2086 4.735219e-05       1
2087 1.065974e-05       1
2088 5.479062e-05       1
2089 4.451685e-05       1
2090 5.239060e-07       1
2091 1.523503e-06       1
2092 3.177638e-05       1
2093 4.542242e-05       1
2094 8.770070e-06       1
2095 2.168794e-06       1
2096 7.638553e-05       1
2097 1.730978e-05       1
2098 1.401320e-05       1
2099 2.479396e-05       1
2100 2.816234e-05       1
2101 4.642824e-05       1
2102 7.692749e-04       1
2103 1.684331e-05       1
2104 3.551368e-06       1
2105 1.610767e-04       1
2106 5.830111e-08       1
2107 1.257742e-05       1
2108 9.542363e-05       1
2109 6.574234e-05       1
2110 1.549007e-04       1
2111 6.709763e-05       1
2112 1.505979e-06       1
2113 1.573150e-04       1
2114 2.795833e-06       1
2115 3.749454e-06       1
2116 3.828216e-05       1
2117 5.010645e-05       1
2118 1.913702e-05       1
2119 4.300571e-05       1
2120 6.118609e-05       1
2121 4.374473e-05       1
2122 5.087983e-05       1
2123 7.713035e-07       1
2124 1.544371e-04       1
2125 6.239128e-06       1
2126 4.483832e-05       1
2127 8.553619e-05       1
2128 3.666920e-05       1
2129 8.518225e-07       1
2130 1.675428e-06       1
2131 2.358344e-05       1
2132 4.255540e-05       1
2133 5.229050e-06       1
2134 1.015964e-05       1
2135 8.470188e-05       1
2136 2.620009e-06       1
2137 9.867698e-05       1
2138 5.422861e-04       1
2139 1.790466e-07       1
2140 1.275549e-05       1
2141 1.134004e-03       1
2142 1.403784e-05       1
2143 2.301476e-06       1
2144 7.761250e-05       1
2145 1.032790e-05       1
2146 2.342674e-05       1
2147 4.559350e-05       1
2148 4.235547e-05       1
2149 1.303668e-05       1
2150 1.890148e-05       1
2151 4.087320e-05       1
2152 4.685553e-05       1
2153 1.502719e-04       1
2154 8.412720e-05       1
2155 3.125935e-08       1
2156 7.839587e-05       1
2157 6.593408e-07       1
2158 2.373802e-05       1
2159 4.919397e-07       1
2160 8.410030e-06       1
2161 2.355667e-05       1
2162 7.621662e-05       1
2163 1.532938e-05       1
2164 4.559305e-05       1
2165 3.004495e-06       1
2166 6.328075e-05       1
2167 6.857018e-05       1
2168 2.949773e-04       1
2169 3.314194e-05       1
2170 6.239477e-05       1
2171 1.003096e-04       1
2172 8.243305e-05       1
2173 4.200539e-05       1
2174 9.651453e-05       1
2175 8.812352e-06       1
2176 3.502553e-05       1
2177 1.147776e-04       1
2178 5.543056e-04       1
2179 4.498346e-09       1
2180 1.024564e-04       1
2181 1.243975e-06       1
2182 6.183270e-05       1
2183 4.377421e-07       1
2184 4.631860e-06       1
2185 1.765215e-04       1

$`MR-PRESSO results`$`Distortion Test`
$`MR-PRESSO results`$`Distortion Test`$`Outliers Indices`
[1] 498

$`MR-PRESSO results`$`Distortion Test`$`Distortion Coefficient`
beta.exposure 
     1.630268 

$`MR-PRESSO results`$`Distortion Test`$Pvalue
[1] 0.95068



