$`Main MR results`
       Exposure       MR Analysis Causal Estimate          Sd     T-stat
1 beta.exposure               Raw    -0.004060728 0.003236540 -1.2546510
2 beta.exposure Outlier-corrected    -0.001131439 0.003044128 -0.3716791
    P-value
1 0.2131698
2 0.7111144

$`MR-PRESSO results`
$`MR-PRESSO results`$`Global Test`
$`MR-PRESSO results`$`Global Test`$RSSobs
[1] 127.1881

$`MR-PRESSO results`$`Global Test`$Pvalue
[1] 0.0018


$`MR-PRESSO results`$`Outlier Test`
         RSSobs Pvalue
1  1.379542e-04      1
2  1.747419e-08      1
3  1.770648e-09      1
4  1.742585e-05      1
5  4.368793e-05      1
6  2.179370e-06      1
7  1.314031e-04      1
8  6.664646e-05      1
9  1.372218e-05      1
10 4.799595e-05      1
11 1.549770e-05      1
12 1.895045e-04      1
13 1.686569e-10      1
14 2.593483e-04      1
15 2.033822e-06      1
16 6.883349e-04      1
17 7.309010e-05      1
18 3.042628e-05      1
19 1.156488e-04 0.7968
20 1.058609e-05      1
21 3.830415e-05      1
22 1.479818e-06      1
23 2.229643e-04      1
24 1.291265e-05      1
25 7.366290e-05      1
26 1.181015e-03 0.6225
27 8.260200e-04      1
28 8.326574e-04      1
29 5.271009e-05      1
30 2.318190e-06      1
31 8.820310e-09      1
32 1.347842e-05      1
33 3.271245e-05      1
34 7.641183e-07      1
35 6.960917e-05      1
36 4.444680e-06      1
37 2.038071e-05      1
38 7.273247e-06      1
39 5.060799e-05      1
40 1.803115e-05      1
41 4.056149e-05      1
42 2.196989e-06      1
43 3.069466e-05      1
44 4.281013e-06      1
45 8.466296e-05      1
46 5.938513e-07      1
47 1.714944e-04      1
48 1.458646e-05      1
49 4.434045e-06      1
50 6.042494e-06      1
51 3.630392e-05      1
52 2.836892e-06      1
53 7.641072e-06      1
54 1.126655e-05      1
55 5.281882e-05      1
56 2.747011e-05      1
57 1.355092e-04      1
58 4.830505e-05      1
59 7.942836e-06      1
60 1.161165e-04      1
61 2.828685e-05      1
62 2.342159e-06      1
63 1.253314e-08      1
64 1.245842e-05      1
65 4.604252e-04 0.0166
66 6.288279e-07      1
67 4.449318e-05      1
68 6.672062e-06      1
69 3.149000e-06      1
70 1.330217e-04      1
71 2.129581e-04 0.0415
72 1.038749e-06      1
73 2.654086e-05      1
74 8.722586e-05      1
75 2.228007e-04      1
76 1.787647e-04 0.2739
77 3.332622e-06      1
78 5.266408e-05      1
79 1.455484e-04      1
80 2.674907e-06      1
81 1.665187e-05      1
82 4.855240e-06      1
83 5.063203e-06      1

$`MR-PRESSO results`$`Distortion Test`
$`MR-PRESSO results`$`Distortion Test`$`Outliers Indices`
[1] 65 71

$`MR-PRESSO results`$`Distortion Test`$`Distortion Coefficient`
beta.exposure 
    -258.8994 

$`MR-PRESSO results`$`Distortion Test`$Pvalue
[1] 0.0991



