$`Main MR results`
       Exposure       MR Analysis Causal Estimate          Sd    T-stat
1 beta.exposure               Raw    -0.008682260 0.002895685 -2.998344
2 beta.exposure Outlier-corrected    -0.009598606 0.002884535 -3.327609
       P-value
1 0.0027362681
2 0.0008862677

$`MR-PRESSO results`
$`MR-PRESSO results`$`Global Test`
$`MR-PRESSO results`$`Global Test`$RSSobs
[1] 3742.438

$`MR-PRESSO results`$`Global Test`$Pvalue
[1] "<1e-05"


$`MR-PRESSO results`$`Outlier Test`
           RSSobs   Pvalue
1    2.571319e-04        1
2    1.242143e-04        1
3    3.155610e-04        1
4    1.248139e-03        1
5    8.912778e-04        1
6    1.078696e-08        1
7    1.107672e-03        1
8    4.691589e-03        1
9    2.327195e-04        1
10   5.040459e-05        1
11   6.251106e-06        1
12   9.288011e-06        1
13   7.042219e-05        1
14   1.998739e-05        1
15   2.739541e-04        1
16   5.566223e-05        1
17   4.012832e-04        1
18   9.060859e-04        1
19   2.679317e-04        1
20   5.277980e-06        1
21   1.468746e-03        1
22   4.792536e-05        1
23   1.039946e-03        1
24   1.111544e-03        1
25   1.587617e-04        1
26   4.483908e-04        1
27   6.692486e-04        1
28   5.469295e-04        1
29   3.860738e-04        1
30   1.780403e-05        1
31   7.083359e-05        1
32   9.849131e-06        1
33   5.220058e-04        1
34   4.490898e-04        1
35   3.431967e-04        1
36   6.386264e-04        1
37   1.425144e-06        1
38   3.952301e-04        1
39   1.044164e-05        1
40   3.125601e-05        1
41   2.611743e-05        1
42   2.658156e-04        1
43   5.035735e-05        1
44   1.727627e-06        1
45   4.825463e-05        1
46   2.985261e-04        1
47   4.966813e-04        1
48   5.425791e-04        1
49   7.655935e-04        1
50   6.919431e-04        1
51   5.115947e-04        1
52   6.968240e-04        1
53   1.103301e-04        1
54   2.648850e-04        1
55   4.015764e-04        1
56   1.824665e-03        1
57   2.103072e-04        1
58   3.709817e-04        1
59   2.111710e-04        1
60   1.377808e-04        1
61   1.179409e-04        1
62   1.508772e-04        1
63   1.220875e-04        1
64   1.916683e-03        1
65   1.420921e-04        1
66   3.987420e-06        1
67   6.715042e-04        1
68   4.538800e-04        1
69   2.928757e-07        1
70   4.349346e-05        1
71   6.007801e-04        1
72   2.131641e-05        1
73   3.935951e-05        1
74   6.248062e-04        1
75   1.159309e-03        1
76   7.808481e-05        1
77   1.413243e-04        1
78   3.061696e-06        1
79   4.490943e-07        1
80   3.714405e-04        1
81   3.659799e-06        1
82   1.277892e-04        1
83   5.375828e-04        1
84   2.764173e-04        1
85   3.981748e-06        1
86   3.954943e-06        1
87   1.717606e-03        1
88   1.341769e-03        1
89   2.228907e-04        1
90   3.868513e-06        1
91   2.485414e-04        1
92   1.169436e-03        1
93   1.761295e-03        1
94   1.766076e-04        1
95   6.646972e-05        1
96   1.107220e-04        1
97   3.796091e-04        1
98   6.091189e-05        1
99   3.289629e-05        1
100  5.214137e-04        1
101  2.463612e-03        1
102  1.902882e-03        1
103  4.521279e-04        1
104  1.801008e-04        1
105  4.060164e-04        1
106  1.175891e-03        1
107  8.635081e-04        1
108  6.801072e-04        1
109  1.522061e-04        1
110  1.198255e-03        1
111  1.643404e-03        1
112  6.481793e-04        1
113  2.779437e-05        1
114  9.847142e-04        1
115  3.502482e-05        1
116  3.550130e-04        1
117  7.239119e-04        1
118  6.934427e-06        1
119  2.718764e-04        1
120  8.590484e-05        1
121  4.662952e-06        1
122  9.721050e-07        1
123  2.469367e-04        1
124  1.903420e-06        1
125  3.903009e-05        1
126  1.026916e-05        1
127  1.955682e-04        1
128  1.601840e-04        1
129  1.886645e-07        1
130  9.685894e-04        1
131  2.201992e-04        1
132  5.491701e-04        1
133  3.091754e-04        1
134  8.611597e-05        1
135  1.420498e-03        1
136  1.546949e-03        1
137  1.104377e-04        1
138  4.229601e-04        1
139  5.545920e-03 <0.03073
140  6.292069e-04        1
141  6.820669e-04        1
142  4.143515e-04        1
143  1.369346e-04        1
144  3.776755e-06        1
145  1.006267e-04        1
146  3.945601e-05        1
147  1.552747e-04        1
148  4.022954e-04        1
149  1.328704e-04        1
150  6.346266e-04        1
151  8.659589e-05        1
152  1.107928e-04        1
153  1.125705e-05        1
154  8.482872e-04        1
155  3.236349e-05        1
156  6.074708e-04        1
157  1.746193e-04        1
158  8.834737e-05        1
159  4.165103e-05        1
160  1.378365e-05        1
161  2.214719e-03        1
162  3.151749e-04        1
163  6.629721e-04        1
164  6.251138e-05        1
165  3.985276e-04        1
166  7.384477e-05        1
167  1.322013e-03        1
168  2.518093e-04        1
169  1.899044e-04        1
170  3.613968e-05        1
171  3.105901e-04        1
172  1.439014e-04        1
173  1.717674e-04        1
174  7.425079e-05        1
175  1.841616e-04        1
176  4.122238e-05        1
177  2.017425e-04        1
178  2.138906e-04        1
179  1.428758e-04        1
180  2.131143e-04        1
181  1.986912e-03        1
182  9.876133e-06        1
183  4.429009e-04        1
184  7.028932e-04        1
185  1.296186e-03        1
186  2.460215e-05        1
187  4.025498e-04        1
188  3.963580e-04        1
189  4.199738e-04        1
190  1.643133e-03        1
191  9.051462e-04        1
192  8.246970e-06        1
193  1.452998e-03        1
194  1.740369e-04        1
195  7.107628e-04        1
196  4.016296e-03        1
197  7.262922e-05        1
198  7.749297e-04        1
199  8.883278e-07        1
200  2.008766e-04        1
201  1.185111e-04        1
202  7.225379e-05        1
203  2.226027e-07        1
204  7.784301e-04        1
205  9.017414e-04        1
206  1.097819e-03        1
207  2.724561e-05        1
208  2.863610e-06        1
209  8.855549e-04        1
210  1.576962e-04        1
211  2.988343e-05        1
212  3.892352e-04        1
213  3.368549e-04        1
214  1.393156e-04        1
215  2.250804e-03        1
216  4.138577e-07        1
217  2.379999e-05        1
218  2.422622e-05        1
219  4.103802e-04        1
220  3.728182e-05        1
221  4.908149e-04        1
222  1.594441e-03        1
223  2.431573e-05        1
224  7.141730e-04        1
225  4.120263e-04        1
226  2.094207e-03        1
227  9.647571e-05        1
228  6.696532e-05        1
229  3.132517e-04        1
230  6.149355e-06        1
231  8.213292e-05        1
232  7.419143e-04        1
233  5.144503e-04        1
234  3.106600e-04        1
235  9.327656e-05        1
236  9.121272e-04        1
237  2.032745e-04        1
238  9.906824e-06        1
239  5.521312e-05        1
240  6.657062e-05        1
241  3.798112e-04        1
242  2.290402e-04        1
243  2.338862e-03        1
244  1.592145e-03        1
245  3.732623e-03        1
246  1.080132e-03        1
247  5.281225e-07        1
248  7.445083e-04        1
249  6.113532e-05        1
250  6.160086e-05        1
251  2.207908e-04        1
252  5.031009e-04        1
253  1.603296e-04        1
254  1.598303e-03        1
255  8.689718e-06        1
256  4.034405e-04        1
257  1.246216e-03        1
258  2.091011e-08        1
259  3.602124e-04        1
260  1.041475e-06        1
261  1.362373e-04        1
262  2.745541e-03        1
263  1.278266e-05        1
264  9.416368e-04        1
265  2.800501e-05        1
266  8.786122e-04        1
267  2.935928e-04        1
268  7.391108e-05        1
269  2.358620e-04        1
270  1.099731e-04        1
271  2.038172e-03        1
272  1.312940e-03        1
273  4.551406e-04        1
274  2.074863e-03        1
275  2.323239e-02        1
276  9.625897e-05        1
277  8.606106e-05        1
278  1.108885e-04        1
279  1.064105e-03        1
280  7.788014e-04        1
281  1.790804e-03        1
282  2.021300e-04        1
283  5.549960e-03        1
284  2.094906e-03        1
285  5.049251e-04        1
286  3.768343e-03        1
287  8.438311e-07        1
288  3.457153e-02        1
289  1.965070e-05        1
290  3.825939e-05        1
291  2.204660e-03        1
292  8.025867e-06        1
293  8.699367e-05        1
294  1.243118e-03        1
295  1.552565e-03        1
296  1.248363e-02        1
297  8.248775e-04        1
298  2.813086e-03        1
299  8.343127e-03        1
300  8.578116e-03        1
301  7.820824e-04        1
302  5.825207e-04        1
303  6.455109e-02        1
304  2.469359e-04        1
305  7.917695e-05        1
306  2.432479e-06        1
307  4.075033e-05        1
308  1.580626e-03        1
309  3.952166e-05        1
310  4.058386e-05        1
311  3.842859e-05        1
312  2.299100e-03        1
313  7.369181e-04        1
314  2.351841e-03        1
315  7.632686e-05        1
316  9.955336e-06        1
317  7.741404e-03        1
318  1.876930e-03        1
319  2.552151e-04        1
320  1.418453e-04        1
321  1.313186e-02        1
322  3.543628e-04        1
323  1.826639e-04        1
324  1.083728e-04        1
325  3.694141e-03        1
326  2.122239e-03        1
327  2.796617e-03        1
328  2.443058e-04        1
329  1.055270e-02        1
330  8.313291e-03        1
331  3.792337e-02        1
332  1.686101e-04        1
333  1.558801e-03        1
334  3.472743e-05        1
335  4.672303e-03        1
336  3.592252e-03        1
337  1.526719e-02        1
338  9.625985e-03        1
339  9.790407e-04        1
340  2.588466e-02        1
341  4.372348e-05        1
342  1.335497e-03        1
343  7.970426e-02        1
344  1.419345e-03        1
345  2.201122e-04        1
346  3.701114e-04        1
347  1.495391e-03        1
348  1.616990e-07        1
349  3.948519e-03        1
350  1.284676e-05        1
351  1.130293e-02        1
352  8.983473e-04        1
353  1.879543e-03        1
354  1.255034e-04        1
355  1.602707e-03        1
356  1.009143e-03        1
357  1.943378e-05        1
358  7.171615e-07        1
359  2.377232e-05        1
360  2.883374e-03        1
361  1.929818e-03        1
362  5.869257e-03        1
363  2.569823e-04        1
364  2.097294e-04        1
365  1.276163e-03        1
366  7.890150e-05        1
367  8.221804e-04        1
368  9.799932e-10        1
369  2.879619e-03        1
370  6.730146e-05        1
371  1.907725e-05        1
372  6.972560e-05        1
373  3.058517e-03        1
374  2.354482e-04        1
375  3.372663e-06        1
376  1.652075e-05        1
377  5.547341e-04        1
378  1.748490e-04        1
379  3.678199e-07        1
380  2.687840e-04        1
381  1.624048e-03        1
382  1.144308e-03        1
383  9.254722e-04        1
384  1.670133e-03        1
385  1.537657e-04        1
386  1.367600e-03        1
387  4.763654e-03        1
388  1.309952e-03        1
389  9.473976e-05        1
390  1.024279e-07        1
391  3.620294e-03        1
392  7.896409e-04        1
393  3.587403e-04        1
394  1.057868e-02        1
395  1.132907e-03        1
396  2.478376e-02        1
397  4.975156e-04        1
398  1.516083e-06        1
399  1.098124e-04        1
400  6.486552e-04        1
401  1.611457e-04        1
402  1.348854e-03        1
403  7.274870e-04        1
404  1.712867e-03        1
405  1.293112e-04        1
406  4.924264e-06        1
407  2.619717e-04        1
408  2.304813e-03        1
409  5.038236e-03        1
410  1.360922e-03        1
411  2.474525e-04        1
412  1.300128e-03        1
413  2.091131e-05        1
414  1.063037e-05        1
415  8.220718e-05        1
416  1.894329e-04        1
417  1.118495e-03        1
418  6.024411e-04        1
419  1.160771e-03        1
420  2.863723e-03        1
421  2.266123e-04        1
422  3.089053e-04        1
423  1.326245e-04        1
424  5.855041e-05        1
425  8.864836e-03        1
426  2.688864e-06        1
427  3.834056e-04        1
428  2.469857e-05        1
429  1.315336e-03        1
430  7.826138e-05        1
431  1.000363e-04        1
432  1.439829e-03        1
433  7.969817e-04        1
434  7.004711e-04        1
435  3.784986e-03        1
436  3.202533e-06        1
437  2.025395e-03        1
438  1.024777e-04        1
439  2.857306e-03        1
440  6.712076e-03        1
441  1.787486e-03        1
442  3.108337e-03        1
443  5.351059e-04        1
444  1.158175e-03        1
445  8.918779e-04        1
446  1.532649e-03        1
447  8.581318e-05        1
448  1.753636e-04        1
449  6.284713e-05        1
450  4.412421e-04        1
451  1.841124e-02        1
452  3.747599e-04        1
453  2.269027e-04        1
454  1.824796e-02        1
455  9.234263e-06        1
456  1.681985e-03        1
457  2.851251e-06        1
458  5.796537e-03        1
459  2.021778e-04        1
460  1.452548e-04        1
461  6.043482e-04        1
462  6.480009e-03        1
463  3.815949e-04        1
464  4.210007e-05        1
465  2.934843e-03        1
466  4.924300e-04        1
467  3.148849e-03        1
468  7.366333e-03        1
469  1.890888e-02  0.52241
470  3.050075e-03        1
471  7.443437e-03        1
472  2.948031e-05        1
473  5.568100e-03        1
474  4.651456e-06        1
475  4.127054e-04        1
476  1.135184e-02        1
477  4.209964e-03        1
478  1.050973e-04        1
479  7.441376e-04        1
480  6.620122e-04        1
481  4.029010e-05        1
482  7.185297e-05        1
483  5.246545e-03        1
484  1.554786e-04        1
485  3.364235e-04        1
486  2.294410e-03        1
487  3.878231e-03        1
488  1.013080e-05        1
489  2.061461e-03        1
490  2.167242e-05        1
491  2.167346e-06        1
492  2.578944e-05        1
493  5.455328e-05        1
494  4.183891e-04        1
495  2.371551e-04        1
496  1.824896e-04        1
497  1.241475e-03        1
498  2.971173e-05        1
499  2.692710e-03        1
500  1.143077e-02        1
501  4.198736e-03        1
502  6.394483e-04        1
503  3.952294e-04        1
504  4.662068e-05        1
505  1.610220e-03        1
506  3.086123e-04        1
507  3.081161e-04        1
508  1.887217e-05        1
509  6.234281e-04        1
510  3.665340e-04        1
511  4.003528e-06        1
512  1.600909e-04        1
513  3.916719e-05        1
514  2.144517e-04        1
515  5.761681e-04        1
516  2.641156e-04        1
517  3.767781e-04        1
518  1.220032e-03        1
519  8.485491e-06        1
520  8.060290e-04        1
521  3.667951e-08        1
522  1.375987e-04        1
523  4.688010e-05        1
524  3.564650e-04        1
525  5.316358e-04        1
526  1.513152e-03        1
527  1.406228e-04        1
528  3.494433e-06        1
529  2.291120e-04        1
530  1.125991e-04        1
531  3.344708e-04        1
532  1.040737e-04        1
533  4.084508e-04        1
534  4.110592e-04        1
535  6.676939e-05        1
536  6.872343e-04        1
537  1.225780e-04        1
538  4.355298e-04        1
539  1.964376e-04        1
540  6.737801e-05        1
541  1.967439e-04        1
542  1.201513e-05        1
543  1.310137e-03        1
544  8.868900e-04        1
545  5.825850e-05        1
546  6.797564e-04        1
547  4.744076e-04        1
548  2.089208e-05        1
549  5.721935e-03        1
550  1.245361e-04        1
551  2.025694e-05        1
552  1.137532e-06        1
553  1.283569e-03        1
554  5.787807e-04        1
555  4.778144e-04        1
556  6.955133e-05        1
557  1.175109e-03        1
558  9.941920e-04        1
559  3.388603e-04        1
560  8.325365e-07        1
561  1.381939e-04        1
562  3.111071e-03        1
563  9.895049e-04        1
564  4.443065e-06        1
565  5.665056e-03        1
566  6.518976e-04        1
567  9.429465e-04        1
568  2.049759e-04        1
569  2.896697e-04        1
570  7.413145e-05        1
571  9.924757e-04        1
572  5.110649e-05        1
573  1.198183e-06        1
574  4.741908e-05        1
575  3.866534e-05        1
576  9.568695e-05        1
577  4.333789e-03        1
578  5.049402e-05        1
579  4.863602e-04        1
580  9.751260e-05        1
581  4.074480e-05        1
582  1.449674e-04        1
583  6.995038e-04        1
584  9.458288e-06        1
585  1.179663e-03        1
586  1.814233e-03        1
587  8.049577e-04        1
588  6.684623e-05        1
589  1.385298e-03        1
590  4.059150e-04        1
591  7.021861e-04        1
592  1.588542e-03        1
593  5.209489e-06        1
594  9.586744e-05        1
595  6.601545e-05        1
596  5.788168e-04        1
597  3.166902e-06        1
598  7.396694e-04        1
599  2.062161e-03        1
600  2.168045e-05        1
601  1.617488e-03        1
602  1.546545e-04        1
603  2.385701e-04        1
604  3.205507e-06        1
605  1.019170e-04        1
606  4.895791e-04        1
607  1.029757e-03        1
608  2.893049e-03        1
609  9.554050e-04        1
610  1.814020e-05        1
611  7.251113e-04        1
612  1.744745e-03        1
613  1.132227e-03        1
614  2.859449e-04        1
615  1.253172e-04        1
616  8.485246e-04        1
617  1.934329e-03        1
618  5.216509e-04        1
619  5.457436e-04        1
620  3.286372e-08        1
621  2.628689e-04        1
622  1.886466e-04        1
623  8.285585e-04        1
624  9.488497e-05        1
625  1.103259e-06        1
626  2.259433e-05        1
627  1.275558e-03        1
628  7.222248e-04        1
629  1.267412e-03        1
630  8.195804e-05        1
631  5.913648e-04        1
632  1.191725e-04        1
633  5.714542e-05        1
634  2.823060e-07        1
635  1.154393e-04        1
636  2.293333e-06        1
637  1.885099e-08        1
638  4.951566e-04        1
639  2.431757e-04        1
640  1.520024e-06        1
641  3.284509e-06        1
642  4.376820e-06        1
643  1.586171e-05        1
644  9.625771e-06        1
645  1.690042e-05        1
646  8.672570e-05        1
647  2.091306e-04        1
648  1.403513e-04        1
649  1.842518e-04        1
650  8.906266e-04        1
651  3.041250e-05        1
652  1.011630e-02        1
653  5.237219e-05        1
654  1.982159e-05        1
655  1.284120e-03        1
656  1.100568e-05        1
657  1.549644e-03        1
658  2.786608e-04        1
659  2.301820e-04        1
660  1.306225e-04        1
661  1.739520e-05        1
662  1.238572e-05        1
663  8.138785e-05        1
664  8.867633e-06        1
665  2.309961e-04        1
666  1.567949e-03        1
667  1.887016e-04        1
668  3.582021e-05        1
669  1.967192e-04        1
670  2.661513e-03        1
671  1.716408e-05        1
672  7.692066e-05        1
673  2.146799e-06        1
674  1.233266e-04        1
675  8.984783e-05        1
676  1.071533e-03        1
677  6.709995e-03        1
678  1.310182e-05        1
679  4.412899e-12        1
680  4.152082e-04        1
681  4.302576e-04        1
682  2.648584e-04        1
683  4.822652e-05        1
684  6.300291e-05        1
685  7.290644e-05        1
686  1.735814e-04        1
687  1.913035e-03        1
688  2.460232e-04        1
689  3.538397e-04        1
690  2.882182e-04        1
691  1.370344e-04        1
692  1.312737e-03        1
693  5.648353e-04        1
694  2.119297e-04        1
695  8.817124e-06        1
696  4.755866e-04        1
697  1.399118e-06        1
698  7.354438e-05        1
699  1.637476e-04        1
700  2.802569e-04        1
701  5.459921e-08        1
702  2.152942e-08        1
703  4.348531e-04        1
704  8.486449e-04        1
705  2.242604e-04        1
706  7.284189e-05        1
707  1.937301e-04        1
708  1.275018e-06        1
709  2.254884e-03        1
710  2.391063e-05        1
711  1.904852e-03        1
712  6.832177e-06        1
713  1.170385e-05        1
714  5.342636e-04        1
715  1.536369e-03        1
716  1.340767e-03        1
717  1.716639e-04        1
718  2.435258e-05        1
719  4.022205e-04        1
720  5.622947e-04        1
721  8.563944e-05        1
722  5.282905e-04        1
723  5.557438e-04        1
724  1.774048e-07        1
725  1.153569e-04        1
726  4.613299e-04        1
727  3.477805e-05        1
728  3.694550e-04        1
729  3.420672e-05        1
730  3.490389e-05        1
731  9.440862e-05        1
732  1.032892e-06        1
733  3.465443e-04        1
734  3.943944e-05        1
735  4.084488e-06        1
736  2.565812e-04        1
737  2.042267e-03        1
738  4.734185e-05        1
739  2.366361e-04        1
740  9.259007e-04        1
741  9.954668e-04        1
742  6.502595e-05        1
743  4.969480e-05        1
744  2.287521e-05        1
745  2.914275e-04        1
746  1.880779e-04        1
747  3.621879e-04        1
748  5.149226e-04        1
749  2.644378e-06        1
750  7.822866e-07        1
751  2.004930e-04        1
752  1.015757e-05        1
753  1.865251e-03        1
754  1.872109e-07        1
755  1.720744e-07        1
756  3.550708e-04        1
757  9.223670e-04        1
758  1.627793e-06        1
759  3.616260e-04        1
760  9.888299e-04        1
761  2.341495e-06        1
762  1.912938e-08        1
763  4.792162e-05        1
764  8.809119e-06        1
765  3.625229e-04        1
766  1.210118e-06        1
767  2.697223e-06        1
768  1.755687e-05        1
769  2.483506e-04        1
770  6.123700e-05        1
771  1.374313e-05        1
772  6.539377e-05        1
773  2.830303e-05        1
774  2.454768e-04        1
775  9.435207e-04        1
776  1.010445e-04        1
777  3.248222e-07        1
778  3.198114e-04        1
779  5.376866e-04        1
780  1.971666e-03        1
781  2.086725e-03        1
782  1.343655e-04        1
783  9.475148e-04        1
784  2.894393e-04        1
785  2.110148e-03        1
786  6.673212e-04        1
787  1.109062e-03        1
788  3.027049e-05        1
789  3.775745e-05        1
790  2.340127e-03        1
791  5.318332e-03        1
792  6.771547e-04        1
793  1.596314e-03        1
794  1.293302e-02        1
795  2.053535e-03        1
796  2.887506e-03        1
797  2.955880e-03        1
798  7.499122e-03        1
799  2.146926e-04        1
800  5.094006e-04        1
801  6.530253e-04        1
802  1.598359e-05        1
803  7.852024e-03        1
804  1.164110e-06        1
805  8.767576e-04        1
806  2.219895e-03        1
807  4.000892e-03        1
808  5.184213e-03        1
809  5.115966e-03        1
810  1.179791e-03        1
811  7.821937e-07        1
812  1.086804e-03        1
813  4.982480e-03        1
814  6.728754e-03        1
815  1.105402e-05        1
816  5.804034e-04        1
817  2.557404e-03        1
818  4.051344e-03        1
819  8.695180e-03        1
820  1.476403e-03        1
821  5.910292e-05        1
822  3.465065e-03        1
823  9.761506e-04        1
824  1.029988e-04        1
825  5.609044e-05        1
826  4.273295e-06        1
827  6.853194e-04        1
828  4.617578e-03        1
829  4.432537e-03        1
830  2.017192e-04        1
831  5.214054e-04        1
832  3.509110e-03        1
833  3.271025e-07        1
834  3.597572e-04        1
835  1.293131e-04        1
836  4.560700e-05        1
837  1.151782e-02        1
838  2.657322e-03        1
839  1.810083e-03        1
840  6.246428e-04        1
841  2.837821e-03        1
842  3.459493e-04        1
843  1.115929e-02        1
844  1.410592e-04        1
845  1.346782e-04        1
846  8.403761e-05        1
847  2.239939e-04        1
848  5.491863e-03        1
849  6.905310e-04        1
850  7.722633e-03        1
851  5.686989e-02        1
852  5.658069e-04        1
853  2.677303e-03        1
854  1.455517e-04        1
855  5.670364e-05        1
856  3.192247e-03        1
857  6.775665e-06        1
858  1.858813e-03        1
859  4.952919e-03        1
860  1.095278e-04        1
861  7.172187e-06        1
862  7.227848e-05        1
863  2.225354e-05        1
864  9.997927e-05        1
865  3.525621e-02        1
866  8.247200e-05        1
867  4.407778e-05        1
868  5.188493e-03        1
869  8.928090e-05        1
870  1.519476e-03        1
871  1.650213e-02        1
872  2.474318e-04        1
873  7.668830e-05        1
874  3.034473e-03        1
875  5.908928e-04        1
876  4.260928e-04        1
877  1.364824e-03        1
878  7.416399e-04        1
879  3.143399e-05        1
880  2.808022e-04        1
881  6.163520e-04        1
882  2.522231e-03        1
883  1.872417e-04        1
884  4.858883e-03        1
885  2.267282e-04        1
886  2.495410e-04        1
887  6.830718e-04        1
888  1.352169e-02        1
889  3.993243e-03        1
890  7.365886e-03        1
891  4.848786e-05        1
892  3.772732e-03        1
893  6.190639e-03        1
894  5.223716e-03        1
895  1.908936e-03        1
896  2.526391e-05        1
897  8.736592e-04        1
898  3.149355e-06        1
899  3.773256e-03        1
900  1.104923e-03        1
901  4.734163e-05        1
902  3.642067e-04        1
903  2.697418e-04        1
904  2.958192e-04        1
905  1.312911e-04        1
906  7.777313e-04        1
907  1.728831e-04        1
908  2.296725e-09        1
909  1.923009e-05        1
910  1.182628e-03        1
911  7.181129e-06        1
912  1.017298e-06        1
913  9.165774e-04        1
914  1.447127e-04        1
915  6.429622e-04        1
916  1.375183e-05        1
917  3.833092e-05        1
918  1.256573e-03        1
919  2.504530e-04        1
920  1.742185e-04        1
921  3.002055e-04        1
922  3.259131e-04        1
923  6.463740e-04        1
924  4.169447e-04        1
925  1.844190e-05        1
926  2.853407e-03        1
927  9.418808e-04        1
928  5.437548e-05        1
929  9.694556e-05        1
930  1.214263e-04        1
931  2.570547e-04        1
932  3.193073e-04        1
933  3.791717e-04        1
934  1.411542e-03        1
935  1.585806e-04        1
936  2.000235e-04        1
937  2.901281e-04        1
938  4.888474e-04        1
939  4.544983e-07        1
940  2.694388e-04        1
941  4.134681e-04        1
942  4.362401e-04        1
943  2.697245e-04        1
944  5.670893e-04        1
945  5.127455e-08        1
946  7.237089e-04        1
947  1.295969e-04        1
948  1.796805e-03        1
949  6.156996e-04        1
950  6.982492e-02        1
951  1.690936e-04        1
952  3.570110e-04        1
953  1.208385e-03        1
954  1.799170e-04        1
955  1.499047e-05        1
956  1.812156e-02        1
957  4.034307e-06        1
958  4.166821e-04        1
959  1.328766e-03        1
960  1.843468e-05        1
961  1.135688e-04        1
962  1.924626e-04        1
963  8.495689e-04        1
964  5.463194e-03        1
965  1.560905e-08        1
966  8.621787e-06        1
967  7.520115e-04        1
968  8.758939e-06        1
969  1.094996e-04        1
970  5.688691e-06        1
971  1.419641e-04        1
972  3.523539e-03        1
973  2.325834e-03        1
974  3.953909e-03        1
975  1.246845e-06        1
976  8.614716e-06        1
977  1.209258e-03        1
978  1.050408e-07        1
979  9.146185e-07        1
980  1.754370e-04        1
981  6.985494e-04        1
982  1.135463e-05        1
983  3.914904e-04        1
984  3.124015e-05        1
985  2.126406e-03        1
986  2.180193e-04        1
987  3.811978e-05        1
988  2.096221e-07        1
989  4.592444e-04        1
990  9.107311e-05        1
991  2.884684e-05        1
992  5.548900e-05        1
993  9.463664e-05        1
994  9.146762e-05        1
995  1.402794e-05        1
996  1.495109e-07        1
997  1.653847e-04        1
998  9.881582e-04        1
999  1.368352e-03        1
1000 2.456780e-03        1
1001 4.090318e-03        1
1002 2.166565e-05        1
1003 1.328334e-04        1
1004 7.032766e-05        1
1005 2.569965e-03        1
1006 9.185859e-03        1
1007 1.559512e-04        1
1008 7.971050e-04        1
1009 1.976715e-04        1
1010 8.139203e-03        1
1011 3.114630e-03        1
1012 5.669570e-10        1
1013 3.029649e-05        1
1014 1.912626e-03        1
1015 2.298452e-03        1
1016 1.085247e-04        1
1017 1.747034e-06        1
1018 1.062848e-02        1
1019 7.113072e-03        1
1020 3.364438e-05        1
1021 1.137793e-03        1
1022 4.876206e-04        1
1023 8.250103e-04        1
1024 6.487070e-05        1
1025 9.849451e-04        1
1026 8.922679e-07        1
1027 3.824478e-04        1
1028 6.929487e-04        1
1029 2.522228e-04        1
1030 1.185489e-04        1
1031 4.392292e-04        1
1032 1.881367e-03        1
1033 2.458236e-06        1
1034 2.682556e-04        1
1035 1.319349e-04        1
1036 3.409289e-03        1
1037 1.824966e-04        1
1038 4.179327e-05        1
1039 4.214345e-03        1
1040 1.947001e-03        1
1041 1.781007e-03        1
1042 2.288594e-03        1
1043 8.535533e-04        1
1044 8.473722e-04        1
1045 4.322282e-04        1
1046 8.317194e-04        1
1047 3.553176e-05        1
1048 2.733783e-03        1
1049 3.108131e-03        1
1050 2.764062e-05        1
1051 6.803286e-06        1
1052 6.620842e-05        1
1053 3.001611e-05        1
1054 2.193615e-04        1
1055 1.870793e-03        1
1056 1.002382e-04        1
1057 2.238254e-04        1
1058 7.455049e-06        1
1059 1.919106e-04        1
1060 9.750953e-04        1
1061 1.853517e-04        1
1062 2.053221e-03        1
1063 3.204531e-04        1
1064 5.555165e-05        1
1065 1.376305e-04        1
1066 4.326575e-04        1
1067 5.569649e-08        1
1068 7.317918e-06        1
1069 4.004130e-04        1
1070 3.000486e-05        1
1071 1.678515e-04        1
1072 2.685271e-04        1
1073 1.817707e-06        1
1074 6.482485e-04        1
1075 1.674616e-05        1
1076 1.390911e-04        1
1077 3.580306e-05        1
1078 1.922177e-02        1
1079 3.528308e-04        1
1080 7.239781e-04        1
1081 1.273125e-04        1
1082 1.869366e-04        1
1083 9.513280e-04        1
1084 4.232344e-04        1
1085 6.609668e-05        1
1086 2.870984e-05        1
1087 1.708892e-05        1
1088 2.897076e-04        1
1089 4.134167e-05        1
1090 2.518044e-04        1
1091 7.801188e-04        1
1092 3.191090e-04        1
1093 2.409421e-04        1
1094 4.945969e-05        1
1095 5.416387e-06        1
1096 3.609464e-04        1
1097 2.710556e-05        1
1098 1.759799e-04        1
1099 1.351686e-03        1
1100 1.639513e-05        1
1101 4.149901e-05        1
1102 1.044874e-02        1
1103 2.563528e-04        1
1104 1.074555e-03        1
1105 6.503873e-05        1
1106 1.439065e-04        1
1107 1.500294e-05        1
1108 2.430122e-04        1
1109 1.650472e-06        1
1110 3.803882e-04        1
1111 1.339147e-04        1
1112 1.816849e-04        1
1113 7.817401e-04        1
1114 6.586297e-05        1
1115 3.777016e-06        1
1116 1.606678e-04        1
1117 3.689446e-04        1
1118 1.053205e-03        1
1119 6.072563e-04        1
1120 5.769401e-03        1
1121 2.351790e-04        1
1122 4.984852e-04        1
1123 3.293471e-04        1
1124 3.193630e-04        1
1125 3.719197e-04        1
1126 1.376936e-03        1
1127 2.817415e-03        1
1128 8.711407e-05        1
1129 1.594771e-04        1
1130 2.639615e-06        1
1131 1.056640e-04        1
1132 8.174555e-04        1
1133 5.805658e-04        1
1134 3.288595e-04        1
1135 2.389359e-05        1
1136 2.149928e-04        1
1137 8.146615e-05        1
1138 5.128446e-04        1
1139 6.684030e-09        1
1140 5.227660e-04        1
1141 4.807676e-06        1
1142 2.638469e-04        1
1143 5.747917e-05        1
1144 3.911688e-04        1
1145 6.161861e-05        1
1146 3.179136e-08        1
1147 1.130246e-04        1
1148 1.872884e-04        1
1149 8.337027e-05        1
1150 3.837900e-05        1
1151 3.560986e-04        1
1152 8.047878e-04        1
1153 4.632096e-07        1
1154 5.464064e-06        1
1155 1.806033e-03        1
1156 1.897280e-03        1
1157 2.078531e-05        1
1158 3.229121e-04        1
1159 4.039237e-05        1
1160 4.670893e-04        1
1161 4.655005e-05        1
1162 8.996371e-04        1
1163 1.421025e-04        1
1164 1.652582e-07        1
1165 1.090256e-07        1
1166 4.373447e-05        1
1167 4.343406e-04        1
1168 6.044536e-04        1
1169 6.280625e-04        1
1170 8.510826e-05        1
1171 2.974401e-04        1
1172 5.661840e-05        1
1173 2.419816e-07        1
1174 1.024509e-06        1
1175 8.401077e-04        1
1176 3.184921e-05        1
1177 1.580946e-06        1
1178 2.223492e-05        1
1179 2.450992e-03        1
1180 3.624609e-04        1
1181 3.259039e-06        1
1182 1.099578e-05        1
1183 1.958613e-03        1
1184 2.902565e-03        1
1185 2.894265e-04        1
1186 3.115821e-04        1
1187 3.595937e-05        1
1188 4.750192e-05        1
1189 2.200094e-07        1
1190 2.425032e-03        1
1191 1.011089e-03        1
1192 4.458450e-05        1
1193 8.336063e-04        1
1194 4.832941e-04        1
1195 5.513993e-04        1
1196 2.995803e-04        1
1197 8.612719e-04        1
1198 6.420294e-04        1
1199 8.092542e-07        1
1200 2.860402e-04        1
1201 2.248675e-04        1
1202 3.361634e-04        1
1203 3.701207e-04        1
1204 9.333152e-07        1
1205 6.840674e-05        1
1206 3.600782e-03        1
1207 1.598983e-04        1
1208 7.652468e-07        1
1209 6.793806e-07        1
1210 4.463180e-04        1
1211 3.072908e-06        1
1212 9.275718e-04        1
1213 5.241921e-04        1
1214 6.075463e-04        1
1215 1.823654e-05        1
1216 5.777868e-05        1
1217 1.458072e-04        1
1218 2.853959e-04        1
1219 3.346431e-04        1
1220 5.485596e-04        1
1221 2.639115e-04        1
1222 9.753216e-05        1
1223 1.412239e-03        1
1224 1.417098e-03        1
1225 6.158696e-05        1
1226 3.231103e-08        1
1227 2.700761e-04        1
1228 1.638689e-04        1
1229 4.539284e-06        1
1230 1.122179e-04        1
1231 1.173881e-03        1
1232 4.943334e-04        1
1233 6.229951e-04        1
1234 2.302078e-04        1
1235 3.533003e-05        1
1236 5.976440e-04        1
1237 7.583513e-04        1
1238 8.067198e-04        1
1239 1.451408e-04        1
1240 5.289638e-04        1
1241 2.809010e-05        1
1242 9.847844e-05        1
1243 2.908855e-04        1
1244 2.302812e-04        1
1245 1.798970e-05        1
1246 8.079181e-04        1
1247 2.096792e-03        1
1248 3.846346e-05        1
1249 4.051638e-04        1
1250 1.481110e-02        1
1251 6.947662e-06        1
1252 9.190931e-04        1
1253 5.325717e-05        1
1254 8.035165e-05        1
1255 1.632386e-04        1
1256 3.117481e-03  0.79898
1257 2.124055e-04        1
1258 6.132462e-06        1
1259 3.445749e-04        1
1260 1.347339e-06        1
1261 1.691396e-05        1
1262 1.436655e-04        1
1263 4.302901e-04        1
1264 4.152363e-04        1
1265 6.647966e-04        1
1266 3.886223e-04        1
1267 5.652079e-05        1
1268 1.447872e-03        1
1269 2.159956e-06        1
1270 1.970375e-04        1
1271 9.521991e-05        1
1272 1.110012e-05        1
1273 2.260532e-04        1
1274 4.906967e-05        1
1275 3.982601e-05        1
1276 5.058000e-05        1
1277 1.518027e-04        1
1278 2.329705e-09        1
1279 2.449309e-04        1
1280 3.498500e-05        1
1281 1.532224e-03        1
1282 2.340891e-04        1
1283 6.497171e-04        1
1284 3.578064e-05        1
1285 2.381759e-04        1
1286 3.647725e-05        1
1287 4.647811e-04        1
1288 1.397814e-05        1
1289 3.367006e-03        1
1290 1.208638e-04        1
1291 6.305926e-05        1
1292 1.313167e-04        1
1293 2.423450e-05        1
1294 1.730026e-04        1
1295 3.553973e-05        1
1296 1.798122e-04        1
1297 3.981982e-04        1
1298 1.397461e-04        1
1299 6.220154e-04        1
1300 3.132127e-07        1
1301 1.462835e-05        1
1302 7.493942e-05        1
1303 5.876805e-06        1
1304 8.080783e-04        1
1305 2.960431e-04        1
1306 7.124096e-05        1
1307 3.998225e-03        1
1308 1.694613e-04        1
1309 1.170517e-04        1
1310 3.403165e-04        1
1311 2.070569e-04        1
1312 7.932973e-06        1
1313 2.209452e-04        1
1314 5.653437e-05        1
1315 7.615653e-06        1
1316 1.791982e-03        1
1317 1.216813e-06        1
1318 1.366792e-04        1
1319 8.985343e-05        1
1320 8.737007e-05        1
1321 4.541185e-04        1
1322 1.612408e-04        1
1323 1.402597e-05        1
1324 4.375007e-04        1
1325 7.638585e-05        1
1326 1.144489e-03        1
1327 1.512835e-04        1
1328 2.545585e-05        1
1329 2.144833e-04        1
1330 1.777683e-03        1
1331 1.243531e-03        1
1332 7.770319e-04        1
1333 7.167222e-04        1
1334 3.235978e-04        1
1335 2.899493e-04        1
1336 1.047731e-03        1
1337 8.785779e-05        1
1338 3.916703e-05        1
1339 1.921498e-03        1
1340 2.165774e-04        1
1341 2.709013e-06        1
1342 1.104982e-05        1
1343 4.043285e-05        1
1344 1.666874e-04        1
1345 6.816388e-04        1
1346 2.562552e-04        1
1347 5.343244e-05        1
1348 2.560089e-06        1
1349 9.949259e-04        1
1350 5.574489e-06        1
1351 7.347239e-05        1
1352 3.982037e-04        1
1353 1.989909e-04        1
1354 5.558640e-05        1
1355 1.073199e-03        1
1356 2.477513e-05        1
1357 2.334423e-04        1
1358 4.891968e-05        1
1359 4.257697e-05        1
1360 3.675001e-04        1
1361 2.182077e-04        1
1362 5.150034e-04        1
1363 6.961509e-06        1
1364 6.642306e-05        1
1365 2.956507e-04        1
1366 3.400344e-05        1
1367 4.469766e-04        1
1368 6.925690e-05        1
1369 7.674613e-04        1
1370 1.807507e-04        1
1371 7.252073e-04        1
1372 1.116838e-06        1
1373 1.251560e-03        1
1374 9.018969e-04        1
1375 4.718252e-04        1
1376 4.276417e-04        1
1377 1.276462e-03        1
1378 9.653550e-04        1
1379 1.431022e-03        1
1380 1.328009e-03        1
1381 2.518130e-03        1
1382 8.119520e-04        1
1383 3.174541e-04        1
1384 6.066906e-04        1
1385 8.883031e-06        1
1386 3.979087e-04        1
1387 2.740861e-04        1
1388 1.520397e-04        1
1389 6.356982e-05        1
1390 2.009685e-04        1
1391 2.102151e-03        1
1392 3.803410e-06        1
1393 2.372993e-06        1
1394 1.616229e-05        1
1395 5.034574e-04        1
1396 1.041129e-04        1
1397 5.027671e-04        1
1398 4.376073e-05        1
1399 1.263669e-03        1
1400 1.082323e-04        1
1401 8.405700e-05        1
1402 8.032255e-05        1
1403 8.729539e-06        1
1404 1.525592e-04        1
1405 4.268629e-04        1
1406 4.765392e-04        1
1407 1.077893e-03        1
1408 6.694244e-05        1
1409 1.452065e-05        1
1410 3.189754e-04        1
1411 7.722438e-04        1
1412 5.247111e-03        1
1413 1.712737e-04        1
1414 4.641494e-04        1
1415 2.890694e-04        1
1416 9.437873e-06        1
1417 5.406841e-05        1
1418 4.115588e-05        1
1419 8.141187e-05        1
1420 1.167681e-06        1
1421 3.179545e-04        1
1422 6.196434e-04        1
1423 2.030074e-04        1
1424 1.196017e-03        1
1425 1.308797e-04        1
1426 1.580243e-04        1
1427 1.310217e-03        1
1428 1.152415e-04        1
1429 1.282521e-03        1
1430 2.455674e-04        1
1431 2.066249e-05        1
1432 6.723599e-08        1
1433 4.285086e-04        1
1434 6.378937e-04        1
1435 1.498289e-04        1
1436 4.938768e-07        1
1437 7.949232e-06        1
1438 5.653132e-04        1
1439 2.238733e-06        1
1440 5.010922e-04        1
1441 6.168826e-05        1
1442 4.328964e-04        1
1443 5.370999e-05        1
1444 2.235872e-03        1
1445 1.240727e-04        1
1446 1.819385e-04        1
1447 6.432402e-05        1
1448 1.513588e-06        1
1449 5.854967e-04        1
1450 5.356611e-04        1
1451 8.318659e-03        1
1452 1.254247e-04        1
1453 3.365365e-04        1
1454 6.721419e-04        1
1455 1.066939e-04        1
1456 6.526196e-04        1
1457 8.799362e-06        1
1458 5.445111e-04        1
1459 1.200110e-03        1
1460 4.245402e-04        1
1461 6.386970e-04        1
1462 1.861234e-03        1
1463 4.055468e-04        1
1464 6.066147e-05        1
1465 2.717421e-04        1
1466 1.029459e-05        1
1467 7.218309e-04        1
1468 1.092460e-04        1
1469 1.187174e-04        1
1470 1.428765e-04        1
1471 4.229301e-06        1
1472 5.128165e-07        1
1473 3.976969e-03        1
1474 1.053351e-04        1
1475 2.942769e-04        1
1476 6.622082e-04        1
1477 4.841684e-05        1
1478 9.356595e-04        1
1479 4.948022e-04        1
1480 3.111156e-04        1
1481 2.092613e-04        1
1482 1.736203e-04        1
1483 5.853099e-07        1
1484 1.052636e-04        1
1485 6.300822e-04        1
1486 1.667766e-04        1
1487 2.811726e-04        1
1488 6.796305e-04        1
1489 4.739412e-05        1
1490 5.704162e-05        1
1491 4.269500e-04        1
1492 1.083466e-03        1
1493 6.741644e-04        1
1494 6.854831e-04        1
1495 8.469430e-05        1
1496 2.762079e-05        1
1497 1.083802e-05        1
1498 7.796005e-03        1
1499 4.172860e-05        1
1500 1.638869e-04        1
1501 4.985515e-02        1
1502 5.663673e-04        1
1503 2.590400e-04        1
1504 2.604968e-04        1
1505 1.970756e-05        1
1506 9.398328e-04        1
1507 1.748498e-04        1
1508 2.687412e-04        1
1509 6.288331e-05        1
1510 1.588692e-04        1
1511 4.051999e-04        1
1512 1.920959e-03        1
1513 6.239815e-06        1
1514 1.470690e-04        1
1515 6.173218e-05        1
1516 7.379125e-04        1
1517 2.643295e-05        1
1518 1.405751e-04        1
1519 3.853263e-04        1
1520 1.083316e-03        1
1521 2.887712e-05        1
1522 1.703515e-04        1
1523 2.300786e-05        1
1524 4.936564e-03        1
1525 1.537352e-04        1
1526 3.885483e-04        1
1527 3.844715e-03        1
1528 5.293229e-04        1
1529 2.320303e-06        1
1530 7.958165e-05        1
1531 4.320260e-04        1
1532 3.565788e-07        1
1533 1.569726e-03        1
1534 7.302100e-04        1
1535 3.214927e-05        1
1536 6.365037e-04        1
1537 8.357037e-08        1
1538 5.038892e-04        1
1539 4.157484e-04        1
1540 6.705226e-06        1
1541 1.148307e-04        1
1542 2.851432e-05        1
1543 3.496117e-03        1
1544 5.494502e-04        1
1545 2.861434e-05        1
1546 8.390581e-06        1
1547 1.021576e-02        1
1548 5.721548e-05        1
1549 2.122577e-07        1
1550 2.442233e-05        1
1551 5.408683e-04        1
1552 1.016188e-04        1
1553 2.339688e-03        1
1554 2.365541e-02        1
1555 6.716620e-05        1
1556 4.434014e-04        1
1557 1.889742e-04        1
1558 4.237466e-03        1
1559 5.354624e-04        1
1560 2.822502e-04        1
1561 1.941930e-04        1
1562 1.559874e-06        1
1563 8.635402e-04        1
1564 1.494322e-04        1
1565 3.851730e-06        1
1566 1.185689e-04        1
1567 1.411264e-04        1
1568 3.755152e-04        1
1569 1.680098e-03        1
1570 2.367668e-03        1
1571 1.624767e-03        1
1572 2.435891e-03        1
1573 1.055444e-04        1
1574 9.343098e-05        1
1575 1.169118e-06        1
1576 1.199712e-04        1
1577 3.439445e-04        1
1578 1.279094e-03        1
1579 1.069281e-02        1
1580 1.618827e-04        1
1581 5.887675e-03        1
1582 3.604372e-04        1
1583 1.246758e-03        1
1584 1.825906e-05        1
1585 4.833591e-04        1
1586 2.496505e-05        1
1587 6.321045e-06        1
1588 1.764528e-04        1
1589 8.240757e-04        1
1590 4.717376e-04        1
1591 1.045921e-05        1
1592 1.341412e-04        1
1593 2.329882e-04        1
1594 1.701189e-03        1
1595 4.998900e-04        1
1596 1.022542e-03        1
1597 1.353881e-03        1
1598 2.561149e-04        1
1599 1.971539e-03        1
1600 1.552920e-05        1
1601 1.024982e-04        1
1602 8.578330e-04        1
1603 7.253669e-05        1
1604 2.535558e-05        1
1605 5.318045e-05        1
1606 1.488348e-06        1
1607 6.538708e-04        1
1608 5.497985e-06        1
1609 5.645016e-04        1
1610 1.660544e-04        1
1611 3.019541e-04        1
1612 2.886529e-04        1
1613 3.552104e-04        1
1614 1.899304e-05        1
1615 8.834846e-04        1
1616 6.748205e-05        1
1617 2.138696e-04        1
1618 1.711279e-04        1
1619 2.096522e-04        1
1620 8.429435e-04        1
1621 1.392902e-04        1
1622 7.648062e-05        1
1623 2.148796e-03        1
1624 2.172690e-03        1
1625 5.744169e-05        1
1626 9.419369e-05        1
1627 7.961019e-06        1
1628 2.365029e-04        1
1629 3.378163e-03        1
1630 5.614049e-04        1
1631 2.768978e-04        1
1632 4.770584e-04        1
1633 1.100082e-06        1
1634 9.537211e-08        1
1635 7.489567e-04        1
1636 1.899998e-05        1
1637 4.298197e-05        1
1638 4.008466e-06        1
1639 8.542325e-06        1
1640 2.068986e-05        1
1641 4.227606e-11        1
1642 4.207568e-05        1
1643 2.285757e-04        1
1644 8.351649e-04        1
1645 3.003005e-04        1
1646 2.866825e-04        1
1647 2.843300e-03        1
1648 1.575679e-04        1
1649 1.747899e-04        1
1650 5.712615e-04        1
1651 4.829963e-04        1
1652 5.090326e-04        1
1653 5.935225e-03        1
1654 1.297681e-05        1
1655 6.287935e-05        1
1656 2.206602e-04        1
1657 1.669119e-05        1
1658 1.694040e-04        1
1659 1.988507e-03        1
1660 1.334321e-04        1
1661 2.604227e-06        1
1662 4.996495e-04        1
1663 5.801672e-04        1
1664 5.143514e-07        1
1665 6.448531e-04        1
1666 1.908828e-04        1
1667 7.680812e-04        1
1668 1.649965e-05        1
1669 1.782196e-04        1
1670 4.220895e-05        1
1671 1.040474e-03        1
1672 6.767296e-05        1
1673 6.295529e-04        1
1674 2.122253e-03        1
1675 4.281971e-04        1
1676 7.871629e-03        1
1677 5.983140e-06        1
1678 8.240614e-04        1
1679 7.171003e-06        1
1680 2.695504e-05        1
1681 1.144930e-04        1
1682 1.646996e-03        1
1683 7.136887e-04        1
1684 2.841947e-05        1
1685 2.990688e-03        1
1686 6.914321e-03        1
1687 8.511613e-05        1
1688 3.149545e-05        1
1689 7.657189e-05        1
1690 1.664772e-04        1
1691 1.046048e-03        1
1692 1.727248e-05        1
1693 2.760865e-08        1
1694 7.304263e-05        1
1695 4.635354e-04        1
1696 2.160376e-05        1
1697 1.720393e-03        1
1698 3.473952e-04        1
1699 5.254909e-04        1
1700 7.095340e-04        1
1701 1.761636e-04        1
1702 6.305983e-04        1
1703 8.522370e-06        1
1704 3.424397e-04        1
1705 3.186185e-05        1
1706 6.102191e-04        1
1707 6.053063e-04        1
1708 8.004879e-04        1
1709 5.346473e-04        1
1710 2.877013e-04        1
1711 5.801962e-04        1
1712 1.093048e-03        1
1713 4.782982e-06        1
1714 7.047880e-05        1
1715 7.313495e-04        1
1716 7.764350e-04        1
1717 3.221042e-04        1
1718 5.601880e-07        1
1719 2.429913e-05        1
1720 3.331785e-04        1
1721 4.710385e-05        1
1722 2.947680e-04        1
1723 6.642741e-03        1
1724 4.735762e-04        1
1725 1.944106e-05        1
1726 1.873063e-03        1
1727 6.700101e-06        1
1728 3.003183e-04        1
1729 6.123306e-05        1
1730 4.929051e-04        1
1731 2.705489e-03        1
1732 7.501390e-03        1
1733 3.772491e-04        1
1734 1.295205e-05        1
1735 1.317411e-03        1
1736 1.437824e-05        1
1737 1.036754e-03        1
1738 2.397757e-04        1
1739 5.346582e-05        1
1740 6.620869e-04        1
1741 8.758305e-04        1
1742 9.754828e-05        1
1743 7.460680e-04        1
1744 1.952803e-04        1
1745 4.338775e-04        1
1746 7.943218e-04        1
1747 6.808963e-06        1
1748 1.413068e-03        1
1749 3.387254e-04        1
1750 2.779537e-03        1
1751 2.034340e-03        1
1752 4.274119e-07        1
1753 6.800160e-04        1
1754 3.714621e-08        1
1755 2.200383e-06        1
1756 3.676241e-05        1
1757 1.039061e-04        1
1758 3.426691e-05        1
1759 3.004815e-04        1
1760 5.767580e-05        1
1761 1.361288e-04        1
1762 1.716889e-04        1
1763 2.696596e-04        1
1764 1.566613e-05        1
1765 2.605880e-04        1
1766 5.095996e-06        1
1767 1.738740e-04        1
1768 3.601593e-05        1
1769 1.028924e-03        1
1770 1.053648e-04        1
1771 3.207647e-04        1
1772 1.695215e-04        1
1773 3.124726e-08        1
1774 2.756800e-03        1
1775 2.214272e-04        1
1776 2.588789e-04        1
1777 2.633816e-03        1
1778 3.944728e-04        1
1779 1.287419e-04        1
1780 1.479695e-04        1
1781 5.377209e-04        1
1782 1.436444e-04        1
1783 7.045517e-05        1
1784 4.332547e-04        1
1785 7.366592e-04        1
1786 2.026656e-04        1
1787 7.325263e-05        1
1788 5.965830e-05        1
1789 1.128503e-03        1
1790 4.674201e-04        1
1791 4.514995e-04        1
1792 1.420243e-03        1
1793 6.882498e-04        1
1794 2.685735e-03        1
1795 7.094846e-04        1
1796 2.138255e-07        1
1797 1.262644e-03        1
1798 1.690914e-04        1
1799 1.434654e-03        1
1800 1.141965e-03        1
1801 5.092578e-05        1
1802 7.129784e-04        1
1803 2.555789e-02        1
1804 1.216577e-03        1
1805 1.260692e-03        1
1806 5.350554e-04        1
1807 4.435675e-05        1
1808 5.614195e-06        1
1809 4.513537e-04        1
1810 1.084613e-05        1
1811 6.622293e-05        1
1812 9.197299e-05        1
1813 6.399195e-06        1
1814 2.647816e-04        1
1815 1.031563e-03        1
1816 2.137772e-04        1
1817 1.926129e-04        1
1818 2.905697e-04        1
1819 6.040596e-06        1
1820 2.333037e-03        1
1821 1.291539e-03        1
1822 1.335531e-03        1
1823 1.615843e-06        1
1824 9.673839e-07        1
1825 6.426510e-03        1
1826 1.873224e-06        1
1827 5.296955e-05        1
1828 9.780829e-04        1
1829 4.761981e-04        1
1830 2.640400e-03        1
1831 6.010496e-06        1
1832 1.478670e-03        1
1833 2.498845e-06        1
1834 1.051184e-05        1
1835 7.765792e-04        1
1836 3.098016e-05        1
1837 3.733517e-04        1
1838 8.499919e-05        1
1839 1.613856e-05        1
1840 4.635243e-05        1
1841 9.816974e-04        1
1842 1.430621e-04        1
1843 8.866527e-05        1
1844 1.553590e-05        1
1845 2.075941e-03        1
1846 7.821732e-05        1
1847 5.412719e-04        1
1848 1.582528e-04        1
1849 1.332428e-04        1
1850 7.002230e-04        1
1851 9.809475e-04        1
1852 5.252264e-04        1
1853 3.034056e-05        1
1854 7.266795e-07        1
1855 4.147005e-05        1
1856 3.242630e-07        1
1857 2.056602e-05        1
1858 2.666270e-03        1
1859 1.465119e-03        1
1860 3.161077e-03        1
1861 1.017923e-05        1
1862 5.859055e-04        1
1863 9.063309e-04        1
1864 4.582005e-05        1
1865 1.508145e-05        1
1866 2.259474e-04        1
1867 3.698185e-05        1
1868 1.271852e-04        1
1869 1.263858e-03        1
1870 5.797684e-05        1
1871 2.444338e-04        1
1872 1.337215e-04        1
1873 2.077728e-04        1
1874 8.610272e-04        1
1875 6.835192e-04        1
1876 2.184601e-04        1
1877 9.410446e-04        1
1878 7.826888e-04        1
1879 3.003626e-04        1
1880 2.038622e-04        1
1881 1.945479e-03        1
1882 2.845956e-04        1
1883 2.266451e-03        1
1884 1.010766e-05        1
1885 2.194829e-05        1
1886 4.920672e-04        1
1887 4.260028e-05        1
1888 1.833888e-05        1
1889 7.511076e-04        1
1890 7.003088e-05        1
1891 1.429866e-03        1
1892 1.594728e-05        1
1893 5.988680e-04        1
1894 6.780503e-05        1
1895 6.772625e-04        1
1896 1.299686e-04        1
1897 7.583498e-05        1
1898 1.003516e-03        1
1899 1.730361e-04        1
1900 2.314472e-04        1
1901 5.030394e-05        1
1902 7.913053e-04        1
1903 6.013214e-04        1
1904 1.064213e-04        1
1905 3.379683e-04        1
1906 6.446527e-04        1
1907 1.887436e-04        1
1908 3.839411e-04        1
1909 9.160787e-04        1
1910 9.365807e-06        1
1911 5.240452e-04        1
1912 3.220473e-06        1
1913 3.729477e-04        1
1914 1.612855e-03        1
1915 3.642646e-07        1
1916 1.125133e-02        1
1917 5.365257e-05        1
1918 1.238076e-06        1
1919 5.590308e-05        1
1920 1.646368e-05        1
1921 2.057156e-03        1
1922 2.996701e-03        1
1923 1.309109e-03        1
1924 1.932646e-04        1
1925 6.129938e-04        1
1926 1.246605e-04        1
1927 1.316510e-04        1
1928 1.100063e-06        1
1929 1.288250e-02        1
1930 1.122420e-03        1
1931 2.754512e-04        1
1932 2.028032e-04        1
1933 4.041178e-04        1
1934 2.314850e-04        1
1935 7.935766e-05        1
1936 1.431880e-04        1
1937 4.029935e-04        1
1938 3.827809e-05        1
1939 5.356648e-05        1
1940 6.220442e-03        1
1941 1.801201e-04        1
1942 8.732169e-05        1
1943 8.775780e-04        1
1944 2.896785e-06        1
1945 5.690638e-05        1
1946 2.395897e-04        1
1947 3.439638e-05        1
1948 1.933038e-05        1
1949 2.517497e-04        1
1950 1.753528e-04        1
1951 1.053498e-04        1
1952 4.567818e-05        1
1953 6.077253e-03        1
1954 5.605534e-05        1
1955 4.565872e-05        1
1956 5.409240e-05        1
1957 2.254647e-03        1
1958 1.445540e-04        1
1959 8.257120e-04        1
1960 1.683904e-03        1
1961 4.166547e-04        1
1962 2.497459e-04        1
1963 5.657186e-04        1
1964 1.350782e-04        1
1965 7.198211e-04        1
1966 5.586100e-05        1
1967 3.132117e-04        1
1968 2.607109e-04        1
1969 1.382503e-03        1
1970 5.377033e-04        1
1971 8.112550e-04        1
1972 6.578936e-05        1
1973 1.371972e-04        1
1974 1.252863e-03        1
1975 1.864899e-07        1
1976 3.324836e-04        1
1977 1.266956e-05        1
1978 7.339797e-05        1
1979 8.339341e-05        1
1980 1.159598e-04        1
1981 9.617199e-05        1
1982 2.292707e-04        1
1983 8.215213e-04        1
1984 1.729640e-04        1
1985 2.284302e-04        1
1986 1.495177e-04        1
1987 3.085881e-04        1
1988 1.242284e-03        1
1989 2.112711e-05        1
1990 4.603245e-05        1
1991 2.066063e-04        1
1992 8.953249e-05        1
1993 8.578314e-05        1
1994 2.463595e-03        1
1995 1.372436e-05        1
1996 1.019445e-03        1
1997 6.992237e-06        1
1998 9.240409e-05        1
1999 1.008317e-03        1
2000 3.691825e-04        1
2001 4.812335e-04        1
2002 1.055103e-03        1
2003 3.509509e-04        1
2004 1.505258e-02        1
2005 1.599294e-03        1
2006 2.959569e-04        1
2007 7.346477e-04        1
2008 1.216571e-04        1
2009 4.184906e-03        1
2010 5.915093e-04        1
2011 1.740603e-03        1
2012 1.139648e-06        1
2013 1.960967e-05        1
2014 5.463399e-05        1
2015 4.712733e-04        1
2016 5.600224e-03        1
2017 9.843845e-04        1
2018 1.732333e-04        1
2019 6.089113e-06        1
2020 2.272391e-04        1
2021 3.268792e-04        1
2022 2.152156e-05        1
2023 2.562005e-05        1
2024 4.165053e-04        1
2025 2.262351e-05        1
2026 6.158023e-07        1
2027 1.911737e-04        1
2028 4.850455e-05        1
2029 5.601550e-04        1
2030 1.782427e-04        1
2031 1.418699e-03        1
2032 1.246929e-04        1
2033 3.390992e-03        1
2034 2.738002e-04        1
2035 2.487319e-05        1
2036 9.538425e-05        1
2037 2.422809e-06        1
2038 3.597949e-04        1
2039 2.684756e-04        1
2040 3.419970e-03        1
2041 1.317823e-04        1
2042 4.834082e-05        1
2043 2.073999e-04        1
2044 2.858783e-04        1
2045 4.703418e-03        1
2046 4.656469e-04        1
2047 3.058747e-05        1
2048 1.738185e-04        1
2049 3.935528e-04        1
2050 5.129990e-04        1
2051 4.162388e-04        1
2052 1.124893e-03        1
2053 1.241028e-04        1
2054 2.512429e-04        1
2055 4.037409e-06        1
2056 1.765639e-04        1
2057 1.479939e-04        1
2058 1.333128e-05        1
2059 1.063420e-03        1
2060 9.840526e-05        1
2061 7.094222e-05        1
2062 1.576939e-03        1
2063 3.567687e-03        1
2064 4.830741e-03        1
2065 2.644558e-03        1
2066 6.319885e-05        1
2067 2.289500e-04        1
2068 2.059140e-03        1
2069 7.518319e-04        1
2070 1.111642e-02  0.76825
2071 1.093383e-03        1
2072 3.537323e-04        1
2073 1.858643e-04        1
2074 4.541703e-04        1
2075 1.891927e-03        1
2076 7.385382e-04        1
2077 1.148161e-04        1
2078 3.406833e-04        1
2079 2.057076e-04        1
2080 5.073304e-05        1
2081 1.051480e-03        1
2082 5.916880e-04        1
2083 3.265677e-03        1
2084 3.531743e-03        1
2085 2.892351e-03        1
2086 4.972230e-03        1
2087 2.548203e-03        1
2088 1.237201e-03        1
2089 2.158241e-04        1
2090 3.111968e-03        1
2091 1.383303e-04        1
2092 2.029327e-04        1
2093 5.110169e-06        1
2094 1.896833e-05        1
2095 1.572224e-04        1
2096 1.636725e-04        1
2097 6.801832e-04        1
2098 5.507735e-04        1
2099 2.030735e-04        1
2100 3.502771e-04        1
2101 2.231660e-04        1
2102 4.649751e-03        1
2103 6.231719e-03        1
2104 1.187580e-04        1
2105 2.801229e-04        1
2106 3.932123e-03        1
2107 1.245794e-04        1
2108 1.075935e-04        1
2109 1.653115e-04        1
2110 1.725031e-03        1
2111 1.226981e-03        1
2112 4.017552e-03        1
2113 4.996356e-04        1
2114 4.018212e-04        1
2115 7.490651e-05        1
2116 2.555712e-03        1
2117 7.525642e-05        1
2118 1.324337e-03        1
2119 1.407572e-03        1
2120 2.271418e-04        1
2121 1.521488e-04        1
2122 2.512399e-08        1
2123 6.877248e-05        1
2124 5.653434e-04        1
2125 5.761145e-06        1
2126 2.087435e-03        1
2127 2.927853e-03        1
2128 1.081928e-06        1
2129 6.100548e-04        1
2130 2.041650e-05        1
2131 5.404125e-04        1
2132 4.480601e-06        1
2133 7.257717e-03        1
2134 1.747548e-02        1
2135 5.388440e-03        1
2136 2.318273e-03        1
2137 1.498432e-03        1
2138 9.486098e-04        1
2139 5.449802e-04        1
2140 1.103226e-08        1
2141 1.129585e-05        1
2142 3.098123e-07        1
2143 5.407023e-04        1
2144 6.476339e-04        1
2145 2.822304e-04        1
2146 5.093758e-03        1
2147 1.466616e-03        1
2148 2.217071e-04        1
2149 7.889204e-04        1
2150 3.742332e-03        1
2151 2.914798e-05        1
2152 4.403253e-04        1
2153 6.547701e-05        1
2154 7.736927e-05        1
2155 1.046446e-05        1
2156 6.377883e-04        1
2157 4.449768e-04        1
2158 8.067318e-05        1
2159 3.831618e-06        1
2160 7.771685e-04        1
2161 6.264793e-05        1
2162 7.127458e-04        1
2163 2.904403e-04        1
2164 6.888264e-05        1
2165 1.268239e-04        1
2166 1.128222e-03        1
2167 8.970951e-04        1
2168 7.869681e-04        1
2169 9.957706e-04        1
2170 2.148471e-04        1
2171 2.180658e-04        1
2172 1.728275e-02        1
2173 1.344422e-04        1
2174 1.892789e-04        1
2175 4.467158e-06        1
2176 7.400454e-04        1
2177 1.562888e-05        1
2178 2.329489e-04        1
2179 4.653225e-03  0.18438
2180 7.960042e-05        1
2181 1.785395e-03        1
2182 6.230498e-05        1
2183 4.821057e-04        1
2184 1.633870e-03        1
2185 2.097732e-05        1
2186 1.816235e-03        1
2187 1.326312e-04        1
2188 1.129139e-03        1
2189 1.951789e-04        1
2190 6.917210e-04        1
2191 1.033791e-03        1
2192 2.024183e-04        1
2193 2.635976e-03        1
2194 7.450220e-05        1
2195 7.524922e-05        1
2196 1.280905e-03        1
2197 8.340217e-06        1
2198 4.728962e-05        1
2199 6.058272e-04        1
2200 6.042829e-04        1
2201 1.660325e-06        1
2202 9.685299e-08        1
2203 1.481211e-04        1
2204 1.343482e-06        1
2205 1.754520e-09        1
2206 3.106676e-06        1
2207 1.185159e-04        1
2208 2.063751e-04        1
2209 2.179753e-03        1
2210 3.887576e-05        1
2211 1.755115e-04        1
2212 8.674046e-04        1
2213 2.056033e-04        1
2214 5.787956e-05        1
2215 2.063480e-03        1
2216 5.313473e-05        1
2217 2.707301e-05        1
2218 4.121462e-03        1
2219 6.475084e-05        1
2220 3.131601e-04        1
2221 4.072447e-05        1
2222 6.741422e-05        1
2223 1.570463e-04        1
2224 2.260136e-03        1
2225 5.688767e-04        1
2226 2.076439e-05        1
2227 9.157544e-04        1
2228 5.844701e-05        1
2229 5.911135e-05        1
2230 1.814079e-07        1
2231 2.833607e-04        1
2232 8.380764e-07        1
2233 3.825233e-04        1
2234 8.972865e-05        1
2235 7.388033e-06        1
2236 1.309732e-04        1
2237 1.273119e-05        1
2238 7.438158e-04        1
2239 4.322628e-04        1
2240 1.444480e-05        1
2241 9.529247e-05        1
2242 7.751325e-06        1
2243 8.513061e-05        1
2244 7.860510e-04        1
2245 6.802673e-04        1
2246 8.089982e-06        1
2247 4.046019e-04        1
2248 4.468813e-04        1
2249 7.476714e-04        1
2250 4.073118e-04        1
2251 7.772840e-05        1
2252 4.179623e-02        1
2253 7.315461e-04        1
2254 6.217275e-05        1
2255 9.742210e-04        1
2256 2.543193e-06        1
2257 3.956559e-03        1
2258 8.644145e-05        1
2259 9.159982e-05        1
2260 1.186179e-04        1
2261 2.083948e-03        1
2262 1.985928e-03        1
2263 8.839413e-04        1
2264 1.126397e-02        1
2265 1.159722e-03        1
2266 5.642053e-04        1
2267 7.000404e-04        1
2268 3.596997e-05        1
2269 2.513617e-04        1
2270 2.896551e-04        1
2271 2.619033e-04        1
2272 1.721191e-03        1
2273 8.304849e-04        1
2274 1.728877e-05        1
2275 1.044356e-05        1
2276 1.031844e-04        1
2277 8.639862e-04        1
2278 2.077935e-05        1
2279 4.370133e-04        1
2280 4.576746e-04        1
2281 5.500774e-04        1
2282 1.565941e-03        1
2283 7.330460e-06        1
2284 2.175803e-04        1
2285 4.623045e-05        1
2286 2.274109e-04        1
2287 8.977808e-04        1
2288 1.221444e-03        1
2289 1.299152e-03        1
2290 2.536636e-05        1
2291 9.488107e-05        1
2292 1.674920e-05        1
2293 7.640175e-04        1
2294 5.469072e-04        1
2295 1.398425e-05        1
2296 1.143293e-04        1
2297 1.297133e-04        1
2298 5.457206e-04        1
2299 9.317678e-04        1
2300 3.469256e-07        1
2301 1.407194e-03        1
2302 2.450508e-04        1
2303 2.712115e-04        1
2304 3.311130e-04        1
2305 3.177873e-04        1
2306 2.148602e-05        1
2307 1.753535e-04        1
2308 5.287791e-06        1
2309 6.493325e-05        1
2310 7.090824e-04        1
2311 1.503794e-04        1
2312 8.621551e-06        1
2313 1.043273e-03        1
2314 1.099622e-05        1
2315 2.029626e-04        1
2316 1.044058e-03        1
2317 4.967092e-04        1
2318 2.176622e-03        1
2319 2.758607e-05        1
2320 1.416268e-04        1
2321 5.277913e-06        1
2322 1.300847e-05        1
2323 2.231338e-03        1
2324 8.026772e-06        1
2325 2.606868e-04        1
2326 5.158118e-04        1
2327 7.663902e-04        1
2328 1.379751e-04        1
2329 4.482040e-04        1
2330 7.394361e-03  0.06146
2331 7.670086e-04        1
2332 2.130259e-04        1
2333 1.876682e-04        1
2334 1.968093e-04        1
2335 3.194511e-05        1
2336 2.886056e-04        1
2337 1.786785e-04        1
2338 1.136330e-06        1
2339 4.865670e-04        1
2340 3.802439e-05        1
2341 1.960120e-05        1
2342 2.858429e-03        1
2343 5.137532e-04        1
2344 4.210493e-05        1
2345 1.719942e-09        1
2346 1.190570e-04        1
2347 1.544269e-05        1
2348 1.567358e-03        1
2349 4.845978e-04        1
2350 9.438255e-04        1
2351 5.975236e-04        1
2352 3.750886e-04        1
2353 5.045911e-06        1
2354 1.128672e-06        1
2355 6.211151e-04        1
2356 3.570470e-04        1
2357 5.035329e-05        1
2358 6.830765e-04        1
2359 2.336995e-05        1
2360 8.985480e-04        1
2361 1.660389e-04        1
2362 3.258078e-04        1
2363 5.667576e-04        1
2364 7.538403e-05        1
2365 2.073738e-03        1
2366 5.055338e-03        1
2367 7.591672e-05        1
2368 2.470952e-07        1
2369 5.124278e-03        1
2370 5.120816e-03  0.03073
2371 3.293016e-04        1
2372 1.020710e-03        1
2373 1.013467e-03        1
2374 1.543358e-03        1
2375 1.538940e-04        1
2376 2.296012e-03        1
2377 9.993158e-04        1
2378 6.858119e-04        1
2379 1.702884e-04        1
2380 6.877535e-05        1
2381 7.913894e-06        1
2382 7.692303e-05        1
2383 4.758666e-03        1
2384 1.606080e-04        1
2385 3.695881e-04        1
2386 1.364324e-03        1
2387 1.267630e-04        1
2388 8.331668e-05        1
2389 6.751832e-05        1
2390 1.743999e-05        1
2391 9.030238e-04        1
2392 4.529966e-04        1
2393 4.666486e-04        1
2394 2.542014e-04        1
2395 2.358922e-04        1
2396 2.378010e-04        1
2397 3.256232e-03        1
2398 4.785182e-05        1
2399 4.585976e-03        1
2400 7.771755e-05        1
2401 2.917109e-04        1
2402 4.562003e-04        1
2403 4.253784e-04        1
2404 1.517493e-03        1
2405 6.460843e-04        1
2406 5.084611e-03        1
2407 1.510909e-03        1
2408 7.725989e-03        1
2409 1.170702e-04        1
2410 6.971358e-05        1
2411 7.023724e-04        1
2412 1.193785e-03        1
2413 7.442939e-05        1
2414 5.726272e-04        1
2415 1.760467e-03        1
2416 5.989532e-05        1
2417 8.177775e-04        1
2418 1.313111e-04        1
2419 2.684845e-04        1
2420 4.380358e-06        1
2421 1.611422e-05        1
2422 1.457163e-03        1
2423 9.791231e-04        1
2424 2.281955e-04        1
2425 2.133403e-03        1
2426 2.916956e-04        1
2427 3.314845e-04        1
2428 1.111714e-03        1
2429 1.002118e-05        1
2430 3.943901e-04        1
2431 7.209435e-04        1
2432 1.531579e-04        1
2433 2.434180e-04        1
2434 2.055206e-04        1
2435 1.636885e-04        1
2436 3.258901e-06        1
2437 9.966985e-04        1
2438 2.185067e-03        1
2439 4.578738e-04        1
2440 3.149096e-04        1
2441 8.514481e-04        1
2442 2.343117e-04        1
2443 9.392677e-06        1
2444 1.768432e-03        1
2445 2.634999e-04        1
2446 3.380129e-05        1
2447 2.280959e-03        1
2448 3.267363e-04        1
2449 1.276007e-03        1
2450 5.036074e-05        1
2451 2.817225e-04        1
2452 4.432191e-03        1
2453 2.527065e-04        1
2454 2.253475e-02        1
2455 2.055019e-02        1
2456 2.726826e-03        1
2457 1.251454e-04        1
2458 2.560244e-04        1
2459 4.298373e-04        1
2460 4.588788e-06        1
2461 1.826856e-04        1
2462 9.970794e-04        1
2463 1.006643e-03        1
2464 4.315657e-07        1
2465 2.498175e-05        1
2466 1.559366e-03        1
2467 2.332423e-04        1
2468 4.671075e-04        1
2469 1.625249e-04        1
2470 1.141957e-05        1
2471 8.386213e-06        1
2472 6.111819e-05        1
2473 6.837418e-05        1
2474 3.668125e-03        1
2475 6.135378e-04        1
2476 1.725139e-07        1
2477 2.709269e-03        1
2478 3.205392e-04        1
2479 6.896628e-05        1
2480 1.748275e-03        1
2481 1.782178e-03        1
2482 6.540903e-09        1
2483 3.540627e-04        1
2484 1.717871e-05        1
2485 2.410088e-04        1
2486 1.152543e-03        1
2487 3.277501e-03        1
2488 8.451938e-04        1
2489 1.056439e-03        1
2490 5.199223e-05        1
2491 5.235223e-03        1
2492 7.679883e-03        1
2493 2.827995e-03        1
2494 1.294085e-04        1
2495 2.062029e-03        1
2496 4.588946e-04        1
2497 2.642599e-04        1
2498 1.559156e-03        1
2499 9.481206e-04        1
2500 5.010376e-03        1
2501 5.900748e-04        1
2502 4.214150e-04        1
2503 1.017434e-03        1
2504 9.305694e-03        1
2505 2.569016e-03        1
2506 6.450080e-04        1
2507 1.306412e-03        1
2508 1.461783e-04        1
2509 6.628258e-04        1
2510 1.509837e-05        1
2511 3.107296e-03        1
2512 3.315714e-05        1
2513 1.430499e-03        1
2514 9.048288e-06        1
2515 4.741377e-03        1
2516 2.254979e-04        1
2517 7.643977e-06        1
2518 1.848080e-06        1
2519 1.039481e-04        1
2520 2.509745e-04        1
2521 1.382320e-03        1
2522 9.316343e-04        1
2523 1.596875e-04        1
2524 3.342830e-03        1
2525 1.299632e-04        1
2526 2.350948e-04        1
2527 3.809382e-03        1
2528 1.621382e-03        1
2529 1.899162e-04        1
2530 5.192775e-05        1
2531 1.074283e-03        1
2532 1.580769e-04        1
2533 6.903349e-04        1
2534 2.040264e-03        1
2535 1.821162e-04        1
2536 9.503273e-04        1
2537 6.862381e-03        1
2538 1.564863e-04        1
2539 3.671393e-04        1
2540 1.680786e-03        1
2541 5.558620e-04        1
2542 2.360889e-05        1
2543 8.883587e-03        1
2544 1.561188e-03        1
2545 7.196397e-03        1
2546 1.396361e-03        1
2547 2.058933e-05        1
2548 1.278102e-04        1
2549 7.884574e-04        1
2550 5.416760e-03        1
2551 2.278063e-06        1
2552 5.314247e-04        1
2553 1.595349e-03        1
2554 6.223373e-04        1
2555 1.880434e-02        1
2556 1.368913e-03        1
2557 3.511124e-07        1
2558 7.111669e-05        1
2559 5.646710e-06        1
2560 2.613147e-02        1
2561 2.703895e-02        1
2562 1.725019e-05        1
2563 7.479956e-03        1
2564 9.042341e-05        1
2565 9.058256e-06        1
2566 5.257734e-07        1
2567 5.992513e-04        1
2568 4.117509e-06        1
2569 2.102378e-04        1
2570 1.006354e-05        1
2571 3.395414e-05        1
2572 3.227240e-05        1
2573 2.317236e-04        1
2574 1.896622e-06        1
2575 3.676780e-03        1
2576 7.515132e-04        1
2577 5.269031e-05        1
2578 1.255417e-02        1
2579 9.444338e-04        1
2580 3.315692e-04        1
2581 6.352907e-05        1
2582 1.063665e-03        1
2583 2.419425e-03        1
2584 4.670462e-05        1
2585 8.209268e-05        1
2586 1.466802e-03        1
2587 3.508717e-03        1
2588 1.859331e-04        1
2589 4.845430e-05        1
2590 9.935426e-04        1
2591 2.770723e-03        1
2592 3.619851e-04        1
2593 1.240099e-03        1
2594 4.469854e-06        1
2595 3.008898e-05        1
2596 3.470398e-05        1
2597 7.374332e-04        1
2598 7.957230e-04        1
2599 6.027231e-05        1
2600 9.468265e-04        1
2601 9.952268e-04        1
2602 5.068065e-04        1
2603 3.892422e-05        1
2604 7.972434e-05        1
2605 1.173540e-03        1
2606 3.933302e-03        1
2607 1.460824e-02        1
2608 3.055897e-03        1
2609 8.716261e-04        1
2610 8.224549e-05        1
2611 5.143986e-04        1
2612 7.265258e-03        1
2613 1.616571e-02        1
2614 6.695404e-03        1
2615 1.507389e-03        1
2616 6.184821e-04        1
2617 1.918405e-03        1
2618 1.627753e-03        1
2619 1.086011e-02        1
2620 2.664295e-04        1
2621 1.217108e-03        1
2622 1.991991e-04        1
2623 1.737678e-02        1
2624 5.112534e-02        1
2625 2.701742e-04        1
2626 6.182262e-04        1
2627 4.321039e-03        1
2628 5.359434e-04        1
2629 4.998449e-03        1
2630 1.541077e-04        1
2631 2.177183e-04        1
2632 1.589923e-02        1
2633 9.881174e-04        1
2634 8.830108e-05        1
2635 7.348572e-04        1
2636 6.354138e-03        1
2637 2.563681e-03        1
2638 3.326775e-05        1
2639 5.845202e-04        1
2640 9.272082e-04        1
2641 2.628567e-03        1
2642 1.515853e-04        1
2643 1.517223e-04        1
2644 5.121377e-05        1
2645 6.891691e-04        1
2646 5.812926e-05        1
2647 1.884342e-03        1
2648 2.201807e-03        1
2649 3.442556e-06        1
2650 1.333215e-02        1
2651 8.500045e-05        1
2652 7.359433e-03        1
2653 1.061026e-03        1
2654 2.038469e-03        1
2655 3.625446e-04        1
2656 6.042627e-04        1
2657 2.670365e-04        1
2658 2.886529e-05        1
2659 2.861050e-05        1
2660 1.084878e-03        1
2661 2.339799e-02        1
2662 3.537115e-04        1
2663 2.527648e-05        1
2664 1.451055e-03        1
2665 5.473408e-05        1
2666 4.701003e-04        1
2667 5.473124e-04        1
2668 1.147064e-02        1
2669 1.373110e-04        1
2670 3.078894e-04        1
2671 3.904328e-05        1
2672 1.085307e-04        1
2673 1.963125e-03        1
2674 6.410897e-07        1
2675 2.311159e-03        1
2676 2.868579e-04        1
2677 8.827928e-05        1
2678 1.470358e-07        1
2679 4.414259e-04        1
2680 7.917503e-03        1
2681 1.547092e-05        1
2682 2.232719e-03        1
2683 1.029009e-03        1
2684 4.129573e-04        1
2685 2.533967e-04        1
2686 8.554358e-05        1
2687 9.831122e-05        1
2688 3.730834e-05        1
2689 2.122052e-10        1
2690 8.293166e-04        1
2691 5.931939e-05        1
2692 1.103138e-04        1
2693 3.990203e-04        1
2694 5.043335e-05        1
2695 7.687835e-05        1
2696 1.947761e-05        1
2697 9.855842e-05        1
2698 4.213364e-04        1
2699 4.041179e-05        1
2700 3.095517e-03        1
2701 3.547870e-03        1
2702 4.240753e-04        1
2703 9.152302e-06        1
2704 6.958780e-04        1
2705 5.261713e-02        1
2706 2.086982e-05        1
2707 3.508913e-03        1
2708 1.131210e-03        1
2709 1.343106e-04        1
2710 3.574852e-04        1
2711 1.824132e-05        1
2712 3.141412e-04        1
2713 9.865836e-04        1
2714 1.104362e-02        1
2715 2.021113e-04        1
2716 1.082643e-03        1
2717 8.570213e-05        1
2718 5.997048e-03        1
2719 2.186203e-04        1
2720 3.630245e-05        1
2721 1.105616e-03        1
2722 2.063777e-04        1
2723 7.600523e-06        1
2724 5.197153e-06        1
2725 4.348349e-04        1
2726 7.821492e-04        1
2727 6.857392e-06        1
2728 4.036018e-06        1
2729 3.435424e-03        1
2730 2.642040e-05        1
2731 7.735943e-06        1
2732 4.213903e-04        1
2733 5.815254e-05        1
2734 1.066179e-02        1
2735 4.078763e-03        1
2736 9.670688e-04        1
2737 2.816436e-04        1
2738 1.673823e-03        1
2739 1.744031e-02        1
2740 1.568201e-03        1
2741 1.626536e-03        1
2742 9.294691e-03        1
2743 4.012178e-04        1
2744 3.124594e-04        1
2745 8.967420e-04        1
2746 2.244252e-03        1
2747 2.380461e-03        1
2748 1.721653e-03        1
2749 2.386195e-03        1
2750 3.572547e-07        1
2751 3.784346e-04        1
2752 1.012397e-03        1
2753 4.018257e-04        1
2754 2.522182e-05        1
2755 9.862482e-04        1
2756 5.627409e-03        1
2757 5.864099e-03        1
2758 2.319641e-05        1
2759 1.151624e-04        1
2760 2.934718e-05        1
2761 1.187871e-03        1
2762 3.090491e-04        1
2763 9.904962e-05        1
2764 5.497310e-04        1
2765 1.307859e-03        1
2766 6.700895e-04        1
2767 1.351191e-03        1
2768 2.723555e-04        1
2769 2.247061e-03        1
2770 3.084135e-06        1
2771 3.399531e-04        1
2772 1.380700e-03        1
2773 1.579622e-03        1
2774 1.226521e-03        1
2775 6.542930e-03        1
2776 7.710618e-04        1
2777 1.131710e-03        1
2778 1.916521e-04        1
2779 8.150329e-05        1
2780 1.207668e-04        1
2781 3.588338e-04        1
2782 8.490663e-04        1
2783 8.806581e-05        1
2784 6.344153e-04        1
2785 1.016525e-02        1
2786 3.637829e-05        1
2787 2.256771e-04        1
2788 1.157357e-05        1
2789 8.579503e-04        1
2790 4.237542e-05        1
2791 3.892317e-05        1
2792 1.581806e-03        1
2793 1.317666e-04        1
2794 1.540038e-03        1
2795 1.696494e-05        1
2796 9.814356e-05        1
2797 6.892624e-05        1
2798 3.539553e-04        1
2799 7.915254e-03        1
2800 1.852575e-04        1
2801 9.720602e-04        1
2802 2.393962e-04        1
2803 1.011774e-05        1
2804 1.984608e-04        1
2805 4.168745e-04        1
2806 3.815542e-05        1
2807 4.605572e-04        1
2808 4.589746e-04        1
2809 2.487867e-04        1
2810 4.543782e-07        1
2811 1.687864e-03        1
2812 2.829185e-04        1
2813 3.359728e-03        1
2814 7.754903e-03        1
2815 3.431123e-04        1
2816 8.939355e-05        1
2817 3.757011e-04        1
2818 8.266592e-05        1
2819 2.574989e-03        1
2820 4.098198e-03        1
2821 1.353239e-06        1
2822 1.730773e-03        1
2823 2.331591e-04        1
2824 7.940218e-07        1
2825 3.281943e-05        1
2826 1.851849e-04        1
2827 4.055539e-04        1
2828 1.374809e-06        1
2829 2.049614e-04        1
2830 1.915929e-02        1
2831 1.554887e-04        1
2832 1.945951e-04        1
2833 2.095799e-04        1
2834 1.135411e-03        1
2835 3.026656e-06        1
2836 8.342040e-04        1
2837 9.183673e-04        1
2838 1.876841e-04        1
2839 1.512550e-04        1
2840 1.917907e-04        1
2841 2.845881e-04        1
2842 5.918178e-03        1
2843 6.109147e-04        1
2844 2.867186e-03        1
2845 2.187620e-05        1
2846 5.057249e-04        1
2847 9.059588e-04        1
2848 1.084697e-04        1
2849 1.076148e-03        1
2850 3.010073e-05        1
2851 5.439848e-03        1
2852 2.628625e-03        1
2853 5.353305e-04        1
2854 2.608938e-03        1
2855 4.128276e-04        1
2856 2.427496e-02        1
2857 4.099308e-05        1
2858 4.306453e-05        1
2859 2.007384e-03        1
2860 1.970858e-02        1
2861 5.445817e-04        1
2862 3.370482e-04        1
2863 1.352883e-06        1
2864 4.121613e-04        1
2865 3.724770e-03        1
2866 1.883498e-05        1
2867 4.273284e-03        1
2868 1.054676e-04        1
2869 6.258538e-04        1
2870 2.611433e-04        1
2871 1.293079e-03        1
2872 8.004108e-04        1
2873 7.592538e-05        1
2874 1.036594e-04        1
2875 2.059302e-03        1
2876 9.851897e-03        1
2877 7.891982e-04        1
2878 4.856117e-07        1
2879 1.502399e-03        1
2880 3.272583e-04        1
2881 5.380968e-04        1
2882 4.373526e-04        1
2883 1.895232e-03        1
2884 9.960999e-04        1
2885 3.884527e-03        1
2886 9.045078e-04        1
2887 1.450548e-04        1
2888 1.246555e-03        1
2889 3.200752e-04        1
2890 1.135083e-03        1
2891 7.702475e-05        1
2892 1.767408e-05        1
2893 2.325094e-04        1
2894 6.832729e-05        1
2895 2.960140e-03        1
2896 7.682974e-04        1
2897 4.463635e-04        1
2898 6.606758e-04        1
2899 2.609279e-04        1
2900 1.031456e-04        1
2901 4.605192e-06        1
2902 1.101186e-05        1
2903 3.037862e-06        1
2904 2.838774e-03        1
2905 2.709514e-03        1
2906 5.437509e-04        1
2907 3.474647e-06        1
2908 2.551054e-03        1
2909 9.336197e-06        1
2910 6.551137e-04        1
2911 7.803888e-05        1
2912 1.005128e-05        1
2913 4.583732e-04        1
2914 2.043230e-06        1
2915 1.020296e-04        1
2916 1.446925e-03        1
2917 2.752768e-06        1
2918 5.515890e-05        1
2919 1.636333e-04        1
2920 1.593116e-07        1
2921 9.849179e-04        1
2922 4.733913e-04        1
2923 1.414216e-04        1
2924 5.743848e-04        1
2925 8.795419e-06        1
2926 2.334986e-05        1
2927 1.117460e-04        1
2928 1.269026e-03        1
2929 8.292116e-06        1
2930 3.543123e-04        1
2931 4.093655e-05        1
2932 2.378818e-04        1
2933 2.819675e-04        1
2934 4.159744e-04        1
2935 2.088778e-03        1
2936 2.246048e-04        1
2937 5.005458e-04        1
2938 6.534783e-04        1
2939 2.437380e-03        1
2940 7.852360e-04        1
2941 4.306307e-06        1
2942 6.125282e-05        1
2943 1.167802e-03        1
2944 4.941523e-06        1
2945 9.796872e-04        1
2946 3.127237e-04        1
2947 4.683110e-04        1
2948 2.235683e-04        1
2949 5.738285e-04        1
2950 1.782134e-05        1
2951 5.248460e-05        1
2952 3.457543e-04        1
2953 1.263335e-04        1
2954 9.234352e-04        1
2955 6.974410e-04        1
2956 3.371530e-04        1
2957 5.636170e-05        1
2958 6.525488e-04        1
2959 3.953941e-04        1
2960 2.935073e-04        1
2961 2.378142e-04        1
2962 1.016584e-04        1
2963 3.051762e-05        1
2964 1.257222e-03        1
2965 7.898151e-04        1
2966 3.721117e-06        1
2967 2.126100e-03        1
2968 7.494485e-06        1
2969 4.777072e-06        1
2970 9.058459e-04        1
2971 8.388033e-04        1
2972 1.459227e-04        1
2973 4.770098e-04        1
2974 9.032977e-05        1
2975 7.662294e-04        1
2976 3.730477e-07        1
2977 7.505544e-04        1
2978 1.110526e-03        1
2979 6.439607e-06        1
2980 1.814562e-04        1
2981 6.360847e-04        1
2982 5.986984e-04        1
2983 1.409852e-04        1
2984 5.628855e-05        1
2985 1.916231e-04        1
2986 2.438716e-04        1
2987 2.829236e-04        1
2988 1.214529e-04        1
2989 1.120109e-04        1
2990 2.119424e-04        1
2991 4.650127e-04        1
2992 1.718166e-03        1
2993 6.148875e-05        1
2994 2.453674e-04        1
2995 3.134644e-04        1
2996 4.974994e-06        1
2997 8.291221e-05        1
2998 1.599321e-04        1
2999 5.569562e-05        1
3000 5.089619e-05        1
3001 8.857163e-05        1
3002 3.620576e-04        1
3003 1.119225e-05        1
3004 1.237708e-07        1
3005 2.438061e-06        1
3006 6.276882e-04        1
3007 2.040628e-03        1
3008 6.536546e-06        1
3009 1.181618e-03        1
3010 2.036497e-03        1
3011 1.576903e-03        1
3012 3.274824e-04        1
3013 1.155434e-03        1
3014 8.765333e-04        1
3015 4.062197e-04        1
3016 2.967092e-05        1
3017 1.237554e-04        1
3018 2.630442e-05        1
3019 4.558411e-04        1
3020 4.941794e-05        1
3021 1.543509e-03        1
3022 4.301877e-04        1
3023 1.528270e-03        1
3024 1.374211e-03        1
3025 4.948786e-05        1
3026 1.487159e-03        1
3027 6.205355e-07        1
3028 1.201408e-04        1
3029 7.342409e-05        1
3030 4.909596e-03        1
3031 2.923296e-03        1
3032 7.690392e-05        1
3033 9.817577e-05        1
3034 6.120889e-05        1
3035 1.441033e-04        1
3036 1.580845e-04        1
3037 1.663021e-03        1
3038 3.821649e-05        1
3039 2.234223e-04        1
3040 5.141765e-04        1
3041 5.268657e-07        1
3042 2.023208e-05        1
3043 5.389864e-05        1
3044 8.785676e-04        1
3045 2.517634e-04        1
3046 1.394635e-04        1
3047 7.537200e-06        1
3048 1.869687e-03        1
3049 1.231716e-03        1
3050 4.064967e-04        1
3051 7.355488e-05        1
3052 6.276566e-04        1
3053 7.636198e-04        1
3054 2.386610e-04        1
3055 5.009406e-04        1
3056 3.191666e-05        1
3057 1.276767e-03        1
3058 2.100947e-05        1
3059 3.393920e-04        1
3060 5.859272e-04        1
3061 2.274614e-05        1
3062 1.804503e-03        1
3063 3.845854e-04        1
3064 1.192655e-03        1
3065 3.336228e-05        1
3066 1.500601e-03        1
3067 2.249958e-05        1
3068 8.355840e-04        1
3069 9.566444e-05        1
3070 1.432854e-05        1
3071 1.774628e-05        1
3072 3.541306e-04        1
3073 9.573235e-04        1

$`MR-PRESSO results`$`Distortion Test`
$`MR-PRESSO results`$`Distortion Test`$`Outliers Indices`
[1]  139 2370

$`MR-PRESSO results`$`Distortion Test`$`Distortion Coefficient`
beta.exposure 
     9.546664 

$`MR-PRESSO results`$`Distortion Test`$Pvalue
[1] 0.77582



