$`Main MR results`
       Exposure       MR Analysis Causal Estimate         Sd     T-stat
1 beta.exposure               Raw    -0.024868467 0.01759486 -1.4133938
2 beta.exposure Outlier-corrected    -0.007230739 0.01369114 -0.5281327
    P-value
1 0.1620356
2 0.5991266

$`MR-PRESSO results`
$`MR-PRESSO results`$`Global Test`
$`MR-PRESSO results`$`Global Test`$RSSobs
[1] 165.3139

$`MR-PRESSO results`$`Global Test`$Pvalue
[1] "<2e-04"


$`MR-PRESSO results`$`Outlier Test`
         RSSobs Pvalue
1  6.508823e-08      1
2  1.629729e-04      1
3  1.525738e-06      1
4  1.163198e-05      1
5  5.935744e-06      1
6  6.862534e-07      1
7  1.423206e-07      1
8  4.278161e-04      1
9  7.135327e-06      1
10 4.990150e-06      1
11 6.112798e-05      1
12 2.014893e-04      1
13 4.065637e-07      1
14 3.401849e-07      1
15 3.210410e-05      1
16 9.768668e-06      1
17 2.859831e-05      1
18 8.824700e-05      1
19 1.433356e-05      1
20 7.225358e-06      1
21 4.976359e-05      1
22 1.024240e-05      1
23 1.788430e-06      1
24 1.788841e-04      1
25 7.013909e-06      1
26 3.274775e-05      1
27 3.119314e-05      1
28 1.137410e-04      1
29 1.478662e-04  0.504
30 2.188229e-05      1
31 6.331360e-05      1
32 7.975472e-07      1
33 1.379008e-04      1
34 1.780423e-05      1
35 6.888616e-07      1
36 1.208581e-05      1
37 2.066299e-05      1
38 1.471525e-05      1
39 7.704116e-07      1
40 1.160475e-04  0.322
41 8.917347e-06      1
42 2.670576e-05      1
43 1.220349e-03 <0.014
44 6.162256e-06      1
45 4.642565e-06      1
46 4.276782e-05      1
47 1.282233e-05      1
48 8.907990e-04  0.126
49 3.715203e-05      1
50 3.571841e-06      1
51 5.820054e-06      1
52 2.013727e-05      1
53 1.319472e-05      1
54 2.118367e-07      1
55 5.761169e-06      1
56 3.782485e-05      1
57 1.272018e-04      1
58 1.338058e-05      1
59 3.587710e-05      1
60 6.653026e-05      1
61 2.392001e-04      1
62 6.946754e-09      1
63 1.694163e-05      1
64 1.181852e-04      1
65 2.183058e-06      1
66 4.168748e-05      1
67 2.091561e-05      1
68 7.412613e-09      1
69 7.705846e-05      1
70 1.019607e-05      1

$`MR-PRESSO results`$`Distortion Test`
$`MR-PRESSO results`$`Distortion Test`$`Outliers Indices`
[1] 43

$`MR-PRESSO results`$`Distortion Test`$`Distortion Coefficient`
beta.exposure 
     -243.927 

$`MR-PRESSO results`$`Distortion Test`$Pvalue
[1] 0.0836



