$`Main MR results`
       Exposure       MR Analysis Causal Estimate          Sd   T-stat
1 beta.exposure               Raw     0.006313597 0.002576042 2.450891
2 beta.exposure Outlier-corrected              NA          NA       NA
     P-value
1 0.01430236
2         NA

$`MR-PRESSO results`
$`MR-PRESSO results`$`Global Test`
$`MR-PRESSO results`$`Global Test`$RSSobs
[1] 3631.854

$`MR-PRESSO results`$`Global Test`$Pvalue
[1] 1e-05


$`MR-PRESSO results`$`Outlier Test`
           RSSobs Pvalue
1    1.328830e-03      1
2    6.101103e-05      1
3    6.766349e-04      1
4    1.133330e-04      1
5    1.688662e-11      1
6    1.484042e-04      1
7    8.715544e-04      1
8    1.625248e-05      1
9    1.721901e-03      1
10   5.361555e-05      1
11   7.606352e-05      1
12   7.364813e-04      1
13   1.683128e-05      1
14   7.269245e-03      1
15   2.962249e-07      1
16   1.218980e-04      1
17   9.240144e-06      1
18   1.124381e-04      1
19   4.273399e-08      1
20   6.847714e-05      1
21   2.769343e-03      1
22   6.253940e-04      1
23   7.441057e-04      1
24   8.868764e-06      1
25   1.620268e-04      1
26   4.166647e-05      1
27   6.776252e-04      1
28   1.590780e-03      1
29   2.250049e-04      1
30   9.852415e-05      1
31   3.929609e-05      1
32   5.574097e-04      1
33   1.112087e-03      1
34   9.972102e-04      1
35   2.821173e-04      1
36   8.405476e-04      1
37   3.035259e-05      1
38   2.904708e-05      1
39   1.378794e-03      1
40   8.516122e-07      1
41   1.579230e-04      1
42   3.798968e-05      1
43   7.134957e-04      1
44   3.951497e-06      1
45   3.467933e-04      1
46   1.152991e-05      1
47   4.068369e-04      1
48   1.241214e-05      1
49   1.723733e-03      1
50   4.828756e-04      1
51   9.020911e-04      1
52   1.326046e-03      1
53   1.573046e-03      1
54   2.012356e-04      1
55   6.081587e-06      1
56   2.023700e-04      1
57   8.317925e-04      1
58   3.332648e-04      1
59   3.611973e-05      1
60   4.415166e-04      1
61   1.637892e-06      1
62   4.036331e-05      1
63   1.077338e-04      1
64   4.944137e-04      1
65   9.410748e-06      1
66   6.593537e-05      1
67   2.847055e-04      1
68   1.094255e-05      1
69   1.863348e-05      1
70   8.575243e-06      1
71   3.519125e-04      1
72   7.025349e-06      1
73   6.683447e-04      1
74   5.044453e-04      1
75   3.732182e-05      1
76   3.014562e-04      1
77   2.496362e-04      1
78   1.166561e-03      1
79   6.905065e-05      1
80   6.355943e-06      1
81   1.935693e-04      1
82   5.277294e-06      1
83   2.192292e-04      1
84   4.873362e-04      1
85   8.296572e-04      1
86   2.293766e-04      1
87   4.543734e-04      1
88   1.959031e-05      1
89   2.288193e-04      1
90   1.844767e-03      1
91   2.325926e-03      1
92   2.312636e-04      1
93   7.029478e-04      1
94   1.337932e-03      1
95   2.965288e-04      1
96   1.691455e-04      1
97   3.173754e-07      1
98   2.322528e-05      1
99   3.709804e-04      1
100  5.487311e-06      1
101  1.585069e-04      1
102  2.163304e-06      1
103  1.124260e-06      1
104  5.936457e-04      1
105  4.674880e-03 0.5232
106  3.334349e-04      1
107  2.258737e-04      1
108  4.807421e-05      1
109  1.274609e-05      1
110  1.274674e-03      1
111  6.716524e-04      1
112  1.620199e-04      1
113  4.328360e-04      1
114  2.063328e-03      1
115  7.456857e-04      1
116  2.145268e-03      1
117  3.894722e-05      1
118  1.628408e-03      1
119  1.733586e-05      1
120  4.976090e-05      1
121  2.017902e-04      1
122  3.870073e-04      1
123  3.964965e-06      1
124  2.094405e-06      1
125  3.906462e-04      1
126  2.240183e-06      1
127  1.438793e-03      1
128  3.662035e-04      1
129  6.990004e-04      1
130  2.883458e-04      1
131  2.749172e-05      1
132  7.852921e-04      1
133  2.922469e-05      1
134  3.320237e-04      1
135  1.392166e-06      1
136  2.068360e-03      1
137  1.969273e-04      1
138  9.525615e-04      1
139  1.528092e-04      1
140  3.143059e-04      1
141  1.077210e-05      1
142  3.345142e-04      1
143  5.883507e-03      1
144  3.520492e-03      1
145  2.339090e-03      1
146  9.222271e-04      1
147  2.860977e-03      1
148  8.107337e-04      1
149  1.351000e-03      1
150  2.270008e-05      1
151  1.700421e-03      1
152  5.334632e-07      1
153  7.975764e-06      1
154  5.245292e-05      1
155  8.581480e-05      1
156  9.404036e-04      1
157  6.524476e-04      1
158  1.381933e-03      1
159  6.543095e-04      1
160  1.079323e-04      1
161  3.949824e-03      1
162  2.370200e-04      1
163  6.683813e-06      1
164  9.309664e-05      1
165  1.379577e-03      1
166  1.551834e-04      1
167  2.114614e-03      1
168  2.612549e-03      1
169  1.697113e-03      1
170  1.320094e-05      1
171  1.544987e-04      1
172  8.854122e-05      1
173  8.507638e-05      1
174  3.001332e-04      1
175  4.403504e-05      1
176  1.535262e-04      1
177  2.540651e-04      1
178  5.062647e-05      1
179  5.229248e-07      1
180  6.682634e-05      1
181  2.880067e-04      1
182  7.629342e-05      1
183  9.146757e-04      1
184  5.528900e-04      1
185  1.158679e-05      1
186  2.255141e-04      1
187  1.798319e-04      1
188  8.502051e-04      1
189  1.862899e-05      1
190  3.002893e-04      1
191  2.814046e-06      1
192  2.683414e-04      1
193  7.370324e-05      1
194  4.276316e-05      1
195  4.387224e-05      1
196  1.376430e-03      1
197  2.592352e-04      1
198  1.855051e-03      1
199  1.106318e-04      1
200  8.302927e-05      1
201  1.344095e-03      1
202  8.635476e-05      1
203  9.936160e-06      1
204  2.882324e-05      1
205  4.532175e-04      1
206  3.717038e-05      1
207  2.863836e-05      1
208  2.930238e-04      1
209  7.220193e-07      1
210  2.465303e-04      1
211  9.889857e-05      1
212  7.674480e-05      1
213  2.538254e-03      1
214  4.901940e-06      1
215  1.844044e-04      1
216  1.232056e-03      1
217  3.001053e-03      1
218  3.655774e-04      1
219  4.445816e-05      1
220  1.559878e-04      1
221  7.644434e-06      1
222  8.997291e-05      1
223  5.005425e-04      1
224  3.000267e-04      1
225  2.452133e-03      1
226  1.498323e-05      1
227  4.772019e-04      1
228  4.125901e-05      1
229  2.948038e-04      1
230  3.104968e-03      1
231  1.614061e-04      1
232  2.300646e-05      1
233  1.658025e-04      1
234  3.728280e-04      1
235  2.423011e-04      1
236  2.867157e-04      1
237  1.664309e-05      1
238  3.163349e-05      1
239  1.006588e-03      1
240  2.721863e-03      1
241  5.775364e-04      1
242  3.577626e-03      1
243  9.622741e-05      1
244  5.975565e-04      1
245  4.814018e-04      1
246  1.930098e-03      1
247  6.562063e-04      1
248  1.715878e-03      1
249  7.297593e-05      1
250  2.719573e-07      1
251  1.313642e-04      1
252  3.753741e-05      1
253  4.997506e-03      1
254  7.153719e-08      1
255  2.422592e-03      1
256  1.125239e-02      1
257  6.259348e-03      1
258  6.018299e-04      1
259  7.463580e-04      1
260  1.605903e-04      1
261  8.001853e-06      1
262  1.619730e-05      1
263  7.017764e-04      1
264  1.150330e-03      1
265  1.176038e-03      1
266  3.911233e-05      1
267  2.629925e-05      1
268  1.827510e-03      1
269  2.822608e-05      1
270  6.915399e-04      1
271  1.048716e-05      1
272  9.266140e-05      1
273  3.002615e-04      1
274  2.273631e-05      1
275  8.497306e-06      1
276  4.350638e-04      1
277  2.481651e-05      1
278  1.009382e-03      1
279  5.892172e-05      1
280  5.272319e-03      1
281  2.755801e-03      1
282  1.761404e-05      1
283  3.362494e-03      1
284  4.053007e-04      1
285  6.051048e-03      1
286  7.095969e-02      1
287  2.616191e-04      1
288  1.647317e-04      1
289  1.451928e-04      1
290  2.638456e-03      1
291  3.254580e-03      1
292  8.260457e-05      1
293  3.471664e-04      1
294  3.017924e-04      1
295  2.763429e-04      1
296  3.094465e-02      1
297  1.597880e-03      1
298  4.894273e-04      1
299  6.800744e-04      1
300  4.811609e-04      1
301  3.588798e-06      1
302  1.823099e-04      1
303  3.388950e-06      1
304  9.214351e-02      1
305  1.183389e-03      1
306  1.869221e-04      1
307  3.995935e-04      1
308  4.871036e-05      1
309  5.324317e-04      1
310  2.022450e-03      1
311  1.625586e-03      1
312  3.443462e-05      1
313  3.679618e-02      1
314  2.565489e-02      1
315  1.033170e-02      1
316  2.302652e-03      1
317  3.390327e-02      1
318  8.088800e-04      1
319  2.124668e-04      1
320  6.242383e-03      1
321  5.840493e-06      1
322  1.009643e-03      1
323  1.064785e-04      1
324  1.278867e-03      1
325  1.600495e-03      1
326  4.136976e-05      1
327  6.930665e-07      1
328  3.519935e-02      1
329  5.096627e-04      1
330  2.378062e-04      1
331  2.525874e-05      1
332  5.670466e-05      1
333  2.568855e-02      1
334  3.840425e-03      1
335  5.552909e-06      1
336  4.037894e-05      1
337  4.115184e-04      1
338  3.200815e-03      1
339  1.318645e-03      1
340  4.158111e-05      1
341  1.490631e-03      1
342  1.589425e-03      1
343  1.586933e-03      1
344  6.060997e-04      1
345  3.142850e-05      1
346  1.707842e-03      1
347  3.960584e-04      1
348  1.904185e-04      1
349  8.515791e-04      1
350  5.071816e-03      1
351  1.808909e-03      1
352  6.746600e-03      1
353  6.120936e-05      1
354  2.201287e-03      1
355  7.943138e-05      1
356  8.968154e-05      1
357  1.902722e-04      1
358  1.190687e-03      1
359  9.058616e-04      1
360  3.389444e-05      1
361  1.194055e-04      1
362  2.342195e-04      1
363  1.902949e-03      1
364  1.841258e-03      1
365  1.112866e-03      1
366  3.944312e-04      1
367  3.084437e-04      1
368  2.413723e-03      1
369  5.041546e-03      1
370  4.235365e-04      1
371  1.467637e-03      1
372  3.629523e-03      1
373  3.818397e-05      1
374  9.201400e-03      1
375  3.214263e-05      1
376  2.632485e-04      1
377  6.321535e-05      1
378  7.444937e-04      1
379  1.760179e-04      1
380  1.358429e-03      1
381  1.376767e-04      1
382  2.750533e-05      1
383  1.404292e-03      1
384  4.777876e-04      1
385  6.942383e-03      1
386  3.052987e-04      1
387  8.640881e-05      1
388  2.253239e-03      1
389  2.965035e-03      1
390  9.130852e-04      1
391  7.379506e-07      1
392  1.128326e-03      1
393  1.483905e-04      1
394  5.283495e-04      1
395  5.210679e-05      1
396  1.604531e-03      1
397  3.810631e-04      1
398  1.622224e-05      1
399  4.413593e-05      1
400  7.962309e-05      1
401  3.936970e-05      1
402  3.532484e-05      1
403  6.782163e-04      1
404  3.725321e-03      1
405  8.726420e-04      1
406  3.010463e-02      1
407  6.626099e-04      1
408  7.926999e-04      1
409  8.320301e-04      1
410  1.810383e-04      1
411  2.565827e-04      1
412  3.203695e-03      1
413  3.090695e-03      1
414  6.141425e-05      1
415  4.695907e-04      1
416  7.375951e-06      1
417  1.479235e-04      1
418  2.917911e-04      1
419  7.258171e-03      1
420  1.619459e-02      1
421  2.437236e-04      1
422  7.870219e-03      1
423  3.849105e-04      1
424  1.319607e-05      1
425  5.256939e-03      1
426  1.005909e-04      1
427  7.102924e-08      1
428  1.849963e-04      1
429  4.396638e-06      1
430  7.116171e-05      1
431  8.036811e-05      1
432  1.805176e-04      1
433  2.403373e-03      1
434  3.135316e-04      1
435  2.329507e-04      1
436  7.497354e-04      1
437  2.510173e-03      1
438  1.405821e-07      1
439  1.924214e-03      1
440  9.884091e-05      1
441  3.528801e-05      1
442  2.015036e-03      1
443  1.183727e-04      1
444  2.190580e-05      1
445  9.989636e-04      1
446  5.843121e-04      1
447  4.485315e-03      1
448  9.708361e-04      1
449  4.713145e-05      1
450  7.089736e-05      1
451  5.353287e-05      1
452  1.447055e-03      1
453  5.841288e-03      1
454  1.569491e-04      1
455  5.514129e-06      1
456  1.369532e-03      1
457  1.910927e-03      1
458  1.329366e-03      1
459  4.880298e-05      1
460  8.596477e-04      1
461  8.179627e-06      1
462  2.294300e-04      1
463  6.005936e-03      1
464  4.230666e-04      1
465  2.385820e-03      1
466  6.649836e-03      1
467  2.596622e-03      1
468  3.765741e-04      1
469  3.085289e-04      1
470  1.451417e-01      1
471  1.224720e-03      1
472  2.573635e-04      1
473  9.679518e-03      1
474  2.512412e-04      1
475  1.053244e-03      1
476  1.782597e-03      1
477  3.576150e-03      1
478  4.778523e-05      1
479  2.617596e-05      1
480  2.337502e-03      1
481  1.259131e-02      1
482  1.119235e-03      1
483  5.876923e-05      1
484  1.348999e-04      1
485  1.061892e-03      1
486  8.176118e-04      1
487  1.123712e-04      1
488  3.227014e-05      1
489  6.315769e-05      1
490  1.805355e-03      1
491  2.510378e-02      1
492  7.144889e-04      1
493  5.277009e-03      1
494  1.839347e-03      1
495  2.518739e-04      1
496  4.181992e-05      1
497  5.798731e-03      1
498  1.992402e-03      1
499  9.563642e-03      1
500  5.991988e-05      1
501  2.619429e-05      1
502  3.491891e-04      1
503  7.904042e-04      1
504  2.791275e-04      1
505  6.201909e-04      1
506  2.199984e-03      1
507  9.980863e-04      1
508  1.715001e-03      1
509  5.817687e-04      1
510  2.759294e-04      1
511  9.455897e-06      1
512  1.239366e-02      1
513  4.146658e-04      1
514  1.053661e-03      1
515  2.715022e-04      1
516  2.875158e-04      1
517  7.406938e-04      1
518  9.567662e-05      1
519  3.172571e-04      1
520  1.757916e-04      1
521  2.531957e-03      1
522  1.622994e-04      1
523  5.070923e-04      1
524  2.707977e-07      1
525  3.948914e-04      1
526  3.084995e-02      1
527  4.294390e-05      1
528  5.226169e-04      1
529  1.449789e-03      1
530  2.713236e-03      1
531  6.965930e-04      1
532  1.019976e-02      1
533  8.207827e-03      1
534  1.468661e-03      1
535  2.672033e-04      1
536  7.565001e-03      1
537  5.361660e-03      1
538  3.471796e-04      1
539  6.986581e-05      1
540  3.228048e-04      1
541  5.544361e-05      1
542  1.641925e-05      1
543  1.785678e-04      1
544  2.765932e-04      1
545  9.498774e-05      1
546  3.148205e-05      1
547  4.987448e-05      1
548  1.693272e-04      1
549  2.932098e-06      1
550  1.119770e-04      1
551  6.407075e-04      1
552  2.976944e-06      1
553  2.227819e-04      1
554  5.028085e-06      1
555  6.861096e-05      1
556  1.008174e-05      1
557  3.568300e-04      1
558  2.636612e-08      1
559  9.325079e-04      1
560  3.613563e-04      1
561  2.671111e-03      1
562  1.792319e-03      1
563  1.613646e-03      1
564  2.567988e-04      1
565  1.642657e-04      1
566  1.185629e-04      1
567  7.963907e-04      1
568  1.286571e-03      1
569  1.221975e-04      1
570  1.246683e-03      1
571  1.329409e-04      1
572  1.301507e-04      1
573  3.582884e-04      1
574  2.381759e-05      1
575  8.218344e-04      1
576  5.178513e-04      1
577  1.711213e-05      1
578  2.490602e-03      1
579  2.461656e-06      1
580  3.439357e-03      1
581  1.988254e-05      1
582  2.055378e-04      1
583  1.987273e-05      1
584  5.441885e-07      1
585  1.496586e-04      1
586  3.869901e-05      1
587  6.195505e-04      1
588  2.548143e-03      1
589  1.858936e-04      1
590  6.779112e-06      1
591  4.490346e-05      1
592  7.105267e-06      1
593  2.526576e-04      1
594  1.885635e-03      1
595  1.805348e-04      1
596  7.450671e-04      1
597  2.482826e-04      1
598  1.407527e-08      1
599  6.407382e-05      1
600  8.128081e-04      1
601  7.595199e-04      1
602  4.709173e-05      1
603  3.764790e-03      1
604  3.615095e-03      1
605  1.044572e-04      1
606  7.879178e-05      1
607  6.490288e-04      1
608  8.951995e-05      1
609  5.997049e-03      1
610  5.731608e-05      1
611  7.969598e-06      1
612  9.298574e-05      1
613  6.307758e-05      1
614  4.093332e-03      1
615  2.637872e-03      1
616  2.468039e-04      1
617  1.919835e-05      1
618  1.796079e-04      1
619  6.462634e-04      1
620  1.270159e-06      1
621  4.019671e-04      1
622  2.282358e-05      1
623  4.648430e-06      1
624  1.320392e-03      1
625  7.775985e-04      1
626  1.547515e-03      1
627  1.141605e-02      1
628  2.331826e-03      1
629  2.338521e-04      1
630  4.250818e-05      1
631  8.508070e-07      1
632  5.517768e-05      1
633  2.930935e-08      1
634  2.652599e-04      1
635  1.358650e-05      1
636  5.495309e-05      1
637  6.703594e-04      1
638  1.863838e-04      1
639  1.635381e-03      1
640  1.479392e-04      1
641  7.066532e-04      1
642  8.330173e-04      1
643  2.482366e-03      1
644  2.879919e-03      1
645  6.403038e-05      1
646  9.710096e-04      1
647  8.276089e-05      1
648  1.288261e-04      1
649  1.154188e-03      1
650  2.357329e-05      1
651  9.798829e-04      1
652  8.928018e-04      1
653  1.506811e-04      1
654  2.787421e-04      1
655  1.400112e-03      1
656  3.182959e-04      1
657  7.443119e-05      1
658  3.888017e-04      1
659  4.017335e-04      1
660  9.880456e-07      1
661  4.163388e-04      1
662  9.764802e-04      1
663  3.410037e-05      1
664  2.218965e-05      1
665  1.249629e-02 0.9483
666  8.673667e-05      1
667  5.796896e-04      1
668  1.195806e-03      1
669  4.953753e-04      1
670  2.013714e-06      1
671  1.282010e-04      1
672  6.551663e-06      1
673  3.651346e-04      1
674  1.482222e-05      1
675  7.256584e-05      1
676  1.691926e-06      1
677  1.013651e-04      1
678  3.823785e-04      1
679  7.823935e-04      1
680  6.999572e-04      1
681  4.178812e-03      1
682  5.035943e-04      1
683  2.816957e-04      1
684  1.153132e-04      1
685  3.717925e-04      1
686  8.613743e-04      1
687  4.696040e-05      1
688  9.236690e-05      1
689  2.497400e-05      1
690  7.405799e-04      1
691  1.842049e-05      1
692  3.945858e-03      1
693  2.260184e-03      1
694  5.504240e-05      1
695  8.549462e-04      1
696  1.055898e-03      1
697  4.059202e-05      1
698  7.466437e-04      1
699  1.786377e-03      1
700  1.745776e-05      1
701  6.726390e-05      1
702  1.128542e-04      1
703  1.054988e-04      1
704  2.189557e-04      1
705  3.211090e-04      1
706  4.688221e-04      1
707  3.828364e-05      1
708  8.323194e-05      1
709  1.250049e-03      1
710  9.062049e-05      1
711  1.137401e-03      1
712  2.842560e-03      1
713  9.613406e-05      1
714  2.088242e-04      1
715  2.936292e-03      1
716  1.161020e-07      1
717  2.536964e-03      1
718  4.043057e-04      1
719  1.206725e-02      1
720  6.583850e-05      1
721  1.205616e-03      1
722  1.563080e-05      1
723  4.822274e-04      1
724  4.949704e-05      1
725  7.712941e-06      1
726  5.099537e-04      1
727  3.465496e-06      1
728  1.458110e-03      1
729  1.073802e-05      1
730  5.027054e-04      1
731  3.950979e-05      1
732  5.557066e-04      1
733  1.125807e-03      1
734  4.511830e-04      1
735  2.839655e-06      1
736  4.099401e-04      1
737  1.056390e-05      1
738  4.800181e-04      1
739  2.812810e-04      1
740  7.241786e-04      1
741  1.213297e-04      1
742  1.462920e-06      1
743  7.661612e-06      1
744  7.242234e-05      1
745  3.777082e-03      1
746  1.785454e-09      1
747  2.440783e-04      1
748  2.046161e-03      1
749  5.322585e-05      1
750  2.059380e-04      1
751  3.630871e-06      1
752  2.490196e-05      1
753  1.857157e-03      1
754  2.024577e-04      1
755  3.762747e-04      1
756  9.366649e-05      1
757  6.029111e-04      1
758  2.592844e-03      1
759  1.945216e-03      1
760  6.955964e-04      1
761  3.437752e-03      1
762  1.216826e-06      1
763  2.591273e-04      1
764  1.398374e-05      1
765  3.139615e-04      1
766  4.141913e-04      1
767  2.946001e-07      1
768  3.858114e-05      1
769  1.624741e-03      1
770  9.180630e-05      1
771  5.207875e-05      1
772  1.264382e-04      1
773  1.060358e-03      1
774  1.445259e-04      1
775  7.893570e-04      1
776  7.325639e-04      1
777  5.859595e-03      1
778  1.581655e-05      1
779  9.315458e-04      1
780  9.261907e-06      1
781  2.120692e-04      1
782  2.379795e-04      1
783  5.867009e-04      1
784  7.450086e-08      1
785  2.476698e-03      1
786  9.984390e-05      1
787  5.914943e-04      1
788  4.287858e-04      1
789  6.920492e-04      1
790  2.454372e-04      1
791  3.916942e-04      1
792  3.397139e-05      1
793  7.082330e-04      1
794  6.425653e-06      1
795  1.275767e-04      1
796  2.951917e-03      1
797  7.505336e-04      1
798  1.208175e-03      1
799  6.524801e-05      1
800  4.042701e-06      1
801  2.506180e-04      1
802  2.502617e-05      1
803  4.950443e-03      1
804  5.239037e-04      1
805  6.192228e-08      1
806  3.303381e-04      1
807  1.751533e-04      1
808  7.088443e-07      1
809  3.631017e-03      1
810  5.272760e-04      1
811  1.808433e-04      1
812  1.452085e-04      1
813  9.562790e-04      1
814  8.622488e-06      1
815  6.138469e-06      1
816  1.800653e-03      1
817  3.929612e-04      1
818  2.705943e-03      1
819  6.080986e-05      1
820  6.118653e-06      1
821  2.663436e-04      1
822  4.847013e-04      1
823  1.135553e-05      1
824  7.380122e-06      1
825  1.642351e-04      1
826  5.964454e-03      1
827  3.048966e-02      1
828  6.330884e-02      1
829  1.653756e-04      1
830  4.939358e-03      1
831  1.900668e-03      1
832  4.203041e-04      1
833  1.705982e-04      1
834  2.468131e-05      1
835  2.784894e-02      1
836  1.215271e-04      1
837  7.884932e-04      1
838  1.207377e-05      1
839  2.746043e-03      1
840  3.366278e-03      1
841  1.145467e-03      1
842  8.214320e-06      1
843  1.614692e-02      1
844  4.464108e-04      1
845  4.840903e-03      1
846  1.179977e-03      1
847  4.189227e-02      1
848  1.869336e-06      1
849  2.127845e-04      1
850  7.174406e-04      1
851  8.845693e-03      1
852  3.725672e-05      1
853  8.723215e-04      1
854  7.769361e-03      1
855  2.626787e-04      1
856  3.377395e-03      1
857  1.859860e-02      1
858  2.385743e-02      1
859  5.902164e-04      1
860  2.462011e-02      1
861  2.132056e-04      1
862  1.069691e-02      1
863  1.906228e-03      1
864  5.909699e-04      1
865  1.957642e-03      1
866  5.547610e-03      1
867  3.767191e-04      1
868  1.339159e-04      1
869  2.595568e-06      1
870  1.363941e-03      1
871  6.013379e-03      1
872  1.211424e-03      1
873  3.420095e-03      1
874  2.994224e-04      1
875  2.785101e-03      1
876  1.107237e-04      1
877  5.117245e-06      1
878  6.058373e-03      1
879  7.209445e-04      1
880  2.294827e-04      1
881  3.204296e-04      1
882  2.350250e-04      1
883  2.769982e-05      1
884  1.447513e-03      1
885  8.993882e-02      1
886  1.553743e-05      1
887  2.401321e-03      1
888  2.279659e-05      1
889  3.379794e-03      1
890  8.072950e-04      1
891  9.792976e-03      1
892  6.953082e-03      1
893  6.125224e-03      1
894  7.794374e-06      1
895  1.050638e-03      1
896  6.242745e-05      1
897  2.458844e-05      1
898  1.957430e-04      1
899  3.426173e-04      1
900  5.402687e-05      1
901  5.343938e-03      1
902  5.767435e-03      1
903  2.766659e-04      1
904  3.501892e-04      1
905  1.656434e-02      1
906  3.628501e-05      1
907  2.277954e-03      1
908  4.954982e-05      1
909  2.029792e-04      1
910  4.009386e-03      1
911  6.240939e-02      1
912  8.176995e-03      1
913  2.637350e-05      1
914  3.077277e-02      1
915  1.047390e-03      1
916  1.927201e-03      1
917  7.439391e-03      1
918  5.773329e-04      1
919  1.604209e-04      1
920  4.722637e-03      1
921  2.570617e-03      1
922  1.165137e-04      1
923  7.745597e-05      1
924  2.628663e-05      1
925  9.567454e-04      1
926  1.163807e-03      1
927  1.885446e-02      1
928  4.937195e-04      1
929  1.825399e-04      1
930  2.804980e-06      1
931  5.622514e-04      1
932  8.702033e-03      1
933  3.108605e-02      1
934  7.321968e-03      1
935  3.052446e-04      1
936  2.540164e-04      1
937  7.053146e-04      1
938  3.302173e-03      1
939  9.126280e-04      1
940  9.269989e-03      1
941  6.600868e-03      1
942  2.291472e-03      1
943  4.558337e-05      1
944  3.983761e-04      1
945  9.606486e-02      1
946  1.886512e-07      1
947  6.259055e-03      1
948  1.365200e-03      1
949  1.455576e-03      1
950  6.096221e-06      1
951  1.253836e-02      1
952  1.085004e-03      1
953  1.234670e-03      1
954  1.900227e-02      1
955  7.678636e-04      1
956  5.017165e-05      1
957  2.388066e-03      1
958  4.169318e-02      1
959  2.226863e-03      1
960  2.298408e-02      1
961  1.038422e-03      1
962  2.941085e-05      1
963  1.255936e-04      1
964  1.062637e-04      1
965  3.300033e-06      1
966  7.208300e-03      1
967  2.864303e-06      1
968  2.069590e-02      1
969  1.703805e-03      1
970  1.328472e-04      1
971  5.149009e-04      1
972  8.722690e-02      1
973  1.718457e-05      1
974  1.228820e-03      1
975  4.571305e-04      1
976  2.565704e-02      1
977  1.314280e-04      1
978  2.121991e-03      1
979  4.375179e-05      1
980  8.940254e-03      1
981  4.896226e-03      1
982  6.653955e-04      1
983  2.652161e-05      1
984  1.807969e-01      1
985  1.163618e-04      1
986  4.165726e-02      1
987  3.007397e-05      1
988  8.571991e-04      1
989  1.988324e-04      1
990  3.037621e-03      1
991  3.368327e-05      1
992  7.000473e-05      1
993  1.485708e-03      1
994  3.591384e-04      1
995  3.670111e-09      1
996  1.937109e-03      1
997  3.434935e-04      1
998  4.191858e-04      1
999  1.406154e-05      1
1000 1.140424e-03      1
1001 1.390730e-03      1
1002 1.495318e-04      1
1003 4.600873e-04      1
1004 1.940288e-05      1
1005 3.705847e-04      1
1006 6.247571e-03      1
1007 3.890244e-04      1
1008 6.644893e-06      1
1009 3.597920e-03      1
1010 5.726874e-07      1
1011 2.093625e-04      1
1012 7.487252e-04      1
1013 1.362173e-04      1
1014 3.214475e-08      1
1015 1.154039e-04      1
1016 1.543401e-04      1
1017 3.924646e-04      1
1018 5.326361e-04      1
1019 2.684727e-03      1
1020 4.520145e-05      1
1021 4.427997e-05      1
1022 2.416400e-06      1
1023 5.317342e-05      1
1024 6.742062e-04      1
1025 1.273982e-05      1
1026 7.375081e-05      1
1027 7.665983e-05      1
1028 4.065167e-05      1
1029 1.872753e-04      1
1030 1.400268e-04      1
1031 1.722484e-04      1
1032 1.288383e-04      1
1033 2.493053e-02      1
1034 1.076946e-05      1
1035 3.143570e-04      1
1036 2.149605e-04      1
1037 7.475859e-05      1
1038 6.918411e-04      1
1039 4.505511e-03      1
1040 2.103461e-03      1
1041 9.235384e-04      1
1042 1.775211e-03      1
1043 1.027608e-05      1
1044 2.007007e-04      1
1045 4.867591e-04      1
1046 1.386496e-04      1
1047 1.169819e-03      1
1048 8.204988e-04      1
1049 3.869295e-04      1
1050 4.726744e-05      1
1051 1.909284e-04      1
1052 3.059699e-04      1
1053 2.943776e-06      1
1054 3.329792e-04      1
1055 1.514782e-04      1
1056 1.634129e-04      1
1057 2.671380e-03      1
1058 2.803970e-03      1
1059 1.266420e-03      1
1060 1.443680e-03      1
1061 4.851661e-06      1
1062 4.310661e-05      1
1063 2.300375e-04      1
1064 1.334268e-04      1
1065 1.980097e-05      1
1066 2.024128e-03      1
1067 8.477852e-05      1
1068 6.786752e-06      1
1069 7.752369e-03      1
1070 4.504441e-04      1
1071 3.398671e-05      1
1072 6.850713e-05      1
1073 1.049174e-04      1
1074 6.117997e-04      1
1075 8.633344e-05      1
1076 1.306839e-05      1
1077 1.453235e-04      1
1078 6.659929e-06      1
1079 3.395684e-03      1
1080 5.172476e-05      1
1081 8.397917e-06      1
1082 6.213592e-06      1
1083 1.315939e-03      1
1084 6.115371e-04      1
1085 1.752821e-05      1
1086 8.844944e-04      1
1087 1.529012e-03      1
1088 2.327530e-03      1
1089 2.391604e-05      1
1090 1.408162e-03      1
1091 7.686519e-04      1
1092 5.636010e-04      1
1093 3.185871e-05      1
1094 1.099727e-04      1
1095 6.976117e-06      1
1096 3.492404e-04      1
1097 5.368755e-04      1
1098 2.149349e-05      1
1099 6.205475e-05      1
1100 7.996180e-04      1
1101 2.606278e-05      1
1102 6.701256e-05      1
1103 2.522827e-03      1
1104 6.517176e-03      1
1105 2.105118e-04      1
1106 1.278290e-05      1
1107 1.841638e-05      1
1108 1.017170e-05      1
1109 9.746461e-05      1
1110 3.025233e-04      1
1111 4.555108e-05      1
1112 1.425510e-04      1
1113 3.262000e-05      1
1114 4.449706e-03      1
1115 5.753365e-05      1
1116 9.212637e-06      1
1117 3.473619e-05      1
1118 6.680028e-04      1
1119 1.275997e-03      1
1120 7.357443e-04      1
1121 7.568672e-05      1
1122 3.784241e-04      1
1123 5.399947e-04      1
1124 9.757889e-05      1
1125 3.096935e-03      1
1126 2.682041e-04      1
1127 1.432994e-05      1
1128 1.696693e-05      1
1129 1.011052e-06      1
1130 2.457144e-04      1
1131 1.146144e-04      1
1132 3.680655e-04      1
1133 2.474328e-04      1
1134 1.625720e-04      1
1135 2.272856e-03      1
1136 7.611700e-04      1
1137 3.899443e-04      1
1138 4.895222e-04      1
1139 1.361289e-04      1
1140 1.890072e-06      1
1141 2.699847e-03      1
1142 4.733197e-04      1
1143 1.005528e-02      1
1144 1.314810e-04      1
1145 4.545903e-04      1
1146 2.638239e-06      1
1147 4.450671e-04      1
1148 7.386595e-04      1
1149 2.811454e-05      1
1150 3.039163e-04      1
1151 1.068066e-02      1
1152 2.874362e-04      1
1153 6.132880e-04      1
1154 4.234657e-04      1
1155 1.844833e-03      1
1156 7.375671e-05      1
1157 3.908034e-06      1
1158 2.083961e-04      1
1159 3.291000e-04      1
1160 6.176524e-05      1
1161 8.498267e-03      1
1162 3.562546e-06      1
1163 6.936551e-04      1
1164 6.055368e-05      1
1165 3.260810e-05      1
1166 1.568340e-02      1
1167 3.054346e-05      1
1168 1.426284e-04      1
1169 8.587566e-03      1
1170 6.226536e-03      1
1171 3.514826e-06      1
1172 6.217433e-03      1
1173 2.889908e-04      1
1174 1.510974e-03      1
1175 3.892036e-04      1
1176 9.891352e-04      1
1177 4.220366e-05      1
1178 3.950029e-06      1
1179 3.486108e-04      1
1180 1.799491e-04      1
1181 3.658376e-04      1
1182 7.411528e-04      1
1183 9.836933e-03      1
1184 5.268229e-03      1
1185 1.086218e-03      1
1186 1.361181e-03      1
1187 5.540371e-05      1
1188 1.073954e-05      1
1189 1.884674e-05      1
1190 1.444376e-03      1
1191 9.413297e-05      1
1192 3.745937e-05      1
1193 1.282667e-06      1
1194 4.982194e-04      1
1195 2.046211e-04      1
1196 1.294807e-02      1
1197 5.362274e-04      1
1198 2.160352e-04      1
1199 6.099430e-05      1
1200 1.178874e-02      1
1201 1.532383e-02      1
1202 9.597325e-04      1
1203 4.761998e-04      1
1204 4.724517e-04      1
1205 1.236740e-04      1
1206 1.202292e-02      1
1207 4.050352e-05      1
1208 2.464681e-03      1
1209 5.927642e-04      1
1210 2.738615e-04      1
1211 3.868044e-05      1
1212 2.320258e-07      1
1213 8.063382e-05      1
1214 6.744932e-04      1
1215 2.614610e-04      1
1216 1.341319e-05      1
1217 1.173829e-05      1
1218 1.844489e-04      1
1219 1.886910e-03      1
1220 6.622956e-04      1
1221 2.285750e-07      1
1222 2.182926e-04      1
1223 4.666042e-06      1
1224 1.434321e-03      1
1225 4.716658e-05      1
1226 2.078361e-06      1
1227 2.680888e-06      1
1228 5.507818e-03      1
1229 3.992043e-06      1
1230 5.575877e-05      1
1231 4.479099e-06      1
1232 2.830852e-07      1
1233 8.990118e-04      1
1234 1.755453e-06      1
1235 2.286917e-04      1
1236 6.568474e-04      1
1237 1.382459e-05      1
1238 6.292707e-05      1
1239 4.353503e-03      1
1240 3.918215e-05      1
1241 3.280837e-05      1
1242 8.793063e-05      1
1243 1.006674e-03      1
1244 5.962352e-04      1
1245 1.117761e-04      1
1246 1.859028e-04      1
1247 1.627720e-06      1
1248 1.389254e-03      1
1249 6.355796e-05      1
1250 8.062800e-04      1
1251 2.897122e-04      1
1252 3.398828e-03      1
1253 1.032455e-03      1
1254 2.119800e-03      1
1255 8.076617e-04      1
1256 1.519577e-05      1
1257 1.921565e-05      1
1258 1.219744e-03      1
1259 2.885474e-04      1
1260 2.824347e-05      1
1261 4.471164e-04      1
1262 3.820351e-06      1
1263 2.740073e-05      1
1264 3.198004e-04      1
1265 2.241141e-05      1
1266 7.388040e-05      1
1267 4.556797e-07      1
1268 6.024494e-05      1
1269 1.539487e-06      1
1270 2.286483e-04      1
1271 1.129478e-04      1
1272 4.565303e-04      1
1273 3.037761e-04      1
1274 3.700833e-05      1
1275 6.775816e-06      1
1276 1.760871e-04      1
1277 3.369016e-04      1
1278 1.423841e-04      1
1279 1.663046e-03      1
1280 1.395579e-03      1
1281 1.092538e-04      1
1282 8.714976e-05      1
1283 8.542294e-05      1
1284 4.736289e-04      1
1285 9.368933e-04      1
1286 1.052396e-04      1
1287 2.419017e-05      1
1288 7.772181e-05      1
1289 1.675266e-05      1
1290 3.173334e-05      1
1291 2.469507e-03      1
1292 5.574637e-04      1
1293 5.744656e-04      1
1294 1.154900e-03      1
1295 1.233512e-04      1
1296 2.386138e-04      1
1297 6.457114e-04      1
1298 7.845377e-04      1
1299 2.507479e-05      1
1300 1.031669e-03      1
1301 1.136873e-04      1
1302 1.570336e-07      1
1303 3.355944e-03      1
1304 1.907235e-04      1
1305 5.446560e-05      1
1306 9.815723e-06      1
1307 1.107407e-03      1
1308 1.800003e-05      1
1309 3.513280e-04      1
1310 3.910338e-04      1
1311 1.103516e-03      1
1312 4.796880e-04      1
1313 1.659830e-04      1
1314 3.711217e-04      1
1315 5.582332e-05      1
1316 2.749528e-05      1
1317 1.821666e-04      1
1318 8.098657e-05      1
1319 7.241814e-05      1
1320 9.562935e-04      1
1321 2.385356e-04      1
1322 3.197072e-04      1
1323 1.452265e-03      1
1324 1.197031e-04      1
1325 5.226684e-04      1
1326 1.076156e-04      1
1327 1.985941e-04      1
1328 3.275826e-05      1
1329 5.579707e-05      1
1330 7.390647e-05      1
1331 1.920467e-04      1
1332 1.419063e-03      1
1333 2.122299e-04      1
1334 7.989531e-04      1
1335 4.910875e-04      1
1336 1.235954e-04      1
1337 4.595740e-07      1
1338 6.380936e-04      1
1339 1.925915e-07      1
1340 1.243132e-04      1
1341 2.018973e-05      1
1342 4.208518e-04      1
1343 4.172354e-05      1
1344 1.674343e-04      1
1345 1.306869e-05      1
1346 5.051735e-07      1
1347 6.940717e-04      1
1348 8.027662e-04      1
1349 3.977197e-04      1
1350 1.589452e-03      1
1351 3.843992e-04      1
1352 1.533038e-04      1
1353 1.740511e-04      1
1354 3.580607e-04      1
1355 1.165771e-03      1
1356 7.470516e-04      1
1357 1.631659e-03      1
1358 4.600675e-04      1
1359 2.305808e-05      1
1360 2.691782e-04      1
1361 1.463623e-03      1
1362 2.671473e-03      1
1363 8.152421e-05      1
1364 7.613717e-04      1
1365 3.704873e-04      1
1366 4.926552e-04      1
1367 3.049642e-05      1
1368 5.821721e-04      1
1369 4.311142e-04      1
1370 4.452185e-06      1
1371 1.005324e-04      1
1372 5.298991e-06      1
1373 2.260352e-06      1
1374 2.226101e-03      1
1375 2.734338e-04      1
1376 5.993014e-05      1
1377 1.774960e-03      1
1378 2.651637e-05      1
1379 2.608535e-05      1
1380 2.358174e-05      1
1381 2.259582e-06      1
1382 6.142052e-05      1
1383 3.747044e-05      1
1384 7.014599e-04      1
1385 2.041884e-04      1
1386 3.461521e-03      1
1387 1.128829e-04      1
1388 9.576687e-04      1
1389 3.633256e-04      1
1390 9.436808e-04      1
1391 8.738535e-04      1
1392 1.156927e-04      1
1393 3.343188e-04      1
1394 4.342415e-04      1
1395 1.508173e-05      1
1396 1.778272e-03      1
1397 1.969974e-06      1
1398 2.803675e-06      1
1399 1.974787e-04      1
1400 9.330835e-05      1
1401 2.491956e-03      1
1402 2.914506e-06      1
1403 2.342533e-04      1
1404 7.385031e-04      1
1405 3.989116e-06      1
1406 4.230134e-06      1
1407 1.378457e-03      1
1408 4.005289e-05      1
1409 6.548553e-06      1
1410 1.304575e-04      1
1411 1.070444e-03      1
1412 3.189336e-05      1
1413 2.807634e-04      1
1414 3.047360e-04      1
1415 9.267314e-04      1
1416 3.373439e-04      1
1417 2.858757e-04      1
1418 1.304661e-04      1
1419 9.390694e-05      1
1420 2.008903e-03      1
1421 5.891207e-04      1
1422 2.445227e-03      1
1423 5.034069e-05      1
1424 1.338916e-06      1
1425 1.030009e-03      1
1426 3.583144e-03      1
1427 2.716097e-05      1
1428 9.040343e-04      1
1429 7.428731e-04      1
1430 4.574404e-05      1
1431 8.058189e-04      1
1432 4.775025e-04      1
1433 5.324605e-05      1
1434 1.898154e-05      1
1435 2.878162e-03      1
1436 9.894874e-04      1
1437 1.050587e-05      1
1438 1.581264e-04      1
1439 1.097081e-04      1
1440 3.475625e-04      1
1441 1.921275e-04      1
1442 1.745301e-04      1
1443 1.374958e-05      1
1444 1.930808e-03      1
1445 1.813817e-05      1
1446 6.516942e-04      1
1447 1.037952e-02      1
1448 1.440104e-04      1
1449 3.501933e-03      1
1450 7.027268e-05      1
1451 2.366679e-04      1
1452 1.512623e-04      1
1453 4.280446e-04      1
1454 2.980452e-05      1
1455 1.144036e-03      1
1456 3.669473e-04      1
1457 3.537603e-04      1
1458 1.362945e-04      1
1459 4.588517e-04      1
1460 2.116816e-06      1
1461 1.564844e-04      1
1462 5.398480e-05      1
1463 2.309676e-04      1
1464 6.800289e-06      1
1465 7.475589e-04      1
1466 2.067736e-04      1
1467 9.357387e-04      1
1468 1.218003e-05      1
1469 6.031592e-05      1
1470 2.888620e-04      1
1471 5.814131e-04      1
1472 6.089442e-04      1
1473 5.397416e-06      1
1474 2.568727e-04      1
1475 1.693318e-04      1
1476 7.607393e-05      1
1477 7.221014e-04      1
1478 4.187060e-05      1
1479 6.230862e-04      1
1480 5.445716e-04      1
1481 2.840473e-04      1
1482 1.577271e-03      1
1483 2.195706e-05      1
1484 3.045722e-05      1
1485 8.690655e-04      1
1486 8.293915e-04      1
1487 3.518963e-05      1
1488 2.631057e-04      1
1489 3.069147e-03      1
1490 1.688146e-04      1
1491 5.694292e-04      1
1492 4.190636e-04      1
1493 1.773330e-03      1
1494 9.125569e-04      1
1495 1.824400e-03      1
1496 3.006104e-03      1
1497 1.915077e-04      1
1498 7.754473e-04      1
1499 4.826443e-04      1
1500 1.066623e-04      1
1501 3.597491e-04      1
1502 5.956082e-04      1
1503 7.529144e-04      1
1504 4.854670e-04      1
1505 5.751571e-05      1
1506 3.683685e-03      1
1507 3.217952e-04      1
1508 4.354716e-06      1
1509 1.066024e-04      1
1510 5.545713e-05      1
1511 1.135013e-03      1
1512 3.626289e-05      1
1513 7.222536e-03      1
1514 7.209333e-05      1
1515 7.235089e-04      1
1516 4.310100e-03      1
1517 8.889685e-04      1
1518 2.719646e-04      1
1519 7.365349e-04      1
1520 3.110882e-04      1
1521 8.572554e-06      1
1522 1.579742e-03      1
1523 1.809054e-03      1
1524 3.152167e-05      1
1525 5.909005e-05      1
1526 1.218017e-05      1
1527 1.548707e-04      1
1528 2.266809e-03      1
1529 2.244397e-03      1
1530 7.247348e-04      1
1531 1.924091e-04      1
1532 5.463161e-05      1
1533 3.203594e-03      1
1534 1.224904e-04      1
1535 7.609328e-05      1
1536 7.749896e-06      1
1537 1.354483e-04      1
1538 6.913121e-05      1
1539 7.090913e-05      1
1540 1.953863e-04      1
1541 4.979142e-04      1
1542 2.491910e-04      1
1543 3.045979e-05      1
1544 8.461288e-04      1
1545 2.892959e-04      1
1546 4.028701e-04      1
1547 3.152580e-05      1
1548 3.419156e-04      1
1549 1.560079e-04      1
1550 1.795950e-05      1
1551 6.919247e-04      1
1552 7.788407e-05      1
1553 2.258663e-04      1
1554 6.241427e-04      1
1555 2.372196e-03      1
1556 7.472023e-06      1
1557 4.472542e-04      1
1558 8.406183e-04      1
1559 8.056203e-04      1
1560 6.718970e-07      1
1561 8.341885e-06      1
1562 2.104292e-07      1
1563 4.042095e-04      1
1564 3.451434e-04      1
1565 4.788387e-04      1
1566 5.459218e-04      1
1567 3.464042e-05      1
1568 2.853775e-04      1
1569 9.254317e-06      1
1570 1.285687e-04      1
1571 1.264103e-03      1
1572 2.111322e-05      1
1573 5.890303e-04      1
1574 5.131951e-04      1
1575 5.728856e-04      1
1576 8.234274e-04      1
1577 1.408236e-03      1
1578 5.062985e-03      1
1579 9.050919e-04      1
1580 4.081004e-04      1
1581 1.696756e-05      1
1582 2.657017e-03      1
1583 5.615308e-06      1
1584 6.850760e-04      1
1585 6.845609e-04      1
1586 3.698914e-05      1
1587 3.660598e-04      1
1588 4.991159e-06      1
1589 1.540710e-03      1
1590 7.787368e-06      1
1591 2.455717e-05      1
1592 4.436037e-05      1
1593 2.594727e-04      1
1594 1.322948e-04      1
1595 2.598875e-04      1
1596 8.770521e-04      1
1597 1.286558e-05      1
1598 7.131857e-05      1
1599 8.211279e-06      1
1600 3.613725e-07      1
1601 4.275055e-05      1
1602 1.345841e-04      1
1603 2.654158e-03      1
1604 5.311991e-05      1
1605 6.187925e-04      1
1606 2.704767e-03      1
1607 5.087875e-06      1
1608 2.221930e-04      1
1609 1.198309e-04      1
1610 1.533043e-04      1
1611 7.610555e-05      1
1612 5.573730e-07      1
1613 6.725676e-07      1
1614 5.098987e-03      1
1615 2.931207e-04      1
1616 7.773574e-03      1
1617 1.735771e-03      1
1618 1.127452e-03      1
1619 5.208964e-04      1
1620 7.388316e-04      1
1621 1.543317e-03      1
1622 6.469425e-04      1
1623 2.984222e-05      1
1624 5.757193e-03      1
1625 9.939241e-03      1
1626 1.146125e-04      1
1627 4.607445e-03      1
1628 1.405561e-04      1
1629 5.066251e-05      1
1630 2.136564e-04      1
1631 8.088665e-04      1
1632 1.684794e-05      1
1633 2.805599e-04      1
1634 1.319344e-03      1
1635 2.375478e-05      1
1636 6.060644e-06      1
1637 6.417597e-04      1
1638 3.124256e-04      1
1639 2.079014e-04      1
1640 9.855106e-04      1
1641 7.066795e-04      1
1642 2.654058e-04      1
1643 8.091449e-05      1
1644 4.751541e-05      1
1645 6.526604e-04      1
1646 1.421432e-04      1
1647 1.942831e-04      1
1648 6.362250e-05      1
1649 1.350237e-03      1
1650 1.300783e-04      1
1651 5.754318e-08      1
1652 1.219504e-03      1
1653 9.361194e-05      1
1654 8.022217e-05      1
1655 1.554702e-07      1
1656 1.545219e-03      1
1657 7.361641e-04      1
1658 9.343451e-04      1
1659 5.032684e-04      1
1660 5.531132e-04      1
1661 9.986464e-05      1
1662 4.064198e-03      1
1663 2.852490e-05      1
1664 7.841611e-04      1
1665 4.341448e-05      1
1666 2.264203e-04      1
1667 1.525068e-03      1
1668 5.463860e-03      1
1669 9.354791e-04      1
1670 2.140635e-03      1
1671 2.042930e-04      1
1672 8.165840e-05      1
1673 2.755093e-04      1
1674 3.901619e-04      1
1675 3.968685e-05      1
1676 4.728789e-04      1
1677 6.494303e-05      1
1678 4.069115e-06      1
1679 2.363140e-03      1
1680 7.488854e-05      1
1681 1.393371e-05      1
1682 8.740020e-04      1
1683 3.386619e-03      1
1684 3.715366e-03      1
1685 3.841937e-05      1
1686 2.667633e-04      1
1687 4.086680e-04      1
1688 3.446000e-03      1
1689 3.317568e-04      1
1690 5.512161e-05      1
1691 9.629958e-04      1
1692 1.691879e-03      1
1693 4.309081e-04      1
1694 3.954612e-04      1
1695 2.120140e-03      1
1696 4.271632e-04      1
1697 4.379975e-04      1
1698 3.063418e-04      1
1699 3.410557e-03      1
1700 4.508668e-04      1
1701 2.843384e-03      1
1702 1.181456e-03      1
1703 1.842769e-04      1
1704 9.730924e-07      1
1705 4.142466e-03      1
1706 6.938923e-04      1
1707 1.129121e-03      1
1708 3.255508e-03      1
1709 6.093480e-05      1
1710 1.257754e-03      1
1711 6.108257e-05      1
1712 1.041895e-03      1
1713 2.213031e-05      1
1714 1.957146e-05      1
1715 2.629939e-04      1
1716 4.418942e-04      1
1717 6.882549e-05      1
1718 1.854151e-03      1
1719 1.383287e-05      1
1720 3.348499e-05      1
1721 2.523194e-06      1
1722 4.889808e-06      1
1723 3.457250e-03      1
1724 3.078968e-04      1
1725 4.239223e-03      1
1726 2.713723e-04      1
1727 1.207169e-05      1
1728 4.907952e-03      1
1729 8.577674e-06      1
1730 3.488720e-03      1
1731 1.155652e-06      1
1732 1.092636e-05      1
1733 4.442863e-05      1
1734 2.839059e-04      1
1735 4.577879e-06      1
1736 1.475708e-05      1
1737 9.395902e-04      1
1738 4.817519e-05      1
1739 1.142874e-04      1
1740 1.110190e-04      1
1741 3.241797e-04      1
1742 2.662329e-04      1
1743 2.550858e-03      1
1744 5.231807e-06      1
1745 6.184679e-05      1
1746 1.097104e-03      1
1747 2.627602e-05      1
1748 1.822916e-04      1
1749 2.915583e-04      1
1750 4.820759e-03      1
1751 6.164038e-06      1
1752 7.237983e-05      1
1753 8.951225e-04      1
1754 1.718143e-03      1
1755 2.214025e-04      1
1756 9.999112e-07      1
1757 5.425467e-04      1
1758 5.959092e-04      1
1759 1.190111e-05      1
1760 1.865966e-04      1
1761 1.828099e-04      1
1762 3.159030e-05      1
1763 2.226623e-04      1
1764 8.416835e-04      1
1765 1.168896e-05      1
1766 2.534845e-04      1
1767 9.756840e-05      1
1768 7.361745e-05      1
1769 4.191743e-05      1
1770 1.407047e-04      1
1771 1.090675e-04      1
1772 3.240520e-05      1
1773 1.257777e-04      1
1774 6.197355e-04      1
1775 4.627106e-04      1
1776 5.249593e-04      1
1777 3.756263e-04      1
1778 5.752683e-04      1
1779 1.343629e-03      1
1780 9.682730e-05      1
1781 6.878168e-05      1
1782 5.593282e-04      1
1783 7.911228e-04      1
1784 1.786283e-04      1
1785 1.263929e-03      1
1786 1.752041e-04      1
1787 4.890979e-05      1
1788 6.648354e-05      1
1789 5.326036e-06      1
1790 9.536341e-04      1
1791 3.710159e-03      1
1792 7.819356e-05      1
1793 3.331246e-04      1
1794 1.063630e-03      1
1795 1.420947e-04      1
1796 8.824029e-06      1
1797 4.226928e-04      1
1798 5.852263e-04      1
1799 1.288098e-04      1
1800 1.389766e-03      1
1801 2.035396e-04      1
1802 6.003214e-04      1
1803 3.047611e-06      1
1804 5.773325e-04      1
1805 4.676109e-05      1
1806 8.832008e-04      1
1807 7.531392e-03      1
1808 2.077228e-03      1
1809 2.576298e-03      1
1810 3.383123e-04      1
1811 4.223020e-04      1
1812 1.499872e-03      1
1813 1.019142e-04      1
1814 2.178581e-05      1
1815 3.540331e-05      1
1816 1.979065e-04      1
1817 1.227559e-04      1
1818 3.212055e-03      1
1819 9.183828e-06      1
1820 2.549300e-04      1
1821 1.944426e-05      1
1822 1.126222e-04      1
1823 2.790193e-04      1
1824 2.736159e-04      1
1825 6.335226e-04      1
1826 7.985350e-06      1
1827 1.331908e-05      1
1828 1.643173e-03      1
1829 8.301509e-05      1
1830 5.326740e-04      1
1831 1.157641e-04      1
1832 3.518031e-04      1
1833 5.188458e-05      1
1834 5.190080e-04      1
1835 1.326435e-04      1
1836 5.948591e-04      1
1837 2.230745e-05      1
1838 1.579719e-07      1
1839 1.562465e-03      1
1840 1.716604e-03      1
1841 3.686695e-07      1
1842 4.810449e-05      1
1843 2.590932e-04      1
1844 1.449528e-04      1
1845 1.469309e-06      1
1846 4.537222e-05      1
1847 5.465704e-04      1
1848 2.529389e-05      1
1849 2.217344e-04      1
1850 6.764048e-04      1
1851 7.991903e-04      1
1852 4.007663e-04      1
1853 1.113650e-04      1
1854 3.006060e-05      1
1855 9.557737e-05      1
1856 3.312687e-06      1
1857 1.479499e-04      1
1858 3.148387e-06      1
1859 6.353727e-05      1
1860 2.584025e-03      1
1861 1.591357e-04      1
1862 1.251022e-03      1
1863 2.686379e-04      1
1864 5.151707e-07      1
1865 1.277784e-05      1
1866 7.730374e-05      1
1867 3.652055e-05      1
1868 8.326405e-03      1
1869 2.039811e-04      1
1870 7.181007e-04      1
1871 1.154719e-04      1
1872 8.233023e-04      1
1873 5.198624e-06      1
1874 6.078633e-04      1
1875 3.929497e-04      1
1876 3.711009e-04      1
1877 3.585637e-04      1
1878 1.402268e-06      1
1879 9.845774e-06      1
1880 2.504361e-10      1
1881 1.560267e-03      1
1882 2.866444e-03      1
1883 1.799023e-04      1
1884 4.915451e-04      1
1885 1.109800e-03      1
1886 1.308851e-03      1
1887 4.718775e-04      1
1888 9.965667e-04      1
1889 1.988901e-04      1
1890 5.239908e-02      1
1891 4.372202e-05      1
1892 5.774608e-04      1
1893 1.745426e-05      1
1894 1.570949e-03      1
1895 5.184658e-04      1
1896 1.078585e-04      1
1897 1.667242e-04      1
1898 3.397274e-03      1
1899 1.737989e-05      1
1900 6.695879e-04      1
1901 1.019621e-06      1
1902 1.488511e-03      1
1903 2.894174e-04      1
1904 2.331038e-06      1
1905 2.014018e-04      1
1906 1.370081e-03      1
1907 3.101378e-04      1
1908 4.495581e-03      1
1909 2.384980e-05      1
1910 4.244420e-05      1
1911 7.407677e-04      1
1912 8.483599e-06      1
1913 7.363653e-06      1
1914 1.415970e-04      1
1915 3.596723e-04      1
1916 1.246225e-03      1
1917 2.292606e-05      1
1918 8.345701e-04      1
1919 3.282582e-04      1
1920 2.528025e-04      1
1921 1.264788e-03      1
1922 2.061945e-05      1
1923 5.642988e-05      1
1924 2.059814e-02      1
1925 5.391763e-03      1
1926 1.184214e-05      1
1927 1.040823e-03      1
1928 1.061478e-03      1
1929 1.023648e-03      1
1930 1.858472e-05      1
1931 5.735497e-04      1
1932 4.077489e-04      1
1933 8.795170e-03      1
1934 1.475143e-03      1
1935 2.317633e-06      1
1936 1.721117e-04      1
1937 1.975135e-04      1
1938 4.248933e-05      1
1939 1.790485e-05      1
1940 1.816313e-03      1
1941 9.487588e-04      1
1942 2.609780e-05      1
1943 5.325727e-06      1
1944 4.308822e-03      1
1945 3.064897e-04      1
1946 2.379420e-03      1
1947 4.137160e-04      1
1948 1.037578e-04      1
1949 5.728605e-04      1
1950 2.005082e-03      1
1951 3.629698e-04      1
1952 4.262834e-07      1
1953 2.314800e-05      1
1954 9.629648e-06      1
1955 3.624036e-03      1
1956 1.193032e-03      1
1957 3.694783e-04      1
1958 1.051282e-04      1
1959 1.814751e-04      1
1960 3.381472e-05      1
1961 2.390204e-04      1
1962 5.859936e-04      1
1963 5.248129e-06      1
1964 8.220944e-06      1
1965 9.234445e-07      1
1966 1.426490e-05      1
1967 8.493299e-04      1
1968 5.488519e-04      1
1969 1.755927e-04      1
1970 2.028472e-04      1
1971 2.930230e-03      1
1972 5.763302e-03      1
1973 2.568761e-03      1
1974 2.624895e-04      1
1975 4.817022e-04      1
1976 7.867639e-04      1
1977 9.387032e-04      1
1978 5.587041e-07      1
1979 1.804874e-11      1
1980 1.304354e-04      1
1981 1.038520e-03      1
1982 5.090013e-05      1
1983 3.514276e-05      1
1984 4.990461e-04      1
1985 3.746842e-05      1
1986 1.710349e-04      1
1987 2.008821e-03      1
1988 7.956629e-04      1
1989 6.175493e-05      1
1990 3.201300e-04      1
1991 1.264260e-05      1
1992 2.199476e-03      1
1993 2.210499e-04      1
1994 5.159687e-03      1
1995 5.751520e-05      1
1996 9.237691e-06      1
1997 1.755965e-03      1
1998 1.065013e-06      1
1999 2.956315e-04      1
2000 5.276951e-04      1
2001 3.421766e-04      1
2002 3.521035e-03      1
2003 3.894225e-04      1
2004 1.657412e-04      1
2005 2.925015e-04      1
2006 8.397504e-06      1
2007 3.611299e-05      1
2008 2.665537e-03      1
2009 1.805367e-03      1
2010 7.126852e-04      1
2011 9.450434e-06      1
2012 1.521951e-04      1
2013 3.819473e-05      1
2014 1.507497e-04      1
2015 6.566788e-06      1
2016 1.071065e-03      1
2017 2.220280e-03      1
2018 1.601801e-03      1
2019 1.297658e-04      1
2020 2.986080e-03      1
2021 4.874649e-04      1
2022 5.242171e-05      1
2023 8.982847e-05      1
2024 2.815263e-04      1
2025 1.371122e-04      1
2026 1.088592e-03      1
2027 4.548059e-05      1
2028 3.612731e-05      1
2029 2.311273e-04      1
2030 1.397252e-05      1
2031 9.949722e-05      1
2032 2.586421e-03      1
2033 2.139893e-07      1
2034 1.790287e-03      1
2035 3.406426e-04      1
2036 3.436634e-04      1
2037 4.870708e-04      1
2038 2.107820e-04      1
2039 1.037723e-04      1
2040 5.165052e-05      1
2041 1.112066e-03      1
2042 2.543655e-04      1
2043 2.480457e-06      1
2044 1.795294e-04      1
2045 8.919576e-04      1
2046 2.285530e-03      1
2047 4.597145e-04      1
2048 3.181591e-05      1
2049 4.426140e-04      1
2050 5.265601e-04      1
2051 1.084724e-03      1
2052 1.549288e-04      1
2053 7.682297e-06      1
2054 5.184673e-04      1
2055 4.593658e-05      1
2056 3.378022e-04      1
2057 2.211684e-04      1
2058 5.349782e-05      1
2059 2.829289e-03      1
2060 2.613931e-04      1
2061 1.992626e-04      1
2062 1.254191e-03      1
2063 2.008627e-03      1
2064 2.127399e-04      1
2065 1.784437e-03      1
2066 1.377916e-03      1
2067 5.486103e-05      1
2068 3.726754e-04      1
2069 7.430733e-05      1
2070 6.039550e-04      1
2071 1.432277e-04      1
2072 1.991725e-02      1
2073 1.650215e-05      1
2074 5.021723e-05      1
2075 2.562665e-06      1
2076 3.496936e-04      1
2077 6.400524e-04      1
2078 4.471971e-05      1
2079 2.488484e-04      1
2080 5.154267e-06      1
2081 1.709573e-03      1
2082 2.162003e-03      1
2083 4.059119e-03      1
2084 1.705742e-03      1
2085 5.456872e-04      1
2086 4.387530e-03      1
2087 1.211286e-03      1
2088 2.102709e-05      1
2089 8.906106e-06      1
2090 2.237730e-04      1
2091 8.198525e-04      1
2092 3.292112e-03      1
2093 2.206158e-04      1
2094 3.590785e-05      1
2095 5.718799e-05      1
2096 2.235095e-02      1
2097 6.827246e-04      1
2098 3.154998e-03      1
2099 1.490119e-06      1
2100 2.065615e-03      1
2101 4.608260e-04      1
2102 9.344934e-05      1
2103 1.506094e-05      1
2104 7.680670e-04      1
2105 6.518966e-04      1
2106 6.602202e-04      1
2107 1.672079e-03      1
2108 2.562995e-03      1
2109 1.391417e-03      1
2110 1.019562e-03      1
2111 2.498463e-04      1
2112 8.533061e-05      1
2113 4.587664e-04      1
2114 2.446774e-04      1
2115 2.647349e-04      1
2116 3.839325e-04      1
2117 2.277248e-04      1
2118 3.073404e-05      1
2119 1.947602e-06      1
2120 8.282887e-04      1
2121 5.758904e-05      1
2122 3.207965e-03      1
2123 1.893892e-06      1
2124 1.298234e-05      1
2125 6.327576e-05      1
2126 3.094696e-03      1
2127 1.715359e-04      1
2128 4.923216e-04      1
2129 2.099523e-05      1
2130 3.085735e-04      1
2131 6.812173e-06      1
2132 2.830806e-04      1
2133 7.139920e-05      1
2134 1.836763e-05      1
2135 2.175936e-03      1
2136 1.236545e-03      1
2137 3.376198e-03      1
2138 4.802628e-04      1
2139 8.704107e-05      1
2140 1.018245e-03      1
2141 1.142150e-04      1
2142 5.239181e-05      1
2143 3.052503e-04      1
2144 1.537380e-03      1
2145 6.116219e-04      1
2146 3.186184e-04      1
2147 8.003790e-04      1
2148 2.377705e-04      1
2149 6.675244e-04      1
2150 8.751357e-04      1
2151 2.548544e-05      1
2152 3.674278e-05      1
2153 3.671273e-06      1
2154 1.665339e-04      1
2155 8.237261e-03      1
2156 2.373160e-04      1
2157 3.703094e-05      1
2158 1.747268e-03      1
2159 1.205793e-05      1
2160 3.620361e-03      1
2161 1.495831e-04      1
2162 4.556724e-04      1
2163 6.447422e-06      1
2164 9.946979e-07      1
2165 4.212044e-05      1
2166 1.175918e-04      1
2167 1.183306e-04      1
2168 6.802469e-04      1
2169 3.047317e-04      1
2170 1.743955e-06      1
2171 1.889125e-04      1
2172 5.896386e-04      1
2173 1.116921e-06      1
2174 3.286038e-06      1
2175 8.428215e-04      1
2176 4.645514e-06      1
2177 1.924954e-04      1
2178 2.090264e-04      1
2179 1.992739e-06      1
2180 2.962940e-03      1
2181 3.621594e-04      1
2182 1.367344e-04      1
2183 1.344670e-06      1
2184 5.005591e-03      1
2185 2.228769e-04      1
2186 1.756691e-05      1
2187 8.993483e-05      1
2188 3.637725e-03      1
2189 1.891740e-04      1
2190 6.098960e-05      1
2191 1.903188e-02      1
2192 3.636978e-03      1
2193 2.352567e-06      1
2194 1.366615e-04      1
2195 1.153731e-03      1
2196 3.672437e-04      1
2197 9.870916e-04      1
2198 2.025710e-04      1
2199 1.878101e-04      1
2200 2.565357e-03      1
2201 7.353772e-04      1
2202 3.241337e-05      1
2203 3.168788e-04      1
2204 1.681024e-04      1
2205 9.687541e-05      1
2206 2.606758e-05      1
2207 5.350100e-05      1
2208 7.852501e-04      1
2209 4.341995e-03      1
2210 1.292378e-02      1
2211 1.426016e-03      1
2212 8.571428e-05      1
2213 5.089951e-05      1
2214 4.734991e-03      1
2215 1.918746e-03      1
2216 8.755524e-03      1
2217 2.157534e-03      1
2218 2.048889e-03      1
2219 3.218382e-04      1
2220 3.591658e-03      1
2221 2.548235e-04      1
2222 1.764726e-03      1
2223 1.632096e-04      1
2224 2.087981e-04      1
2225 1.081427e-03      1
2226 5.422251e-04      1
2227 7.419733e-05      1
2228 4.373976e-07      1
2229 4.705054e-03      1
2230 2.346559e-03      1
2231 6.472506e-03      1
2232 7.785806e-04      1
2233 1.944068e-02      1
2234 2.217346e-02      1
2235 1.926509e-04      1
2236 5.864254e-04      1
2237 3.286162e-04      1
2238 1.337350e-02      1
2239 2.385820e-04      1
2240 4.048545e-04      1
2241 2.944335e-03      1
2242 1.081262e-05      1
2243 1.014305e-03      1
2244 2.696808e-04      1
2245 1.970066e-02      1
2246 1.650380e-03      1
2247 7.205197e-05      1
2248 5.838383e-05      1
2249 9.808779e-07      1
2250 1.333218e-03      1
2251 2.521434e-05      1
2252 5.648624e-03      1
2253 3.108291e-04      1
2254 2.094773e-03      1
2255 3.079267e-03      1
2256 1.856233e-04      1
2257 1.834434e-04      1
2258 1.426762e-04      1
2259 6.713465e-06      1
2260 7.331428e-04      1
2261 7.902879e-03      1
2262 1.687934e-05      1
2263 1.273020e-03      1
2264 1.121330e-03      1
2265 4.379665e-04      1
2266 6.288025e-03      1
2267 1.995505e-04      1
2268 7.435551e-04      1
2269 4.357742e-04      1
2270 3.187903e-04      1
2271 1.719794e-03      1
2272 9.673004e-03      1
2273 6.221277e-04      1
2274 5.232145e-04      1
2275 1.075998e-03      1
2276 1.436965e-03      1
2277 1.762423e-04      1
2278 3.015663e-06      1
2279 9.055393e-05      1
2280 5.516272e-04      1
2281 1.441395e-02      1
2282 1.572579e-03      1
2283 2.432461e-04      1
2284 3.702897e-04      1
2285 2.948581e-03      1
2286 3.087250e-04      1
2287 1.501266e-03      1
2288 1.909757e-03      1
2289 2.400779e-05      1
2290 8.573318e-04      1
2291 7.557051e-06      1
2292 4.994495e-04      1
2293 6.697495e-05      1
2294 2.124612e-02      1
2295 2.964943e-04      1
2296 9.463301e-04      1
2297 2.353564e-04      1
2298 5.357094e-04      1
2299 3.125049e-05      1
2300 1.553087e-03      1
2301 1.135167e-02      1
2302 2.505259e-04      1
2303 1.959260e-04      1
2304 2.282524e-06      1
2305 6.748801e-04      1
2306 7.090955e-05      1
2307 1.005782e-04      1
2308 7.404361e-04      1
2309 2.082110e-05      1
2310 6.381354e-05      1
2311 3.115412e-04      1
2312 1.321216e-03      1
2313 6.955897e-05      1
2314 9.699019e-05      1
2315 1.525130e-04      1
2316 2.817627e-03      1
2317 1.665810e-03      1
2318 4.523080e-04      1
2319 1.865930e-03      1
2320 2.851354e-04      1
2321 1.330418e-03      1
2322 4.513141e-06      1
2323 5.546168e-04      1
2324 1.099045e-05      1
2325 3.241918e-05      1
2326 8.500607e-04      1
2327 5.079293e-04      1
2328 6.324625e-05      1
2329 2.356148e-04      1
2330 3.190357e-05      1
2331 1.272027e-04      1
2332 1.221453e-03      1
2333 6.465118e-06      1
2334 4.175794e-04      1
2335 2.219791e-07      1
2336 3.288014e-04      1
2337 8.807697e-04      1
2338 2.148299e-07      1
2339 1.209936e-03      1
2340 5.539701e-03      1
2341 1.292491e-04      1
2342 2.111283e-04      1
2343 1.223110e-07      1
2344 2.428888e-04      1
2345 3.827255e-04      1
2346 8.796366e-04      1
2347 5.579570e-08      1
2348 3.235170e-03      1
2349 7.117290e-05      1
2350 7.104655e-05      1
2351 2.552163e-03      1
2352 1.176818e-04      1
2353 5.183186e-03      1
2354 1.868814e-04      1
2355 4.085527e-05      1
2356 3.037824e-05      1
2357 1.524998e-04      1
2358 3.391958e-06      1
2359 5.112801e-05      1
2360 1.333401e-04      1
2361 3.846401e-05      1
2362 5.527039e-05      1
2363 7.765931e-05      1
2364 4.243537e-05      1
2365 3.206785e-04      1
2366 8.950148e-04      1
2367 1.022107e-04      1
2368 9.708001e-04      1
2369 8.476898e-04      1
2370 2.093717e-03      1
2371 3.117487e-05      1
2372 4.320678e-04      1
2373 2.348922e-04      1
2374 2.711218e-04      1
2375 3.955554e-04      1
2376 1.813804e-03      1
2377 3.928313e-04      1
2378 3.808557e-05      1
2379 4.141203e-03      1
2380 4.228346e-04      1
2381 1.706201e-04      1
2382 1.103123e-03      1
2383 2.884353e-04      1
2384 2.392006e-05      1
2385 1.272673e-06      1
2386 1.376629e-03      1
2387 3.154320e-03      1
2388 1.522006e-04      1
2389 1.198131e-05      1
2390 1.215943e-05      1
2391 2.477707e-04      1
2392 6.169666e-04      1
2393 1.576668e-03      1
2394 9.174381e-06      1
2395 7.908405e-05      1
2396 7.148628e-05      1
2397 7.402666e-04      1
2398 2.132869e-04      1
2399 1.626129e-05      1
2400 2.960372e-04      1
2401 7.753797e-03      1
2402 1.736843e-03      1
2403 4.851689e-04      1
2404 3.708048e-04      1
2405 9.874772e-04      1
2406 2.152267e-05      1
2407 3.780230e-02      1
2408 2.584904e-05      1
2409 1.491640e-04      1
2410 3.219972e-04      1
2411 1.008534e-04      1
2412 1.065965e-05      1
2413 7.245827e-07      1
2414 7.823292e-04      1
2415 8.887514e-04      1
2416 1.532107e-03      1
2417 4.289514e-04      1
2418 5.188784e-05      1
2419 6.827944e-03      1
2420 2.745389e-04      1
2421 2.358621e-03      1
2422 2.542930e-04      1
2423 2.277006e-04      1
2424 7.225159e-04      1
2425 5.457541e-06      1
2426 1.307670e-03      1
2427 3.121759e-05      1
2428 7.639750e-06      1
2429 1.640019e-05      1
2430 6.721657e-05      1
2431 5.916430e-04      1
2432 1.800563e-04      1
2433 5.006310e-04      1
2434 6.099991e-05      1
2435 5.891735e-04      1
2436 8.390672e-04      1
2437 1.157921e-04      1
2438 2.310010e-05      1
2439 2.804864e-04      1
2440 1.710755e-06      1
2441 4.653922e-05      1
2442 3.427715e-04      1
2443 1.837631e-07      1
2444 6.841652e-04      1
2445 2.874217e-03      1
2446 5.142157e-04      1
2447 5.348552e-04      1
2448 1.644379e-04      1
2449 1.759985e-03      1
2450 5.971176e-04      1
2451 2.945998e-04      1
2452 8.894076e-06      1
2453 4.220966e-04      1
2454 8.599885e-04      1
2455 1.373568e-04      1
2456 3.155158e-04      1
2457 1.191479e-06      1
2458 1.647996e-04      1
2459 2.203984e-04      1
2460 5.682743e-04      1
2461 2.166501e-05      1
2462 7.639516e-04      1
2463 5.760458e-04      1
2464 2.173063e-05      1
2465 1.546195e-03      1
2466 2.157814e-05      1
2467 1.977281e-04      1
2468 2.668401e-05      1
2469 9.126669e-06      1
2470 3.798345e-04      1
2471 6.222888e-03      1
2472 9.587965e-05      1
2473 5.983926e-04      1
2474 4.278681e-05      1
2475 4.821119e-04      1
2476 3.555301e-04      1
2477 5.995339e-06      1
2478 9.680842e-05      1
2479 9.438721e-06      1
2480 1.009420e-04      1
2481 7.015708e-04      1
2482 1.965253e-05      1
2483 1.722020e-05      1
2484 2.403670e-04      1
2485 3.484655e-05      1
2486 1.635362e-04      1
2487 4.520484e-04      1
2488 1.254009e-03      1
2489 1.774939e-03      1
2490 2.409792e-04      1
2491 4.056928e-04      1
2492 3.966241e-05      1
2493 1.252894e-06      1
2494 5.195301e-04      1
2495 5.749118e-05      1
2496 4.142926e-05      1
2497 3.916610e-05      1
2498 2.405654e-04      1
2499 1.089114e-03      1
2500 4.410931e-04      1
2501 1.433686e-03      1
2502 1.978178e-05      1
2503 1.038758e-03      1
2504 6.968872e-06      1
2505 3.382145e-05      1
2506 2.009980e-03      1
2507 5.866173e-04      1
2508 1.588899e-06      1
2509 1.204456e-05      1
2510 9.971772e-05      1
2511 4.766758e-05      1
2512 6.352959e-07      1
2513 1.252639e-04      1
2514 8.866817e-04      1
2515 6.675361e-04      1
2516 3.424949e-05      1
2517 7.731060e-04      1
2518 1.142547e-06      1
2519 5.926783e-07      1
2520 1.217382e-04      1
2521 3.642964e-04      1
2522 8.354754e-04      1
2523 5.876118e-05      1
2524 2.201724e-03      1
2525 9.311336e-04      1
2526 1.059496e-04      1
2527 8.978188e-04      1
2528 2.505199e-03      1
2529 1.159156e-03      1
2530 3.478376e-05      1
2531 5.187469e-06      1
2532 3.274807e-03      1
2533 4.234109e-04      1
2534 4.411772e-06      1
2535 6.455431e-03      1
2536 2.495107e-05      1
2537 8.083379e-06      1
2538 3.579727e-04      1
2539 3.098252e-05      1
2540 1.155647e-04      1
2541 1.856878e-04      1
2542 3.673139e-07      1
2543 5.380612e-05      1
2544 2.204259e-03      1
2545 2.749758e-04      1
2546 2.658572e-04      1
2547 2.886270e-05      1
2548 9.670010e-04      1
2549 6.341057e-04      1
2550 3.517829e-05      1
2551 1.434104e-02      1
2552 3.732628e-03      1
2553 8.033664e-04      1
2554 4.555251e-04      1
2555 2.141512e-04      1
2556 6.755609e-04      1
2557 1.496291e-04      1
2558 2.421084e-03      1
2559 3.555995e-04      1
2560 3.320041e-05      1
2561 6.891412e-04      1
2562 5.440120e-03      1
2563 5.489667e-04      1
2564 2.135534e-03      1
2565 3.273778e-05      1
2566 1.264465e-03      1
2567 6.268689e-05      1
2568 5.496361e-04      1
2569 2.098300e-05      1
2570 5.331686e-04      1
2571 4.353676e-04      1
2572 1.897950e-04      1
2573 2.965571e-04      1
2574 3.723932e-05      1
2575 7.167334e-06      1
2576 6.749191e-05      1
2577 1.886230e-04      1
2578 9.129224e-04      1
2579 6.940039e-05      1
2580 1.086956e-03      1
2581 1.415705e-04      1
2582 2.462662e-04      1
2583 2.254121e-03      1
2584 9.310940e-05      1
2585 9.504420e-04      1
2586 1.692599e-04      1
2587 2.208106e-05      1
2588 5.413458e-07      1
2589 9.540674e-04      1
2590 2.898163e-04      1
2591 1.535522e-07      1
2592 2.513107e-04      1
2593 6.276345e-04      1
2594 3.798836e-04      1
2595 1.297208e-04      1
2596 1.068111e-03      1
2597 1.746669e-04      1
2598 7.283378e-04      1
2599 1.323684e-07      1
2600 2.857729e-05      1
2601 1.567533e-03      1
2602 3.394658e-03      1
2603 1.549578e-05      1
2604 1.009650e-03      1
2605 8.501254e-04      1
2606 6.647651e-04      1
2607 1.910331e-03      1
2608 1.964327e-03      1
2609 6.403055e-03      1
2610 2.407614e-04      1
2611 4.622676e-03      1
2612 4.604378e-02      1
2613 1.574107e-03      1
2614 9.899565e-06      1
2615 7.438269e-04      1
2616 9.854203e-06      1
2617 1.124970e-04      1
2618 1.076844e-06      1
2619 1.074479e-03      1
2620 4.878917e-06      1
2621 8.902335e-04      1
2622 3.648597e-05      1
2623 8.849470e-07      1
2624 7.294923e-04      1
2625 4.991254e-07      1
2626 5.955615e-06      1
2627 7.933886e-04      1
2628 7.168761e-03      1
2629 2.480049e-03      1
2630 3.203294e-04      1
2631 1.454510e-04      1
2632 8.663614e-07      1
2633 2.547097e-03      1
2634 6.366655e-04      1
2635 3.365156e-03      1
2636 3.770588e-03      1
2637 4.442903e-04      1
2638 2.929024e-04      1
2639 4.177857e-04      1
2640 4.006405e-04      1
2641 1.164318e-04      1
2642 2.990174e-04      1
2643 5.208775e-04      1
2644 4.799843e-04      1
2645 5.440105e-05      1
2646 4.586868e-05      1
2647 4.896501e-03      1
2648 1.699362e-05      1
2649 2.223827e-03      1
2650 1.370198e-05      1
2651 3.835032e-03      1
2652 1.246767e-01      1
2653 5.944246e-04      1
2654 3.612228e-02      1
2655 2.773279e-04      1
2656 6.949320e-03      1
2657 2.314684e-04      1
2658 1.817655e-03      1
2659 5.232956e-03      1
2660 4.090452e-04      1
2661 9.624646e-04      1
2662 2.964624e-03      1
2663 5.742594e-03      1
2664 1.139670e-04      1
2665 4.499860e-05      1
2666 7.444666e-04      1
2667 2.543318e-07      1
2668 5.652935e-04      1
2669 2.841154e-03      1
2670 1.816761e-03      1
2671 1.281506e-03      1
2672 1.669229e-05      1
2673 1.504643e-04      1
2674 3.998741e-03      1
2675 1.519096e-04      1
2676 1.544401e-04      1
2677 1.382511e-02      1
2678 5.770281e-04      1
2679 1.342468e-03      1
2680 2.844795e-03      1
2681 2.225906e-05      1
2682 2.747137e-02      1
2683 2.025833e-06      1
2684 5.337831e-03      1
2685 4.693404e-06      1
2686 1.682996e-03      1
2687 4.144192e-04      1
2688 8.635880e-06      1
2689 4.306103e-02      1
2690 3.723928e-03      1
2691 1.323736e-02      1
2692 9.552991e-04      1
2693 1.474705e-04      1
2694 3.422142e-03      1
2695 3.086742e-04      1
2696 3.680329e-03      1
2697 2.460371e-04      1
2698 1.807469e-04      1
2699 2.298811e-03      1
2700 1.608119e-03      1
2701 1.233698e-03      1
2702 3.653635e-04      1
2703 1.356048e-06      1
2704 5.021769e-05      1
2705 1.325746e-04      1
2706 3.222072e-04      1
2707 7.133016e-04      1
2708 1.140485e-03      1
2709 1.457865e-05      1
2710 1.078860e-03      1
2711 5.004988e-05      1
2712 1.183359e-04      1
2713 7.232940e-04      1
2714 1.769512e-02      1
2715 5.630073e-05      1
2716 3.443296e-03      1
2717 1.766110e-05      1
2718 1.684448e-04      1
2719 1.071335e-02      1
2720 3.033543e-04      1
2721 2.555536e-03      1
2722 3.889229e-04      1
2723 1.883004e-04      1
2724 9.371939e-03      1
2725 6.121950e-03      1
2726 8.935110e-03      1
2727 1.129461e-03      1
2728 6.837211e-04      1
2729 5.552707e-04      1
2730 4.972599e-03      1
2731 7.668860e-04      1
2732 3.478589e-04      1
2733 4.964930e-04      1
2734 1.081094e-02      1
2735 5.267525e-04      1
2736 6.034712e-05      1
2737 1.772160e-04      1
2738 1.317774e-03      1
2739 6.898333e-05      1
2740 8.895368e-04      1
2741 2.438381e-05      1
2742 2.438770e-04      1
2743 9.590221e-04      1
2744 1.223757e-03      1
2745 2.223968e-02      1
2746 7.614851e-04      1
2747 5.328725e-04      1
2748 8.407921e-05      1
2749 1.561704e-05      1
2750 1.758527e-03      1
2751 7.240487e-07      1
2752 3.541325e-04      1
2753 2.266396e-04      1
2754 6.115598e-04      1
2755 1.770977e-03      1
2756 2.225244e-05      1
2757 9.803837e-04      1
2758 1.534558e-04      1
2759 1.205448e-05      1
2760 3.781412e-03      1
2761 2.129824e-03      1
2762 1.167955e-04      1
2763 2.762404e-02      1
2764 8.499933e-04      1
2765 7.837948e-04      1
2766 3.313718e-05      1
2767 3.356982e-03      1
2768 1.763221e-02      1
2769 4.869471e-04      1
2770 1.221050e-03      1
2771 2.406002e-04      1
2772 1.153662e-06      1
2773 5.212690e-04      1
2774 1.006962e-02      1
2775 1.070346e-02      1
2776 4.853311e-04      1
2777 8.412688e-04      1
2778 6.245626e-03      1
2779 7.952476e-07      1
2780 1.423654e-02      1
2781 1.550857e-02      1
2782 3.471837e-04      1
2783 7.849589e-05      1
2784 4.330016e-04      1
2785 2.589112e-05      1
2786 4.489494e-04      1
2787 3.786404e-02      1
2788 2.552822e-04      1
2789 7.607682e-06      1
2790 1.485034e-04      1
2791 4.978671e-04      1
2792 8.700106e-03      1
2793 1.039421e-05      1
2794 9.995886e-03      1
2795 1.343736e-03      1
2796 1.039602e-04      1
2797 1.323908e-05      1
2798 9.198963e-05      1
2799 7.729029e-04      1
2800 1.734423e-03      1
2801 8.119456e-05      1
2802 9.835306e-04      1
2803 3.180151e-05      1
2804 2.842975e-04      1
2805 1.272878e-02      1
2806 4.154165e-03      1
2807 7.906868e-04      1
2808 2.152014e-05      1
2809 3.877090e-04      1
2810 2.432181e-05      1
2811 3.064438e-04      1
2812 6.790074e-04      1
2813 2.080554e-04      1
2814 1.044680e-04      1
2815 9.460643e-05      1
2816 5.202576e-05      1
2817 1.001799e-03      1
2818 2.293663e-04      1
2819 2.452407e-05      1
2820 2.844424e-03      1
2821 9.400775e-04      1
2822 3.501081e-04      1
2823 4.950027e-03      1
2824 2.363465e-05      1
2825 1.091585e-03      1
2826 3.310802e-04      1
2827 1.912651e-04      1
2828 3.739724e-04      1
2829 4.219051e-04      1
2830 1.571952e-04      1
2831 4.339759e-04      1
2832 2.414789e-04      1
2833 7.826841e-04      1
2834 1.625775e-03      1
2835 5.647561e-04      1
2836 3.336791e-04      1
2837 7.111806e-04      1
2838 8.526408e-04      1
2839 1.989741e-05      1
2840 2.248408e-04      1
2841 6.050232e-03      1
2842 1.282168e-03      1
2843 4.913454e-04      1
2844 1.192745e-05      1
2845 2.127991e-07      1
2846 4.225282e-03      1
2847 1.911258e-06      1
2848 3.109475e-04      1
2849 6.902877e-04      1
2850 2.858718e-04      1
2851 7.976557e-04      1
2852 2.540032e-03      1
2853 3.726765e-04      1
2854 8.818965e-03      1
2855 3.030980e-03      1
2856 3.874927e-03      1
2857 2.123125e-04      1
2858 5.130815e-05      1
2859 1.818547e-03      1
2860 1.307501e-03      1
2861 2.289453e-05      1
2862 1.945663e-04      1
2863 1.802582e-04      1
2864 9.872974e-04      1
2865 4.708139e-05      1
2866 1.297202e-02      1
2867 1.705679e-02      1
2868 5.246269e-04      1
2869 2.041629e-03      1
2870 6.207550e-04      1
2871 1.735398e-04      1
2872 1.373381e-03      1
2873 2.207144e-04      1
2874 6.189597e-04      1
2875 2.089389e-03      1
2876 2.499379e-03      1
2877 1.107305e-03      1
2878 1.805546e-04      1
2879 5.287756e-05      1
2880 1.861377e-03      1
2881 1.744575e-05      1
2882 6.059427e-03      1
2883 1.269416e-03      1
2884 5.689890e-07      1
2885 4.864398e-03      1
2886 5.070919e-03      1
2887 1.029218e-04      1
2888 7.699197e-06      1
2889 7.238440e-04      1
2890 2.092726e-05      1
2891 6.642033e-04      1
2892 1.617065e-05      1
2893 1.119803e-04      1
2894 9.395504e-03      1
2895 5.140782e-05      1
2896 5.756292e-05      1
2897 5.059626e-04      1
2898 5.959102e-04      1
2899 1.365341e-06      1
2900 9.894675e-05      1
2901 4.271536e-04      1
2902 1.046835e-02      1
2903 1.241373e-06      1
2904 6.819075e-04      1
2905 4.771648e-05      1
2906 2.361127e-04      1
2907 1.011193e-03      1
2908 2.460813e-05      1
2909 5.901396e-03      1
2910 7.128752e-03      1
2911 1.705009e-02      1
2912 3.330448e-05      1
2913 1.185954e-05      1
2914 2.971391e-02      1
2915 1.184538e-01      1
2916 3.707526e-03      1
2917 5.542597e-04      1
2918 4.086416e-04      1
2919 7.078321e-04      1
2920 3.103929e-04      1
2921 1.593487e-03      1
2922 5.094197e-03      1
2923 1.813252e-04      1
2924 9.129114e-04      1
2925 3.419325e-04      1
2926 1.716605e-03      1
2927 6.379791e-03      1
2928 1.186262e-04      1
2929 1.503049e-06      1
2930 3.853068e-03      1
2931 1.760336e-04      1
2932 5.922903e-04      1
2933 4.602264e-04      1
2934 2.142051e-03      1
2935 1.362208e-02      1
2936 1.540880e-04      1
2937 1.374858e-05      1
2938 7.044104e-04      1
2939 1.233518e-05      1
2940 3.538787e-03      1
2941 7.293992e-06      1
2942 9.287103e-06      1
2943 2.625785e-04      1
2944 5.898039e-04      1
2945 2.745569e-04      1
2946 5.260475e-04      1
2947 1.982898e-04      1
2948 1.448514e-03      1
2949 9.343521e-04      1
2950 1.027015e-05      1
2951 6.587022e-06      1
2952 3.576157e-02      1
2953 3.033032e-04      1
2954 1.893342e-04      1
2955 1.237202e-02      1
2956 4.702579e-03      1
2957 1.254978e-02      1
2958 1.007684e-03      1
2959 7.535042e-04      1
2960 1.837712e-03      1
2961 3.510976e-06      1
2962 3.275305e-06      1
2963 1.636978e-03      1
2964 5.677373e-03      1
2965 2.195391e-04      1
2966 8.529889e-04      1
2967 2.373561e-04      1
2968 3.850167e-04      1
2969 3.842478e-03      1
2970 3.546084e-04      1
2971 1.626028e-03      1
2972 4.718979e-05      1
2973 3.439701e-06      1
2974 1.545231e-03      1
2975 4.168589e-03      1
2976 1.925604e-05      1
2977 1.117558e-04      1
2978 7.934998e-04      1
2979 8.731552e-06      1
2980 2.009807e-03      1
2981 3.012778e-04      1
2982 1.845286e-04      1
2983 1.295588e-02      1
2984 6.375235e-02      1
2985 1.503052e-03      1
2986 1.205859e-03      1
2987 2.362717e-04      1
2988 2.947434e-03      1
2989 4.666202e-03      1
2990 1.513791e-03      1
2991 1.760336e-03      1
2992 3.028293e-06      1
2993 1.618283e-03      1
2994 1.881972e-05      1
2995 3.464445e-04      1
2996 8.833509e-04      1
2997 1.333130e-02      1
2998 9.287737e-05      1
2999 8.382089e-05      1
3000 8.776738e-03      1
3001 4.037381e-06      1
3002 1.840105e-03      1
3003 3.526052e-05      1
3004 1.215946e-04      1
3005 8.495103e-08      1
3006 1.596675e-04      1
3007 2.639585e-06      1
3008 1.609778e-03      1
3009 2.595841e-04      1
3010 3.331585e-04      1
3011 1.259887e-06      1
3012 1.063541e-05      1
3013 4.030964e-04      1
3014 3.437600e-05      1
3015 2.028266e-03      1
3016 3.055297e-04      1
3017 2.200363e-03      1
3018 9.823402e-09      1
3019 1.005385e-05      1
3020 2.803663e-04      1
3021 7.296616e-02      1
3022 7.332348e-04      1
3023 5.571371e-04      1
3024 3.212758e-05      1
3025 1.708524e-03      1
3026 3.014042e-04      1
3027 1.254770e-07      1
3028 1.532483e-03      1
3029 2.391915e-04      1
3030 3.412072e-05      1
3031 4.193663e-04      1
3032 6.853906e-04      1
3033 2.129419e-04      1
3034 1.995750e-05      1
3035 1.157315e-02      1
3036 1.233866e-04      1
3037 1.291231e-04      1
3038 1.083708e-02      1
3039 1.951459e-04      1
3040 1.551180e-03      1
3041 1.611170e-04      1
3042 9.732702e-05      1
3043 3.899432e-05      1
3044 7.023267e-04      1
3045 1.815944e-03      1
3046 9.924793e-04      1
3047 2.522826e-07      1
3048 4.251325e-05      1
3049 6.493359e-03      1
3050 3.221582e-05      1
3051 2.495572e-03      1
3052 4.244655e-04      1
3053 2.819818e-06      1
3054 2.665446e-03      1
3055 2.136783e-04      1
3056 3.218548e-03      1
3057 1.529282e-03      1
3058 4.678212e-03      1
3059 6.977084e-04      1
3060 4.500173e-03      1
3061 5.550998e-03      1
3062 5.671274e-04      1
3063 2.861068e-04      1
3064 5.476747e-04      1
3065 8.719787e-04      1
3066 3.235212e-04      1
3067 1.036139e-04      1
3068 3.692906e-04      1
3069 1.777003e-03      1
3070 7.848279e-03      1
3071 1.368747e-02      1
3072 2.807523e-05      1
3073 4.944420e-04      1
3074 1.363675e-04      1
3075 5.356956e-07      1
3076 2.653135e-04      1
3077 7.058677e-05      1
3078 1.289057e-04      1
3079 2.489985e-04      1
3080 1.961216e-05      1
3081 1.144368e-03      1
3082 1.529391e-04      1
3083 1.549042e-05      1
3084 1.817190e-04      1
3085 3.961686e-04      1
3086 1.385881e-04      1
3087 9.233700e-03      1
3088 3.085865e-04      1
3089 1.914113e-04      1
3090 9.334477e-04      1
3091 3.052928e-03      1
3092 1.270244e-02      1
3093 1.302288e-05      1
3094 1.142591e-03      1
3095 4.233995e-03      1
3096 5.929033e-04      1
3097 4.135337e-05      1
3098 6.521660e-05      1
3099 1.738839e-05      1
3100 1.528222e-04      1
3101 1.507728e-03      1
3102 8.271823e-06      1
3103 2.573718e-05      1
3104 7.678639e-05      1
3105 2.187828e-05      1
3106 1.187453e-05      1
3107 2.526515e-05      1
3108 1.457013e-04      1
3109 3.732535e-04      1
3110 1.882641e-03      1
3111 9.389755e-06      1
3112 3.901602e-10      1
3113 1.315640e-03      1
3114 4.494266e-04      1
3115 3.667839e-04      1
3116 2.157576e-06      1
3117 1.417290e-05      1
3118 1.162035e-03      1
3119 3.147816e-04      1
3120 7.509012e-05      1
3121 1.744823e-05      1
3122 1.500971e-04      1
3123 7.271818e-05      1
3124 9.534228e-04      1
3125 1.863785e-03      1
3126 1.246654e-05      1
3127 2.547823e-04      1
3128 5.223500e-04      1
3129 1.838073e-04      1
3130 8.779806e-04      1
3131 1.405903e-04      1
3132 1.495918e-04      1
3133 3.003149e-03      1
3134 6.573881e-04      1
3135 1.265516e-04      1
3136 9.402010e-04      1
3137 1.202027e-04      1
3138 1.562798e-04      1
3139 2.936733e-04      1
3140 3.242262e-05      1
3141 1.279899e-04      1
3142 8.333086e-05      1
3143 3.174374e-05      1
3144 7.851220e-04      1
3145 2.509518e-05      1
3146 9.385142e-06      1
3147 2.993811e-04      1
3148 5.198004e-06      1
3149 5.113697e-05      1
3150 2.757308e-07      1
3151 9.943213e-04      1
3152 5.106580e-04      1
3153 3.215773e-03      1
3154 3.236840e-07      1
3155 3.187239e-05      1
3156 4.285386e-04      1
3157 7.634553e-04      1
3158 2.664318e-04      1
3159 2.740693e-05      1
3160 3.664293e-07      1
3161 4.805257e-06      1
3162 1.455857e-04      1
3163 5.347158e-05      1
3164 7.876504e-06      1
3165 4.108494e-04      1
3166 2.369716e-04      1
3167 1.530312e-03      1
3168 2.415075e-03      1
3169 9.829482e-06      1
3170 1.956100e-03      1
3171 1.037941e-07      1
3172 9.103342e-04      1
3173 1.964881e-05      1
3174 1.324973e-07      1
3175 2.438970e-03      1
3176 1.755323e-04      1
3177 1.316930e-05      1
3178 8.157574e-05      1
3179 3.291521e-05      1
3180 4.512541e-04      1
3181 2.752600e-04      1
3182 3.031660e-05      1
3183 7.597416e-05      1
3184 7.403522e-05      1
3185 5.918598e-06      1
3186 6.519266e-04      1
3187 2.121420e-04      1
3188 1.698959e-04      1
3189 9.075715e-04      1
3190 1.570870e-04      1
3191 6.536484e-08      1
3192 2.752601e-04      1
3193 3.678277e-04      1
3194 2.312635e-04      1
3195 5.718471e-05      1
3196 1.898467e-03      1
3197 2.613642e-04      1
3198 1.517846e-04      1
3199 1.250673e-03      1
3200 3.992946e-04      1
3201 3.538366e-04      1
3202 5.579846e-04      1
3203 2.534913e-03      1
3204 7.604937e-04      1
3205 7.145782e-04      1
3206 2.080391e-05      1
3207 5.452435e-04      1
3208 7.335254e-04      1
3209 5.985470e-04      1
3210 1.120531e-05      1
3211 2.894273e-03      1
3212 3.292874e-04      1
3213 1.340290e-03      1
3214 2.853563e-03      1
3215 3.967599e-07      1
3216 5.625833e-05      1
3217 3.130972e-04      1
3218 6.173109e-05      1
3219 1.513530e-04      1
3220 3.652051e-05      1
3221 5.084552e-04      1
3222 3.026142e-04      1
3223 5.532068e-05      1
3224 1.461431e-04      1
3225 4.583966e-05      1
3226 2.995080e-03      1
3227 2.275236e-04      1
3228 4.090143e-05      1
3229 1.410820e-04      1
3230 2.207838e-04      1
3231 8.190670e-04      1
3232 3.389790e-04      1
3233 8.793391e-04      1
3234 3.080534e-05      1
3235 3.183057e-05      1
3236 2.148108e-03      1
3237 5.857316e-04      1
3238 1.692290e-06      1
3239 4.470667e-05      1
3240 1.346221e-04      1
3241 4.520832e-04      1
3242 1.480176e-03      1
3243 2.376394e-04      1
3244 1.488541e-07      1
3245 4.396333e-04      1
3246 1.606742e-03      1
3247 1.309178e-04      1
3248 3.522432e-04      1
3249 2.255036e-03      1
3250 1.636181e-04      1
3251 5.689916e-05      1
3252 1.334261e-03      1
3253 9.498295e-04      1
3254 5.038183e-04      1
3255 2.122990e-05      1
3256 1.135846e-05      1
3257 4.134112e-04      1
3258 4.017072e-04      1
3259 2.923136e-04      1
3260 2.372883e-04      1
3261 8.982444e-04      1
3262 7.763154e-05      1
3263 3.709964e-04      1
3264 9.935613e-04      1
3265 4.504805e-04      1
3266 4.003130e-04      1
3267 8.261725e-05      1
3268 3.952087e-04      1
3269 4.871753e-04      1
3270 6.929710e-06      1

$`MR-PRESSO results`$`Distortion Test`
$`MR-PRESSO results`$`Distortion Test`$`Outliers Indices`
[1] "No significant outliers"

$`MR-PRESSO results`$`Distortion Test`$`Distortion Coefficient`
[1] NA

$`MR-PRESSO results`$`Distortion Test`$Pvalue
[1] NA



