$`Main MR results`
       Exposure       MR Analysis Causal Estimate         Sd    T-stat
1 beta.exposure               Raw      0.39684597 0.30539308 1.2994596
2 beta.exposure Outlier-corrected      0.08227039 0.09850636 0.8351785
    P-value
1 0.1949738
2 0.4044115

$`MR-PRESSO results`
$`MR-PRESSO results`$`Global Test`
$`MR-PRESSO results`$`Global Test`$RSSobs
[1] 2948.567

$`MR-PRESSO results`$`Global Test`$Pvalue
[1] "<1e-04"


$`MR-PRESSO results`$`Outlier Test`
          RSSobs  Pvalue
1   1.110761e-04       1
2   1.289694e-04       1
3   1.714039e-03       1
4   1.611940e-03       1
5   1.343809e-03       1
6   2.275099e-05       1
7   6.709486e-05       1
8   8.960851e-04       1
9   4.209261e-04       1
10  1.368846e-04       1
11  7.868889e-03       1
12  3.516953e-04       1
13  1.183075e-03       1
14  2.075372e-10       1
15  1.281487e-03       1
16  1.891780e-04       1
17  8.652696e-04       1
18  1.949841e-05       1
19  3.266848e-03       1
20  2.514008e-03       1
21  4.881712e-04       1
22  6.095857e-05       1
23  8.861983e-05       1
24  3.906486e-04       1
25  7.547977e-05       1
26  3.001345e-03       1
27  1.158047e-05       1
28  4.449493e-03       1
29  3.722960e-05       1
30  1.472731e-04       1
31  7.777670e-05       1
32  7.975919e-03       1
33  4.032925e-04       1
34  1.249218e-05       1
35  4.567223e-04       1
36  1.239625e-05       1
37  3.416074e-04       1
38  1.938010e-06       1
39  1.231106e-04       1
40  9.109641e-06       1
41  4.760906e-04       1
42  6.346778e-04       1
43  8.519767e-06       1
44  6.772165e-06       1
45  1.634613e-04       1
46  1.126594e-08       1
47  2.545756e-04       1
48  1.422446e-03       1
49  1.147491e-06       1
50  2.091544e-05       1
51  3.936758e-04       1
52  1.876711e-06       1
53  6.986797e-05       1
54  5.853527e-04       1
55  1.318395e-05       1
56  1.656118e-04       1
57  2.294879e-05       1
58  7.045787e-04       1
59  6.863839e-04       1
60  2.719673e-05       1
61  4.943628e-05       1
62  3.418323e-04       1
63  1.187724e-05       1
64  2.235595e-02       1
65  2.031092e-04       1
66  8.254653e-04       1
67  3.321175e-02       1
68  1.265692e-03       1
69  2.026833e-04       1
70  2.123453e-07       1
71  8.951292e-05       1
72  1.117572e-03       1
73  2.705823e-07       1
74  1.136054e-03       1
75  5.235605e-05       1
76  3.470422e-04       1
77  3.559031e-06       1
78  1.986288e-03       1
79  5.235583e-05       1
80  6.229862e-05       1
81  8.296420e-04       1
82  9.483582e-05       1
83  2.320939e-05       1
84  1.448050e-04       1
85  3.440337e-04       1
86  1.902317e-04       1
87  1.288439e-04       1
88  5.459001e-04       1
89  4.081889e-04       1
90  1.437982e-03       1
91  8.983321e-04       1
92  6.029038e-04       1
93  2.440513e-04       1
94  1.279355e-04       1
95  3.781784e-04       1
96  1.451972e-04       1
97  1.733375e-04       1
98  3.365621e-04       1
99  1.720606e-03       1
100 1.622572e-04       1
101 6.685531e-04       1
102 7.616860e-05       1
103 1.236873e-03       1
104 1.577330e-05       1
105 2.928325e-04       1
106 8.063105e-06       1
107 3.504932e-04       1
108 4.941219e-04       1
109 5.103170e-04       1
110 8.194527e-07       1
111 6.853860e-05       1
112 1.640421e-04       1
113 1.630143e-03       1
114 8.661853e-05       1
115 1.294147e-05       1
116 4.612277e-04       1
117 1.419889e-04       1
118 2.271419e-06       1
119 5.411911e-04       1
120 2.655541e-07       1
121 7.886470e-05       1
122 6.503214e-05       1
123 6.997333e-06       1
124 5.160023e-06       1
125 2.236532e-06       1
126 6.417928e-05       1
127 7.755326e-04       1
128 8.014931e-05       1
129 7.794383e-04       1
130 9.418103e-05       1
131 4.075284e-07       1
132 6.544516e-05       1
133 6.292433e-06       1
134 3.628270e-06       1
135 1.521659e-04       1
136 1.131278e-03       1
137 3.126570e-06       1
138 4.223725e-05       1
139 5.151920e-05       1
140 1.097281e-04       1
141 1.370471e-06       1
142 2.982769e-03       1
143 2.383404e-05       1
144 5.739336e-04       1
145 8.394948e-04       1
146 3.069485e-04       1
147 3.054756e-05       1
148 5.569109e-05       1
149 5.809506e-05       1
150 3.050966e-03       1
151 6.559676e-06       1
152 6.123695e-04       1
153 4.251913e-04       1
154 3.286144e-04       1
155 5.987359e-04       1
156 3.466443e-04       1
157 7.308777e-04       1
158 1.735788e-05       1
159 2.928615e-02       1
160 1.949855e-04       1
161 4.393177e-04       1
162 7.454930e-04       1
163 3.840978e-07       1
164 1.525450e-03       1
165 2.357629e-05       1
166 3.158268e-03       1
167 1.139141e-04       1
168 1.458412e-05       1
169 1.253540e-03       1
170 2.504449e-04       1
171 1.226957e-04       1
172 2.161257e-03       1
173 5.787509e-05       1
174 4.436662e-04       1
175 1.605053e-04       1
176 2.189822e-04       1
177 6.106169e-03       1
178 8.160937e-04       1
179 7.354967e-05       1
180 3.167913e-05       1
181 1.379894e-03       1
182 1.297150e-04       1
183 3.388491e-04       1
184 1.151016e-04       1
185 2.483615e-04       1
186 3.663276e-04       1
187 1.040802e-04       1
188 4.774958e-05       1
189 6.347054e-08       1
190 1.122072e-03       1
191 1.344633e+00 <0.0253
192 5.066784e-04       1
193 9.619534e-04       1
194 1.663149e-04       1
195 6.423109e-04       1
196 1.005227e-03       1
197 8.495895e-04       1
198 4.399348e-05       1
199 8.098075e-05       1
200 2.470923e-04       1
201 6.924832e-04       1
202 6.172907e-04       1
203 1.924887e-03       1
204 6.956514e-04       1
205 1.261933e-04       1
206 6.134983e-04       1
207 9.870783e-05       1
208 3.063975e-04       1
209 1.358425e-03       1
210 1.489403e-03       1
211 1.715115e-03       1
212 2.590364e-05       1
213 5.375564e-04       1
214 2.766870e-03       1
215 1.776051e-06       1
216 2.485632e-03       1
217 1.920586e-02       1
218 2.303475e-04       1
219 8.155977e-03       1
220 3.933403e-03       1
221 3.610961e-04       1
222 5.009062e-03       1
223 1.484374e-03       1
224 6.726477e-03       1
225 1.942919e-05       1
226 1.157156e-03       1
227 3.752226e-03       1
228 8.364612e-05       1
229 5.879099e-06       1
230 1.747329e-04       1
231 5.272984e-04       1
232 9.203587e-04       1
233 5.126281e-05       1
234 1.205242e-03       1
235 4.033146e-04       1
236 3.904951e-04       1
237 7.502944e-03  0.0506
238 2.243922e-06       1
239 2.054627e-04       1
240 3.540321e-04       1
241 4.282879e-04       1
242 1.700770e-04       1
243 6.888469e-05       1
244 5.297524e-04       1
245 4.316162e-04       1
246 5.676032e-05       1
247 2.211893e-04       1
248 6.205755e-04       1
249 9.599377e-05       1
250 6.766892e-04       1
251 1.368494e-05       1
252 6.824238e-04       1
253 2.555785e-03  0.7084

$`MR-PRESSO results`$`Distortion Test`
$`MR-PRESSO results`$`Distortion Test`$`Outliers Indices`
[1] 191

$`MR-PRESSO results`$`Distortion Test`$`Distortion Coefficient`
beta.exposure 
     382.3679 

$`MR-PRESSO results`$`Distortion Test`$Pvalue
[1] 2e-04



