$`Main MR results`
       Exposure       MR Analysis Causal Estimate         Sd    T-stat
1 beta.exposure               Raw      0.05368671 0.06454701 0.8317459
2 beta.exposure Outlier-corrected      0.08390456 0.04795913 1.7495013
     P-value
1 0.40796801
2 0.08403927

$`MR-PRESSO results`
$`MR-PRESSO results`$`Global Test`
$`MR-PRESSO results`$`Global Test`$RSSobs
[1] 178.8197

$`MR-PRESSO results`$`Global Test`$Pvalue
[1] "<1e-04"


$`MR-PRESSO results`$`Outlier Test`
         RSSobs  Pvalue
1  1.475233e-05       1
2  3.777688e-04       1
3  6.793958e-05       1
4  3.195731e-05       1
5  3.403723e-08       1
6  2.020655e-08       1
7  1.536898e-08       1
8  6.097008e-05       1
9  6.901374e-05       1
10 1.257522e-04       1
11 4.800483e-07       1
12 8.166707e-06       1
13 1.196263e-05       1
14 8.396273e-06       1
15 1.642813e-05       1
16 3.270663e-04       1
17 9.062814e-05       1
18 2.042168e-04       1
19 6.147893e-05       1
20 3.254669e-05       1
21 2.013480e-05       1
22 2.543357e-03 <0.0083
23 4.699555e-06       1
24 1.093371e-06       1
25 2.704823e-05       1
26 9.462377e-05       1
27 8.783654e-05       1
28 3.811168e-05       1
29 2.218810e-04       1
30 2.539691e-07       1
31 1.584158e-03       1
32 2.694914e-05       1
33 7.874364e-05       1
34 7.551072e-05       1
35 3.176711e-04       1
36 9.214362e-05       1
37 2.559155e-05       1
38 1.184822e-04       1
39 6.873725e-05       1
40 1.410574e-04       1
41 1.089244e-04       1
42 7.360407e-05       1
43 1.199122e-03 <0.0083
44 3.077953e-04  0.9462
45 2.670973e-06       1
46 4.894931e-06       1
47 7.436831e-05       1
48 6.763080e-06       1
49 7.181549e-06       1
50 2.514577e-05       1
51 1.137928e-05       1
52 1.226813e-05       1
53 1.028464e-07       1
54 1.177148e-04       1
55 5.466484e-06       1
56 3.227069e-05       1
57 5.285580e-06       1
58 1.389536e-04       1
59 1.167885e-04       1
60 2.974328e-04       1
61 2.060813e-04       1
62 1.095857e-05       1
63 8.638990e-07       1
64 8.541092e-05       1
65 8.600244e-05       1
66 9.549847e-04       1
67 4.002366e-05       1
68 9.122462e-05       1
69 6.041919e-05       1
70 3.240035e-05       1
71 1.127175e-05       1
72 9.673930e-06       1
73 6.025208e-07       1
74 1.967193e-05       1
75 2.961733e-04       1
76 1.077800e-04       1
77 3.338435e-07       1
78 5.898306e-05       1
79 7.619301e-06       1
80 1.487856e-05       1
81 2.617714e-05       1
82 2.116459e-04       1
83 1.116359e-05       1

$`MR-PRESSO results`$`Distortion Test`
$`MR-PRESSO results`$`Distortion Test`$`Outliers Indices`
[1] 22 43

$`MR-PRESSO results`$`Distortion Test`$`Distortion Coefficient`
beta.exposure 
    -36.01455 

$`MR-PRESSO results`$`Distortion Test`$Pvalue
[1] 0.5469



