$`Main MR results`
       Exposure       MR Analysis Causal Estimate          Sd     T-stat
1 beta.exposure               Raw    -0.001377840 0.001847960 -0.7456006
2 beta.exposure Outlier-corrected    -0.002214326 0.001802172 -1.2286983
    P-value
1 0.4559776
2 0.2192987

$`MR-PRESSO results`
$`MR-PRESSO results`$`Global Test`
$`MR-PRESSO results`$`Global Test`$RSSobs
[1] 3109.087

$`MR-PRESSO results`$`Global Test`$Pvalue
[1] "<1e-05"


$`MR-PRESSO results`$`Outlier Test`
           RSSobs   Pvalue
1    2.322919e-04        1
2    1.499671e-04        1
3    2.046289e-04        1
4    1.434667e-04        1
5    2.981647e-05        1
6    5.927878e-06        1
7    4.485649e-04        1
8    3.414470e-06        1
9    2.151237e-04        1
10   4.279539e-04        1
11   3.457458e-04        1
12   1.068735e-03        1
13   1.033918e-04        1
14   2.203994e-04        1
15   3.018126e-05        1
16   9.913588e-04        1
17   1.100373e-07        1
18   4.907297e-04        1
19   6.740399e-05        1
20   3.413660e-05        1
21   2.519884e-07        1
22   3.728412e-05        1
23   4.699325e-04        1
24   1.138254e-04        1
25   2.384865e-04        1
26   5.586842e-04        1
27   4.571288e-05        1
28   4.206702e-04        1
29   2.294374e-05        1
30   2.261297e-04        1
31   1.110050e-06        1
32   4.321569e-05        1
33   2.178975e-03        1
34   3.124368e-04        1
35   7.383748e-06        1
36   7.692516e-04        1
37   5.106708e-04        1
38   2.405897e-04        1
39   2.299421e-07        1
40   1.706545e-04        1
41   4.993569e-05        1
42   1.048603e-03        1
43   6.522799e-08        1
44   7.328770e-04        1
45   1.801489e-05        1
46   7.200800e-04        1
47   1.219548e-04        1
48   2.844689e-06        1
49   9.997455e-04        1
50   5.408346e-04        1
51   1.089988e-04        1
52   2.925461e-04        1
53   2.763630e-08        1
54   2.387398e-04        1
55   5.911022e-04        1
56   1.975223e-04        1
57   5.198146e-06        1
58   7.888469e-04        1
59   5.508839e-05        1
60   5.792001e-09        1
61   3.562623e-05        1
62   1.638369e-05        1
63   1.983964e-04        1
64   3.214226e-05        1
65   5.652022e-04        1
66   1.379514e-04        1
67   1.047908e-04        1
68   1.215787e-03        1
69   9.477707e-05        1
70   3.664166e-07        1
71   5.979712e-04        1
72   1.163431e-04        1
73   7.249761e-07        1
74   1.340565e-06        1
75   7.776964e-04        1
76   2.482430e-04        1
77   1.819458e-04        1
78   4.882614e-04        1
79   2.309702e-04        1
80   7.011392e-04        1
81   7.667644e-04        1
82   1.360963e-03        1
83   1.283309e-03        1
84   1.376730e-06        1
85   2.013535e-04        1
86   1.109581e-07        1
87   7.574769e-04        1
88   7.643012e-06        1
89   9.043802e-05        1
90   1.613910e-04        1
91   9.109224e-04        1
92   7.191680e-05        1
93   6.790482e-04        1
94   1.810160e-05        1
95   2.681762e-05        1
96   4.451195e-05        1
97   2.904820e-03        1
98   5.299487e-04        1
99   2.361090e-03        1
100  3.869336e-05        1
101  1.486001e-03        1
102  3.969775e-05        1
103  3.121151e-05        1
104  2.134657e-04        1
105  7.772252e-05        1
106  3.001741e-05        1
107  3.873623e-05        1
108  8.636461e-06        1
109  4.840678e-04        1
110  1.887701e-04        1
111  3.257302e-07        1
112  5.375909e-04        1
113  9.208436e-05        1
114  1.578998e-04        1
115  1.515166e-04        1
116  2.013254e-04        1
117  9.431090e-07        1
118  1.404793e-03        1
119  1.455840e-04        1
120  1.853242e-03        1
121  4.297866e-05        1
122  2.246900e-05        1
123  5.374835e-08        1
124  8.959757e-04        1
125  2.388597e-04        1
126  5.003995e-04        1
127  3.948868e-04        1
128  1.218433e-03        1
129  1.109209e-04        1
130  3.203759e-04        1
131  1.436768e-03        1
132  7.273001e-04        1
133  1.479164e-04        1
134  2.406248e-03        1
135  4.385192e-05        1
136  7.298469e-05        1
137  6.795632e-04        1
138  1.061319e-04        1
139  1.387733e-04        1
140  1.140106e-04        1
141  1.494306e-03        1
142  1.971076e-04        1
143  3.096983e-05        1
144  8.251098e-05        1
145  1.173352e-04        1
146  1.003555e-03        1
147  5.357931e-05        1
148  1.939756e-03        1
149  4.471528e-04        1
150  2.306363e-03        1
151  1.827825e-03        1
152  3.850687e-05        1
153  2.824298e-03        1
154  5.771471e-05        1
155  2.486114e-05        1
156  1.504151e-05        1
157  2.847524e-03        1
158  5.226194e-05        1
159  6.831312e-06        1
160  3.665976e-05        1
161  4.799696e-06        1
162  1.790879e-04        1
163  4.694203e-05        1
164  1.796497e-03        1
165  6.617467e-06        1
166  1.424871e-05        1
167  4.709653e-04        1
168  1.836035e-03        1
169  7.612557e-04        1
170  3.886163e-04        1
171  2.960557e-03        1
172  1.830202e-03        1
173  4.539019e-04        1
174  7.914175e-05        1
175  1.412970e-03        1
176  1.101466e-04        1
177  8.452118e-04        1
178  2.862877e-03        1
179  9.194803e-05        1
180  1.160915e-06        1
181  7.262668e-04        1
182  4.313450e-05        1
183  1.549444e-05        1
184  8.182038e-04        1
185  6.269533e-04        1
186  1.490165e-04        1
187  1.452090e-03        1
188  4.230781e-05        1
189  4.189884e-04        1
190  6.248929e-04        1
191  4.640750e-05        1
192  2.655958e-05        1
193  6.582166e-02        1
194  2.864304e-04        1
195  1.130061e-04        1
196  1.532136e-04        1
197  4.389328e-06        1
198  1.168200e-04        1
199  1.115105e-03        1
200  1.072917e-03        1
201  5.623304e-05        1
202  1.065498e-03        1
203  2.954303e-04        1
204  9.777793e-06        1
205  3.575167e-03        1
206  2.003429e-04        1
207  6.278796e-06        1
208  6.937218e-04        1
209  1.712238e-04        1
210  7.705742e-04        1
211  8.012264e-03        1
212  1.255166e-04        1
213  7.732391e-05        1
214  1.694376e-03        1
215  4.411954e-04        1
216  6.800687e-07        1
217  2.300369e-05        1
218  7.695050e-04        1
219  4.138800e-04        1
220  9.345976e-06        1
221  9.916611e-03        1
222  7.659998e-05        1
223  2.622851e-03        1
224  7.374351e-06        1
225  1.375233e-03        1
226  2.258394e-05        1
227  1.122247e-07        1
228  1.377372e-05        1
229  1.151708e-04        1
230  1.868006e-05        1
231  3.573880e-04        1
232  1.120014e-04        1
233  3.041460e-04        1
234  4.114158e-03        1
235  7.762808e-04        1
236  1.028206e-03        1
237  1.985370e-04        1
238  1.855807e-03        1
239  1.263144e-03        1
240  4.314233e-07        1
241  1.327633e-04        1
242  5.176878e-03        1
243  3.214418e-06        1
244  2.261584e-04        1
245  8.854043e-06        1
246  3.657047e-03        1
247  2.698316e-06        1
248  2.975460e-03        1
249  4.222191e-04        1
250  3.646283e-03        1
251  3.784509e-04        1
252  1.331348e-03        1
253  8.181137e-04        1
254  4.199718e-03        1
255  1.808315e-03        1
256  8.459187e-04        1
257  4.860706e-04        1
258  5.763268e-04        1
259  1.691800e-03        1
260  6.207140e-05        1
261  1.531790e-03        1
262  2.878652e-04        1
263  9.858387e-06        1
264  1.106365e-04        1
265  1.225428e-04        1
266  1.523799e-03        1
267  3.990860e-03        1
268  3.648529e-03        1
269  3.056642e-04        1
270  6.934954e-04        1
271  9.766519e-04        1
272  8.872901e-05        1
273  1.084698e-05        1
274  3.177934e-04        1
275  9.155097e-05        1
276  3.786300e-04        1
277  4.765637e-06        1
278  1.484226e-04        1
279  1.503360e-03        1
280  2.816628e-03        1
281  9.640362e-03        1
282  1.315125e-04        1
283  1.113480e-03        1
284  4.099964e-03        1
285  2.641692e-02        1
286  3.290758e-05        1
287  5.388197e-03        1
288  3.516545e-05        1
289  2.183366e-03        1
290  1.485896e-03        1
291  1.407252e-03        1
292  1.484603e-02        1
293  6.019504e-04        1
294  6.373753e-05        1
295  2.215806e-05        1
296  8.445076e-04        1
297  6.246128e-03        1
298  1.652627e-04        1
299  5.745859e-05        1
300  7.650626e-04        1
301  6.163316e-05        1
302  1.376266e-03        1
303  5.355634e-07        1
304  2.383690e-03        1
305  7.648237e-05        1
306  1.830639e-06        1
307  5.261270e-04        1
308  3.571759e-06        1
309  8.527457e-03        1
310  2.379676e-04        1
311  9.807162e-07        1
312  1.351814e-03        1
313  4.217334e-05        1
314  2.520876e-03        1
315  2.045792e-03        1
316  8.844104e-04        1
317  2.568158e-04        1
318  4.229994e-05        1
319  8.482281e-05        1
320  2.977124e-03        1
321  1.311124e-03        1
322  1.902713e-04        1
323  5.070516e-05        1
324  1.014579e-03        1
325  3.688376e-04        1
326  6.900224e-04        1
327  1.989563e-04        1
328  4.766895e-03        1
329  1.713819e-05        1
330  7.951281e-04        1
331  6.979224e-04        1
332  2.648518e-04        1
333  5.548080e-05        1
334  1.289792e-03        1
335  7.689878e-05        1
336  1.006171e-03        1
337  7.297392e-04        1
338  2.853122e-03        1
339  9.788736e-04        1
340  2.476417e-03        1
341  8.155902e-05        1
342  5.575256e-05        1
343  7.217230e-03        1
344  2.271736e-03        1
345  9.653216e-04        1
346  1.095245e-05        1
347  1.911950e-04        1
348  2.817007e-04        1
349  1.744821e-04        1
350  7.986782e-04        1
351  4.661093e-04        1
352  9.454151e-05        1
353  6.112293e-05        1
354  5.821106e-05        1
355  6.348627e-04        1
356  4.144742e-04        1
357  2.063853e-05        1
358  7.797983e-05        1
359  4.803322e-04        1
360  1.595494e-03        1
361  6.699508e-04        1
362  1.044330e-04        1
363  5.140382e-04        1
364  4.265430e-03  0.10188
365  2.427645e-04        1
366  3.628524e-03        1
367  2.921220e-05        1
368  6.510775e-03        1
369  1.609971e-03        1
370  4.299387e-05        1
371  2.438542e-04        1
372  7.117547e-05        1
373  1.878339e-04        1
374  5.769109e-05        1
375  5.209784e-04        1
376  6.354507e-03        1
377  3.844834e-04        1
378  4.082984e-04        1
379  4.281066e-05        1
380  1.469403e-04        1
381  5.783223e-06        1
382  2.323483e-04        1
383  1.251997e-04        1
384  3.221745e-04        1
385  8.857513e-04        1
386  3.090577e-06        1
387  3.499952e-05        1
388  5.913485e-04        1
389  1.985492e-05        1
390  3.694910e-03        1
391  8.278961e-04        1
392  1.793069e-05        1
393  2.531930e-03        1
394  1.898553e-03        1
395  6.960477e-06        1
396  2.029460e-04        1
397  3.643225e-05        1
398  1.627838e-02        1
399  1.439924e-03        1
400  2.277083e-03        1
401  4.059399e-03        1
402  1.179982e-03        1
403  1.628675e-03        1
404  3.115201e-04        1
405  2.864477e-03        1
406  6.008575e-03        1
407  1.793929e-02        1
408  4.245538e-03        1
409  9.182031e-04        1
410  3.488693e-04        1
411  1.486143e-03        1
412  5.957155e-05        1
413  3.499271e-05        1
414  5.080087e-04        1
415  7.757135e-04        1
416  1.822254e-04        1
417  2.510553e-05        1
418  3.385533e-04        1
419  5.249282e-04        1
420  1.248920e-05        1
421  8.246761e-04        1
422  5.265089e-04        1
423  1.461849e-04        1
424  1.243107e-03        1
425  1.356426e-04        1
426  4.697799e-04        1
427  3.026013e-04        1
428  8.747161e-05        1
429  2.801900e-05        1
430  8.449773e-04        1
431  1.229616e-05        1
432  1.055501e-04        1
433  4.113259e-06        1
434  1.146625e-03        1
435  4.759903e-04        1
436  3.766837e-07        1
437  1.085635e-05        1
438  1.055026e-04        1
439  8.019439e-04        1
440  8.197321e-05        1
441  5.151741e-05        1
442  9.991154e-05        1
443  4.524629e-04        1
444  3.541664e-06        1
445  1.002004e-03        1
446  3.079141e-04        1
447  1.375236e-04        1
448  1.076430e-05        1
449  1.557442e-05        1
450  4.009147e-04        1
451  9.446596e-04        1
452  5.971257e-03        1
453  5.572863e-04        1
454  5.124982e-05        1
455  1.893687e-04        1
456  2.925843e-05        1
457  2.522441e-06        1
458  3.639127e-06        1
459  3.106902e-04        1
460  1.157849e-03        1
461  9.407059e-04        1
462  2.489611e-04        1
463  4.486206e-05        1
464  3.417506e-06        1
465  1.818945e-04        1
466  1.631307e-04        1
467  1.085769e-05        1
468  2.366174e-07        1
469  6.159498e-04        1
470  6.392475e-04        1
471  3.328162e-04        1
472  1.395026e-03        1
473  3.639475e-04        1
474  8.568422e-04        1
475  4.841565e-04        1
476  4.116345e-04        1
477  1.529240e-04        1
478  1.678812e-04        1
479  1.900887e-03        1
480  9.196655e-05        1
481  4.537182e-05        1
482  2.062158e-04        1
483  1.484284e-05        1
484  6.562296e-04        1
485  9.805878e-05        1
486  5.754716e-03        1
487  3.499125e-04        1
488  1.019703e-03        1
489  5.407665e-06        1
490  5.155284e-05        1
491  4.063087e-04        1
492  4.235216e-05        1
493  1.998291e-04        1
494  4.090766e-04        1
495  7.449993e-04        1
496  1.262593e-04        1
497  8.211907e-04        1
498  1.079243e-03        1
499  6.386753e-05        1
500  4.185546e-05        1
501  5.480213e-05        1
502  4.456097e-05        1
503  6.074710e-04        1
504  7.259362e-05        1
505  2.504874e-06        1
506  1.958670e-03        1
507  1.537637e-04        1
508  5.978914e-05        1
509  1.566165e-03        1
510  1.269337e-04        1
511  2.010952e-05        1
512  5.733876e-07        1
513  6.459540e-04        1
514  5.656100e-04        1
515  2.354155e-04        1
516  9.080284e-04        1
517  1.182737e-03        1
518  1.685841e-04        1
519  8.058975e-05        1
520  3.264698e-04        1
521  6.115453e-03        1
522  3.016205e-05        1
523  6.781779e-04        1
524  8.692308e-04        1
525  1.755861e-05        1
526  2.759257e-04        1
527  6.266087e-04        1
528  7.074196e-04        1
529  3.741979e-05        1
530  3.773317e-06        1
531  3.592637e-07        1
532  9.126191e-06        1
533  3.355640e-05        1
534  1.228052e-05        1
535  1.938470e-04        1
536  9.490557e-05        1
537  1.103207e-03        1
538  4.241590e-05        1
539  3.629891e-04        1
540  1.196376e-03        1
541  3.471405e-04        1
542  1.763729e-04        1
543  2.126396e-04        1
544  2.398691e-05        1
545  7.076638e-05        1
546  3.861774e-04        1
547  1.331633e-04        1
548  6.054497e-04        1
549  4.726423e-05        1
550  3.016375e-04        1
551  2.187306e-03        1
552  9.705877e-05        1
553  2.258310e-04        1
554  4.155972e-05        1
555  3.836154e-05        1
556  6.412808e-05        1
557  4.960788e-05        1
558  3.983255e-04        1
559  2.189297e-04        1
560  2.263616e-04        1
561  1.104700e-04        1
562  4.850222e-04        1
563  2.550021e-05        1
564  4.257967e-05        1
565  9.576353e-04        1
566  1.170916e-03        1
567  4.526325e-04        1
568  7.666275e-04        1
569  2.674774e-04        1
570  1.839974e-03        1
571  2.732553e-04        1
572  5.610921e-07        1
573  2.964538e-04        1
574  5.520506e-04        1
575  1.050734e-08        1
576  4.719776e-05        1
577  4.735995e-05        1
578  3.393647e-04        1
579  4.129816e-05        1
580  8.324238e-04        1
581  8.414900e-05        1
582  9.081377e-05        1
583  2.113127e-03        1
584  6.370231e-04        1
585  2.842528e-04        1
586  5.578262e-04        1
587  5.030582e-05        1
588  1.570228e-03        1
589  2.490103e-06        1
590  1.518964e-03        1
591  7.713409e-05        1
592  3.732961e-05        1
593  4.116849e-05        1
594  1.645887e-03        1
595  4.518958e-04        1
596  2.430639e-04        1
597  6.638280e-05        1
598  1.881656e-05        1
599  3.358097e-07        1
600  2.744607e-04        1
601  5.563752e-04        1
602  3.373784e-05        1
603  6.235142e-05        1
604  3.668831e-05        1
605  2.476985e-03        1
606  2.024389e-12        1
607  6.408107e-04        1
608  2.461702e-03        1
609  2.130548e-04        1
610  2.998382e-03        1
611  5.710123e-04        1
612  1.550209e-05        1
613  5.849373e-04        1
614  4.803415e-04        1
615  2.590407e-06        1
616  3.040430e-04        1
617  1.739705e-04        1
618  1.628613e-02        1
619  3.090184e-04        1
620  7.148011e-07        1
621  1.382224e-08        1
622  2.026118e-04        1
623  1.937985e-02        1
624  8.299543e-05        1
625  1.383483e-03        1
626  5.501802e-07        1
627  7.563567e-05        1
628  2.893633e-05        1
629  8.589974e-04        1
630  1.478219e-05        1
631  1.857509e-05        1
632  1.507249e-03        1
633  8.098457e-07        1
634  6.762360e-07        1
635  2.503007e-06        1
636  2.787127e-04        1
637  1.027342e-05        1
638  6.661762e-04        1
639  4.974184e-05        1
640  1.524655e-04        1
641  1.299403e-05        1
642  2.896125e-04        1
643  4.621400e-03        1
644  2.325481e-04        1
645  1.180706e-03        1
646  2.619740e-06        1
647  6.645024e-06        1
648  8.683777e-06        1
649  2.279916e-04        1
650  3.963582e-04        1
651  9.816331e-04        1
652  5.958538e-03        1
653  4.991826e-05        1
654  2.693297e-03        1
655  2.692027e-04        1
656  1.330041e-04        1
657  4.924675e-03        1
658  2.742948e-05        1
659  8.528047e-03        1
660  2.009728e-04        1
661  3.201851e-05        1
662  2.763882e-03        1
663  8.285305e-05        1
664  2.628017e-05        1
665  5.769473e-04        1
666  3.960921e-05        1
667  2.104609e-03        1
668  1.316136e-04        1
669  2.261030e-05        1
670  2.172265e-10        1
671  1.247401e-04        1
672  1.078360e-03        1
673  4.796084e-04        1
674  8.094933e-03        1
675  7.736587e-05        1
676  2.048131e-03        1
677  3.945642e-03        1
678  4.434728e-04        1
679  2.147942e-02        1
680  8.784218e-04        1
681  4.645474e-03        1
682  1.025447e-04        1
683  8.176761e-03        1
684  7.160241e-03        1
685  1.314697e-07        1
686  8.831532e-04        1
687  4.241317e-03        1
688  3.532848e-05        1
689  8.263189e-05        1
690  3.879013e-04        1
691  4.511186e-03        1
692  1.225199e-04        1
693  1.030152e-04        1
694  3.504764e-06        1
695  4.153633e-04        1
696  1.934121e-08        1
697  7.587093e-05        1
698  1.727898e-03        1
699  1.758584e-03        1
700  1.072373e-02        1
701  3.963001e-04        1
702  5.837750e-04        1
703  7.680949e-05        1
704  7.429060e-03        1
705  8.323808e-04        1
706  7.575877e-03        1
707  5.522317e-02        1
708  4.667188e-06        1
709  9.639458e-05        1
710  5.723490e-03        1
711  3.367310e-03        1
712  2.088891e-03        1
713  5.353828e-03        1
714  5.344112e-03        1
715  1.446934e-03        1
716  1.233111e-04        1
717  3.466679e-02        1
718  1.994779e-06        1
719  3.108576e-04        1
720  5.250500e-05        1
721  1.456995e-03        1
722  1.410746e-06        1
723  3.189806e-02        1
724  9.593209e-05        1
725  3.691460e-02        1
726  3.773777e-04        1
727  8.612809e-06        1
728  5.471799e-03        1
729  1.761443e-03        1
730  2.636508e-03        1
731  1.634087e-06        1
732  1.189621e-02        1
733  1.992053e-04        1
734  4.231318e-03        1
735  9.317651e-04        1
736  2.969489e-05        1
737  4.697649e-05        1
738  2.548218e-04        1
739  4.256489e-04        1
740  4.154258e-04        1
741  4.005491e-04        1
742  9.314783e-04        1
743  5.854888e-04        1
744  3.366444e-04        1
745  2.074277e-03        1
746  6.565241e-04        1
747  5.701960e-05        1
748  6.259693e-04        1
749  3.324060e-05        1
750  8.606389e-04        1
751  8.850989e-04        1
752  4.174002e-05        1
753  7.887055e-05        1
754  1.034575e-06        1
755  1.273868e-06        1
756  2.059842e-04        1
757  1.459531e-03        1
758  2.738948e-04        1
759  2.460414e-03        1
760  3.867124e-07        1
761  5.751843e-05        1
762  4.057962e-04        1
763  9.761037e-04        1
764  1.902613e-03        1
765  2.632801e-06        1
766  1.334661e-03        1
767  9.365009e-04        1
768  5.510207e-04        1
769  4.618675e-04        1
770  1.223402e-03        1
771  8.760283e-05        1
772  3.933387e-04        1
773  5.498078e-03        1
774  2.888587e-06        1
775  8.362718e-04        1
776  1.331722e-03        1
777  1.026487e-05        1
778  2.199578e-05        1
779  7.252940e-05        1
780  3.411856e-04        1
781  8.644791e-06        1
782  2.087314e-04        1
783  1.899927e-04        1
784  3.535284e-07        1
785  3.814309e-08        1
786  4.211210e-04        1
787  8.142427e-04        1
788  4.224409e-04        1
789  3.206151e-03        1
790  1.863681e-05        1
791  1.344048e-05        1
792  2.075755e-03        1
793  1.860394e-03        1
794  1.963041e-04        1
795  7.437888e-05        1
796  4.327476e-03        1
797  3.191419e-04        1
798  1.307929e-07        1
799  9.931183e-05        1
800  4.528500e-03        1
801  1.898502e-05        1
802  8.121630e-04        1
803  1.402652e-03        1
804  2.236121e-04        1
805  5.270002e-04        1
806  3.956248e-05        1
807  1.100382e-02        1
808  3.864982e-02        1
809  1.095745e-03        1
810  1.187406e-03        1
811  4.207721e-04        1
812  9.071024e-04        1
813  2.029901e-04        1
814  7.895745e-06        1
815  1.288001e-03        1
816  4.418642e-05        1
817  4.882344e-04        1
818  1.984824e-04        1
819  3.585017e-04        1
820  5.479546e-05        1
821  6.124023e-05        1
822  1.824636e-03        1
823  1.101280e-04        1
824  1.859416e-03        1
825  7.946494e-04        1
826  3.078214e-05        1
827  1.329007e-04        1
828  2.582382e-03        1
829  1.361011e-06        1
830  1.246447e-04        1
831  1.869031e-05        1
832  1.515780e-03        1
833  1.106248e-03        1
834  2.303663e-04        1
835  1.638537e-02        1
836  5.015462e-05        1
837  6.179573e-07        1
838  1.640567e-03        1
839  1.445191e-03        1
840  7.307470e-04        1
841  1.359549e-03        1
842  1.707173e-04        1
843  2.699213e-04        1
844  5.761843e-07        1
845  1.727621e-03        1
846  2.684493e-03        1
847  1.716888e-03        1
848  3.268932e-05        1
849  1.592235e-04        1
850  5.014880e-04        1
851  5.840826e-04        1
852  1.334406e-04        1
853  2.836184e-04        1
854  3.880776e-05        1
855  2.675592e-05        1
856  1.819666e-03        1
857  4.503916e-04        1
858  1.724345e-04        1
859  2.870118e-05        1
860  6.138852e-05        1
861  1.322318e-04        1
862  4.367401e-03        1
863  1.811481e-04        1
864  3.902943e-04        1
865  3.214696e-04        1
866  8.586930e-05        1
867  1.801085e-08        1
868  2.210531e-04        1
869  1.059225e-05        1
870  5.513938e-05        1
871  3.688766e-06        1
872  1.980264e-02        1
873  3.749829e-04        1
874  1.716255e-04        1
875  3.347813e-05        1
876  2.734639e-04        1
877  4.809748e-06        1
878  1.527828e-03        1
879  1.644282e-05        1
880  1.984757e-05        1
881  1.970521e-05        1
882  1.635151e-04        1
883  5.711790e-04        1
884  1.275079e-04        1
885  5.270428e-04        1
886  3.650345e-03        1
887  7.285040e-06        1
888  4.063825e-05        1
889  7.411115e-04        1
890  2.690586e-04        1
891  2.638908e-07        1
892  1.302083e-04        1
893  1.658845e-03        1
894  4.980534e-04        1
895  7.939021e-05        1
896  3.044574e-04        1
897  5.489447e-05        1
898  4.205004e-04        1
899  6.487215e-04        1
900  2.147685e-05        1
901  5.260347e-08        1
902  7.328147e-06        1
903  1.244171e-04        1
904  8.397018e-05        1
905  2.680857e-04        1
906  1.191545e-03        1
907  4.471704e-04        1
908  1.730037e-04        1
909  3.792965e-06        1
910  3.150681e-04        1
911  1.739198e-04        1
912  5.388125e-04        1
913  6.188785e-04        1
914  1.862451e-03        1
915  1.406820e-04        1
916  8.550047e-04        1
917  1.699243e-06        1
918  1.183470e-04        1
919  8.584884e-04        1
920  2.010087e-04        1
921  9.436823e-05        1
922  4.046939e-04        1
923  7.127281e-04        1
924  1.092736e-06        1
925  2.049442e-03        1
926  2.362608e-06        1
927  2.257083e-03        1
928  7.712842e-05        1
929  1.585910e-03        1
930  1.159124e-04        1
931  4.311863e-04        1
932  3.247602e-05        1
933  4.905025e-04        1
934  1.014912e-03        1
935  1.162004e-03        1
936  3.646381e-05        1
937  6.896239e-03        1
938  1.413239e-04        1
939  1.731174e-03        1
940  1.841626e-03        1
941  2.929049e-04        1
942  3.650033e-04        1
943  7.565334e-04        1
944  1.785220e-03        1
945  5.848381e-06        1
946  4.058748e-04        1
947  1.050632e-05        1
948  7.105702e-04        1
949  6.362643e-05        1
950  1.717116e-04        1
951  1.042097e-05        1
952  2.218161e-03        1
953  8.760258e-04        1
954  4.430370e-04        1
955  1.095017e-03        1
956  7.094290e-06        1
957  1.989975e-04        1
958  3.517496e-04        1
959  3.892918e-05        1
960  1.094411e-03        1
961  4.277747e-04        1
962  2.870068e-05        1
963  5.325546e-04        1
964  1.326931e-04        1
965  1.929098e-04        1
966  6.284716e-08        1
967  2.131546e-04        1
968  6.551527e-05        1
969  2.103155e-04        1
970  5.091565e-04        1
971  2.529963e-04        1
972  1.852316e-03        1
973  2.700366e-04        1
974  2.883082e-06        1
975  2.108322e-04        1
976  2.166986e-05        1
977  1.740590e-04        1
978  1.038592e-05        1
979  3.689755e-03        1
980  1.259049e-04        1
981  8.709530e-06        1
982  5.064537e-04        1
983  9.589697e-04        1
984  4.510230e-05        1
985  4.128984e-05        1
986  4.103522e-05        1
987  3.080903e-04        1
988  1.868471e-04        1
989  2.021168e-04        1
990  8.650482e-05        1
991  1.155733e-05        1
992  1.119959e-03        1
993  2.188974e-03        1
994  3.883330e-06        1
995  7.178810e-05        1
996  1.906150e-06        1
997  2.941297e-04        1
998  8.989748e-04        1
999  9.216544e-06        1
1000 1.924383e-05        1
1001 1.043271e-03        1
1002 6.902715e-05        1
1003 2.850911e-04        1
1004 1.167106e-04        1
1005 1.531993e-04        1
1006 5.563565e-04        1
1007 8.160068e-04        1
1008 2.878872e-05        1
1009 4.750835e-05        1
1010 8.423438e-04        1
1011 1.154052e-04        1
1012 6.165096e-05        1
1013 3.157520e-07        1
1014 2.817993e-03        1
1015 1.424738e-05        1
1016 2.030601e-05        1
1017 7.232093e-04        1
1018 6.465049e-06        1
1019 9.077616e-05        1
1020 1.726446e-04        1
1021 6.869332e-05        1
1022 2.870406e-04        1
1023 3.510977e-03        1
1024 5.953864e-05        1
1025 2.019760e-04        1
1026 2.943650e-04        1
1027 3.801342e-04        1
1028 1.190186e-03        1
1029 9.946748e-06        1
1030 1.773976e-03        1
1031 4.815528e-04        1
1032 2.356145e-04        1
1033 7.937630e-04        1
1034 8.287219e-05        1
1035 1.230300e-04        1
1036 2.043172e-04        1
1037 1.210167e-04        1
1038 1.271225e-04        1
1039 5.431547e-05        1
1040 1.319696e-04        1
1041 4.874722e-04        1
1042 6.580474e-04        1
1043 2.774580e-04        1
1044 4.241755e-05        1
1045 2.181794e-04        1
1046 1.154223e-04        1
1047 2.364884e-04        1
1048 3.576350e-04        1
1049 2.892377e-04        1
1050 7.914792e-05        1
1051 3.336965e-05        1
1052 1.212458e-04        1
1053 2.431414e-06        1
1054 2.326824e-06        1
1055 4.316324e-04        1
1056 1.050487e-04        1
1057 8.468972e-05        1
1058 1.479509e-04        1
1059 1.260257e-04        1
1060 4.527705e-05        1
1061 3.181556e-04        1
1062 1.845108e-04        1
1063 1.700246e-03        1
1064 2.389669e-03        1
1065 6.877327e-05        1
1066 1.117619e-04        1
1067 2.462991e-04        1
1068 1.203430e-06        1
1069 4.078765e-03        1
1070 1.523546e-04        1
1071 3.063193e-05        1
1072 2.794228e-04        1
1073 4.506139e-04        1
1074 1.874687e-05        1
1075 6.046237e-04        1
1076 1.405605e-04        1
1077 3.990024e-04        1
1078 1.928871e-06        1
1079 2.282819e-05        1
1080 7.194667e-04        1
1081 5.547168e-04        1
1082 1.124868e-05        1
1083 2.191681e-03        1
1084 1.243778e-04        1
1085 8.422670e-04        1
1086 1.167116e-04        1
1087 2.799882e-04        1
1088 1.376215e-04        1
1089 1.183436e-03        1
1090 2.055003e-04        1
1091 2.576341e-04        1
1092 1.695390e-03        1
1093 9.389972e-05        1
1094 1.831296e-03        1
1095 3.064486e-04        1
1096 1.884794e-03        1
1097 1.597498e-03        1
1098 6.719462e-06        1
1099 2.073766e-04        1
1100 8.922544e-05        1
1101 5.727495e-05        1
1102 1.413519e-04        1
1103 2.469632e-04        1
1104 2.095751e-04        1
1105 4.016626e-04        1
1106 1.290257e-03        1
1107 1.858147e-05        1
1108 4.401116e-05        1
1109 6.982472e-07        1
1110 9.677658e-05        1
1111 3.652300e-04        1
1112 9.276755e-05        1
1113 2.604529e-05        1
1114 8.384464e-05        1
1115 1.495530e-04        1
1116 8.061465e-04        1
1117 6.698307e-05        1
1118 4.723849e-06        1
1119 1.565913e-04        1
1120 3.173639e-04        1
1121 3.724665e-04        1
1122 8.223390e-04        1
1123 8.954495e-06        1
1124 3.185318e-04        1
1125 4.025861e-04        1
1126 1.605771e-04        1
1127 1.225617e-05        1
1128 2.766123e-03        1
1129 4.466945e-04        1
1130 1.607137e-03        1
1131 7.350027e-04        1
1132 1.644902e-04        1
1133 5.043044e-04        1
1134 1.819985e-05        1
1135 6.224972e-05        1
1136 3.958614e-04        1
1137 1.283874e-05        1
1138 2.257649e-05        1
1139 1.520474e-03        1
1140 1.584762e-04        1
1141 7.152411e-06        1
1142 1.073208e-03        1
1143 3.331542e-03        1
1144 6.594602e-05        1
1145 4.501696e-04        1
1146 2.750634e-07        1
1147 4.752185e-04        1
1148 7.760159e-04        1
1149 8.538896e-05        1
1150 3.975463e-04        1
1151 1.609448e-04        1
1152 6.205952e-05        1
1153 6.298494e-04        1
1154 8.667367e-04        1
1155 1.273882e-05        1
1156 4.121309e-06        1
1157 6.900807e-04        1
1158 1.180934e-04        1
1159 7.908120e-04        1
1160 2.405373e-05        1
1161 5.283214e-05        1
1162 1.171282e-04        1
1163 5.041111e-03        1
1164 3.413345e-04        1
1165 1.908659e-03        1
1166 2.969281e-04        1
1167 8.988843e-06        1
1168 5.656322e-05        1
1169 2.617900e-05        1
1170 9.077694e-05        1
1171 1.329157e-02        1
1172 2.268514e-04        1
1173 8.434132e-06        1
1174 5.142992e-04        1
1175 5.339645e-04        1
1176 1.671889e-04        1
1177 1.069374e-04        1
1178 2.671964e-03        1
1179 8.918852e-05        1
1180 1.257784e-04        1
1181 1.785621e-04        1
1182 3.331622e-05        1
1183 4.585910e-06        1
1184 1.894404e-04        1
1185 8.552257e-06        1
1186 4.110460e-07        1
1187 1.770362e-03        1
1188 1.260490e-05        1
1189 1.601013e-03        1
1190 3.690894e-04        1
1191 3.212887e-04        1
1192 2.177555e-04        1
1193 6.206528e-05        1
1194 2.334638e-03        1
1195 6.396054e-04        1
1196 1.898016e-03        1
1197 7.447010e-05        1
1198 1.254604e-05        1
1199 6.380495e-04        1
1200 8.609471e-03        1
1201 1.739674e-03        1
1202 5.840577e-05        1
1203 1.420513e-04        1
1204 1.165058e-02        1
1205 5.943713e-05        1
1206 1.661476e-03        1
1207 1.804582e-04        1
1208 1.362688e-04        1
1209 1.244719e-06        1
1210 3.302820e-04        1
1211 1.937802e-04        1
1212 3.275806e-04        1
1213 5.747640e-05        1
1214 2.659003e-04        1
1215 2.353433e-04        1
1216 6.980813e-07        1
1217 2.722102e-04        1
1218 2.855636e-04        1
1219 4.070209e-05        1
1220 6.394601e-06        1
1221 8.384090e-06        1
1222 9.643279e-05        1
1223 8.098613e-06        1
1224 2.709428e-05        1
1225 3.716042e-05        1
1226 6.178417e-04        1
1227 6.396953e-09        1
1228 1.869107e-06        1
1229 1.099421e-04        1
1230 7.566133e-04        1
1231 6.061265e-04        1
1232 5.027817e-06        1
1233 2.931688e-05        1
1234 1.006988e-05        1
1235 1.078215e-03        1
1236 3.320181e-05        1
1237 1.415414e-02        1
1238 3.283328e-05        1
1239 2.794083e-05        1
1240 7.563826e-04        1
1241 1.004397e-03        1
1242 6.397199e-03        1
1243 6.211703e-04        1
1244 2.536441e-04        1
1245 1.776125e-03        1
1246 1.693705e-03        1
1247 1.105737e-07        1
1248 7.580919e-05        1
1249 1.857482e-05        1
1250 5.268127e-04        1
1251 5.416470e-06        1
1252 2.015973e-03        1
1253 5.086853e-03        1
1254 1.335021e-04        1
1255 1.148378e-03        1
1256 3.684157e-03        1
1257 7.436259e-03        1
1258 4.374325e-06        1
1259 4.909749e-03        1
1260 8.074961e-04        1
1261 1.650634e-04        1
1262 4.672108e-04        1
1263 6.544122e-03        1
1264 2.962997e-04        1
1265 6.335615e-04        1
1266 2.187288e-04        1
1267 1.944289e-04        1
1268 1.212157e-05        1
1269 3.272788e-05        1
1270 1.273067e-03        1
1271 1.570834e-04        1
1272 4.334810e-05        1
1273 3.761597e-03        1
1274 5.155913e-04        1
1275 1.054621e-02        1
1276 2.882671e-05        1
1277 1.560285e-05        1
1278 1.052948e-03        1
1279 3.134476e-04        1
1280 3.063014e-04        1
1281 2.229177e-04        1
1282 9.500456e-05        1
1283 1.256478e-06        1
1284 4.407025e-08        1
1285 2.675924e-04        1
1286 9.271020e-04        1
1287 6.293059e-04        1
1288 8.841485e-06        1
1289 1.049185e-04        1
1290 2.823926e-04        1
1291 1.481688e-04        1
1292 3.252941e-04        1
1293 3.813230e-04        1
1294 5.593474e-03        1
1295 9.550466e-04        1
1296 7.237100e-05        1
1297 4.208937e-03        1
1298 5.361543e-04        1
1299 3.864053e-06        1
1300 1.016777e-04        1
1301 1.201057e-07        1
1302 5.397263e-04        1
1303 3.993004e-03        1
1304 3.041599e-05        1
1305 1.167099e-03        1
1306 5.735582e-03        1
1307 2.390539e-04        1
1308 3.379230e-05        1
1309 2.031765e-04        1
1310 5.110908e-04        1
1311 1.910607e-05        1
1312 1.337798e-03        1
1313 4.321110e-04        1
1314 2.668643e-07        1
1315 3.135172e-04        1
1316 6.631874e-05        1
1317 9.385307e-04        1
1318 1.519070e-05        1
1319 1.875014e-04        1
1320 3.861852e-04        1
1321 2.033911e-04        1
1322 1.223360e-03        1
1323 4.163451e-06        1
1324 9.599216e-04        1
1325 1.037439e-05        1
1326 1.059903e-04        1
1327 8.080848e-04        1
1328 9.585679e-04        1
1329 2.280904e-03        1
1330 3.458133e-04        1
1331 2.556238e-04        1
1332 1.925114e-04        1
1333 3.800509e-09        1
1334 2.326497e-07        1
1335 2.261527e-04        1
1336 6.580291e-05        1
1337 1.394873e-05        1
1338 1.380504e-06        1
1339 1.179668e-04        1
1340 5.266824e-05        1
1341 2.067857e-04        1
1342 3.478347e-04        1
1343 1.913550e-04        1
1344 1.327343e-04        1
1345 3.298878e-04        1
1346 2.401886e-03        1
1347 3.131761e-04        1
1348 3.368218e-04        1
1349 3.773399e-05        1
1350 1.260523e-04        1
1351 4.548444e-06        1
1352 4.225929e-05        1
1353 5.835882e-05        1
1354 4.386365e-04        1
1355 2.399531e-03        1
1356 2.973874e-04        1
1357 1.008911e-04        1
1358 6.066908e-03        1
1359 4.946210e-07        1
1360 1.040034e-07        1
1361 4.519422e-05        1
1362 2.349695e-07        1
1363 3.028316e-04        1
1364 7.614028e-04        1
1365 1.803257e-04        1
1366 1.934059e-03        1
1367 1.045275e-04        1
1368 5.465830e-04        1
1369 5.372491e-05        1
1370 4.353429e-04        1
1371 1.562440e-03        1
1372 6.135841e-05        1
1373 4.897546e-05        1
1374 2.200526e-04        1
1375 1.574320e-03        1
1376 6.610700e-04        1
1377 3.152624e-03        1
1378 1.698265e-04        1
1379 1.991156e-05        1
1380 1.754342e-05        1
1381 2.284938e-04        1
1382 1.670629e-03        1
1383 4.369406e-05        1
1384 4.955499e-04        1
1385 3.004124e-05        1
1386 2.685988e-04        1
1387 6.813560e-06        1
1388 7.871392e-05        1
1389 1.157974e-04        1
1390 5.354628e-04        1
1391 2.428249e-04        1
1392 2.232494e-05        1
1393 1.637783e-04        1
1394 3.432371e-04        1
1395 6.031344e-06        1
1396 2.626340e-04        1
1397 8.503547e-08        1
1398 1.424911e-03        1
1399 1.412547e-05        1
1400 6.204885e-04        1
1401 1.285659e-05        1
1402 6.303057e-05        1
1403 2.594159e-03        1
1404 7.178546e-04        1
1405 1.282763e-04        1
1406 6.110226e-06        1
1407 7.540749e-04        1
1408 2.663651e-03        1
1409 3.549836e-04        1
1410 3.670154e-06        1
1411 4.777154e-04        1
1412 9.637881e-06        1
1413 1.071852e-04        1
1414 1.393948e-04        1
1415 4.625785e-05        1
1416 7.788921e-06        1
1417 4.894083e-04        1
1418 1.221657e-03        1
1419 3.236191e-04        1
1420 7.304020e-08        1
1421 5.176230e-04        1
1422 3.141627e-03   0.7641
1423 9.545736e-06        1
1424 8.630655e-06        1
1425 8.068630e-05        1
1426 1.038124e-04        1
1427 2.550283e-05        1
1428 1.145443e-04        1
1429 1.750517e-04        1
1430 1.168464e-04        1
1431 7.431786e-09        1
1432 1.072573e-05        1
1433 4.646238e-04        1
1434 2.198821e-03        1
1435 2.300461e-04        1
1436 1.076350e-03        1
1437 1.652414e-07        1
1438 2.313977e-05        1
1439 5.629160e-05        1
1440 4.176677e-04        1
1441 2.760307e-04        1
1442 1.509767e-04        1
1443 5.669346e-04        1
1444 4.860421e-04        1
1445 8.022410e-04        1
1446 8.794818e-05        1
1447 1.610197e-03        1
1448 1.518931e-05        1
1449 7.391850e-04        1
1450 2.392025e-05        1
1451 7.824582e-06        1
1452 9.594877e-05        1
1453 2.751312e-06        1
1454 1.112414e-05        1
1455 1.622266e-03        1
1456 3.938003e-04        1
1457 1.613879e-04        1
1458 2.139298e-03        1
1459 1.084051e-04        1
1460 4.600717e-04        1
1461 5.161305e-04        1
1462 1.233834e-03        1
1463 1.482290e-04        1
1464 1.259644e-03        1
1465 7.154041e-06        1
1466 9.983369e-04        1
1467 2.097003e-06        1
1468 2.744804e-06        1
1469 9.291266e-04        1
1470 6.358002e-07        1
1471 6.196171e-04        1
1472 1.961516e-04        1
1473 4.161221e-04        1
1474 6.628704e-04        1
1475 1.137715e-04        1
1476 7.642986e-05        1
1477 2.836087e-04        1
1478 1.093816e-03        1
1479 2.508094e-04        1
1480 1.233682e-03        1
1481 3.920393e-05        1
1482 2.727427e-05        1
1483 1.363557e-04        1
1484 6.255138e-03        1
1485 3.215644e-04        1
1486 9.195646e-06        1
1487 5.660431e-04        1
1488 8.239324e-04        1
1489 1.333846e-05        1
1490 4.616348e-04        1
1491 5.547817e-06        1
1492 1.404583e-05        1
1493 4.954465e-08        1
1494 7.190568e-05        1
1495 6.351502e-04        1
1496 4.172720e-04        1
1497 5.413969e-05        1
1498 1.120741e-04        1
1499 9.468263e-05        1
1500 1.045306e-03        1
1501 1.978831e-09        1
1502 4.993465e-05        1
1503 3.715489e-07        1
1504 2.725200e-04        1
1505 2.777290e-03        1
1506 1.372960e-03        1
1507 7.709824e-07        1
1508 2.597620e-04        1
1509 7.909498e-06        1
1510 9.895274e-05        1
1511 2.736467e-04        1
1512 4.077970e-05        1
1513 9.476562e-07        1
1514 6.588951e-05        1
1515 1.667867e-03        1
1516 9.866764e-05        1
1517 1.031107e-04        1
1518 1.046019e-04        1
1519 2.080838e-03        1
1520 5.630405e-04        1
1521 7.776423e-04        1
1522 7.980902e-08        1
1523 2.547140e-04        1
1524 2.013971e-03        1
1525 3.052263e-04        1
1526 4.966331e-04        1
1527 1.569649e-04        1
1528 8.918921e-04        1
1529 1.012826e-03        1
1530 9.060339e-05        1
1531 5.192183e-04        1
1532 5.396752e-06        1
1533 4.182874e-04        1
1534 6.737891e-05        1
1535 3.251909e-04        1
1536 5.303524e-05        1
1537 1.859268e-04        1
1538 1.393885e-03        1
1539 2.979587e-03        1
1540 4.363537e-07        1
1541 1.108088e-03        1
1542 8.828060e-04        1
1543 1.044279e-06        1
1544 3.962476e-03        1
1545 1.074832e-04        1
1546 1.882492e-04        1
1547 7.071763e-04        1
1548 4.556824e-03        1
1549 2.345992e-03        1
1550 3.698416e-05        1
1551 2.414830e-03        1
1552 4.480425e-06        1
1553 6.021945e-03        1
1554 1.069833e-03        1
1555 2.150969e-05        1
1556 1.423134e-03        1
1557 8.958599e-05        1
1558 3.549037e-04        1
1559 4.598348e-04        1
1560 3.459560e-04        1
1561 1.001709e-04        1
1562 2.624380e-04        1
1563 4.068423e-04        1
1564 8.385868e-05        1
1565 1.995931e-04        1
1566 7.449500e-06        1
1567 1.791961e-06        1
1568 6.542895e-03        1
1569 6.562423e-05        1
1570 3.901118e-04        1
1571 7.094285e-06        1
1572 1.039939e-04        1
1573 1.244174e-03        1
1574 2.165009e-03        1
1575 2.495835e-05        1
1576 2.825153e-04        1
1577 3.408397e-05        1
1578 1.876317e-04        1
1579 5.461052e-04        1
1580 6.492645e-03        1
1581 1.146222e-04        1
1582 6.200170e-04        1
1583 1.352625e-03        1
1584 5.894804e-05        1
1585 1.807555e-04        1
1586 2.509449e-05        1
1587 5.987361e-06        1
1588 3.924360e-04        1
1589 4.519698e-04        1
1590 2.749176e-04        1
1591 1.670178e-03        1
1592 1.296260e-03        1
1593 1.101463e-03        1
1594 3.713309e-04        1
1595 1.708815e-03        1
1596 1.110165e-04        1
1597 6.619791e-04        1
1598 3.402741e-04        1
1599 3.400621e-04        1
1600 4.530236e-04        1
1601 5.619058e-05        1
1602 1.257214e-04        1
1603 6.965416e-05        1
1604 1.731551e-03        1
1605 2.050927e-05        1
1606 4.070167e-04        1
1607 3.021328e-03        1
1608 1.052759e-04        1
1609 3.727060e-05        1
1610 2.382913e-03        1
1611 4.102801e-06        1
1612 5.531006e-04        1
1613 3.767034e-04        1
1614 1.084494e-03        1
1615 6.542033e-04        1
1616 1.242534e-03        1
1617 5.175588e-05        1
1618 2.321983e-04        1
1619 3.511066e-05        1
1620 8.833900e-04        1
1621 3.655711e-05        1
1622 9.199729e-04        1
1623 3.459674e-04        1
1624 1.233124e-04        1
1625 7.153527e-04        1
1626 3.978524e-04        1
1627 1.175377e-03        1
1628 2.627745e-03        1
1629 1.544055e-02        1
1630 7.899115e-04        1
1631 1.245394e-03        1
1632 3.666662e-05        1
1633 2.241688e-04        1
1634 1.073066e-05        1
1635 1.762738e-04        1
1636 2.612169e-04        1
1637 1.312692e-05        1
1638 3.949790e-06        1
1639 4.442130e-04        1
1640 1.062188e-03        1
1641 2.051347e-04        1
1642 7.005276e-04        1
1643 3.523608e-06        1
1644 4.241427e-04        1
1645 5.342312e-06        1
1646 1.510961e-07        1
1647 1.702448e-03        1
1648 2.347182e-04        1
1649 1.165300e-04        1
1650 1.042884e-03        1
1651 1.071847e-04        1
1652 3.870021e-05        1
1653 9.001826e-05        1
1654 5.505583e-05        1
1655 1.027211e-04        1
1656 2.215475e-04        1
1657 1.060067e-05        1
1658 9.673360e-05        1
1659 3.994587e-04        1
1660 1.640001e-04        1
1661 2.328061e-05        1
1662 7.935409e-09        1
1663 4.466716e-03        1
1664 6.047134e-04        1
1665 9.506676e-05        1
1666 4.774857e-04        1
1667 1.381975e-04        1
1668 1.851613e-04        1
1669 3.240977e-05        1
1670 1.061275e-03        1
1671 1.391375e-04        1
1672 1.389950e-06        1
1673 2.038093e-04        1
1674 3.573520e-05        1
1675 1.013224e-05        1
1676 7.983730e-04        1
1677 9.963421e-04        1
1678 8.726297e-05        1
1679 5.557300e-05        1
1680 5.731624e-05        1
1681 4.370233e-04        1
1682 2.548124e-03        1
1683 2.931020e-03        1
1684 1.467397e-03        1
1685 5.107490e-03        1
1686 3.192430e-04        1
1687 4.583382e-05        1
1688 2.556832e-03        1
1689 4.132081e-04        1
1690 4.889936e-04        1
1691 1.521656e-03        1
1692 7.004655e-06        1
1693 4.928101e-04        1
1694 4.429884e-04        1
1695 5.460582e-05        1
1696 2.433771e-04        1
1697 4.156811e-04        1
1698 1.125740e-03        1
1699 7.815912e-04        1
1700 1.307306e-04        1
1701 2.882788e-04        1
1702 8.675569e-04        1
1703 5.503268e-04        1
1704 1.307009e-03        1
1705 6.884142e-04        1
1706 7.803192e-03        1
1707 2.493743e-04        1
1708 1.480229e-04        1
1709 2.659410e-04        1
1710 1.173841e-03        1
1711 3.980233e-04        1
1712 1.056302e-06        1
1713 2.781109e-06        1
1714 3.504879e-04        1
1715 1.419397e-04        1
1716 5.615923e-04        1
1717 1.028950e-05        1
1718 2.227237e-03        1
1719 1.819281e-04        1
1720 1.379183e-04        1
1721 5.566619e-04        1
1722 6.736693e-04        1
1723 5.632960e-04        1
1724 4.622582e-02 <0.02547
1725 1.623985e-04        1
1726 4.122920e-04        1
1727 1.182998e-03        1
1728 4.575808e-04        1
1729 5.367330e-05        1
1730 2.078589e-05        1
1731 1.363710e-04        1
1732 1.616288e-04        1
1733 2.416351e-04        1
1734 1.862415e-03        1
1735 2.321178e-04        1
1736 1.562144e-03        1
1737 4.261606e-03        1
1738 2.844270e-04        1
1739 2.363157e-03        1
1740 2.081915e-04        1
1741 9.159684e-05        1
1742 9.499860e-06        1
1743 1.410980e-03        1
1744 2.441863e-04        1
1745 7.863765e-07        1
1746 2.200703e-05        1
1747 3.940906e-04        1
1748 1.281980e-03        1
1749 2.022028e-03        1
1750 2.339826e-03        1
1751 8.482039e-03        1
1752 3.047696e-03        1
1753 1.063408e-03        1
1754 9.807646e-05        1
1755 1.005316e-04        1
1756 8.379756e-04        1
1757 1.105770e-03        1
1758 8.930720e-04        1
1759 2.150524e-03        1
1760 7.883962e-03        1
1761 3.464328e-03        1
1762 2.092925e-04        1
1763 1.107096e-03        1
1764 6.934825e-08        1
1765 2.947339e-04        1
1766 4.745065e-06        1
1767 2.830938e-04        1
1768 3.075504e-04        1
1769 9.107388e-04        1
1770 8.438082e-03        1
1771 1.520939e-03        1
1772 8.541457e-06        1
1773 1.889274e-04        1
1774 1.088261e-03        1
1775 2.257586e-03        1
1776 3.546818e-04        1
1777 2.648710e-04        1
1778 5.635325e-04        1
1779 5.451952e-06        1
1780 1.254146e-04        1
1781 4.383167e-04        1
1782 7.507910e-04        1
1783 7.303907e-04        1
1784 2.730711e-06        1
1785 3.219728e-04        1
1786 7.944351e-04        1
1787 5.816414e-07        1
1788 8.513830e-05        1
1789 4.103472e-04        1
1790 4.346888e-04        1
1791 8.168696e-04        1
1792 7.269741e-04        1
1793 6.897941e-07        1
1794 2.295256e-04        1
1795 3.673636e-04        1
1796 2.199720e-05        1
1797 4.939287e-04        1
1798 2.289814e-03        1
1799 6.903056e-05        1
1800 1.682057e-04        1
1801 4.064498e-04        1
1802 7.166707e-04        1
1803 2.365888e-05        1
1804 2.186340e-04        1
1805 3.383198e-05        1
1806 2.638550e-04        1
1807 5.588160e-05        1
1808 1.230537e-03        1
1809 4.160873e-04        1
1810 6.243598e-07        1
1811 3.344982e-04        1
1812 2.907303e-06        1
1813 6.002350e-05        1
1814 1.334966e-04        1
1815 9.794993e-05        1
1816 3.284393e-04        1
1817 1.324095e-05        1
1818 2.208126e-04        1
1819 2.500588e-06        1
1820 2.182747e-03        1
1821 3.258712e-03        1
1822 1.276187e-03        1
1823 8.650519e-05        1
1824 1.661466e-03        1
1825 5.120541e-04        1
1826 4.721329e-05        1
1827 1.316446e-03        1
1828 1.656971e-04        1
1829 5.742074e-05        1
1830 3.369938e-05        1
1831 4.002395e-05        1
1832 5.935475e-04        1
1833 3.195090e-05        1
1834 1.208404e-04        1
1835 6.236115e-04        1
1836 1.325876e-05        1
1837 1.232381e-05        1
1838 3.413091e-04        1
1839 2.694882e-03        1
1840 4.448326e-04        1
1841 6.966698e-04        1
1842 1.315311e-05        1
1843 2.147374e-04        1
1844 1.456352e-04        1
1845 1.012839e-04        1
1846 5.317912e-04        1
1847 9.028514e-04        1
1848 8.340371e-04        1
1849 1.283329e-04        1
1850 2.038499e-05        1
1851 2.514263e-04        1
1852 2.193468e-03        1
1853 1.905343e-03        1
1854 1.099086e-02        1
1855 6.565035e-04        1
1856 5.264473e-04        1
1857 9.611449e-04        1
1858 3.713590e-03        1
1859 1.330803e-04        1
1860 7.883050e-04        1
1861 1.163401e-04        1
1862 8.157804e-04        1
1863 1.537932e-03        1
1864 1.686685e-04        1
1865 9.073410e-04        1
1866 7.774964e-06        1
1867 9.820362e-04        1
1868 4.835511e-04        1
1869 9.619455e-05        1
1870 6.095495e-03        1
1871 1.033536e-04        1
1872 3.987253e-05        1
1873 6.128682e-04        1
1874 5.415360e-05        1
1875 9.760029e-04        1
1876 1.127799e-03        1
1877 1.249673e-03        1
1878 8.075433e-04        1
1879 4.638390e-05        1
1880 1.193418e-03        1
1881 6.774192e-04        1
1882 5.329541e-05        1
1883 1.880769e-04        1
1884 9.184530e-04        1
1885 2.819030e-05        1
1886 2.843243e-05        1
1887 3.192426e-04        1
1888 2.063705e-04        1
1889 5.068821e-04        1
1890 3.605938e-04        1
1891 2.267696e-06        1
1892 2.803678e-06        1
1893 1.105571e-03        1
1894 2.742484e-04        1
1895 5.543695e-04        1
1896 9.196408e-05        1
1897 1.256653e-03        1
1898 1.033364e-03        1
1899 3.619227e-04        1
1900 9.974155e-04        1
1901 1.612852e-04        1
1902 1.623112e-03        1
1903 4.087942e-04        1
1904 2.271907e-05        1
1905 4.792870e-04        1
1906 1.797894e-03        1
1907 1.151756e-07        1
1908 1.020424e-04        1
1909 3.303415e-04        1
1910 2.005091e-04        1
1911 6.717858e-04        1
1912 2.537035e-03        1
1913 8.544051e-04        1
1914 2.548537e-05        1
1915 5.205785e-04        1
1916 3.303047e-07        1
1917 1.395108e-04        1
1918 8.704910e-04        1
1919 1.129729e-03        1
1920 5.367929e-04        1
1921 1.792295e-04        1
1922 5.006006e-05        1
1923 8.528258e-04        1
1924 1.863943e-04        1
1925 2.943072e-03        1
1926 3.522609e-05        1
1927 2.449714e-07        1
1928 1.446338e-04        1
1929 1.430690e-04        1
1930 4.290928e-07        1
1931 1.008742e-03        1
1932 6.198875e-03        1
1933 1.841543e-04        1
1934 4.745524e-04        1
1935 3.353641e-04        1
1936 1.725426e-04        1
1937 3.056410e-04        1
1938 6.090972e-04        1
1939 6.080407e-04        1
1940 9.217822e-05        1
1941 1.120844e-03        1
1942 2.195773e-03        1
1943 3.658187e-05        1
1944 4.942719e-03  0.02547
1945 5.156359e-04        1
1946 8.399395e-04        1
1947 1.583100e-03        1
1948 9.346668e-04        1
1949 4.292196e-04        1
1950 3.716139e-05        1
1951 1.946110e-05        1
1952 2.876873e-08        1
1953 5.079979e-05        1
1954 3.176690e-05        1
1955 3.575270e-04        1
1956 1.868648e-04        1
1957 3.217727e-04        1
1958 3.434627e-04        1
1959 3.146688e-03        1
1960 2.452244e-04        1
1961 1.749765e-03        1
1962 2.643912e-04        1
1963 1.078884e-05        1
1964 1.896094e-05        1
1965 2.883479e-04        1
1966 4.274983e-04        1
1967 6.776834e-04        1
1968 1.323184e-04        1
1969 9.979945e-04        1
1970 7.537415e-03        1
1971 1.056040e-04        1
1972 7.780051e-05        1
1973 3.259355e-03        1
1974 1.892903e-03        1
1975 7.881902e-04        1
1976 4.669351e-04        1
1977 1.181193e-03        1
1978 1.940584e-04        1
1979 2.257515e-06        1
1980 2.355120e-05        1
1981 4.563072e-04        1
1982 1.559643e-03        1
1983 4.472273e-05        1
1984 2.585205e-04        1
1985 3.560520e-04        1
1986 2.928340e-04        1
1987 2.117229e-04        1
1988 6.753616e-04        1
1989 1.355394e-04        1
1990 5.568462e-04        1
1991 1.313691e-03        1
1992 1.697446e-03        1
1993 4.981340e-04        1
1994 2.624168e-04        1
1995 8.256820e-09        1
1996 4.626598e-04        1
1997 1.607972e-03        1
1998 1.952895e-04        1
1999 4.306175e-04        1
2000 6.215003e-04        1
2001 6.933467e-05        1
2002 2.118348e-03        1
2003 7.246195e-06        1
2004 5.372854e-03        1
2005 1.992555e-05        1
2006 2.300925e-04        1
2007 3.121665e-04        1
2008 5.867590e-03        1
2009 8.664461e-06        1
2010 2.156202e-02        1
2011 5.096573e-04        1
2012 3.473212e-04        1
2013 5.406984e-04        1
2014 1.536965e-04        1
2015 1.048790e-03        1
2016 6.160722e-04        1
2017 2.365374e-03        1
2018 2.160732e-03        1
2019 3.675022e-04        1
2020 7.082244e-04        1
2021 5.621853e-05        1
2022 5.766079e-04        1
2023 5.896431e-05        1
2024 5.467530e-04        1
2025 9.288005e-05        1
2026 1.104544e-04        1
2027 8.373653e-04        1
2028 1.843962e-06        1
2029 8.470041e-04        1
2030 1.594893e-04        1
2031 8.110964e-05        1
2032 3.816220e-04        1
2033 5.595444e-04        1
2034 4.427666e-06        1
2035 1.496025e-03        1
2036 2.463036e-03        1
2037 1.388866e-03        1
2038 2.725574e-03        1
2039 4.131382e-05        1
2040 7.805860e-06        1
2041 1.670386e-04        1
2042 4.886365e-04        1
2043 2.079087e-04        1
2044 2.421523e-03        1
2045 2.415539e-04        1
2046 3.916244e-05        1
2047 6.186892e-04        1
2048 9.563142e-03        1
2049 2.576916e-04        1
2050 4.818382e-03        1
2051 2.251961e-04        1
2052 3.104584e-07        1
2053 2.590446e-04        1
2054 7.996677e-04        1
2055 2.287235e-05        1
2056 2.957149e-03        1
2057 1.488267e-03        1
2058 2.174483e-03        1
2059 3.983329e-04        1
2060 5.452179e-04        1
2061 7.442614e-03        1
2062 1.504589e-03        1
2063 3.444142e-03        1
2064 1.997602e-04        1
2065 3.021764e-04        1
2066 9.006057e-04        1
2067 2.688194e-03        1
2068 4.472442e-04        1
2069 1.208773e-03        1
2070 2.151192e-04        1
2071 1.620952e-04        1
2072 3.729784e-03        1
2073 1.313732e-03        1
2074 4.602822e-04        1
2075 1.185873e-03        1
2076 5.756004e-05        1
2077 1.752121e-03        1
2078 7.465280e-03        1
2079 3.266317e-05        1
2080 1.449168e-03        1
2081 1.124414e-04        1
2082 1.105561e-03        1
2083 4.563546e-04        1
2084 5.643233e-03        1
2085 1.282186e-05        1
2086 8.698755e-06        1
2087 9.734530e-06        1
2088 7.694815e-04        1
2089 3.907385e-05        1
2090 1.574546e-07        1
2091 2.383909e-06        1
2092 1.411392e-04        1
2093 2.255267e-06        1
2094 1.098872e-04        1
2095 1.963300e-04        1
2096 2.222150e-05        1
2097 1.107611e-03        1
2098 4.339654e-04        1
2099 6.010023e-06        1
2100 5.863480e-07        1
2101 3.584120e-05        1
2102 3.101511e-05        1
2103 6.601765e-05        1
2104 1.203385e-05        1
2105 1.948843e-03        1
2106 7.383949e-06        1
2107 3.169264e-04        1
2108 4.959689e-05        1
2109 1.643243e-03        1
2110 6.910829e-04        1
2111 1.704389e-03        1
2112 1.520471e-05        1
2113 5.843215e-04        1
2114 5.807435e-04        1
2115 1.056657e-03        1
2116 8.662716e-05        1
2117 5.306965e-04        1
2118 3.791042e-05        1
2119 2.640879e-07        1
2120 3.411519e-04        1
2121 1.580070e-03        1
2122 9.637910e-07        1
2123 1.564889e-04        1
2124 1.738866e-04        1
2125 4.403755e-04        1
2126 1.940959e-05        1
2127 1.504112e-01 <0.02547
2128 9.163747e-04        1
2129 3.338058e-04        1
2130 1.446137e-04        1
2131 4.837503e-05        1
2132 6.890400e-05        1
2133 1.010798e-03        1
2134 3.016709e-04        1
2135 6.161247e-04        1
2136 6.664209e-06        1
2137 4.202051e-03        1
2138 3.267011e-04        1
2139 1.448678e-04        1
2140 1.750545e-03        1
2141 2.464704e-05        1
2142 4.620716e-05        1
2143 1.532203e-03        1
2144 2.550338e-06        1
2145 5.925489e-03        1
2146 2.624186e-06        1
2147 4.320494e-05        1
2148 1.721399e-05        1
2149 2.600614e-04        1
2150 3.198637e-04        1
2151 4.247734e-04        1
2152 1.902991e-04        1
2153 2.509348e-04        1
2154 1.161971e-03        1
2155 2.933876e-06        1
2156 1.233495e-03        1
2157 2.249791e-04        1
2158 4.102730e-03        1
2159 1.064825e-03        1
2160 1.061383e-07        1
2161 6.083583e-02        1
2162 4.230726e-05        1
2163 1.900371e-03        1
2164 2.604179e-04        1
2165 2.994298e-02        1
2166 1.030641e-03        1
2167 6.808392e-03        1
2168 2.871147e-04        1
2169 2.346895e-04        1
2170 1.382105e-05        1
2171 2.034808e-03        1
2172 6.271475e-04        1
2173 7.735038e-06        1
2174 1.278058e-02        1
2175 7.186212e-05        1
2176 1.091638e-03        1
2177 2.900981e-05        1
2178 5.925896e-05        1
2179 2.272616e-04        1
2180 5.215914e-05        1
2181 5.810841e-05        1
2182 9.899183e-07        1
2183 1.940741e-05        1
2184 2.409413e-02        1
2185 9.900343e-04        1
2186 2.095308e-05        1
2187 6.524659e-06        1
2188 3.319195e-04        1
2189 5.749527e-04        1
2190 9.231949e-04        1
2191 8.554073e-04        1
2192 3.493855e-03        1
2193 2.005358e-06        1
2194 5.729851e-05        1
2195 1.475625e-03        1
2196 6.438955e-08        1
2197 2.411312e-04        1
2198 6.351969e-04        1
2199 1.050493e-04        1
2200 1.769579e-04        1
2201 1.543286e-03        1
2202 4.164049e-04        1
2203 9.337463e-04        1
2204 3.365685e-04        1
2205 4.176508e-05        1
2206 3.824213e-04        1
2207 4.141689e-05        1
2208 5.633711e-05        1
2209 1.022145e-05        1
2210 1.617582e-05        1
2211 2.290868e-03        1
2212 2.904334e-04        1
2213 3.733270e-03        1
2214 2.524828e-05        1
2215 1.765746e-04        1
2216 8.974602e-04        1
2217 1.443181e-03        1
2218 6.321829e-04        1
2219 2.115489e-05        1
2220 6.660785e-04        1
2221 1.065891e-03        1
2222 5.718045e-03        1
2223 2.812528e-03        1
2224 3.094386e-04        1
2225 1.084604e-04        1
2226 3.915917e-05        1
2227 1.478949e-05        1
2228 1.615408e-04        1
2229 1.576632e-04        1
2230 4.933085e-03        1
2231 1.109858e-02        1
2232 6.023248e-07        1
2233 5.664880e-04        1
2234 8.624222e-03        1
2235 7.581967e-04        1
2236 6.814361e-04        1
2237 4.653108e-03        1
2238 1.913199e-05        1
2239 8.183027e-06        1
2240 4.551384e-04        1
2241 6.149486e-04        1
2242 2.066931e-04        1
2243 8.543060e-04        1
2244 6.662783e-04        1
2245 8.673238e-04        1
2246 2.534179e-04        1
2247 5.979212e-04        1
2248 1.344479e-07        1
2249 3.286104e-04        1
2250 1.042228e-03        1
2251 7.700727e-03        1
2252 1.389499e-04        1
2253 2.886207e-04        1
2254 5.483711e-04        1
2255 1.543018e-02        1
2256 6.527329e-05        1
2257 1.599861e-06        1
2258 2.527758e-04        1
2259 2.968862e-04        1
2260 7.588719e-05        1
2261 3.302962e-04        1
2262 1.754322e-03        1
2263 7.041345e-05        1
2264 1.359207e-03        1
2265 7.047677e-04        1
2266 3.617193e-05        1
2267 5.783160e-05        1
2268 8.335200e-04        1
2269 9.722394e-04        1
2270 1.573572e-03        1
2271 1.553385e-05        1
2272 5.021722e-08        1
2273 2.851078e-04        1
2274 1.233264e-03        1
2275 1.584872e-03        1
2276 1.882359e-03        1
2277 5.459932e-04        1
2278 2.497985e-04        1
2279 2.008406e-04        1
2280 1.905533e-02        1
2281 9.788801e-04        1
2282 6.340162e-05        1
2283 6.623038e-04        1
2284 2.753665e-04        1
2285 7.899317e-04        1
2286 1.634282e-04        1
2287 1.915577e-03        1
2288 1.544996e-03        1
2289 2.035715e-04        1
2290 8.928746e-05        1
2291 2.549565e-05        1
2292 3.688940e-04        1
2293 1.060065e-04        1
2294 1.246338e-05        1
2295 7.879252e-05        1
2296 3.297173e-05        1
2297 2.589000e-04        1
2298 4.129598e-04        1
2299 2.720162e-04        1
2300 1.565311e-04        1
2301 3.592129e-03        1
2302 3.035124e-03        1
2303 2.863580e-04        1
2304 3.766447e-04        1
2305 4.664343e-04        1
2306 6.649884e-05        1
2307 3.551689e-03        1
2308 5.610636e-04        1
2309 9.417180e-04        1
2310 2.261655e-03        1
2311 2.749803e-04        1
2312 3.220062e-04        1
2313 3.846869e-03        1
2314 7.404996e-03        1
2315 3.071210e-04        1
2316 4.261823e-03        1
2317 3.875632e-04        1
2318 1.663146e-03        1
2319 1.441724e-05        1
2320 5.374845e-06        1
2321 1.032693e-03        1
2322 2.144098e-05        1
2323 6.013805e-05        1
2324 1.905894e-04        1
2325 1.313631e-05        1
2326 4.707268e-05        1
2327 2.073543e-03        1
2328 1.780607e-04        1
2329 2.213849e-06        1
2330 4.817171e-04        1
2331 3.195816e-05        1
2332 3.158750e-06        1
2333 7.453680e-05        1
2334 1.458931e-04        1
2335 3.471200e-05        1
2336 2.498710e-04        1
2337 2.195801e-04        1
2338 1.880971e-04        1
2339 4.218560e-05        1
2340 1.499845e-03        1
2341 2.709292e-03        1
2342 2.323806e-04        1
2343 8.570060e-05        1
2344 1.031395e-03        1
2345 1.213197e-03        1
2346 3.478631e-05        1
2347 5.048329e-05        1
2348 2.191318e-03        1
2349 2.020305e-02        1
2350 2.126529e-04        1
2351 9.008191e-04        1
2352 4.384737e-04        1
2353 3.355680e-03        1
2354 4.285875e-04        1
2355 9.258564e-05        1
2356 4.691933e-04        1
2357 7.302734e-04        1
2358 4.928856e-04        1
2359 6.439194e-03        1
2360 8.350551e-04        1
2361 7.670404e-04        1
2362 1.174474e-03        1
2363 4.402575e-04        1
2364 3.340066e-03        1
2365 7.120261e-05        1
2366 7.032743e-04        1
2367 2.974779e-04        1
2368 9.887577e-05        1
2369 6.852396e-04        1
2370 1.404528e-05        1
2371 3.766104e-04        1
2372 1.984662e-03        1
2373 4.827851e-04        1
2374 1.145241e-03        1
2375 4.076262e-03        1
2376 1.181643e-03        1
2377 3.046768e-05        1
2378 2.241445e-04        1
2379 4.199330e-03        1
2380 1.431077e-03        1
2381 7.070355e-06        1
2382 1.719873e-04        1
2383 6.995566e-04        1
2384 2.708964e-05        1
2385 2.196707e-05        1
2386 4.391410e-04        1
2387 1.432625e-06        1
2388 1.111503e-04        1
2389 2.702483e-06        1
2390 5.341884e-04        1
2391 2.288228e-03        1
2392 3.761350e-05        1
2393 1.894527e-04        1
2394 4.702977e-04        1
2395 1.770167e-05        1
2396 2.325053e-04        1
2397 4.297704e-05        1
2398 1.554666e-03        1
2399 1.523406e-06        1
2400 1.159187e-04        1
2401 3.538508e-05        1
2402 3.598968e-04        1
2403 2.071672e-04        1
2404 3.496627e-05        1
2405 2.201783e-07        1
2406 4.652015e-05        1
2407 9.266954e-05        1
2408 3.101398e-05        1
2409 6.697016e-04        1
2410 3.705400e-05        1
2411 9.660056e-06        1
2412 7.909366e-04        1
2413 1.471241e-05        1
2414 1.766064e-05        1
2415 8.547976e-05        1
2416 3.230913e-03        1
2417 1.486509e-03        1
2418 1.086160e-06        1
2419 1.291725e-04        1
2420 1.140652e-03        1
2421 4.423176e-05        1
2422 1.365720e-03        1
2423 6.666607e-06        1
2424 2.126094e-05        1
2425 5.664516e-05        1
2426 9.345572e-04        1
2427 1.248753e-04        1
2428 6.477401e-04        1
2429 1.001052e-04        1
2430 5.818453e-04        1
2431 2.425239e-04        1
2432 1.171018e-04        1
2433 1.965629e-04        1
2434 1.026550e-04        1
2435 8.545079e-04        1
2436 1.142981e-03        1
2437 1.184625e-04        1
2438 1.433634e-05        1
2439 2.280478e-04        1
2440 3.325789e-05        1
2441 1.914107e-03        1
2442 4.313335e-05        1
2443 3.311033e-04        1
2444 2.209178e-03        1
2445 1.634212e-04        1
2446 8.388456e-06        1
2447 8.945609e-04        1
2448 4.610662e-03        1
2449 8.165926e-04        1
2450 4.718565e-05        1
2451 7.228283e-11        1
2452 4.372762e-05        1
2453 2.171682e-03        1
2454 4.358916e-04        1
2455 1.612597e-04        1
2456 2.654622e-04        1
2457 1.192553e-03        1
2458 7.936831e-06        1
2459 5.036129e-05        1
2460 2.427265e-03        1
2461 3.400995e-07        1
2462 5.476024e-04        1
2463 8.227146e-04        1
2464 1.682794e-07        1
2465 5.474347e-04        1
2466 2.639704e-05        1
2467 6.967545e-05        1
2468 6.517602e-05        1
2469 4.440110e-06        1
2470 1.008258e-04        1
2471 2.993430e-04        1
2472 2.308181e-04        1
2473 3.865494e-05        1
2474 2.473144e-04        1
2475 2.582793e-04        1
2476 1.029388e-05        1
2477 9.770569e-05        1
2478 6.714899e-06        1
2479 1.290543e-05        1
2480 3.997409e-06        1
2481 2.272976e-04        1
2482 6.680419e-06        1
2483 4.766265e-05        1
2484 1.860971e-03        1
2485 5.706734e-05        1
2486 3.759107e-04        1
2487 1.862373e-03        1
2488 2.614599e-04        1
2489 2.542775e-04        1
2490 1.165052e-05        1
2491 1.079767e-03        1
2492 1.104087e-04        1
2493 4.321914e-04        1
2494 2.077806e-04        1
2495 7.562587e-05        1
2496 1.182124e-03        1
2497 7.604366e-04        1
2498 7.648576e-06        1
2499 1.022327e-04        1
2500 1.962816e-04        1
2501 8.432477e-04        1
2502 4.377130e-04        1
2503 3.771357e-03        1
2504 4.832765e-03        1
2505 6.866566e-04        1
2506 1.413174e-04        1
2507 1.119329e-03        1
2508 8.994211e-05        1
2509 2.068843e-05        1
2510 3.506687e-04        1
2511 1.099957e-03        1
2512 3.570702e-06        1
2513 8.765018e-04        1
2514 2.440524e-04        1
2515 1.825376e-04        1
2516 7.285831e-04        1
2517 1.095240e-04        1
2518 1.381984e-04        1
2519 4.271853e-05        1
2520 3.052720e-04        1
2521 2.976240e-05        1
2522 1.984137e-04        1
2523 2.869333e-04        1
2524 6.667152e-05        1
2525 1.986560e-07        1
2526 1.666449e-04        1
2527 1.048867e-04        1
2528 4.800830e-05        1
2529 6.648468e-04        1
2530 2.560801e-05        1
2531 8.901322e-05        1
2532 7.370380e-05        1
2533 2.289899e-04        1
2534 6.549278e-04        1
2535 1.165773e-03        1
2536 1.193971e-04        1
2537 6.676936e-06        1
2538 9.175336e-04        1
2539 3.587346e-07        1
2540 4.873367e-04        1
2541 5.773205e-05        1
2542 1.651687e-04        1
2543 2.365659e-04        1
2544 9.211655e-04        1
2545 9.354554e-04        1
2546 2.274797e-05        1
2547 3.072627e-05        1

$`MR-PRESSO results`$`Distortion Test`
$`MR-PRESSO results`$`Distortion Test`$`Outliers Indices`
[1] 1724 1944 2127

$`MR-PRESSO results`$`Distortion Test`$`Distortion Coefficient`
beta.exposure 
     37.77608 

$`MR-PRESSO results`$`Distortion Test`$Pvalue
[1] 0.74489



