$`Main MR results`
       Exposure       MR Analysis Causal Estimate          Sd    T-stat
1 beta.exposure               Raw    -0.002311076 0.002288545 -1.009845
2 beta.exposure Outlier-corrected    -0.003252821 0.002216878 -1.467298
    P-value
1 0.3127569
2 0.1425363

$`MR-PRESSO results`
$`MR-PRESSO results`$`Global Test`
$`MR-PRESSO results`$`Global Test`$RSSobs
[1] 1760.457

$`MR-PRESSO results`$`Global Test`$Pvalue
[1] "<1.33333333333333e-05"


$`MR-PRESSO results`$`Outlier Test`
           RSSobs              Pvalue
1    1.407916e-04                   1
2    2.105194e-04                   1
3    5.083854e-06                   1
4    4.363105e-04                   1
5    2.224169e-04                   1
6    4.136020e-04                   1
7    3.228561e-04                   1
8    1.054875e-03                   1
9    2.253327e-04                   1
10   1.007457e-03                   1
11   2.388318e-07                   1
12   3.488344e-05                   1
13   1.177199e-04                   1
14   4.812705e-05                   1
15   2.207618e-04                   1
16   3.214249e-04                   1
17   7.816606e-04                   1
18   1.060818e-03                   1
19   1.835591e-07                   1
20   7.427096e-04                   1
21   1.657064e-05                   1
22   7.320541e-04                   1
23   1.181135e-04                   1
24   9.874766e-04                   1
25   5.488334e-04                   1
26   1.167090e-04                   1
27   5.815630e-04                   1
28   2.023531e-04                   1
29   5.939275e-05                   1
30   4.467939e-08                   1
31   3.782641e-05                   1
32   1.834297e-05                   1
33   1.923713e-04                   1
34   5.837240e-04                   1
35   1.011508e-04                   1
36   1.199960e-03                   1
37   1.644268e-07                   1
38   1.775354e-06                   1
39   2.558302e-04                   1
40   5.000244e-04                   1
41   7.219032e-04                   1
42   1.298811e-03                   1
43   1.845370e-06                   1
44   2.411106e-07                   1
45   7.729886e-04                   1
46   1.563064e-04                   1
47   2.880118e-05                   1
48   2.940277e-03                   1
49   5.211376e-04                   1
50   4.318790e-05                   1
51   4.317966e-05                   1
52   2.222672e-05                   1
53   4.150518e-05                   1
54   7.626127e-06                   1
55   4.929577e-04                   1
56   1.567006e-04                   1
57   1.417500e-04                   1
58   1.879210e-03                   1
59   2.082669e-05                   1
60   2.506434e-09                   1
61   9.133946e-04                   1
62   2.337094e-04                   1
63   5.085051e-04                   1
64   4.021429e-04                   1
65   1.462211e-03                   1
66   1.423629e-04                   1
67   2.422721e-03                   1
68   7.937963e-05                   1
69   6.712678e-04                   1
70   1.480924e-04                   1
71   1.134148e-04                   1
72   9.939126e-04                   1
73   5.678537e-05                   1
74   4.111274e-05                   1
75   1.653637e-05                   1
76   9.590809e-06                   1
77   3.387756e-05                   1
78   1.733393e-04                   1
79   1.858494e-03                   1
80   7.599718e-06                   1
81   1.568630e-05                   1
82   3.808847e-04                   1
83   1.777215e-03                   1
84   7.549738e-05                   1
85   2.833817e-03                   1
86   7.352586e-04                   1
87   3.762631e-05                   1
88   1.411654e-05                   1
89   8.335887e-04                   1
90   1.467692e-03                   1
91   4.873504e-05                   1
92   4.013191e-04                   1
93   4.378041e-05                   1
94   5.266059e-06                   1
95   1.053840e-03                   1
96   8.652601e-06                   1
97   1.937330e-04                   1
98   7.730475e-06                   1
99   7.057129e-04                   1
100  7.369605e-05                   1
101  1.669618e-03                   1
102  4.241694e-04                   1
103  2.496443e-05                   1
104  8.306786e-04                   1
105  8.365108e-06                   1
106  8.829174e-05                   1
107  2.651058e-03                   1
108  2.423356e-05                   1
109  1.336243e-08                   1
110  1.708310e-05                   1
111  1.047017e-04                   1
112  2.864075e-04                   1
113  1.008871e-03                   1
114  1.830897e-03                   1
115  1.274533e-03                   1
116  8.074256e-07                   1
117  1.269029e-04                   1
118  5.297091e-03                   1
119  2.511002e-06                   1
120  2.351238e-04                   1
121  1.132475e-05                   1
122  3.264977e-06                   1
123  1.306019e-03                   1
124  1.780764e-03                   1
125  8.290723e-04                   1
126  5.115889e-04                   1
127  5.667350e-04                   1
128  1.654171e-03                   1
129  1.546367e-03                   1
130  2.934983e-04                   1
131  9.450028e-04                   1
132  9.557303e-03                   1
133  2.626735e-02                   1
134  3.557097e-05                   1
135  4.127157e-05                   1
136  6.297188e-04                   1
137  6.682571e-05                   1
138  2.415745e-05                   1
139  6.142423e-03                   1
140  5.320991e-05                   1
141  7.521395e-04                   1
142  2.325681e-07                   1
143  1.405421e-06                   1
144  5.395462e-04                   1
145  2.179845e-06                   1
146  5.079036e-07                   1
147  2.467115e-03                   1
148  2.486690e-04                   1
149  1.335767e-03                   1
150  1.957632e-04                   1
151  5.383100e-05                   1
152  3.610798e-04                   1
153  1.855612e-04                   1
154  7.129187e-04                   1
155  2.708739e-04                   1
156  7.299639e-05                   1
157  1.028198e-03                   1
158  2.882577e-03                   1
159  9.909530e-04                   1
160  2.413460e-03                   1
161  8.691320e-05                   1
162  1.286417e-05                   1
163  2.030855e-04                   1
164  1.800268e-04                   1
165  7.818092e-04                   1
166  6.165139e-05                   1
167  6.244151e-04                   1
168  4.077508e-04                   1
169  7.476964e-05                   1
170  4.718164e-04                   1
171  1.581297e-03                   1
172  7.011274e-04                   1
173  1.005562e-04                   1
174  5.223201e-04                   1
175  2.367530e-05                   1
176  6.585591e-03                   1
177  2.505479e-04                   1
178  7.624376e-05                   1
179  5.458448e-05                   1
180  5.124009e-04                   1
181  6.485315e-03                   1
182  3.926353e-04                   1
183  3.456028e-04                   1
184  8.961703e-04                   1
185  3.735177e-06                   1
186  6.017220e-04                   1
187  1.782898e-05                   1
188  8.189163e-04                   1
189  1.923486e-04                   1
190  1.401165e-03                   1
191  3.174638e-04                   1
192  2.924025e-03                   1
193  1.498980e-03                   1
194  3.755921e-05                   1
195  5.152432e-04                   1
196  7.662142e-04                   1
197  1.749181e-04                   1
198  2.251777e-05                   1
199  3.460032e-04                   1
200  5.376654e-04                   1
201  5.371638e-04                   1
202  3.188148e-04                   1
203  9.325355e-05                   1
204  2.517201e-05                   1
205  8.357073e-04                   1
206  1.158422e-03                   1
207  4.675340e-04                   1
208  6.827825e-07                   1
209  1.009511e-04                   1
210  9.742549e-04                   1
211  1.204662e-05                   1
212  1.691805e-05                   1
213  3.933281e-04                   1
214  9.663606e-04                   1
215  5.894801e-03                   1
216  5.319669e-04                   1
217  1.980188e-04                   1
218  2.715956e-05                   1
219  1.177340e-03                   1
220  1.761816e-04                   1
221  1.557881e-04                   1
222  6.064097e-04                   1
223  6.522434e-04                   1
224  3.387954e-04                   1
225  8.942676e-04                   1
226  1.853242e-03                   1
227  8.794826e-05                   1
228  2.015377e-04                   1
229  6.463156e-04                   1
230  5.801390e-03                   1
231  4.575863e-06                   1
232  4.847771e-05                   1
233  4.160024e-04                   1
234  2.043408e-04                   1
235  1.207583e-04                   1
236  8.348873e-04                   1
237  5.842029e-05                   1
238  1.985085e-03                   1
239  5.700281e-05                   1
240  1.580665e-03                   1
241  1.310090e-04                   1
242  1.823276e-05                   1
243  1.138494e-06                   1
244  2.446251e-04                   1
245  8.654829e-04                   1
246  1.168142e-03                   1
247  1.630296e-04                   1
248  6.210541e-03                   1
249  2.790391e-05                   1
250  6.935921e-04                   1
251  8.563810e-04                   1
252  1.924270e-05                   1
253  6.174344e-04                   1
254  7.216447e-04                   1
255  3.125124e-06                   1
256  7.264179e-06                   1
257  3.588732e-05                   1
258  1.046905e-05                   1
259  9.810731e-05                   1
260  1.090085e-03                   1
261  3.745450e-04                   1
262  1.614085e-04                   1
263  2.005259e-04                   1
264  6.751414e-05                   1
265  3.928255e-04                   1
266  1.401023e-04                   1
267  6.155580e-04                   1
268  9.242695e-05                   1
269  2.202695e-04                   1
270  2.211490e-04                   1
271  2.723334e-05                   1
272  3.931393e-05                   1
273  9.917502e-04                   1
274  1.153071e-03                   1
275  7.772969e-04                   1
276  3.351829e-07                   1
277  5.359620e-04                   1
278  9.157848e-08                   1
279  5.068926e-05                   1
280  5.289811e-05                   1
281  3.298359e-04                   1
282  2.141340e-03                   1
283  2.924344e-04                   1
284  5.486892e-04                   1
285  1.510902e-03                   1
286  3.363547e-06                   1
287  1.543831e-03                   1
288  3.872927e-05                   1
289  1.665755e-03                   1
290  2.364977e-04                   1
291  7.139501e-05                   1
292  1.730343e-05                   1
293  5.912463e-05                   1
294  3.471431e-05                   1
295  2.397655e-03                   1
296  4.038527e-08                   1
297  2.441931e-03                   1
298  2.208928e-04                   1
299  1.412877e-05                   1
300  4.896887e-04                   1
301  1.808226e-06                   1
302  2.977867e-04                   1
303  1.809700e-04                   1
304  1.165294e-06                   1
305  5.445336e-09                   1
306  8.684897e-05                   1
307  7.915628e-05                   1
308  8.711414e-04                   1
309  1.691337e-05                   1
310  3.952723e-07                   1
311  3.143819e-06                   1
312  2.717633e-04                   1
313  1.163911e-05                   1
314  5.514669e-05                   1
315  1.112827e-05                   1
316  1.192661e-03                   1
317  5.246673e-06                   1
318  7.326456e-06                   1
319  3.884551e-04                   1
320  9.700194e-04                   1
321  2.424009e-05                   1
322  1.909743e-04                   1
323  2.588851e-05                   1
324  5.939047e-04                   1
325  1.249591e-04                   1
326  2.105433e-05                   1
327  8.754321e-08                   1
328  8.237289e-03                   1
329  2.019992e-03                   1
330  4.013242e-03                   1
331  4.682609e-04                   1
332  9.040473e-04                   1
333  4.067033e-08                   1
334  4.295652e-03                   1
335  3.731213e-05                   1
336  3.797017e-04                   1
337  4.580414e-03                   1
338  1.103529e-04                   1
339  2.500656e-06                   1
340  4.064623e-04                   1
341  6.905181e-05                   1
342  7.310443e-03                   1
343  8.577602e-04                   1
344  5.560136e-02                   1
345  2.020827e-03                   1
346  1.422457e-03                   1
347  3.484010e-02                   1
348  2.927256e-04                   1
349  5.493801e-05                   1
350  3.172802e-02                   1
351  9.986177e-05                   1
352  5.518172e-03                   1
353  2.604382e-03                   1
354  1.123855e-06                   1
355  4.129823e-03                   1
356  8.917014e-04                   1
357  3.155902e-05                   1
358  2.369875e-04                   1
359  4.065489e-04                   1
360  3.846773e-04                   1
361  5.951122e-04                   1
362  3.278830e-04                   1
363  6.163692e-04                   1
364  3.142713e-05                   1
365  8.859946e-04                   1
366  8.950593e-04                   1
367  4.404471e-05                   1
368  8.922925e-07                   1
369  2.011566e-04                   1
370  2.480182e-03                   1
371  3.933498e-04                   1
372  9.862667e-04                   1
373  1.879788e-03                   1
374  1.316298e-03                   1
375  9.572779e-04                   1
376  3.728793e-04                   1
377  3.619159e-06                   1
378  1.311195e-03                   1
379  2.387115e-05                   1
380  7.620901e-05                   1
381  3.354206e-04                   1
382  1.184274e-05                   1
383  1.822379e-04                   1
384  1.313381e-08                   1
385  4.547674e-04                   1
386  2.115225e-05                   1
387  1.183074e-05                   1
388  2.091450e-03                   1
389  2.021969e-04                   1
390  7.820326e-05                   1
391  4.279776e-03                   1
392  2.904453e-07                   1
393  1.029081e-04                   1
394  4.425934e-03                   1
395  1.275828e-05                   1
396  8.003654e-04                   1
397  2.307815e-04                   1
398  1.087434e-02                   1
399  3.880774e-02                   1
400  4.127532e-04                   1
401  8.953592e-04                   1
402  2.175628e-04                   1
403  4.608885e-04                   1
404  3.644693e-04                   1
405  4.990047e-05                   1
406  5.835078e-05                   1
407  1.157716e-04                   1
408  1.842812e-03                   1
409  8.170614e-04                   1
410  3.344502e-05                   1
411  1.286649e-04                   1
412  2.002089e-06                   1
413  1.660911e-02                   1
414  5.386873e-05                   1
415  1.420052e-03                   1
416  1.403123e-03                   1
417  2.507954e-04                   1
418  1.753597e-03                   1
419  2.727177e-03                   1
420  1.544004e-04                   1
421  5.763939e-04                   1
422  1.295570e-04                   1
423  3.654870e-05                   1
424  2.250212e-05                   1
425  1.805400e-03                   1
426  1.783246e-04                   1
427  6.715376e-05                   1
428  4.392905e-03                   1
429  1.767476e-04                   1
430  3.837038e-04                   1
431  1.301248e-07                   1
432  1.174258e-05                   1
433  5.240050e-05                   1
434  2.996413e-06                   1
435  3.952285e-04                   1
436  1.769588e-04                   1
437  3.575120e-05                   1
438  2.675392e-04                   1
439  3.939236e-06                   1
440  1.408059e-05                   1
441  2.179185e-05                   1
442  1.546015e-04                   1
443  1.228006e-04                   1
444  5.349790e-04                   1
445  3.553820e-03                   1
446  4.667325e-05                   1
447  2.601925e-04                   1
448  6.305576e-07                   1
449  1.365780e-04                   1
450  1.676605e-03                   1
451  7.352829e-05                   1
452  2.984760e-04                   1
453  5.199564e-05                   1
454  1.313519e-04                   1
455  2.586498e-04                   1
456  1.206140e-03                   1
457  4.569795e-04                   1
458  1.685995e-04                   1
459  4.764693e-06                   1
460  3.090342e-04                   1
461  6.078366e-04                   1
462  1.847755e-03                   1
463  8.445788e-04                   1
464  2.082437e-04                   1
465  4.132566e-04                   1
466  2.008790e-03                   1
467  1.665908e-06                   1
468  1.547923e-03                   1
469  4.245111e-04                   1
470  4.828545e-04                   1
471  3.355066e-05                   1
472  7.034490e-03                   1
473  1.859533e-03                   1
474  3.024984e-04                   1
475  3.781074e-04                   1
476  3.961997e-04                   1
477  7.197380e-04                   1
478  6.663751e-05                   1
479  8.061167e-06                   1
480  4.358069e-04                   1
481  1.080954e-03                   1
482  8.075924e-06                   1
483  3.428876e-04                   1
484  3.592610e-05                   1
485  2.695998e-05                   1
486  5.223239e-04                   1
487  1.267462e-04                   1
488  6.680227e-09                   1
489  2.230157e-04                   1
490  5.018808e-04                   1
491  2.466582e-04                   1
492  1.818599e-03                   1
493  1.893740e-05                   1
494  1.183995e-05                   1
495  3.651258e-03                   1
496  4.941746e-04                   1
497  9.447153e-04                   1
498  4.254255e-05                   1
499  3.643052e-05                   1
500  3.164491e-04                   1
501  1.807223e-04                   1
502  2.101211e-04                   1
503  2.213155e-03                   1
504  6.919033e-05                   1
505  9.196548e-07                   1
506  2.882886e-04                   1
507  9.182192e-04                   1
508  2.755767e-04                   1
509  1.595415e-04                   1
510  5.462661e-04                   1
511  3.149599e-05                   1
512  4.287259e-05                   1
513  1.116661e-04                   1
514  1.604486e-07                   1
515  1.568306e-05                   1
516  2.416598e-05                   1
517  7.326924e-06                   1
518  8.727617e-05                   1
519  1.964135e-04                   1
520  3.026135e-04                   1
521  1.105978e-05                   1
522  4.708624e-04                   1
523  8.115793e-04                   1
524  7.078806e-05                   1
525  1.184159e-04                   1
526  2.099988e-04                   1
527  1.221693e-04                   1
528  5.104830e-05                   1
529  1.380190e-04                   1
530  4.957485e-04                   1
531  2.719419e-04                   1
532  2.116076e-04                   1
533  3.501757e-04                   1
534  1.763873e-06                   1
535  1.447638e-06                   1
536  4.393592e-04                   1
537  7.978864e-05                   1
538  1.440488e-04                   1
539  1.341151e-04                   1
540  3.045099e-04                   1
541  1.724194e-03                   1
542  2.361608e-03                   1
543  1.719074e-05                   1
544  5.842112e-04                   1
545  3.928695e-04                   1
546  5.723866e-04                   1
547  1.015558e-05                   1
548  2.217712e-03                   1
549  1.281986e-04                   1
550  8.585811e-04                   1
551  1.123736e-04                   1
552  2.717050e-04                   1
553  1.428915e-04                   1
554  1.206088e-03                   1
555  2.119960e-04                   1
556  2.716965e-04                   1
557  1.676790e-03                   1
558  1.853756e-03                   1
559  1.578945e-03                   1
560  5.358670e-06                   1
561  9.238330e-05                   1
562  1.460131e-04                   1
563  3.945739e-04                   1
564  1.276498e-03                   1
565  9.904026e-07                   1
566  9.197880e-05                   1
567  3.757988e-04                   1
568  2.403009e-05                   1
569  8.704188e-05                   1
570  3.104216e-04                   1
571  3.802276e-04                   1
572  3.123921e-04                   1
573  4.097225e-04                   1
574  1.566554e-04                   1
575  2.793835e-03                   1
576  4.362221e-04                   1
577  7.462998e-04                   1
578  1.976820e-05                   1
579  4.038181e-04                   1
580  1.134219e-05                   1
581  2.100081e-05                   1
582  1.540674e-03                   1
583  6.018760e-06                   1
584  1.088907e-03                   1
585  4.592579e-04                   1
586  7.742466e-07                   1
587  4.840046e-04                   1
588  7.629461e-04                   1
589  3.876621e-04                   1
590  1.658925e-04                   1
591  6.613865e-05                   1
592  6.193567e-04                   1
593  1.164465e-05                   1
594  5.078689e-06                   1
595  7.067586e-04                   1
596  1.132009e-04                   1
597  8.067691e-04                   1
598  5.088370e-03                   1
599  3.506815e-04                   1
600  2.424440e-05                   1
601  8.598557e-05                   1
602  2.179419e-04                   1
603  5.043064e-04                   1
604  5.182022e-04                   1
605  1.851187e-04                   1
606  1.850219e-04                   1
607  9.884710e-06                   1
608  7.608444e-07                   1
609  1.383583e-05                   1
610  3.615159e-04                   1
611  2.315518e-03                   1
612  1.883890e-03                   1
613  7.132164e-05                   1
614  8.544009e-03                   1
615  1.756811e-03                   1
616  5.575643e-05                   1
617  1.172836e-02                   1
618  6.270263e-05                   1
619  1.680850e-03                   1
620  1.755941e-04                   1
621  1.884973e-04                   1
622  3.348823e-04                   1
623  2.726423e-04                   1
624  1.007150e-04                   1
625  9.484682e-06                   1
626  3.077022e-05                   1
627  3.467933e-05                   1
628  1.302479e-06                   1
629  6.201471e-04                   1
630  5.789995e-06                   1
631  3.166414e-05                   1
632  8.710755e-06                   1
633  3.527264e-05                   1
634  2.572771e-05                   1
635  7.979079e-04                   1
636  6.351195e-03                   1
637  2.433998e-04                   1
638  7.945461e-05                   1
639  5.129143e-04                   1
640  1.997116e-03                   1
641  5.040251e-03                   1
642  1.296622e-04                   1
643  4.953521e-03                   1
644  8.195057e-04                   1
645  4.588021e-04                   1
646  2.872618e-04                   1
647  6.187794e-04                   1
648  2.245168e-04                   1
649  2.027902e-04                   1
650  1.474761e-04                   1
651  1.047528e-02                   1
652  3.081170e-05                   1
653  1.927278e-05                   1
654  1.085780e-03                   1
655  3.063277e-04                   1
656  2.967647e-04                   1
657  2.356321e-04                   1
658  1.791018e-06                   1
659  2.755201e-04                   1
660  6.184847e-04                   1
661  1.040727e-05                   1
662  9.728635e-05                   1
663  2.734200e-04                   1
664  1.379315e-04                   1
665  5.642877e-03                   1
666  4.170774e-03                   1
667  5.218715e-04                   1
668  1.097911e-04                   1
669  1.207191e-03                   1
670  3.629407e-05                   1
671  1.984098e-04                   1
672  5.513224e-04                   1
673  1.311710e-03                   1
674  4.401589e-04                   1
675  3.040387e-04                   1
676  7.014654e-05                   1
677  1.987661e-04                   1
678  1.236217e-03                   1
679  1.182040e-05                   1
680  1.101283e-04                   1
681  2.257892e-03                   1
682  3.381220e-04                   1
683  2.618516e-04                   1
684  7.128520e-08                   1
685  2.041792e-06                   1
686  4.932737e-05                   1
687  3.414836e-04                   1
688  1.863439e-04                   1
689  3.240279e-04                   1
690  2.428667e-03                   1
691  3.255972e-04                   1
692  3.977525e-05                   1
693  3.296733e-06                   1
694  3.879008e-05                   1
695  5.568033e-05                   1
696  4.312952e-04                   1
697  2.418103e-03                   1
698  2.890266e-04                   1
699  2.521838e-07                   1
700  4.592093e-07                   1
701  2.818422e-04                   1
702  1.950308e-03                   1
703  9.528736e-05                   1
704  4.427649e-04                   1
705  7.513722e-05                   1
706  5.280700e-05                   1
707  6.718136e-04                   1
708  2.152521e-05                   1
709  1.696050e-03                   1
710  4.650712e-05                   1
711  4.882603e-04                   1
712  3.215723e-05                   1
713  5.825720e-06                   1
714  1.123180e-04                   1
715  5.429282e-04                   1
716  2.444693e-05                   1
717  5.245036e-06                   1
718  2.183245e-10                   1
719  6.105381e-04                   1
720  6.024374e-05                   1
721  2.630117e-03                   1
722  7.709123e-04                   1
723  4.534752e-06                   1
724  4.852450e-04                   1
725  1.095900e-05                   1
726  1.037255e-04                   1
727  1.459136e-04                   1
728  3.306207e-04                   1
729  1.312436e-08                   1
730  5.252977e-04                   1
731  3.121834e-03             0.57464
732  1.079455e-05                   1
733  7.616457e-06                   1
734  1.092064e-04                   1
735  2.723723e-05                   1
736  7.848274e-08                   1
737  1.197854e-05                   1
738  4.720309e-04                   1
739  2.355211e-04                   1
740  4.075105e-04                   1
741  2.830827e-04                   1
742  4.783884e-04                   1
743  7.839770e-04                   1
744  2.588142e-05                   1
745  9.957829e-06                   1
746  2.123263e-03                   1
747  4.466830e-04                   1
748  5.289096e-04                   1
749  1.428680e-04                   1
750  1.023632e-03                   1
751  1.303810e-06                   1
752  6.024934e-04                   1
753  2.776571e-04                   1
754  1.079070e-03                   1
755  2.429761e-04                   1
756  3.719755e-05                   1
757  1.407414e-04                   1
758  6.306460e-03                   1
759  3.295914e-04                   1
760  1.150937e-05                   1
761  5.334392e-04                   1
762  8.121947e-04                   1
763  7.749288e-05                   1
764  6.248287e-04                   1
765  4.039111e-04                   1
766  5.174251e-05                   1
767  1.176656e-04                   1
768  9.906619e-05                   1
769  7.727144e-08                   1
770  4.677574e-05                   1
771  1.702546e-07                   1
772  2.793771e-04                   1
773  2.748543e-03                   1
774  1.395554e-03                   1
775  2.175128e-06                   1
776  9.142961e-06                   1
777  1.036578e-04                   1
778  2.812758e-04                   1
779  4.417153e-05                   1
780  1.342580e-06                   1
781  6.940410e-05                   1
782  1.647614e-03                   1
783  9.838257e-05                   1
784  2.062627e-03                   1
785  5.510725e-04                   1
786  2.603193e-04                   1
787  1.987519e-03                   1
788  8.740441e-04                   1
789  5.279633e-04                   1
790  6.460409e-06                   1
791  1.810240e-04                   1
792  1.364971e-03                   1
793  2.948672e-03                   1
794  1.066580e-03                   1
795  1.141229e-04                   1
796  1.830485e-04                   1
797  4.018963e-05                   1
798  5.989821e-03                   1
799  1.928473e-05                   1
800  9.430258e-05                   1
801  4.433974e-04                   1
802  7.964413e-05                   1
803  2.058835e-04                   1
804  5.481721e-06                   1
805  6.463982e-03                   1
806  6.895438e-05                   1
807  4.048145e-04                   1
808  1.233098e-03                   1
809  2.198082e-03                   1
810  2.895014e-04                   1
811  1.820269e-04                   1
812  5.387078e-04                   1
813  6.423850e-03                   1
814  1.706243e-04                   1
815  2.185505e-05                   1
816  4.449751e-04                   1
817  1.684698e-03                   1
818  1.320720e-03                   1
819  1.123201e-03                   1
820  3.517340e-04                   1
821  1.158498e-04                   1
822  6.732817e-04                   1
823  4.611455e-04                   1
824  6.131744e-05                   1
825  1.304844e-04                   1
826  1.709211e-03                   1
827  4.601158e-05                   1
828  5.631212e-04                   1
829  3.689851e-04                   1
830  4.880604e-05                   1
831  7.277500e-04                   1
832  3.855845e-04                   1
833  2.736039e-03                   1
834  1.533143e-02                   1
835  7.785102e-04                   1
836  4.049128e-05                   1
837  2.338141e-04                   1
838  1.704684e-04                   1
839  2.669411e-04                   1
840  1.475694e-05                   1
841  7.060043e-06                   1
842  4.548407e-04                   1
843  1.048363e-03                   1
844  1.977716e-04                   1
845  7.502960e-04                   1
846  2.318505e-06                   1
847  8.581113e-06                   1
848  3.414513e-07                   1
849  1.716723e-03                   1
850  1.223500e-04                   1
851  1.009621e-04                   1
852  5.129105e-05                   1
853  9.772381e-05                   1
854  2.313230e-04                   1
855  1.175758e-05                   1
856  9.190070e-05                   1
857  3.854615e-04                   1
858  1.589103e-04                   1
859  2.683286e-05                   1
860  2.393352e-07                   1
861  9.047228e-05                   1
862  4.642229e-04                   1
863  1.296132e-04                   1
864  1.779412e-04                   1
865  1.077823e-03                   1
866  1.342899e-04                   1
867  1.956222e-04                   1
868  7.641887e-06                   1
869  8.080502e-04                   1
870  1.007523e-03                   1
871  9.033182e-05                   1
872  4.456289e-04                   1
873  2.505302e-03                   1
874  5.055035e-03                   1
875  3.112120e-04                   1
876  2.588028e-03                   1
877  4.056449e-04                   1
878  5.105088e-04                   1
879  1.542930e-03                   1
880  5.106608e-04                   1
881  4.271817e-04                   1
882  5.152706e-05                   1
883  2.518969e-04                   1
884  7.722480e-04                   1
885  1.266098e-04                   1
886  2.993362e-04                   1
887  9.018485e-04                   1
888  5.649766e-04                   1
889  1.294630e-03                   1
890  7.746129e-03                   1
891  2.577780e-04                   1
892  3.858717e-04                   1
893  4.494274e-06                   1
894  3.309534e-04                   1
895  1.486651e-04                   1
896  5.840034e-04                   1
897  6.775920e-06                   1
898  2.207162e-03                   1
899  1.338489e-04                   1
900  1.297559e-04                   1
901  2.362263e-04                   1
902  1.531129e-03                   1
903  1.116103e-05                   1
904  1.388627e-03                   1
905  4.008234e-04                   1
906  1.248009e-03                   1
907  2.050440e-03                   1
908  2.291913e-03                   1
909  8.406358e-03                   1
910  3.017691e-03                   1
911  1.050266e-03                   1
912  1.077999e-04                   1
913  8.592807e-04                   1
914  9.249718e-04                   1
915  2.198455e-03                   1
916  7.760957e-03                   1
917  1.083084e-03                   1
918  1.238255e-09                   1
919  3.842313e-06                   1
920  3.155508e-04                   1
921  1.504737e-03                   1
922  1.105368e-03                   1
923  2.709494e-04                   1
924  7.653744e-04                   1
925  4.472850e-04                   1
926  8.002623e-04                   1
927  4.196937e-07                   1
928  2.223569e-04                   1
929  3.612598e-04                   1
930  5.126631e-04                   1
931  2.253503e-03                   1
932  6.465337e-05                   1
933  1.606803e-04                   1
934  4.135202e-04                   1
935  7.008411e-04                   1
936  3.717827e-05                   1
937  3.416237e-04                   1
938  6.263816e-05                   1
939  3.363408e-04                   1
940  1.198126e-05                   1
941  2.159585e-04                   1
942  2.158289e-03                   1
943  1.291604e-03                   1
944  8.274915e-05                   1
945  5.036609e-04                   1
946  1.305558e-03                   1
947  1.722237e-04                   1
948  3.141320e-05                   1
949  5.788143e-04                   1
950  3.331363e-04                   1
951  2.795161e-03                   1
952  7.070942e-04                   1
953  2.217794e-04                   1
954  9.807148e-05                   1
955  9.251361e-04                   1
956  8.172553e-04                   1
957  1.333926e-04                   1
958  2.569197e-04                   1
959  2.169989e-03                   1
960  1.890233e-03                   1
961  1.415107e-04                   1
962  7.987240e-04                   1
963  8.958654e-04                   1
964  6.294475e-06                   1
965  4.741964e-04                   1
966  5.176541e-05                   1
967  9.605267e-04                   1
968  1.149454e-03                   1
969  7.965188e-04                   1
970  1.209416e-03                   1
971  6.676370e-04                   1
972  1.827607e-04                   1
973  9.308593e-04                   1
974  3.012985e-05                   1
975  3.256723e-04                   1
976  1.998502e-04                   1
977  3.706157e-04                   1
978  3.982831e-06                   1
979  1.089300e-03                   1
980  2.846339e-04                   1
981  5.461686e-04                   1
982  1.273051e-03                   1
983  3.495700e-04                   1
984  9.708390e-04                   1
985  1.594641e-03                   1
986  4.010133e-04                   1
987  4.879043e-04                   1
988  1.780183e-03                   1
989  2.649936e-08                   1
990  2.054881e-04                   1
991  2.555101e-03                   1
992  8.350857e-04                   1
993  2.791712e-05                   1
994  1.348986e-04                   1
995  1.143668e-03                   1
996  1.735445e-04                   1
997  1.799400e-04                   1
998  2.967912e-03                   1
999  3.713676e-05                   1
1000 1.473018e-04                   1
1001 9.844994e-04                   1
1002 1.762340e-04                   1
1003 3.455182e-04                   1
1004 6.183740e-04                   1
1005 8.702191e-05                   1
1006 4.119868e-05                   1
1007 5.012897e-03 <0.0174133333333333
1008 5.250051e-04                   1
1009 4.183004e-04                   1
1010 3.231813e-05                   1
1011 2.136283e-05                   1
1012 3.622847e-08                   1
1013 4.819290e-05                   1
1014 3.081953e-04                   1
1015 3.367153e-04                   1
1016 2.379593e-04                   1
1017 1.696825e-05                   1
1018 4.351720e-04                   1
1019 6.644663e-04                   1
1020 1.010241e-03                   1
1021 3.296641e-03                   1
1022 1.875028e-03                   1
1023 7.985797e-04                   1
1024 2.523956e-05                   1
1025 4.696311e-04                   1
1026 2.710455e-04                   1
1027 3.475356e-04                   1
1028 2.166508e-04                   1
1029 6.853878e-04                   1
1030 1.409649e-04                   1
1031 1.295766e-03                   1
1032 1.713812e-03                   1
1033 1.591285e-03                   1
1034 2.004825e-04                   1
1035 4.235703e-04                   1
1036 8.348515e-06                   1
1037 1.793779e-05                   1
1038 2.183960e-02                   1
1039 3.381020e-04                   1
1040 1.486081e-04                   1
1041 6.065915e-04                   1
1042 2.400480e-03                   1
1043 5.121300e-05                   1
1044 1.008232e-04                   1
1045 5.654373e-06                   1
1046 2.423572e-03                   1
1047 1.412146e-03                   1
1048 2.747040e-03                   1
1049 4.420365e-05                   1
1050 1.021491e-05                   1
1051 1.622156e-04                   1
1052 2.495516e-03                   1
1053 2.487277e-04                   1
1054 2.171868e-04                   1
1055 6.386846e-07                   1
1056 8.218400e-04                   1
1057 2.085653e-05                   1
1058 2.918100e-03                   1
1059 3.890238e-04                   1
1060 1.535560e-03                   1
1061 1.868240e-04                   1
1062 9.211245e-04                   1
1063 2.712101e-03                   1
1064 4.571165e-04                   1
1065 2.263712e-04                   1
1066 4.501925e-04                   1
1067 1.227550e-03                   1
1068 6.053662e-05                   1
1069 2.974595e-05                   1
1070 1.416074e-03                   1
1071 1.168224e-04                   1
1072 4.494385e-04                   1
1073 8.192181e-06                   1
1074 4.432107e-07                   1
1075 1.139184e-04                   1
1076 1.691400e-05                   1
1077 1.320644e-06                   1
1078 3.255775e-05                   1
1079 2.855720e-05                   1
1080 6.085930e-05                   1
1081 7.084001e-04                   1
1082 1.795503e-05                   1
1083 9.181300e-05                   1
1084 5.279288e-07                   1
1085 3.504277e-04                   1
1086 1.598660e-03                   1
1087 1.892878e-06                   1
1088 1.465747e-04                   1
1089 1.790123e-04                   1
1090 4.484083e-04                   1
1091 2.127244e-05                   1
1092 1.507652e-01 <0.0174133333333333
1093 9.398075e-04                   1
1094 1.401348e-04                   1
1095 4.515960e-05                   1
1096 7.231206e-05                   1
1097 1.036295e-03                   1
1098 3.127635e-04                   1
1099 5.967235e-04                   1
1100 8.063280e-06                   1
1101 1.520456e-04                   1
1102 1.550252e-03                   1
1103 3.452309e-05                   1
1104 4.166172e-04                   1
1105 2.560883e-04                   1
1106 1.179699e-03                   1
1107 2.188551e-04                   1
1108 1.088334e-03                   1
1109 1.958166e-08                   1
1110 1.917346e-03                   1
1111 1.017552e-03                   1
1112 6.707807e-03                   1
1113 2.812102e-04                   1
1114 6.386949e-04                   1
1115 1.290906e-02                   1
1116 7.506620e-05                   1
1117 1.079827e-03                   1
1118 2.675694e-05                   1
1119 2.186195e-04                   1
1120 6.147412e-05                   1
1121 2.392948e-02                   1
1122 7.433394e-06                   1
1123 8.332548e-04                   1
1124 3.462394e-03                   1
1125 6.113868e-05                   1
1126 1.812036e-07                   1
1127 2.501833e-04                   1
1128 1.015775e-04                   1
1129 3.302114e-04                   1
1130 4.408878e-05                   1
1131 2.333629e-03                   1
1132 3.699909e-03                   1
1133 1.836041e-04                   1
1134 8.874891e-04                   1
1135 1.463026e-03                   1
1136 6.131529e-04                   1
1137 1.931622e-05                   1
1138 1.044990e-03                   1
1139 1.129143e-04                   1
1140 4.136842e-05                   1
1141 1.720138e-05                   1
1142 1.098928e-02                   1
1143 1.523354e-06                   1
1144 7.482138e-04                   1
1145 4.728058e-03                   1
1146 2.267303e-05                   1
1147 9.222605e-06                   1
1148 4.416185e-04                   1
1149 2.004055e-04                   1
1150 8.792137e-04                   1
1151 8.771758e-04                   1
1152 1.054438e-03                   1
1153 1.554985e-02                   1
1154 6.835162e-05                   1
1155 2.495761e-06                   1
1156 2.905509e-04                   1
1157 3.246913e-04                   1
1158 7.609982e-05                   1
1159 3.960988e-05                   1
1160 1.268333e-05                   1
1161 2.961439e-04                   1
1162 1.547744e-03                   1
1163 5.543511e-04                   1
1164 2.627291e-04                   1
1165 9.529221e-04                   1
1166 6.529251e-04                   1
1167 2.684569e-04                   1
1168 7.748636e-04                   1
1169 1.598861e-03                   1
1170 2.107224e-04                   1
1171 8.482329e-05                   1
1172 3.012699e-05                   1
1173 1.115775e-04                   1
1174 1.409027e-05                   1
1175 8.585977e-05                   1
1176 3.098796e-05                   1
1177 2.674449e-04                   1
1178 3.970342e-04                   1
1179 2.628196e-04                   1
1180 3.675949e-03                   1
1181 2.799658e-04                   1
1182 2.290752e-03                   1
1183 3.303659e-04                   1
1184 3.915325e-03                   1
1185 3.245432e-04                   1
1186 4.295055e-03                   1
1187 3.791753e-04                   1
1188 1.683914e-03                   1
1189 1.598263e-05                   1
1190 9.461618e-06                   1
1191 1.021027e-03                   1
1192 1.859129e-05                   1
1193 6.390241e-05                   1
1194 1.813322e-04                   1
1195 1.860918e-04                   1
1196 1.628477e-06                   1
1197 1.406283e-04                   1
1198 3.619452e-05                   1
1199 2.747791e-03                   1
1200 9.280763e-05                   1
1201 1.080180e-03                   1
1202 1.257249e-03                   1
1203 2.152370e-03                   1
1204 2.063580e-04                   1
1205 9.212499e-04                   1
1206 3.302545e-03                   1
1207 4.621171e-04                   1
1208 5.412830e-04                   1
1209 6.378242e-03                   1
1210 1.191590e-03                   1
1211 4.511298e-04                   1
1212 7.747494e-05                   1
1213 3.032349e-04                   1
1214 9.280398e-05                   1
1215 3.636573e-04                   1
1216 4.968003e-04                   1
1217 3.368003e-05                   1
1218 1.411759e-03                   1
1219 8.033201e-06                   1
1220 9.830202e-07                   1
1221 3.272728e-06                   1
1222 2.263490e-03                   1
1223 1.980990e-04                   1
1224 2.396907e-04                   1
1225 4.082578e-05                   1
1226 9.728699e-07                   1
1227 3.259871e-05                   1
1228 3.269810e-05                   1
1229 9.784990e-08                   1
1230 2.928979e-05                   1
1231 1.287251e-05                   1
1232 1.942118e-05                   1
1233 8.983112e-05                   1
1234 3.210343e-03                   1
1235 1.473391e-03                   1
1236 1.454925e-06                   1
1237 4.651468e-05                   1
1238 1.353179e-03                   1
1239 1.948660e-05                   1
1240 6.000375e-05                   1
1241 9.456695e-04                   1
1242 5.955582e-04                   1
1243 2.026418e-04                   1
1244 1.086158e-04                   1
1245 1.165898e-03                   1
1246 1.276852e-05                   1
1247 2.993763e-05                   1
1248 1.893165e-03                   1
1249 4.553944e-05                   1
1250 3.235733e-04                   1
1251 2.183160e-03                   1
1252 1.579412e-04                   1
1253 9.069591e-04                   1
1254 8.078000e-04                   1
1255 4.971409e-05                   1
1256 4.733892e-08                   1
1257 4.656089e-05                   1
1258 2.586743e-04                   1
1259 5.380525e-04                   1
1260 5.598575e-04                   1
1261 2.952503e-05                   1
1262 6.929604e-05                   1
1263 3.642533e-06                   1
1264 2.244726e-04                   1
1265 2.641700e-04                   1
1266 1.015367e-04                   1
1267 4.438980e-06                   1
1268 3.223120e-06                   1
1269 7.713391e-06                   1
1270 5.968911e-05                   1
1271 1.841732e-03                   1
1272 2.639700e-04                   1
1273 9.499930e-06                   1
1274 1.091170e-03                   1
1275 4.402791e-04                   1
1276 7.206292e-05                   1
1277 9.828742e-05                   1
1278 2.040783e-04                   1
1279 8.327897e-04                   1
1280 3.729998e-03                   1
1281 6.760110e-04                   1
1282 1.475677e-04                   1
1283 1.144396e-03                   1
1284 3.436893e-04                   1
1285 1.116184e-03                   1
1286 8.644798e-04                   1
1287 2.297392e-04                   1
1288 1.343057e-04                   1
1289 3.953432e-05                   1
1290 3.167507e-05                   1
1291 2.993699e-04                   1
1292 5.594147e-07                   1
1293 1.082436e-04                   1
1294 6.746969e-04                   1
1295 2.398614e-05                   1
1296 9.460691e-05                   1
1297 7.006954e-05                   1
1298 2.357929e-04                   1
1299 6.649402e-04                   1
1300 1.181494e-03                   1
1301 7.706814e-06                   1
1302 9.292718e-04                   1
1303 5.363082e-05                   1
1304 9.022725e-04                   1
1305 9.471273e-04                   1
1306 2.004575e-05                   1

$`MR-PRESSO results`$`Distortion Test`
$`MR-PRESSO results`$`Distortion Test`$`Outliers Indices`
[1] 1007 1092

$`MR-PRESSO results`$`Distortion Test`$`Distortion Coefficient`
beta.exposure 
     28.95165 

$`MR-PRESSO results`$`Distortion Test`$Pvalue
[1] 0.7473067



