$`Main MR results`
       Exposure       MR Analysis Causal Estimate         Sd    T-stat  P-value
1 beta.exposure               Raw     0.006222701 0.01126208 0.5525359 0.580982
2 beta.exposure Outlier-corrected              NA         NA        NA       NA

$`MR-PRESSO results`
$`MR-PRESSO results`$`Global Test`
$`MR-PRESSO results`$`Global Test`$RSSobs
[1] 399.6985

$`MR-PRESSO results`$`Global Test`$Pvalue
[1] 6e-04


$`MR-PRESSO results`$`Outlier Test`
          RSSobs  Pvalue
1   1.949699e-04       1
2   1.692131e-04       1
3   4.175204e-06       1
4   1.146901e-04       1
5   8.698071e-06       1
6   2.597255e-06       1
7   8.337851e-06       1
8   2.211548e-04       1
9   3.671373e-04       1
10  3.473242e-05       1
11  2.258272e-05       1
12  3.091303e-05       1
13  2.115116e-04       1
14  5.095959e-05       1
15  2.441907e-05       1
16  2.025478e-05       1
17  1.990459e-04       1
18  2.613329e-06       1
19  2.849620e-05       1
20  1.175155e-05       1
21  2.199376e-05       1
22  2.870900e-08       1
23  2.688953e-04       1
24  2.088331e-04       1
25  1.996562e-05       1
26  2.226779e-05       1
27  2.501964e-04       1
28  2.718378e-07       1
29  3.342485e-06       1
30  7.076414e-06       1
31  3.346571e-05       1
32  5.564800e-04       1
33  1.188852e-04       1
34  4.759662e-06       1
35  4.657502e-04       1
36  1.291805e-04       1
37  5.793963e-06       1
38  9.581863e-04       1
39  4.086955e-04       1
40  5.172520e-05       1
41  4.883697e-05       1
42  3.344256e-05       1
43  3.780459e-04       1
44  1.064278e-04       1
45  3.241563e-05       1
46  5.501228e-05       1
47  8.809865e-05       1
48  1.480726e-06       1
49  1.685293e-05       1
50  9.285030e-05       1
51  9.072294e-05       1
52  1.830011e-06       1
53  4.244761e-04       1
54  9.669332e-06       1
55  1.253090e-05       1
56  2.054076e-05       1
57  2.053223e-05       1
58  1.344834e-05       1
59  4.453573e-06       1
60  1.231106e-05       1
61  8.195017e-05       1
62  7.698164e-05       1
63  1.424402e-05       1
64  1.319885e-04       1
65  5.467157e-05       1
66  5.977688e-04       1
67  1.835945e-05       1
68  7.267366e-05       1
69  1.873835e-04       1
70  1.448884e-04       1
71  4.206906e-06       1
72  1.267953e-04       1
73  9.486988e-08       1
74  6.289040e-04       1
75  4.561480e-06       1
76  1.247842e-04       1
77  9.957048e-05       1
78  6.155350e-11       1
79  1.736988e-05       1
80  3.927790e-04       1
81  5.399297e-07       1
82  1.347809e-04       1
83  3.111427e-06       1
84  4.194333e-05       1
85  6.104910e-05       1
86  6.838756e-05       1
87  3.929792e-05       1
88  4.785540e-05       1
89  3.795884e-05       1
90  1.148206e-05       1
91  5.570077e-05       1
92  1.854757e-05       1
93  2.832332e-05       1
94  2.419020e-05       1
95  4.135768e-06       1
96  1.250410e-05       1
97  1.269627e-05       1
98  1.066567e-04       1
99  1.736758e-03       1
100 2.731183e-04       1
101 2.784773e-03 0.22248
102 7.936723e-04       1
103 4.340232e-05       1
104 1.691773e-06       1
105 3.952485e-05       1
106 7.394297e-04       1
107 4.115056e-04       1
108 4.500153e-05       1
109 2.562391e-04       1
110 3.249590e-06       1
111 4.336137e-04       1
112 4.418075e-04       1
113 6.630443e-06       1
114 1.621036e-03       1
115 1.781662e-04       1
116 4.144224e-05       1
117 3.536493e-05       1
118 3.273356e-04       1
119 2.283013e-04       1
120 2.502061e-05       1
121 8.587965e-06       1
122 3.986829e-04       1
123 4.058417e-04       1
124 8.170176e-07       1
125 2.217640e-05       1
126 3.178992e-05       1
127 2.286687e-03       1
128 4.564153e-05       1
129 1.259320e-05       1
130 6.667557e-04       1
131 8.013565e-05       1
132 5.455794e-05       1
133 3.491196e-04       1
134 1.011145e-05       1
135 9.559405e-04       1
136 2.208651e-04       1
137 7.138893e-04       1
138 7.971032e-06       1
139 9.671244e-05       1
140 1.490148e-06       1
141 8.975153e-05       1
142 3.277902e-05       1
143 3.427154e-04       1
144 1.777416e-04       1
145 1.295334e-04       1
146 2.320090e-04       1
147 7.258847e-06       1
148 2.297479e-05       1
149 2.199833e-04       1
150 4.402453e-05       1
151 2.851858e-05       1
152 4.686710e-06       1
153 4.734319e-07       1
154 4.884482e-04       1
155 2.606155e-05       1
156 4.087850e-05       1
157 4.111022e-05       1
158 2.624858e-04       1
159 1.564194e-05       1
160 6.427710e-08       1
161 1.877206e-05       1
162 1.661092e-08       1
163 2.084766e-06       1
164 2.095316e-06       1
165 8.295681e-05       1
166 2.589284e-04       1
167 5.007312e-04       1
168 2.795058e-04       1
169 1.474084e-05       1
170 1.573612e-04       1
171 4.340671e-05       1
172 1.302214e-04       1
173 4.965101e-06       1
174 7.961566e-05       1
175 3.853124e-06       1
176 3.379165e-05       1
177 8.073791e-05       1
178 1.790960e-05       1
179 2.627253e-05       1
180 4.954762e-05       1
181 2.003587e-03       1
182 7.959635e-05       1
183 5.664912e-05       1
184 1.625902e-06       1
185 3.657904e-05       1
186 1.670013e-04       1
187 3.760621e-04       1
188 4.810125e-04       1
189 1.756309e-04       1
190 4.173149e-04       1
191 4.103459e-05       1
192 7.098740e-05       1
193 3.745151e-04       1
194 2.464571e-05       1
195 4.085363e-05       1
196 1.221626e-05       1
197 4.328160e-04       1
198 4.033286e-06       1
199 1.108642e-04       1
200 6.852575e-07       1
201 1.182964e-07       1
202 3.222256e-05       1
203 1.525622e-04       1
204 2.074512e-04       1
205 3.347868e-05       1
206 3.900820e-04       1
207 6.810064e-04       1
208 1.422582e-04       1
209 2.263957e-04       1
210 4.318964e-05       1
211 2.133964e-06       1
212 2.302532e-05       1
213 2.755946e-04       1
214 3.267941e-05       1
215 3.370094e-06       1
216 6.533631e-04       1
217 2.166246e-04       1
218 1.015978e-04       1
219 6.005033e-05       1
220 6.872611e-07       1
221 2.902455e-04       1
222 7.738938e-05       1
223 5.458573e-05       1
224 1.921283e-05       1
225 2.514573e-04       1
226 1.030205e-04       1
227 1.511771e-07       1
228 6.648649e-05       1
229 4.490828e-04       1
230 1.385377e-05       1
231 5.531110e-05       1
232 1.030495e-06       1
233 1.874142e-04       1
234 9.151946e-05       1
235 2.475188e-04       1
236 5.798680e-05       1
237 2.832336e-05       1
238 3.696901e-05       1
239 1.330163e-04       1
240 1.521322e-04       1
241 4.104330e-04       1
242 6.532788e-08       1
243 2.162446e-04       1
244 2.029582e-05       1
245 6.827190e-05       1
246 2.261071e-06       1
247 1.571893e-04       1
248 1.646620e-05       1
249 6.176266e-05       1
250 9.151674e-05       1
251 1.089171e-05       1
252 1.559640e-06       1
253 2.790956e-04       1
254 1.527465e-05       1
255 2.750063e-04       1
256 1.151896e-06       1
257 4.525856e-07       1
258 6.087502e-06       1
259 9.559880e-05       1
260 1.088907e-04       1
261 2.766763e-05       1
262 2.451229e-04       1
263 6.642483e-07       1
264 1.339463e-04       1
265 1.182890e-04       1
266 6.688775e-05       1
267 3.640679e-04       1
268 3.835448e-04       1
269 2.532498e-05       1
270 2.225826e-04       1
271 6.780271e-06       1
272 7.689970e-05       1
273 2.227205e-03       1
274 4.315356e-04       1
275 2.248375e-04       1
276 2.780442e-06       1
277 1.182436e-03       1
278 3.298615e-05       1
279 3.491950e-05       1
280 7.286791e-05       1
281 3.389726e-08       1
282 1.453681e-05       1
283 9.718066e-05       1
284 2.356684e-04       1
285 9.762256e-07       1
286 1.038456e-04       1
287 2.139488e-04       1
288 5.798606e-05       1
289 1.079532e-07       1
290 2.074995e-04       1
291 1.384842e-06       1
292 3.968048e-05       1
293 2.517838e-05       1
294 6.974725e-05       1
295 7.160045e-06       1
296 6.620570e-04       1
297 2.146685e-05       1
298 5.423531e-05       1
299 3.498750e-04       1
300 1.297495e-04       1
301 4.988472e-04       1
302 8.308619e-05       1
303 6.961395e-04       1
304 2.020858e-04       1
305 4.319343e-07       1
306 5.935956e-06       1
307 7.337738e-05       1
308 7.476895e-06       1
309 1.127251e-04       1

$`MR-PRESSO results`$`Distortion Test`
$`MR-PRESSO results`$`Distortion Test`$`Outliers Indices`
[1] "No significant outliers"

$`MR-PRESSO results`$`Distortion Test`$`Distortion Coefficient`
[1] NA

$`MR-PRESSO results`$`Distortion Test`$Pvalue
[1] NA



