$`Main MR results`
       Exposure       MR Analysis Causal Estimate         Sd     T-stat
1 beta.exposure               Raw     -0.19718740 0.17271394 -1.1416994
2 beta.exposure Outlier-corrected     -0.01578142 0.04467713 -0.3532327
    P-value
1 0.2557271
2 0.7245338

$`MR-PRESSO results`
$`MR-PRESSO results`$`Global Test`
$`MR-PRESSO results`$`Global Test`$RSSobs
[1] 2823.405

$`MR-PRESSO results`$`Global Test`$Pvalue
[1] "<1e-04"


$`MR-PRESSO results`$`Outlier Test`
          RSSobs  Pvalue
1   5.687237e-05       1
2   6.034062e-08       1
3   3.112339e-04       1
4   1.095483e-03       1
5   8.057637e-05       1
6   4.309018e-04       1
7   1.003655e-04       1
8   6.348747e-04       1
9   1.498512e-04       1
10  4.089095e-05       1
11  1.589894e-04       1
12  1.137062e-05       1
13  1.623844e-03       1
14  1.608072e-03       1
15  4.910468e-04       1
16  8.954357e-03       1
17  8.479426e-05       1
18  1.086695e-03       1
19  7.227545e-04       1
20  8.621288e-04       1
21  5.178489e-05       1
22  6.012614e-04       1
23  5.157953e-05       1
24  5.771333e-05       1
25  1.384365e-03       1
26  5.668853e-06       1
27  6.843601e-04       1
28  1.369703e-03       1
29  1.091485e-03       1
30  8.681393e-04       1
31  2.074735e-05       1
32  4.622825e-04       1
33  1.607181e-06       1
34  1.960334e-04       1
35  4.555614e-04       1
36  1.051538e-04       1
37  1.133980e-03       1
38  5.123907e-05       1
39  7.240268e-05       1
40  5.848249e-05       1
41  1.218641e-03       1
42  6.033781e-03  0.0128
43  9.224462e-06       1
44  4.303811e-04       1
45  3.352045e-03  0.1152
46  4.670055e-06       1
47  1.546080e-04       1
48  1.754407e-06       1
49  1.079698e+00 <0.0128
50  6.072767e-03  0.6144
51  8.575278e-06       1
52  1.317478e-05       1
53  7.686494e-04       1
54  3.425341e-04       1
55  5.063000e-04       1
56  5.441669e-05       1
57  1.356738e-03       1
58  1.961635e-03       1
59  9.492977e-04       1
60  4.184574e-04       1
61  3.562766e-05       1
62  1.326281e-04       1
63  2.662739e-03   0.832
64  8.579527e-04       1
65  2.441316e-06       1
66  6.826593e-03  0.0256
67  1.133361e-03       1
68  3.902536e-07       1
69  1.208302e-03       1
70  2.074629e-03       1
71  2.305971e-04       1
72  7.630313e-04       1
73  2.177951e-05       1
74  9.934480e-05       1
75  1.917671e-05       1
76  8.834384e-04       1
77  3.903738e-04       1
78  2.142420e-04       1
79  1.003008e-05       1
80  2.701502e-06       1
81  2.742586e-05       1
82  1.996257e-08       1
83  1.252847e-04       1
84  9.103900e-06       1
85  4.432581e-04       1
86  3.007470e-04       1
87  1.720280e-03       1
88  1.620921e-03       1
89  3.932718e-05       1
90  4.187067e-04       1
91  4.732300e-04       1
92  1.016273e-02       1
93  3.164929e-05       1
94  1.418454e-02 <0.0128
95  6.340340e-04       1
96  1.106091e-03       1
97  1.017833e-03       1
98  1.646379e-03       1
99  2.421592e-03       1
100 1.580906e-03       1
101 1.077279e-04       1
102 5.591673e-04       1
103 6.986410e-04       1
104 5.294425e-03 <0.0128
105 4.155021e-03       1
106 1.931927e-03  0.7296
107 1.641961e-03       1
108 1.002953e-03       1
109 3.924551e-05       1
110 2.890228e-04       1
111 3.452277e-05       1
112 9.361477e-04       1
113 1.375771e-01 <0.0128
114 6.978545e-05       1
115 1.187818e+00 <0.0128
116 8.439442e-04       1
117 3.786618e-03       1
118 5.612078e-04       1
119 4.479888e-04       1
120 1.602716e-04       1
121 5.238408e-04       1
122 2.254715e-03       1
123 9.599786e-08       1
124 1.023415e-04       1
125 1.159881e-03       1
126 1.252220e-03       1
127 1.184989e-03       1
128 1.737465e-03       1

$`MR-PRESSO results`$`Distortion Test`
$`MR-PRESSO results`$`Distortion Test`$`Outliers Indices`
[1]  42  49  66  94 104 113 115

$`MR-PRESSO results`$`Distortion Test`$`Distortion Coefficient`
beta.exposure 
    -1149.491 

$`MR-PRESSO results`$`Distortion Test`$Pvalue
[1] "<1e-04"



