$`Main MR results`
       Exposure       MR Analysis Causal Estimate         Sd    T-stat
1 beta.exposure               Raw      -0.2679322 0.04810978 -5.569185
2 beta.exposure Outlier-corrected              NA         NA        NA
       P-value
1 3.093572e-08
2           NA

$`MR-PRESSO results`
$`MR-PRESSO results`$`Global Test`
$`MR-PRESSO results`$`Global Test`$RSSobs
[1] 1436.114

$`MR-PRESSO results`$`Global Test`$Pvalue
[1] 0.02393333


$`MR-PRESSO results`$`Outlier Test`
           RSSobs            Pvalue
1    1.237001e-05                 1
2    3.406974e-05                 1
3    1.370160e-05                 1
4    2.947043e-03                 1
5    6.677578e-04                 1
6    2.768195e-05                 1
7    9.747453e-04                 1
8    8.714927e-06                 1
9    2.010992e-05                 1
10   5.636925e-04                 1
11   6.914497e-04                 1
12   1.353248e-04                 1
13   7.320298e-08                 1
14   1.493191e-04                 1
15   1.211732e-03                 1
16   8.415227e-04                 1
17   1.528121e-04                 1
18   8.923835e-05                 1
19   1.135257e-06                 1
20   1.714382e-03                 1
21   2.657578e-03                 1
22   1.933630e-04                 1
23   4.693831e-05                 1
24   5.337626e-05                 1
25   1.187844e-06                 1
26   5.809612e-04                 1
27   1.329097e-04                 1
28   3.597390e-04                 1
29   1.267900e-04                 1
30   2.046595e-04                 1
31   3.398775e-05                 1
32   8.597340e-06                 1
33   1.609533e-03                 1
34   9.850591e-05                 1
35   3.443053e-04                 1
36   4.038236e-04                 1
37   2.835562e-06                 1
38   1.168413e-03                 1
39   1.208229e-03                 1
40   8.662775e-06                 1
41   2.106343e-05                 1
42   1.209441e-03                 1
43   1.867181e-04                 1
44   2.717575e-05                 1
45   1.708825e-03                 1
46   1.495940e-03                 1
47   3.678157e-04                 1
48   3.985599e-04                 1
49   4.191492e-05                 1
50   2.285805e-04                 1
51   2.532585e-03                 1
52   1.399038e-03                 1
53   5.547845e-05                 1
54   8.928398e-05                 1
55   2.333004e-04                 1
56   1.375030e-05                 1
57   4.372035e-05                 1
58   7.600868e-04                 1
59   2.449704e-04                 1
60   3.491153e-04                 1
61   2.548993e-05                 1
62   1.950881e-05                 1
63   7.688873e-04                 1
64   2.151756e-05                 1
65   3.366388e-06                 1
66   2.604046e-04                 1
67   2.539727e-04                 1
68   2.778814e-06                 1
69   1.613736e-04                 1
70   3.495210e-05                 1
71   1.630529e-03                 1
72   9.690436e-05                 1
73   6.570368e-05                 1
74   4.874233e-04                 1
75   1.504389e-05                 1
76   2.506207e-04                 1
77   1.627000e-04                 1
78   3.267159e-04                 1
79   5.535285e-06                 1
80   7.802841e-08                 1
81   1.961536e-04                 1
82   6.982358e-06                 1
83   6.562083e-04                 1
84   1.216151e-05                 1
85   1.097552e-03                 1
86   8.879385e-05                 1
87   7.914913e-06                 1
88   3.942281e-06                 1
89   9.922870e-06                 1
90   3.728867e-07                 1
91   1.304473e-03                 1
92   7.045637e-05                 1
93   1.149959e-05                 1
94   4.600986e-05                 1
95   9.461403e-04                 1
96   2.863256e-04                 1
97   1.331081e-04                 1
98   1.161314e-04                 1
99   6.279461e-04                 1
100  1.067233e-03                 1
101  1.881263e-04                 1
102  4.259342e-04                 1
103  6.421602e-05                 1
104  1.576134e-04                 1
105  4.771672e-05                 1
106  5.634293e-04                 1
107  2.197201e-04                 1
108  8.440654e-11                 1
109  2.111967e-04                 1
110  5.048224e-04                 1
111  8.145703e-04                 1
112  3.437869e-04                 1
113  2.103796e-03                 1
114  5.429753e-05                 1
115  3.018021e-03                 1
116  7.994582e-05                 1
117  1.913749e-04                 1
118  1.761898e-05                 1
119  5.430662e-04                 1
120  5.340367e-08                 1
121  1.500454e-06                 1
122  2.514104e-04                 1
123  3.081144e-07                 1
124  3.591617e-04                 1
125  1.438776e-04                 1
126  2.661899e-03                 1
127  3.610680e-03                 1
128  4.508194e-04                 1
129  9.678064e-04                 1
130  6.066987e-04                 1
131  1.629234e-06                 1
132  1.744914e-04                 1
133  1.242891e-05                 1
134  3.673342e-03                 1
135  2.439739e-04                 1
136  6.272167e-04                 1
137  2.726939e-04                 1
138  6.705716e-05                 1
139  9.270876e-04                 1
140  6.330760e-05                 1
141  5.538303e-04                 1
142  1.516808e-04                 1
143  3.093876e-04                 1
144  1.323427e-02                 1
145  2.252024e-05                 1
146  2.452856e-02                 1
147  9.084531e-04                 1
148  2.602205e-04                 1
149  6.653212e-05                 1
150  5.675602e-04                 1
151  4.550158e-03                 1
152  4.624817e-05                 1
153  9.257854e-05                 1
154  1.883723e-04                 1
155  2.194367e-04                 1
156  1.265272e-04                 1
157  2.239370e-04                 1
158  5.572684e-03                 1
159  6.544988e-04                 1
160  1.187154e-03                 1
161  4.526085e-06                 1
162  4.566433e-05                 1
163  1.032745e-04                 1
164  1.813072e-06                 1
165  2.289057e-03                 1
166  1.265864e-06                 1
167  5.518773e-05                 1
168  4.820755e-07                 1
169  4.500078e-05                 1
170  1.429776e-03                 1
171  2.013892e-03                 1
172  1.248291e-03                 1
173  6.097393e-05                 1
174  4.994100e-04                 1
175  8.654614e-05                 1
176  8.763114e-03                 1
177  4.467506e-04                 1
178  1.555112e-04                 1
179  1.424374e-05                 1
180  4.252137e-04                 1
181  1.096320e-04                 1
182  2.254091e-03                 1
183  2.005021e-05                 1
184  1.870763e-03                 1
185  1.339176e-05                 1
186  2.608956e-06                 1
187  5.434112e-05                 1
188  5.348678e-05                 1
189  7.683433e-05                 1
190  4.088172e-03                 1
191  4.699209e-06                 1
192  2.862091e-04                 1
193  1.738784e-03                 1
194  4.135467e-04                 1
195  2.694040e-04                 1
196  3.460768e-05                 1
197  5.306466e-05                 1
198  1.079708e-03                 1
199  8.199553e-04                 1
200  1.056363e-04                 1
201  3.134674e-04                 1
202  5.014680e-04                 1
203  3.121094e-03                 1
204  1.990242e-04                 1
205  5.346347e-05                 1
206  1.047661e-04                 1
207  2.011271e-06                 1
208  5.508199e-06                 1
209  2.034017e-03                 1
210  2.000983e-04                 1
211  5.358706e-04                 1
212  3.151190e-04                 1
213  1.237787e-04                 1
214  4.960911e-04                 1
215  8.507545e-04                 1
216  5.027216e-06                 1
217  3.181740e-04                 1
218  9.297849e-04                 1
219  2.129692e-04                 1
220  1.204429e-03                 1
221  1.024427e-03                 1
222  4.893036e-06                 1
223  4.928439e-06                 1
224  2.517923e-05                 1
225  3.870270e-07                 1
226  5.975720e-05                 1
227  1.892294e-04                 1
228  1.777633e-04                 1
229  1.429027e-04                 1
230  2.717405e-04                 1
231  2.740590e-03                 1
232  7.607604e-03            0.1064
233  2.014234e-04                 1
234  2.148614e-05                 1
235  6.006361e-04                 1
236  9.383195e-04                 1
237  2.887220e-06                 1
238  7.309748e-04                 1
239  1.212673e-05                 1
240  7.504670e-05                 1
241  1.140346e-04                 1
242  8.503210e-06                 1
243  2.850919e-05                 1
244  8.928790e-04                 1
245  1.975794e-03                 1
246  4.114110e-05                 1
247  7.842328e-06                 1
248  4.116924e-05                 1
249  6.429809e-04                 1
250  8.166238e-04                 1
251  3.186074e-04                 1
252  2.073903e-05                 1
253  1.630855e-03                 1
254  2.348743e-04                 1
255  1.776211e-06                 1
256  3.632143e-04                 1
257  3.989890e-05                 1
258  2.421145e-04                 1
259  1.113737e-05                 1
260  1.522745e-04                 1
261  5.477289e-06                 1
262  1.967685e-05                 1
263  4.311896e-05                 1
264  5.718159e-06                 1
265  9.708219e-07                 1
266  1.336569e-03                 1
267  1.828504e-04                 1
268  1.342704e-06                 1
269  2.911492e-04                 1
270  6.317913e-05                 1
271  4.630654e-05                 1
272  6.871514e-04                 1
273  3.161833e-04                 1
274  1.581093e-04                 1
275  1.044479e-06                 1
276  3.140708e-04                 1
277  2.046528e-05                 1
278  1.688706e-03                 1
279  1.015503e-04                 1
280  2.819293e-04                 1
281  5.185412e-06                 1
282  1.993151e-05                 1
283  2.736333e-06                 1
284  1.509198e-06                 1
285  6.965219e-04                 1
286  2.471617e-07                 1
287  3.546344e-04                 1
288  2.480463e-04                 1
289  9.159969e-04                 1
290  6.005606e-05                 1
291  5.562978e-04                 1
292  4.648867e-04                 1
293  1.222753e-03                 1
294  1.227580e-05                 1
295  9.818904e-05                 1
296  1.636558e-03                 1
297  1.278388e-04                 1
298  5.480339e-02                 1
299  1.579294e-04                 1
300  7.244681e-05                 1
301  2.128534e-05                 1
302  3.436542e-03                 1
303  3.646423e-06                 1
304  2.996731e-05                 1
305  5.640969e-04                 1
306  1.669286e-06                 1
307  3.889609e-05                 1
308  5.546504e-04                 1
309  5.010629e-04                 1
310  8.049981e-06                 1
311  3.436106e-04                 1
312  2.713021e-04                 1
313  9.946087e-05                 1
314  2.100856e-03                 1
315  9.788026e-05                 1
316  5.745947e-04                 1
317  1.099938e-03                 1
318  1.299112e-05                 1
319  1.244213e-03                 1
320  3.822611e-04                 1
321  5.664294e-05                 1
322  9.513919e-04                 1
323  1.975351e-04                 1
324  1.706209e-04                 1
325  2.969427e-06                 1
326  1.190125e-03                 1
327  5.527181e-07                 1
328  1.451027e-02                 1
329  1.174790e-04                 1
330  1.882565e-04                 1
331  1.053520e-03                 1
332  2.184915e-04                 1
333  1.590707e-03                 1
334  1.662583e-05                 1
335  5.056487e-06                 1
336  3.618557e-05                 1
337  4.916666e-03                 1
338  8.639097e-04                 1
339  9.790892e-05                 1
340  3.059860e-04                 1
341  4.118055e-05                 1
342  6.000051e-04                 1
343  1.350942e-03                 1
344  1.469908e-04                 1
345  5.888298e-06                 1
346  9.729702e-04                 1
347  2.831033e-05                 1
348  2.672989e-03                 1
349  6.634899e-03                 1
350  1.516455e-04                 1
351  6.544481e-07                 1
352  2.099208e-06                 1
353  6.211539e-04                 1
354  5.201675e-04                 1
355  1.640555e-04                 1
356  1.588117e-05                 1
357  3.446987e-05                 1
358  4.597119e-04                 1
359  8.509466e-04                 1
360  1.323626e-03                 1
361  5.686987e-04                 1
362  1.134731e-04                 1
363  7.109796e-05                 1
364  3.019519e-06                 1
365  1.474486e-04                 1
366  1.114105e-04                 1
367  1.773797e-04                 1
368  1.771791e-04                 1
369  1.474829e-04                 1
370  4.673588e-05                 1
371  1.095611e-04                 1
372  3.705849e-04                 1
373  1.630384e-04                 1
374  1.650597e-06                 1
375  6.537612e-05                 1
376  2.772588e-02                 1
377  6.833520e-06                 1
378  5.240320e-04                 1
379  1.474752e-04                 1
380  9.354042e-03                 1
381  9.498314e-04                 1
382  1.594736e-04                 1
383  1.434962e-03                 1
384  6.171705e-03                 1
385  8.280857e-04                 1
386  1.689640e-05                 1
387  1.471269e-05                 1
388  4.802020e-05                 1
389  1.271712e-02                 1
390  6.336235e-04                 1
391  1.068161e-04                 1
392  1.114443e-03                 1
393  1.513150e-05                 1
394  1.825716e-05                 1
395  3.732538e-05                 1
396  6.240447e-04                 1
397  2.874887e-06                 1
398  3.615405e-04                 1
399  4.265331e-05                 1
400  1.908012e-04                 1
401  1.801248e-04                 1
402  3.409546e-05                 1
403  7.882127e-03                 1
404  4.912808e-04                 1
405  7.384268e-04                 1
406  7.455557e-04                 1
407  1.210821e-02                 1
408  4.446839e-04                 1
409  2.929016e-04                 1
410  2.362588e-04                 1
411  1.825338e-04                 1
412  4.350718e-05                 1
413  6.054651e-06                 1
414  1.628014e-05                 1
415  1.794994e-03 0.780266666666667
416  1.954436e-04                 1
417  1.696662e-04                 1
418  2.607746e-05                 1
419  1.056176e-04                 1
420  5.036843e-04                 1
421  2.475677e-03                 1
422  9.395522e-04                 1
423  2.947209e-04                 1
424  7.826389e-05                 1
425  1.111044e-06                 1
426  3.577340e-07                 1
427  2.523675e-04                 1
428  2.188667e-04                 1
429  1.843656e-03                 1
430  5.129974e-06                 1
431  1.661573e-03                 1
432  2.259868e-04                 1
433  1.196333e-04                 1
434  3.429843e-04                 1
435  7.338060e-04                 1
436  5.831876e-05                 1
437  1.220689e-03                 1
438  1.895021e-05                 1
439  7.487442e-04                 1
440  1.187795e-05                 1
441  1.096437e-04                 1
442  6.120296e-05                 1
443  1.977566e-04                 1
444  2.171425e-04                 1
445  3.015241e-03                 1
446  3.375694e-05                 1
447  2.029434e-04                 1
448  2.259970e-06                 1
449  6.592091e-06                 1
450  8.733108e-05                 1
451  1.274423e-04                 1
452  1.744852e-04                 1
453  7.180113e-04                 1
454  9.356096e-06                 1
455  1.992367e-04                 1
456  2.739091e-05                 1
457  3.357452e-04                 1
458  4.891000e-05                 1
459  6.986507e-04                 1
460  1.560112e-03                 1
461  4.300956e-05                 1
462  2.353747e-03                 1
463  3.207366e-04                 1
464  9.929364e-05                 1
465  1.325334e-04                 1
466  8.513935e-04                 1
467  5.544627e-07                 1
468  6.383262e-04                 1
469  2.992858e-03                 1
470  2.662889e-04                 1
471  4.590295e-05                 1
472  7.321103e-04                 1
473  2.150967e-04                 1
474  3.493849e-05                 1
475  7.105299e-06                 1
476  1.368468e-05                 1
477  5.780153e-04                 1
478  9.954971e-05                 1
479  1.318221e-04                 1
480  3.604544e-07                 1
481  5.126353e-05                 1
482  2.472489e-04                 1
483  5.424656e-05                 1
484  1.834836e-05                 1
485  5.965017e-04                 1
486  1.894915e-04                 1
487  1.722411e-05                 1
488  6.123517e-05                 1
489  1.222786e-04                 1
490  3.661777e-03                 1
491  1.279352e-04                 1
492  5.800816e-04                 1
493  1.536679e-03                 1
494  1.913246e-04                 1
495  1.366276e-05                 1
496  8.839425e-04                 1
497  2.085478e-03                 1
498  1.342704e-03                 1
499  2.868098e-05                 1
500  3.937415e-05                 1
501  1.650925e-05                 1
502  7.617140e-07                 1
503  2.322395e-04                 1
504  1.827747e-05                 1
505  1.228032e-05                 1
506  7.923652e-03                 1
507  1.149946e-03                 1
508  5.631187e-05                 1
509  1.444647e-04                 1
510  7.728413e-04                 1
511  5.248235e-06                 1
512  3.530408e-04                 1
513  1.929835e-04                 1
514  1.676414e-05                 1
515  4.961494e-03                 1
516  1.357589e-05                 1
517  7.102814e-04                 1
518  8.098166e-04                 1
519  1.620405e-04                 1
520  1.188074e-04                 1
521  7.650181e-07                 1
522  9.936972e-05                 1
523  4.285127e-04                 1
524  6.072542e-05                 1
525  1.336412e-04                 1
526  1.509464e-06                 1
527  1.432338e-04                 1
528  4.043832e-04                 1
529  2.105282e-04                 1
530  4.294676e-04                 1
531  1.375102e-05                 1
532  2.876098e-05                 1
533  6.409015e-06                 1
534  5.333908e-05                 1
535  4.888756e-05                 1
536  5.526074e-04                 1
537  4.052830e-04                 1
538  2.026428e-03                 1
539  5.154504e-04                 1
540  2.309109e-04                 1
541  7.811492e-06                 1
542  5.661130e-05                 1
543  7.066619e-04                 1
544  8.522626e-04                 1
545  8.550831e-05                 1
546  1.452605e-03                 1
547  5.913814e-04                 1
548  4.899979e-06                 1
549  3.145783e-07                 1
550  1.663014e-05                 1
551  6.437982e-05                 1
552  8.974651e-04                 1
553  1.821148e-03                 1
554  8.469832e-05                 1
555  7.862198e-10                 1
556  1.508262e-05                 1
557  2.769467e-05                 1
558  5.485418e-04                 1
559  1.539665e-04                 1
560  3.520245e-04                 1
561  2.475416e-03                 1
562  1.216793e-04                 1
563  1.055802e-04                 1
564  2.484405e-04                 1
565  4.854192e-05                 1
566  1.374619e-06                 1
567  9.696441e-05                 1
568  1.480498e-04                 1
569  1.833161e-04                 1
570  8.219363e-05                 1
571  1.259989e-05                 1
572  1.619067e-04                 1
573  1.217718e-02                 1
574  2.988562e-05                 1
575  7.801843e-04                 1
576  2.211970e-05                 1
577  1.027093e-05                 1
578  6.534109e-06                 1
579  1.326154e-04                 1
580  1.762125e-03                 1
581  1.239243e-03                 1
582  6.410305e-05                 1
583  2.415966e-07                 1
584  2.389404e-06                 1
585  1.585819e-05                 1
586  1.818431e-03                 1
587  1.364798e-03                 1
588  7.960305e-04                 1
589  1.109652e-04                 1
590  1.388731e-03                 1
591  4.462733e-04                 1
592  2.759449e-03                 1
593  2.599390e-04                 1
594  1.581876e-05                 1
595  2.176868e-05                 1
596  2.164294e-03                 1
597  3.379376e-04                 1
598  1.446532e-06                 1
599  6.801290e-04                 1
600  7.592745e-05                 1
601  6.904749e-04                 1
602  1.894399e-05                 1
603  4.812081e-05                 1
604  9.606459e-04                 1
605  1.090219e-04                 1
606  9.706527e-05                 1
607  2.713919e-06                 1
608  2.271558e-03                 1
609  2.011034e-04                 1
610  1.262515e-04                 1
611  3.585576e-04                 1
612  3.335396e-04                 1
613  4.946006e-04                 1
614  1.744212e-03                 1
615  4.162748e-05                 1
616  2.534468e-04                 1
617  1.447461e-04                 1
618  1.936538e-04                 1
619  6.583062e-04                 1
620  1.785291e-04                 1
621  2.223814e-05                 1
622  2.352091e-05                 1
623  1.507954e-03                 1
624  1.676632e-04                 1
625  2.105628e-05                 1
626  8.286241e-04                 1
627  6.889187e-05                 1
628  2.179465e-04                 1
629  5.851515e-04                 1
630  2.093963e-05                 1
631  6.188067e-04                 1
632  1.958608e-03                 1
633  3.991370e-04                 1
634  4.792411e-04                 1
635  5.503519e-04                 1
636  7.305802e-04                 1
637  9.184672e-04                 1
638  6.674151e-04                 1
639  5.265592e-05                 1
640  1.034044e-04                 1
641  3.975803e-05                 1
642  3.019291e-04                 1
643  8.327450e-04                 1
644  6.278416e-04                 1
645  1.029905e-04                 1
646  1.122921e-04                 1
647  9.032477e-04                 1
648  5.263010e-06                 1
649  1.367781e-03                 1
650  1.395076e-03                 1
651  5.267859e-04                 1
652  2.545365e-04                 1
653  3.035921e-05                 1
654  3.681297e-04                 1
655  7.122243e-07                 1
656  5.500722e-04                 1
657  2.164429e-04                 1
658  1.066830e-03                 1
659  2.173535e-03                 1
660  2.393168e-07                 1
661  3.327581e-04                 1
662  1.191540e-05                 1
663  1.310993e-02                 1
664  5.245078e-04                 1
665  1.293712e-03                 1
666  4.736898e-04                 1
667  3.012331e-05                 1
668  1.285578e-03                 1
669  1.146051e-07                 1
670  2.938730e-04                 1
671  3.598343e-06                 1
672  1.100479e-04                 1
673  3.537713e-05                 1
674  3.228236e-04                 1
675  6.562737e-05                 1
676  1.553373e-05                 1
677  1.544000e-04                 1
678  1.027513e-03                 1
679  1.014503e-05                 1
680  3.904507e-03                 1
681  6.731277e-04                 1
682  4.769340e-05                 1
683  8.510987e-04                 1
684  1.083498e-07                 1
685  4.560733e-04                 1
686  1.433402e-03                 1
687  9.305251e-08                 1
688  8.609917e-05                 1
689  8.860695e-04                 1
690  2.972709e-03                 1
691  2.209200e-04                 1
692  8.550124e-05                 1
693  1.342419e-04                 1
694  4.030712e-04                 1
695  9.369529e-04                 1
696  3.354108e-05                 1
697  1.679086e-04                 1
698  2.641582e-03                 1
699  2.748396e-04                 1
700  2.620342e-04                 1
701  5.845569e-09                 1
702  5.359694e-04                 1
703  2.057859e-04                 1
704  1.942052e-05                 1
705  4.140824e-05                 1
706  2.446239e-06                 1
707  1.186760e-03                 1
708  1.130469e-03                 1
709  6.977376e-05                 1
710  1.355675e-04                 1
711  8.146865e-04                 1
712  2.508017e-03                 1
713  1.615017e-03                 1
714  6.474049e-03                 1
715  5.580700e-04                 1
716  1.420332e-06                 1
717  1.435362e-04                 1
718  6.167563e-03                 1
719  7.446139e-04                 1
720  3.688526e-04                 1
721  2.123394e-04                 1
722  7.439797e-04                 1
723  1.649330e-02                 1
724  3.050602e-04                 1
725  1.437875e-03                 1
726  1.707080e-04                 1
727  1.952873e-05                 1
728  1.143793e-04                 1
729  5.235086e-06                 1
730  7.075384e-04                 1
731  2.080932e-04                 1
732  6.167409e-05                 1
733  1.110060e-04                 1
734  1.887452e-04                 1
735  7.826715e-04                 1
736  1.304664e-03                 1
737  1.055852e-03                 1
738  6.326840e-05                 1
739  1.141693e-05                 1
740  3.245586e-05                 1
741  7.609833e-04                 1
742  7.953422e-04                 1
743  7.780755e-05                 1
744  2.544476e-05                 1
745  1.559067e-04                 1
746  1.220726e-05                 1
747  5.207932e-05                 1
748  4.635487e-05                 1
749  5.346614e-04                 1
750  1.712945e-02                 1
751  3.159654e-04                 1
752  1.068951e-04                 1
753  7.689670e-04                 1
754  9.588408e-05                 1
755  4.887284e-05                 1
756  3.170695e-04                 1
757  1.435341e-05                 1
758  2.708815e-03                 1
759  6.876221e-05                 1
760  2.301918e-04                 1
761  6.884006e-05                 1
762  2.102987e-04                 1
763  1.322129e-03                 1
764  1.719159e-04                 1
765  1.846618e-03                 1
766  1.091416e-03                 1
767  2.396346e-04                 1
768  1.189749e-04                 1
769  2.163539e-04                 1
770  3.170973e-05                 1
771  2.472197e-05                 1
772  3.691609e-04                 1
773  1.673824e-05                 1
774  5.073727e-04                 1
775  3.659952e-06                 1
776  1.799224e-04                 1
777  8.430030e-05                 1
778  6.888076e-04                 1
779  1.122603e-06                 1
780  6.751160e-04                 1
781  7.879497e-05                 1
782  2.583945e-04                 1
783  3.133525e-05                 1
784  5.361945e-06                 1
785  1.830965e-04                 1
786  6.132433e-06                 1
787  1.086719e-03                 1
788  4.046100e-05                 1
789  2.549449e-07                 1
790  5.474348e-04                 1
791  1.035074e-03                 1
792  1.384035e-04                 1
793  5.911022e-05                 1
794  9.403277e-05                 1
795  6.814612e-05                 1
796  1.299541e-05                 1
797  1.400017e-03                 1
798  4.361401e-05                 1
799  2.854002e-04                 1
800  3.339112e-03                 1
801  1.848103e-04                 1
802  8.698806e-05                 1
803  2.040562e-04                 1
804  5.263484e-05                 1
805  4.541442e-04                 1
806  3.196665e-04                 1
807  1.497016e-03                 1
808  8.724776e-04                 1
809  4.388727e-04                 1
810  1.053203e-03                 1
811  1.713443e-06                 1
812  5.317011e-04                 1
813  3.749432e-04                 1
814  5.298663e-05                 1
815  2.461202e-04                 1
816  5.152143e-05                 1
817  1.469912e-04                 1
818  1.203436e-05                 1
819  9.201364e-05                 1
820  7.757265e-07                 1
821  1.704071e-04                 1
822  2.056377e-05                 1
823  2.412986e-04                 1
824  4.272670e-05                 1
825  3.288160e-04                 1
826  5.272471e-04                 1
827  1.988516e-04                 1
828  2.229313e-04                 1
829  8.373728e-04                 1
830  1.414098e-03                 1
831  3.999456e-04                 1
832  1.107392e-03                 1
833  6.279121e-05                 1
834  1.125768e-03                 1
835  5.220292e-04                 1
836  1.649978e-03                 1
837  4.821003e-05                 1
838  9.966817e-04                 1
839  1.161292e-05                 1
840  1.014073e-03                 1
841  5.960624e-05                 1
842  1.284275e-04                 1
843  2.343171e-05                 1
844  3.625325e-03                 1
845  9.810350e-05                 1
846  3.601879e-03                 1
847  3.664550e-04                 1
848  1.138490e-07                 1
849  8.035623e-04                 1
850  2.133666e-04                 1
851  2.221593e-04                 1
852  3.872981e-04                 1
853  9.065617e-04                 1
854  7.811296e-05                 1
855  2.053377e-03                 1
856  1.577207e-04                 1
857  8.561510e-07                 1
858  5.645025e-05                 1
859  3.939817e-04                 1
860  1.053294e-05                 1
861  4.493519e-04                 1
862  1.017800e-07                 1
863  3.627952e-04                 1
864  3.768908e-04                 1
865  1.317342e-06                 1
866  9.396468e-05                 1
867  1.344022e-04                 1
868  2.046191e-05                 1
869  2.453677e-04                 1
870  4.310402e-04                 1
871  3.025586e-04                 1
872  4.165806e-05                 1
873  3.086216e-05                 1
874  3.919273e-05                 1
875  9.546173e-06                 1
876  1.914723e-06                 1
877  1.561046e-04                 1
878  2.359846e-04                 1
879  3.497887e-04                 1
880  5.584321e-05                 1
881  4.227153e-04                 1
882  1.119618e-04                 1
883  1.943977e-03                 1
884  8.367638e-04                 1
885  3.498941e-04                 1
886  2.573158e-04                 1
887  2.905725e-05                 1
888  1.123059e-04                 1
889  1.039491e-04                 1
890  1.955126e-07                 1
891  1.627390e-03                 1
892  1.402718e-05                 1
893  9.492288e-06                 1
894  1.769093e-03                 1
895  1.668261e-04                 1
896  8.907354e-04                 1
897  4.190546e-04                 1
898  4.423566e-04                 1
899  1.573025e-03                 1
900  1.165287e-03                 1
901  3.537852e-04                 1
902  6.430403e-04                 1
903  4.435367e-04                 1
904  5.495240e-03                 1
905  7.004015e-07                 1
906  3.310697e-02                 1
907  1.327702e-04                 1
908  1.125964e-04                 1
909  2.697197e-04                 1
910  4.940532e-05                 1
911  4.350416e-05                 1
912  1.288166e-03                 1
913  1.148933e-05                 1
914  5.790728e-04                 1
915  2.984290e-05                 1
916  6.473453e-04                 1
917  9.655105e-04                 1
918  7.577051e-06                 1
919  6.353722e-04                 1
920  3.647016e-04                 1
921  8.012173e-07                 1
922  6.000740e-05                 1
923  2.303492e-04                 1
924  1.552373e-03                 1
925  1.222190e-04                 1
926  5.440100e-06                 1
927  1.035581e-07                 1
928  3.674987e-05                 1
929  2.416221e-04                 1
930  2.492797e-04                 1
931  1.247670e-04                 1
932  8.205791e-05                 1
933  2.251704e-06                 1
934  2.157876e-05                 1
935  8.405333e-05                 1
936  2.211499e-04                 1
937  2.108586e-05                 1
938  3.439330e-04                 1
939  1.501697e-04                 1
940  3.970577e-05                 1
941  8.183703e-04                 1
942  3.752516e-07                 1
943  1.863629e-03                 1
944  7.166971e-05                 1
945  1.596118e-04                 1
946  1.199203e-04                 1
947  7.056284e-06                 1
948  1.332195e-04                 1
949  7.708377e-04                 1
950  1.312095e-07                 1
951  2.701310e-03                 1
952  3.180478e-05                 1
953  7.541359e-05                 1
954  1.584311e-04                 1
955  1.911754e-03                 1
956  5.028511e-04                 1
957  6.424398e-05                 1
958  3.869965e-04                 1
959  3.834844e-06                 1
960  6.204850e-04                 1
961  1.553365e-03                 1
962  8.270477e-04                 1
963  2.699413e-05                 1
964  1.424621e-04                 1
965  3.049799e-04                 1
966  5.885159e-07                 1
967  3.844551e-04                 1
968  8.662214e-06                 1
969  3.716324e-07                 1
970  2.393885e-04                 1
971  5.369828e-05                 1
972  4.753643e-06                 1
973  4.018917e-05                 1
974  1.232132e-04                 1
975  1.992506e-05                 1
976  1.232090e-04                 1
977  2.553024e-04                 1
978  1.075238e-03                 1
979  9.703340e-09                 1
980  1.309368e-03                 1
981  3.145540e-05                 1
982  2.807366e-04                 1
983  1.183602e-04                 1
984  3.420418e-05                 1
985  7.266730e-04                 1
986  6.687088e-04                 1
987  8.133156e-05                 1
988  6.531359e-04                 1
989  5.934404e-04                 1
990  1.296682e-05                 1
991  6.659131e-06                 1
992  3.218029e-03                 1
993  3.961765e-04                 1
994  8.194797e-05                 1
995  1.722526e-05                 1
996  2.045572e-06                 1
997  6.492118e-04                 1
998  3.567414e-03                 1
999  9.710897e-04                 1
1000 7.016598e-04                 1
1001 9.777211e-05                 1
1002 1.617333e-03                 1
1003 1.265977e-04                 1
1004 3.073127e-03                 1
1005 4.687787e-05                 1
1006 7.054271e-05                 1
1007 1.092988e-07                 1
1008 3.556149e-05                 1
1009 1.357502e-04                 1
1010 6.146251e-05                 1
1011 1.395589e-04                 1
1012 2.127990e-04                 1
1013 2.502345e-04                 1
1014 4.571326e-04                 1
1015 6.893194e-05                 1
1016 1.215416e-03                 1
1017 1.205342e-03                 1
1018 6.595084e-04                 1
1019 9.686847e-05                 1
1020 9.557667e-03                 1
1021 5.707395e-05                 1
1022 1.225356e-06                 1
1023 1.114590e-04                 1
1024 1.027516e-05                 1
1025 1.427852e-04                 1
1026 1.247909e-03                 1
1027 4.743882e-05                 1
1028 4.498686e-04                 1
1029 6.524588e-05                 1
1030 1.202789e-03                 1
1031 2.875856e-05                 1
1032 5.413789e-06                 1
1033 2.063280e-04                 1
1034 6.010641e-04                 1
1035 2.593203e-04                 1
1036 3.080759e-04                 1
1037 6.477462e-05                 1
1038 2.094502e-03                 1
1039 1.710526e-05                 1
1040 8.910351e-04                 1
1041 2.767424e-04                 1
1042 3.220133e-03                 1
1043 1.973629e-04                 1
1044 5.706305e-05                 1
1045 1.512171e-04                 1
1046 2.389189e-05                 1
1047 3.455554e-05                 1
1048 1.960168e-04                 1
1049 2.580461e-06                 1
1050 4.784389e-05                 1
1051 1.501092e-04                 1
1052 4.663549e-04                 1
1053 2.779102e-04                 1
1054 2.516776e-03                 1
1055 8.914894e-05                 1
1056 1.204495e-03                 1
1057 2.561349e-04                 1
1058 1.706315e-06                 1
1059 1.820734e-04                 1
1060 2.127734e-05                 1
1061 2.533747e-04                 1
1062 1.218215e-04                 1
1063 4.911033e-04                 1
1064 1.156328e-03                 1
1065 1.769601e-04                 1
1066 5.824752e-04                 1
1067 3.583912e-04                 1
1068 6.003274e-04                 1
1069 6.878885e-04                 1
1070 2.521528e-04                 1
1071 1.940829e-03                 1
1072 4.436262e-06                 1
1073 4.163213e-03                 1
1074 2.325046e-04                 1
1075 1.738521e-03                 1
1076 1.420549e-04                 1
1077 4.141761e-07                 1
1078 1.782135e-04                 1
1079 4.155273e-04                 1
1080 1.737065e-04                 1
1081 7.682867e-05                 1
1082 7.046956e-05                 1
1083 5.733222e-03                 1
1084 3.353988e-03                 1
1085 1.399072e-03                 1
1086 1.515238e-04                 1
1087 4.624864e-05                 1
1088 7.823861e-05                 1
1089 1.216124e-04                 1
1090 3.564210e-06                 1
1091 1.045920e-04                 1
1092 4.014535e-04                 1
1093 1.895099e-04                 1
1094 7.725929e-05                 1
1095 1.053520e-04                 1
1096 9.490372e-05                 1
1097 2.418174e-03                 1
1098 1.063861e-06                 1
1099 1.489202e-05                 1
1100 2.472336e-04                 1
1101 8.062296e-06                 1
1102 4.767026e-04                 1
1103 1.694513e-03                 1
1104 2.875643e-07                 1
1105 2.620034e-05                 1
1106 2.357497e-05                 1
1107 5.931314e-05                 1
1108 3.418090e-04                 1
1109 9.800548e-04                 1
1110 1.766895e-04                 1
1111 6.975810e-07                 1
1112 5.952460e-05                 1
1113 8.322643e-03                 1
1114 1.700793e-04                 1
1115 2.877771e-03                 1
1116 4.394417e-04                 1
1117 1.359489e-03                 1
1118 1.497353e-03                 1
1119 1.126874e-03                 1
1120 3.002762e-03                 1
1121 4.688006e-04                 1
1122 4.112286e-05                 1
1123 6.941321e-04                 1
1124 6.658436e-06                 1
1125 7.361394e-03                 1
1126 1.806151e-04                 1
1127 1.201551e-04                 1
1128 3.080972e-04                 1
1129 2.986391e-02                 1
1130 7.935804e-04                 1
1131 4.684649e-04                 1
1132 2.412618e-04                 1
1133 8.800489e-07                 1
1134 1.377035e-04                 1
1135 5.152097e-04                 1
1136 3.461375e-04                 1
1137 2.807068e-04                 1
1138 3.511912e-03                 1
1139 1.006920e-04                 1
1140 7.138749e-06                 1
1141 7.976924e-05                 1
1142 2.718680e-05                 1
1143 3.524384e-04                 1
1144 7.356607e-04                 1
1145 6.510875e-05                 1
1146 1.747719e-06                 1
1147 1.934769e-03                 1
1148 1.333874e-03                 1
1149 6.521863e-04                 1
1150 1.820648e-04                 1
1151 2.432799e-04                 1
1152 2.378548e-06                 1
1153 7.799678e-07                 1
1154 4.390640e-04                 1
1155 6.634270e-05                 1
1156 1.275283e-04                 1
1157 1.694488e-04                 1
1158 3.096875e-04                 1
1159 1.236679e-03                 1
1160 1.420448e-05                 1
1161 4.829668e-08                 1
1162 1.667631e-05                 1
1163 1.314607e-04                 1
1164 6.003974e-04                 1
1165 2.574215e-05                 1
1166 1.351527e-04                 1
1167 2.138119e-03                 1
1168 8.470312e-04                 1
1169 2.586888e-03                 1
1170 8.170584e-06                 1
1171 3.228242e-04                 1
1172 3.866212e-04                 1
1173 3.138014e-03                 1
1174 1.998766e-03                 1
1175 2.787598e-05                 1
1176 1.019700e-05                 1
1177 3.734161e-04                 1
1178 2.252751e-05                 1
1179 5.159683e-04                 1
1180 7.152184e-05                 1
1181 3.800789e-03                 1
1182 7.142958e-05                 1
1183 5.138159e-04                 1
1184 3.957967e-06                 1
1185 1.562212e-03                 1
1186 2.431092e-04                 1
1187 3.568222e-03                 1
1188 5.099308e-04                 1
1189 2.568283e-05                 1
1190 5.565226e-05                 1
1191 3.255787e-04                 1
1192 1.167642e-05                 1
1193 1.847443e-04                 1
1194 6.304366e-04                 1
1195 6.131168e-05                 1
1196 6.215643e-05                 1
1197 9.597725e-05                 1
1198 3.984911e-04                 1
1199 1.508949e-05                 1
1200 3.441467e-03                 1
1201 8.331323e-05                 1
1202 2.011084e-05                 1
1203 1.152572e-08                 1
1204 3.907018e-03                 1
1205 4.684028e-05                 1
1206 9.083622e-05                 1
1207 1.990141e-04                 1
1208 3.564319e-05                 1
1209 1.472605e-04                 1
1210 9.969814e-05                 1
1211 1.546494e-03                 1
1212 8.530960e-05                 1
1213 6.830623e-05                 1
1214 6.897976e-04                 1
1215 1.279542e-03                 1
1216 1.729846e-05                 1
1217 3.608871e-03                 1
1218 3.121988e-08                 1
1219 4.177264e-04                 1
1220 3.676797e-05                 1
1221 4.796785e-04                 1
1222 6.620378e-05                 1
1223 1.244090e-03                 1
1224 3.745777e-08                 1
1225 1.377142e-03                 1
1226 7.239367e-09                 1
1227 1.192572e-03                 1
1228 1.556850e-04                 1
1229 1.290653e-04                 1
1230 2.577406e-05                 1
1231 3.010110e-03                 1
1232 1.294900e-04                 1
1233 1.609864e-04                 1
1234 1.683256e-05                 1
1235 1.249941e-04                 1
1236 1.601667e-04                 1
1237 3.192698e-04                 1
1238 3.255665e-05                 1
1239 1.580198e-04                 1
1240 1.655272e-04                 1
1241 1.447442e-04                 1
1242 1.005088e-04                 1
1243 1.492346e-05                 1
1244 2.410706e-03                 1
1245 8.627846e-05                 1
1246 4.047452e-06                 1
1247 5.080522e-05                 1
1248 5.810767e-04                 1
1249 9.271320e-07                 1
1250 3.417192e-04                 1
1251 5.011725e-03                 1
1252 6.245657e-04                 1
1253 4.506545e-05                 1
1254 5.858717e-03                 1
1255 9.236407e-04                 1
1256 9.115699e-06                 1
1257 3.886582e-04                 1
1258 3.072702e-05                 1
1259 7.656660e-04                 1
1260 1.502689e-04                 1
1261 2.178367e-05                 1
1262 5.128063e-04                 1
1263 3.149643e-04                 1
1264 1.930768e-05                 1
1265 1.388653e-04                 1
1266 2.795228e-04                 1
1267 6.722453e-09                 1
1268 1.177752e-05                 1
1269 1.110188e-04                 1
1270 6.096003e-04                 1
1271 3.954360e-03                 1
1272 1.121869e-04                 1
1273 1.669689e-04                 1
1274 4.143311e-05                 1
1275 5.742985e-06                 1
1276 5.602883e-04                 1
1277 5.787063e-05                 1
1278 2.033873e-04                 1
1279 4.274590e-04                 1
1280 6.586071e-05                 1
1281 8.765651e-04                 1
1282 1.698624e-04                 1
1283 4.808566e-03                 1
1284 1.781518e-03                 1
1285 1.065219e-04                 1
1286 7.128892e-04                 1
1287 1.994740e-06                 1
1288 1.157241e-04                 1
1289 2.397154e-04                 1
1290 2.007804e-03                 1
1291 3.461660e-05                 1
1292 6.946379e-04                 1
1293 5.840788e-05                 1
1294 3.750756e-05                 1
1295 8.568005e-05                 1
1296 2.616419e-06                 1
1297 1.260963e-04                 1
1298 1.463500e-04                 1
1299 6.914647e-05                 1
1300 7.588191e-05                 1
1301 3.244508e-05                 1
1302 1.270775e-05                 1
1303 4.286430e-04                 1
1304 3.186636e-03                 1
1305 2.567908e-04                 1
1306 2.063157e-04                 1
1307 1.973906e-04                 1
1308 1.493456e-07                 1
1309 6.433070e-05                 1
1310 1.358697e-04                 1
1311 6.676980e-05                 1
1312 9.755916e-04                 1
1313 1.151229e-03                 1
1314 9.379591e-06                 1
1315 1.069866e-05                 1
1316 8.141022e-05                 1
1317 9.739247e-07                 1
1318 5.052133e-04                 1
1319 3.970624e-06                 1
1320 3.003222e-04                 1
1321 1.751795e-05                 1
1322 2.583917e-08                 1
1323 7.368783e-05                 1
1324 8.912425e-05                 1
1325 4.856559e-04                 1
1326 6.120041e-05                 1
1327 7.001715e-05                 1
1328 2.177242e-04                 1
1329 6.960787e-06                 1
1330 1.266578e-04                 1

$`MR-PRESSO results`$`Distortion Test`
$`MR-PRESSO results`$`Distortion Test`$`Outliers Indices`
[1] "No significant outliers"

$`MR-PRESSO results`$`Distortion Test`$`Distortion Coefficient`
[1] NA

$`MR-PRESSO results`$`Distortion Test`$Pvalue
[1] NA



