$`Main MR results`
       Exposure       MR Analysis Causal Estimate         Sd     T-stat
1 beta.exposure               Raw     -0.01383575 0.08075878 -0.1713219
2 beta.exposure Outlier-corrected      0.01948963 0.07791957  0.2501250
    P-value
1 0.8640616
2 0.8026262

$`MR-PRESSO results`
$`MR-PRESSO results`$`Global Test`
$`MR-PRESSO results`$`Global Test`$RSSobs
[1] 518.0004

$`MR-PRESSO results`$`Global Test`$Pvalue
[1] "<4e-05"


$`MR-PRESSO results`$`Outlier Test`
          RSSobs   Pvalue
1   2.960271e-05        1
2   9.407588e-04        1
3   1.593641e-06        1
4   2.859169e-05        1
5   1.394263e-05        1
6   6.034902e-05        1
7   3.125193e-04        1
8   5.787438e-05        1
9   1.090328e-06        1
10  4.879929e-04        1
11  2.276993e-05        1
12  5.086310e-03        1
13  1.569250e-03        1
14  1.132772e-06        1
15  1.246128e-04        1
16  8.936584e-05        1
17  3.651548e-03  0.06112
18  2.593896e-05        1
19  4.868503e-05        1
20  6.736064e-05        1
21  1.001217e-03        1
22  3.120497e-04        1
23  5.290730e-03 <0.01528
24  1.639530e-03        1
25  2.399354e-06        1
26  2.597484e-04        1
27  5.263454e-04        1
28  1.543831e-05        1
29  4.356896e-04        1
30  8.828509e-05        1
31  2.607866e-03  0.35144
32  5.731787e-06        1
33  7.365204e-04        1
34  1.319866e-03        1
35  6.442511e-03        1
36  4.378662e-04        1
37  3.156903e-04        1
38  1.530313e-08        1
39  3.235800e-03        1
40  3.034951e-05        1
41  1.378030e-03        1
42  6.088419e-05        1
43  7.895329e-04        1
44  5.082707e-04        1
45  3.509093e-04        1
46  6.706217e-05        1
47  5.512696e-04        1
48  2.748129e-05        1
49  1.061043e-04        1
50  5.298654e-03        1
51  1.987403e-03        1
52  6.345937e-04        1
53  2.153949e-04        1
54  1.183280e-03        1
55  2.740655e-06        1
56  1.362024e-04        1
57  3.642565e-05        1
58  6.175645e-05        1
59  6.673337e-05        1
60  1.061734e-03        1
61  6.809368e-04        1
62  3.932298e-05        1
63  2.572668e-04        1
64  5.007131e-05        1
65  3.554416e-05        1
66  1.264438e-05        1
67  2.036619e-05        1
68  8.351509e-03        1
69  1.239324e-04        1
70  3.305620e-05        1
71  1.479931e-03        1
72  3.914634e-04        1
73  6.371150e-04        1
74  3.995457e-04        1
75  2.619038e-04        1
76  2.577943e-04        1
77  3.630076e-03        1
78  9.033150e-07        1
79  2.128704e-04        1
80  2.597277e-03        1
81  1.066551e-07        1
82  1.497896e-04        1
83  2.572275e-03        1
84  3.778938e-04        1
85  8.554909e-04        1
86  9.945581e-06        1
87  3.748478e-04        1
88  8.282634e-05        1
89  4.145287e-03  0.16808
90  3.828470e-06        1
91  9.426105e-04        1
92  1.226455e-04        1
93  7.845255e-03        1
94  8.819839e-05        1
95  1.882435e-05        1
96  3.825557e-03        1
97  1.361037e-03        1
98  7.654923e-05        1
99  9.548328e-04        1
100 1.095030e-02        1
101 4.857003e-03        1
102 2.307820e-04        1
103 9.708507e-04        1
104 4.521057e-05        1
105 1.460735e-04        1
106 2.932786e-05        1
107 2.743798e-04        1
108 2.186258e-03        1
109 6.342727e-05        1
110 1.076391e-03        1
111 1.230182e-04        1
112 5.365145e-06        1
113 6.460116e-05        1
114 2.309103e-07        1
115 3.303918e-04        1
116 3.442473e-03        1
117 2.256060e-04        1
118 2.067830e-04        1
119 2.560686e-05        1
120 2.075402e-09        1
121 4.793814e-04        1
122 2.463507e-05        1
123 5.263591e-04        1
124 6.340772e-04        1
125 6.147712e-05        1
126 7.299377e-04        1
127 2.822147e-04        1
128 2.630416e-03        1
129 1.820297e-03        1
130 7.032789e-06        1
131 2.840957e-04        1
132 2.768522e-04        1
133 2.284212e-04        1
134 6.543675e-05        1
135 9.549035e-05        1
136 1.260786e-03        1
137 5.146545e-04        1
138 1.970599e-04        1
139 6.002923e-05        1
140 6.042103e-06        1
141 8.289020e-05        1
142 6.149941e-04        1
143 9.396349e-04        1
144 6.444385e-06        1
145 1.490644e-04        1
146 2.067706e-04        1
147 1.094954e-04        1
148 7.690646e-04        1
149 3.223512e-04        1
150 1.308800e-02  0.09168
151 6.078260e-05        1
152 4.226432e-05        1
153 2.088204e-07        1
154 1.194564e-04        1
155 4.246467e-04        1
156 4.830089e-04        1
157 2.342842e-04        1
158 2.644850e-05        1
159 6.375145e-05        1
160 8.985188e-05        1
161 3.772095e-05        1
162 1.752620e-04        1
163 6.213720e-04        1
164 1.743122e-04        1
165 1.548882e-04        1
166 7.434600e-04        1
167 2.854249e-03        1
168 7.654020e-04        1
169 2.391276e-03        1
170 9.749982e-06        1
171 4.815783e-05        1
172 3.218719e-04        1
173 1.414226e-03        1
174 3.860811e-06        1
175 3.262157e-04        1
176 3.808154e-05        1
177 2.537767e-04        1
178 9.708586e-05        1
179 2.327913e-04        1
180 1.227121e-03        1
181 1.726131e-05        1
182 1.153006e-04        1
183 1.540102e-04        1
184 1.014613e-03        1
185 2.119530e-03        1
186 2.583979e-04        1
187 1.706962e-04        1
188 1.401332e-03        1
189 1.262099e-04        1
190 6.504063e-04        1
191 1.615392e-02        1
192 1.165236e-04        1
193 2.425084e-04        1
194 1.199090e-03        1
195 3.383144e-04        1
196 1.198529e-04        1
197 4.948621e-04        1
198 7.144090e-05        1
199 1.457423e-04        1
200 5.895581e-06        1
201 8.836735e-05        1
202 1.739949e-04        1
203 2.944445e-04        1
204 5.749006e-07        1
205 2.116876e-04        1
206 1.341064e-04        1
207 4.944993e-05        1
208 1.563489e-05        1
209 1.570171e-04        1
210 5.435519e-06        1
211 2.617205e-04        1
212 1.893776e-03        1
213 2.074354e-04        1
214 4.235951e-04        1
215 4.305005e-04        1
216 1.725907e-06        1
217 4.061891e-04        1
218 1.953388e-04        1
219 8.238025e-06        1
220 6.454010e-04        1
221 3.532470e-03        1
222 4.066497e-04        1
223 2.648400e-05        1
224 1.790509e-05        1
225 2.223000e-03        1
226 1.926207e-04        1
227 1.189217e-03        1
228 8.456774e-04        1
229 1.807754e-03        1
230 1.187133e-05        1
231 1.411243e-03        1
232 4.242992e-04        1
233 2.324564e-07        1
234 3.690444e-04        1
235 9.083798e-04        1
236 8.207740e-04        1
237 2.849439e-04        1
238 6.428861e-05        1
239 1.419551e-04        1
240 2.149290e-03        1
241 6.923438e-05        1
242 6.463767e-04        1
243 9.000500e-03        1
244 8.579433e-04        1
245 1.000055e-04        1
246 2.187582e-03        1
247 1.961309e-03        1
248 4.447266e-05        1
249 3.915191e-03        1
250 1.049902e-05        1
251 5.173616e-03        1
252 2.520339e-03        1
253 7.234573e-04        1
254 1.184697e-03        1
255 4.587338e-05        1
256 2.840004e-04        1
257 1.351010e-03        1
258 3.239297e-04        1
259 5.443072e-06        1
260 4.198414e-04        1
261 7.477285e-04        1
262 1.405483e-05        1
263 1.482898e-04        1
264 3.458556e-05        1
265 3.863123e-04        1
266 6.435396e-04        1
267 2.912334e-05        1
268 4.377271e-06        1
269 4.834790e-05        1
270 1.480308e-04        1
271 7.333743e-05        1
272 5.208557e-05        1
273 2.533621e-05        1
274 9.935055e-04        1
275 4.834353e-03 <0.01528
276 1.424563e-03        1
277 4.645979e-05        1
278 1.228314e-03        1
279 3.274263e-05        1
280 1.946657e-04        1
281 5.348288e-04        1
282 3.210591e-02        1
283 3.611819e-04        1
284 6.410012e-04        1
285 1.704127e-03        1
286 7.931698e-04        1
287 1.872385e-07        1
288 6.818431e-03        1
289 1.958857e-04        1
290 2.295272e-04        1
291 4.184414e-04        1
292 1.212172e-03        1
293 2.202824e-06        1
294 1.816923e-04        1
295 2.959825e-04        1
296 1.207352e-03        1
297 4.998676e-05        1
298 1.777064e-03        1
299 1.041341e-03        1
300 1.262533e-07        1
301 8.229766e-05        1
302 9.214113e-04        1
303 6.047248e-04        1
304 5.425283e-03        1
305 7.755045e-04        1
306 7.458900e-04        1
307 2.287148e-08        1
308 1.480202e-04        1
309 1.898918e-03        1
310 1.206727e-04        1
311 7.997727e-04        1
312 2.774301e-04        1
313 2.277762e-04        1
314 2.151286e-04        1
315 1.208070e-04        1
316 5.615059e-04        1
317 2.286310e-04        1
318 1.707533e-05        1
319 1.578405e-05        1
320 1.246275e-06        1
321 2.069263e-05        1
322 1.016107e-04        1
323 8.826440e-04        1
324 1.417091e-05        1
325 3.119234e-03        1
326 4.535371e-06        1
327 1.081759e-06        1
328 5.160901e-04        1
329 6.569268e-04        1
330 8.434960e-06        1
331 2.382225e-05        1
332 3.399262e-04        1
333 2.143175e-04        1
334 5.852068e-05        1
335 6.748345e-04        1
336 2.997914e-04        1
337 1.097049e-04        1
338 1.111009e-03        1
339 1.864069e-04        1
340 4.017299e-04        1
341 1.709262e-04        1
342 2.930469e-04        1
343 4.272624e-04        1
344 1.829831e-03        1
345 2.946773e-05        1
346 1.719531e-05        1
347 1.843175e-04        1
348 4.840175e-05        1
349 1.711170e-05        1
350 2.034376e-04        1
351 9.497091e-04        1
352 3.429210e-05        1
353 3.019688e-06        1
354 5.771856e-04        1
355 8.351089e-06        1
356 9.948612e-05        1
357 1.260414e-04        1
358 1.023314e-03        1
359 4.186183e-04        1
360 8.429689e-05        1
361 6.691518e-05        1
362 4.687979e-04        1
363 1.851791e-04        1
364 7.233965e-04        1
365 6.481078e-06        1
366 4.554336e-05        1
367 4.696434e-04        1
368 6.706541e-04        1
369 3.265196e-05        1
370 3.955778e-04        1
371 7.928658e-05        1
372 7.952840e-06        1
373 8.400096e-05        1
374 1.631009e-05        1
375 6.550103e-04        1
376 1.879506e-04        1
377 4.617939e-05        1
378 8.587015e-05        1
379 3.597119e-04        1
380 2.676665e-03  0.97792
381 1.190725e-04        1
382 2.192635e-07        1

$`MR-PRESSO results`$`Distortion Test`
$`MR-PRESSO results`$`Distortion Test`$`Outliers Indices`
[1]  23 275

$`MR-PRESSO results`$`Distortion Test`$`Distortion Coefficient`
beta.exposure 
    -170.9903 

$`MR-PRESSO results`$`Distortion Test`$Pvalue
[1] 0.11932



