$`Main MR results`
       Exposure       MR Analysis Causal Estimate        Sd     T-stat
1 beta.exposure               Raw      -0.1616559 0.3086018 -0.5238333
2 beta.exposure Outlier-corrected              NA        NA         NA
    P-value
1 0.6013854
2        NA

$`MR-PRESSO results`
$`MR-PRESSO results`$`Global Test`
$`MR-PRESSO results`$`Global Test`$RSSobs
[1] 149.2122

$`MR-PRESSO results`$`Global Test`$Pvalue
[1] 0.0309


$`MR-PRESSO results`$`Outlier Test`
          RSSobs Pvalue
1   4.326720e-02 0.3894
2   8.179022e-03      1
3   3.915432e-04      1
4   8.336052e-03      1
5   7.263034e-03      1
6   1.876589e-02      1
7   3.742249e-03      1
8   7.471456e-06      1
9   4.188589e-04      1
10  3.402630e-05      1
11  1.008155e-02      1
12  2.520132e-03      1
13  7.192960e-04      1
14  2.534273e-02      1
15  8.422271e-03      1
16  1.947339e-03      1
17  1.592053e-01      1
18  1.411181e-03      1
19  1.131384e-05      1
20  3.590276e-03      1
21  4.610715e-04      1
22  8.501853e-04      1
23  2.255532e-03      1
24  2.789208e-04      1
25  2.471556e-03      1
26  5.556762e-03      1
27  7.523537e-04      1
28  6.596279e-03      1
29  3.527392e-05      1
30  1.013487e-02      1
31  1.216126e-02      1
32  1.166047e-04      1
33  1.953104e-02      1
34  8.649924e-01      1
35  1.100566e-02      1
36  8.496368e-02      1
37  5.507316e-02 0.1534
38  1.623987e-02      1
39  7.502793e-01      1
40  3.224494e-02      1
41  1.308552e-01      1
42  6.005891e-02      1
43  1.814108e-05      1
44  1.315079e-04      1
45  1.868709e-03      1
46  3.941631e-02      1
47  3.295880e-01      1
48  1.858515e-02      1
49  1.246384e-04      1
50  2.787033e-03      1
51  1.011990e-03      1
52  7.955707e-03      1
53  5.528733e-03      1
54  2.156147e-04      1
55  1.305931e-02      1
56  1.563608e-05      1
57  2.848670e-02      1
58  4.156605e-01      1
59  2.860167e-03      1
60  8.953038e-06      1
61  1.646458e-04      1
62  2.244499e-03      1
63  4.141583e-03      1
64  1.311999e-03      1
65  8.274917e-04      1
66  7.976967e-05      1
67  1.900074e-05      1
68  3.600142e-05      1
69  7.669707e-03      1
70  6.510123e-03      1
71  3.321561e-02      1
72  9.348523e-03      1
73  2.474426e-03      1
74  1.338438e-03      1
75  2.870036e-03      1
76  2.474029e-02      1
77  1.130625e-01      1
78  1.598631e-02      1
79  1.897830e-02      1
80  9.244786e-04      1
81  1.452217e-02      1
82  3.164418e-03      1
83  3.338162e-05      1
84  9.674615e-04      1
85  3.303837e-05      1
86  8.075142e-03      1
87  1.521828e-02      1
88  4.135051e-05      1
89  7.529396e-02      1
90  1.345600e-04      1
91  5.571781e-05      1
92  2.851346e-02      1
93  2.165436e-02      1
94  3.374971e-01      1
95  1.419494e-02      1
96  1.753413e-02      1
97  4.497857e-02      1
98  2.681067e-01      1
99  1.267538e-04      1
100 1.681206e-01      1
101 3.461942e-01      1
102 8.555536e-03      1
103 7.812830e-01      1
104 1.855143e-03      1
105 3.307689e-02      1
106 1.037980e-02      1
107 2.367016e-03      1
108 1.148152e-04      1
109 5.650072e-04      1
110 5.657150e-01      1
111 7.840378e-03      1
112 2.553245e-02      1
113 5.804557e-03      1
114 4.897528e-05      1
115 3.621881e-02      1
116 1.493488e-02      1
117 2.473907e-02      1
118 3.956126e-03      1

$`MR-PRESSO results`$`Distortion Test`
$`MR-PRESSO results`$`Distortion Test`$`Outliers Indices`
[1] "No significant outliers"

$`MR-PRESSO results`$`Distortion Test`$`Distortion Coefficient`
[1] NA

$`MR-PRESSO results`$`Distortion Test`$Pvalue
[1] NA



