$`Main MR results`
       Exposure       MR Analysis Causal Estimate        Sd      T-stat
1 beta.exposure               Raw    -0.002443766 0.1746591 -0.01399163
2 beta.exposure Outlier-corrected     0.163454868 0.1346251  1.21414833
    P-value
1 0.9888498
2 0.2260612

$`MR-PRESSO results`
$`MR-PRESSO results`$`Global Test`
$`MR-PRESSO results`$`Global Test`$RSSobs
[1] 345.6907

$`MR-PRESSO results`$`Global Test`$Pvalue
[1] "<1e-04"


$`MR-PRESSO results`$`Outlier Test`
          RSSobs  Pvalue
1   5.407519e-03       1
2   7.729152e-04       1
3   2.130640e-03       1
4   1.474670e-03       1
5   2.840014e-02       1
6   4.645223e-03       1
7   1.244949e-02       1
8   1.017415e-03       1
9   3.667599e-03       1
10  3.521927e-03       1
11  1.172517e-02       1
12  5.540794e-04       1
13  4.918226e-04       1
14  9.155925e-05       1
15  4.227723e-03       1
16  2.396186e-03       1
17  5.148391e-03       1
18  3.526331e-02       1
19  7.521867e-03       1
20  9.867387e-03       1
21  8.871851e-03       1
22  7.201722e-05       1
23  2.147255e-01       1
24  8.643320e-05       1
25  1.969009e-01       1
26  8.517357e-03       1
27  8.749857e-04       1
28  1.723674e-03       1
29  4.142175e+00       1
30  2.565973e-03       1
31  3.835817e-03       1
32  2.248395e-03       1
33  1.018241e-01       1
34  6.463892e-05       1
35  1.191212e-01       1
36  5.677415e-02       1
37  6.143374e-03       1
38  9.233996e-03       1
39  7.414097e-05       1
40  9.985334e-05       1
41  5.511236e-03       1
42  5.330876e-02       1
43  7.864526e-05       1
44  3.622831e-03       1
45  2.788068e-03       1
46  9.296716e-04       1
47  2.034486e-03       1
48  4.262691e-04       1
49  5.430846e-02       1
50  1.199052e-02       1
51  2.396904e-03       1
52  3.557093e-03       1
53  4.822632e-03       1
54  1.108174e-03       1
55  4.523002e-03       1
56  4.486879e-03       1
57  2.020487e-05       1
58  7.165779e-03       1
59  2.021203e-01 <0.0213
60  1.868798e-04       1
61  7.709280e-03       1
62  1.154855e-02       1
63  2.642285e-01  0.3621
64  3.281557e-03       1
65  1.984167e-02       1
66  3.116808e-03       1
67  6.040440e-02       1
68  1.850701e-02       1
69  3.868747e-03       1
70  1.093666e-01       1
71  7.370157e-08       1
72  3.311701e-07       1
73  2.889108e-03       1
74  1.103173e-02       1
75  6.023360e-03       1
76  2.866422e-03       1
77  8.648449e-03       1
78  8.933973e-05       1
79  5.897516e-02       1
80  4.338902e-03       1
81  4.076374e-03       1
82  5.752626e-04       1
83  2.101845e-03       1
84  7.807214e-03       1
85  9.581864e-04       1
86  6.565823e-04       1
87  2.128791e-03       1
88  1.348382e+00 <0.0213
89  1.767592e-02       1
90  4.667120e-04       1
91  8.056484e-07       1
92  1.843234e-04       1
93  1.589461e-03       1
94  4.797329e-04       1
95  2.875271e-03       1
96  1.395168e-02       1
97  5.413889e-02       1
98  3.980096e-03       1
99  2.325142e-03       1
100 5.713756e-04       1
101 2.372829e-03       1
102 1.663824e-03       1
103 2.451693e-03       1
104 4.496887e-04       1
105 2.901658e-05       1
106 1.150896e-03       1
107 6.897394e-05       1
108 6.628111e-03       1
109 2.738852e-02       1
110 3.380204e-03       1
111 2.516263e-04       1
112 1.522882e-04       1
113 5.671749e-02       1
114 9.885220e-03       1
115 1.897029e-03       1
116 1.201171e-02       1
117 1.312467e-03       1
118 1.789220e-03       1
119 6.612791e-05       1
120 1.581960e-03       1
121 2.379362e-01       1
122 4.009067e-02       1
123 6.067541e-05       1
124 5.315227e-03       1
125 1.374807e-03       1
126 1.124778e-03       1
127 6.624682e-03       1
128 1.806227e-02       1
129 1.287903e-02       1
130 1.391720e-02       1
131 2.703441e-03       1
132 2.084593e-03       1
133 7.330652e-03       1
134 1.389943e-02       1
135 9.675037e-02       1
136 1.647720e-05       1
137 4.171476e-04       1
138 7.721845e-04       1
139 2.342962e-02       1
140 1.265065e-05       1
141 3.492834e-08       1
142 2.873293e-03       1
143 1.096454e-02       1
144 9.065121e-03       1
145 8.489603e-04       1
146 7.020580e-04       1
147 6.506520e-03       1
148 2.191288e-02       1
149 1.885472e-04       1
150 2.607712e-03       1
151 6.951995e-03       1
152 5.568524e-02       1
153 7.626389e-03       1
154 2.793895e-04       1
155 1.634598e-03       1
156 1.331891e-03       1
157 1.148599e-03       1
158 5.328401e-02   0.639
159 1.235320e-02       1
160 3.452081e-03       1
161 1.276601e-02       1
162 7.983503e-04       1
163 1.601205e-02       1
164 7.122332e-02       1
165 8.639362e-04       1
166 2.742498e-03       1
167 9.126396e-04       1
168 1.670160e-03       1
169 3.094908e-03       1
170 5.760466e-03       1
171 1.012419e-03       1
172 5.906815e-03       1
173 4.500883e-03       1
174 4.529419e-03       1
175 1.468259e-03       1
176 3.909355e-02       1
177 8.850647e-03       1
178 2.373254e-02       1
179 1.163398e-03       1
180 1.351339e-03       1
181 2.719401e-03       1
182 5.163760e-02       1
183 7.493138e-03       1
184 1.666284e-04       1
185 9.112538e-04       1
186 3.337782e-02       1
187 8.037280e-03       1
188 3.558316e-03       1
189 2.045350e-03       1
190 4.136152e-04       1
191 5.800123e-01  0.0426
192 6.494722e-03       1
193 8.652052e-02       1
194 5.982146e-05       1
195 1.955243e+00  0.9585
196 5.294097e-03       1
197 1.257662e-02       1
198 5.780215e-02       1
199 3.861509e-02       1
200 1.833019e-05       1
201 6.555111e-04       1
202 4.064050e-03       1
203 1.151492e-03       1
204 6.437541e-03       1
205 7.815974e-03       1
206 2.628411e-02       1
207 3.659221e-02       1
208 1.031695e-03       1
209 8.667287e-05       1
210 1.103881e-03       1
211 2.822225e-03       1
212 4.718017e-03       1
213 5.073052e-04       1

$`MR-PRESSO results`$`Distortion Test`
$`MR-PRESSO results`$`Distortion Test`$`Outliers Indices`
[1]  59  88 191

$`MR-PRESSO results`$`Distortion Test`$`Distortion Coefficient`
beta.exposure 
    -101.4951 

$`MR-PRESSO results`$`Distortion Test`$Pvalue
[1] 0.4199



