$`Main MR results`
       Exposure       MR Analysis Causal Estimate        Sd     T-stat
1 beta.exposure               Raw     -0.02232954 0.1752222 -0.1274356
2 beta.exposure Outlier-corrected     -0.12236913 0.1524547 -0.8026591
    P-value
1 0.8988516
2 0.4240945

$`MR-PRESSO results`
$`MR-PRESSO results`$`Global Test`
$`MR-PRESSO results`$`Global Test`$RSSobs
[1] 156.1195

$`MR-PRESSO results`$`Global Test`$Pvalue
[1] 8e-04


$`MR-PRESSO results`$`Outlier Test`
          RSSobs  Pvalue
1   5.115199e-05       1
2   1.142665e-03       1
3   4.915753e-04       1
4   2.876519e-05       1
5   1.954440e-03       1
6   2.059330e-04       1
7   5.313509e-04       1
8   1.556391e-04       1
9   1.349512e-04       1
10  1.578985e-04       1
11  2.414005e-04       1
12  3.584372e-06       1
13  1.342075e-04       1
14  1.045963e-03       1
15  6.140901e-05       1
16  1.046924e-04       1
17  4.126488e-05       1
18  2.191483e-04       1
19  9.593028e-07       1
20  1.456728e-03       1
21  9.660832e-03 <0.0101
22  4.241066e-06       1
23  6.225870e-04       1
24  2.661852e-04       1
25  7.154011e-04       1
26  1.664372e-03   0.707
27  4.611822e-04       1
28  1.513141e-04       1
29  2.400822e-03       1
30  2.665734e-05       1
31  8.132743e-06       1
32  3.409554e-04       1
33  1.669812e-05       1
34  1.749791e-05       1
35  7.324411e-03       1
36  3.546064e-04       1
37  2.286838e-05       1
38  4.500515e-04       1
39  8.711755e-04       1
40  1.063654e-04       1
41  3.904611e-04       1
42  1.759129e-04       1
43  1.412402e-05       1
44  2.042106e-04       1
45  6.714888e-06       1
46  7.460967e-05       1
47  2.691977e-07       1
48  1.866268e-04       1
49  1.571152e-03  0.4545
50  1.578855e-03       1
51  2.251175e-07       1
52  9.956985e-05       1
53  9.546266e-05       1
54  1.409038e-04       1
55  3.630716e-05       1
56  1.349801e-05       1
57  8.733709e-07       1
58  3.748689e-05       1
59  1.716671e-04       1
60  1.657965e-04       1
61  2.243384e-07       1
62  5.916397e-04       1
63  1.045294e-06       1
64  2.040216e-05       1
65  9.454857e-04       1
66  8.574783e-05       1
67  1.109513e-03       1
68  1.724810e-04       1
69  2.622082e-04       1
70  1.074869e-05       1
71  9.391961e-07       1
72  1.737840e-04       1
73  2.118393e-04       1
74  2.178209e-04       1
75  1.337758e-07       1
76  2.615864e-03  0.6969
77  2.481224e-04       1
78  2.058260e-05       1
79  2.018735e-04       1
80  3.367610e-04       1
81  1.099227e-03       1
82  1.598268e-04       1
83  1.136040e-04       1
84  8.334881e-04       1
85  3.622203e-04       1
86  1.212004e-04       1
87  8.193843e-05       1
88  2.645042e-06       1
89  7.889288e-04       1
90  1.476673e-03       1
91  1.730598e-03       1
92  5.613233e-05       1
93  6.407757e-05       1
94  6.483031e-05       1
95  7.993038e-04       1
96  5.141603e-04       1
97  7.650726e-04       1
98  2.118729e-04       1
99  1.480319e-04       1
100 1.198218e-03       1
101 4.805369e-05       1

$`MR-PRESSO results`$`Distortion Test`
$`MR-PRESSO results`$`Distortion Test`$`Outliers Indices`
[1] 21

$`MR-PRESSO results`$`Distortion Test`$`Distortion Coefficient`
beta.exposure 
     81.75231 

$`MR-PRESSO results`$`Distortion Test`$Pvalue
[1] 0.7273



