$`Main MR results`
       Exposure       MR Analysis Causal Estimate         Sd     T-stat
1 beta.exposure               Raw      0.25478685 0.17834941  1.4285825
2 beta.exposure Outlier-corrected     -0.01737669 0.04238994 -0.4099248
    P-value
1 0.1556384
2 0.6826044

$`MR-PRESSO results`
$`MR-PRESSO results`$`Global Test`
$`MR-PRESSO results`$`Global Test`$RSSobs
[1] 2800.868

$`MR-PRESSO results`$`Global Test`$Pvalue
[1] "<1e-04"


$`MR-PRESSO results`$`Outlier Test`
          RSSobs  Pvalue
1   7.857782e-05       1
2   5.499088e-05       1
3   1.356469e-04       1
4   2.186688e-04       1
5   1.805694e-04       1
6   1.732217e-03       1
7   4.119097e-05       1
8   8.349589e-06       1
9   5.858912e-05       1
10  2.050496e-04       1
11  3.626485e-04       1
12  1.455431e-03       1
13  5.776707e-04       1
14  3.165635e-04       1
15  3.618432e-02 <0.0125
16  2.167989e-05       1
17  9.822323e-05       1
18  1.050094e-05       1
19  1.533355e-03       1
20  6.438831e-04       1
21  4.430095e-03       1
22  6.393917e-05       1
23  1.049890e-03       1
24  2.753839e-02 <0.0125
25  3.323517e-03       1
26  8.259237e-04       1
27  6.239329e-04       1
28  3.206611e-04       1
29  3.057391e-04       1
30  4.112541e-04       1
31  6.605867e-04       1
32  5.089192e-04       1
33  2.523777e-03       1
34  8.280233e-04       1
35  7.774580e-04       1
36  7.244279e-05       1
37  2.504254e-05       1
38  2.940313e-04       1
39  7.357220e-04       1
40  2.209076e-07       1
41  2.192303e-04       1
42  1.073082e+00 <0.0125
43  7.369108e-04       1
44  4.105444e-05       1
45  3.100143e-04       1
46  1.534799e-05       1
47  2.210055e-05       1
48  2.808207e-03       1
49  1.485026e-03       1
50  1.035689e-04       1
51  2.689687e-04       1
52  2.707970e-03       1
53  9.232352e-04       1
54  4.317962e-05       1
55  1.119669e-04       1
56  4.627506e-06       1
57  3.560632e-05       1
58  1.247012e-05       1
59  6.114037e-06       1
60  1.035592e-04       1
61  2.521774e-03       1
62  3.542206e-04       1
63  9.114980e-03 <0.0125
64  8.528024e-06       1
65  9.186638e-05       1
66  7.621656e-04       1
67  6.773309e-05       1
68  1.224982e-01 <0.0125
69  2.810596e-05       1
70  3.575659e-05       1
71  2.692899e-03     0.2
72  3.121658e-04       1
73  2.234401e-06       1
74  1.185052e-04       1
75  2.405461e-07       1
76  2.350286e-04       1
77  3.338871e-06       1
78  3.452518e-03       1
79  2.446419e-03       1
80  5.924136e-05       1
81  1.528571e-03       1
82  3.019046e-05       1
83  6.007725e-05       1
84  1.333962e-04       1
85  6.575833e-04       1
86  1.385438e-03       1
87  7.751046e-04       1
88  1.917623e-02    0.15
89  6.470253e-04       1
90  2.302856e-06       1
91  5.116121e-04       1
92  2.343538e-04       1
93  7.686565e-05       1
94  1.048627e-03       1
95  3.254933e-04       1
96  2.204983e-04       1
97  4.064724e-03       1
98  8.342165e-04       1
99  1.167857e-03       1
100 3.421144e-05       1
101 1.249179e-06       1
102 3.703423e-03   0.075
103 1.928809e-05       1
104 6.415835e-07       1
105 4.886757e-03       1
106 4.359322e-03       1
107 3.538272e-04       1
108 2.979579e-05       1
109 7.123509e-04       1
110 5.423963e-02 <0.0125
111 2.028790e-05       1
112 1.487691e-03       1
113 2.383302e-03       1
114 5.926120e-03   0.725
115 4.174093e-04       1
116 7.843167e-04       1
117 7.879428e-04       1
118 1.344687e-04       1
119 3.501353e-03       1
120 1.340075e-03       1
121 1.430776e-04       1
122 1.173568e-04       1
123 3.689523e-04       1
124 2.797327e-04       1
125 1.354459e-03       1

$`MR-PRESSO results`$`Distortion Test`
$`MR-PRESSO results`$`Distortion Test`$`Outliers Indices`
[1]  15  24  42  63  68 110

$`MR-PRESSO results`$`Distortion Test`$`Distortion Coefficient`
beta.exposure 
     1566.257 

$`MR-PRESSO results`$`Distortion Test`$Pvalue
[1] "<1e-04"



