$`Main MR results`
       Exposure       MR Analysis Causal Estimate         Sd   T-stat   P-value
1 beta.exposure               Raw      0.01305457 0.01057295 1.234713 0.2170600
2 beta.exposure Outlier-corrected      0.01449738 0.01045790 1.386261 0.1657981

$`MR-PRESSO results`
$`MR-PRESSO results`$`Global Test`
$`MR-PRESSO results`$`Global Test`$RSSobs
[1] 2564.896

$`MR-PRESSO results`$`Global Test`$Pvalue
[1] 0.00202


$`MR-PRESSO results`$`Outlier Test`
           RSSobs   Pvalue
1    3.883514e-06        1
2    3.906804e-06        1
3    2.989820e-05        1
4    3.137614e-04        1
5    5.593255e-05        1
6    7.267463e-05        1
7    2.862378e-06        1
8    3.095810e-06        1
9    4.648389e-07        1
10   1.594147e-05        1
11   1.792534e-07        1
12   8.251804e-06        1
13   1.901754e-05        1
14   2.972295e-06        1
15   3.381315e-05        1
16   5.438108e-06        1
17   3.372721e-05        1
18   2.955022e-05        1
19   3.236569e-06        1
20   3.029160e-06        1
21   2.937649e-05        1
22   5.050982e-06        1
23   4.207964e-05        1
24   7.483002e-07        1
25   5.281066e-05        1
26   9.513082e-06        1
27   2.221371e-05        1
28   4.318420e-05        1
29   2.131812e-05        1
30   2.968206e-09        1
31   8.763481e-07        1
32   1.421697e-06        1
33   1.321225e-09        1
34   2.908884e-05        1
35   6.766803e-08        1
36   2.665205e-06        1
37   8.494812e-05        1
38   1.687177e-07        1
39   6.145683e-05        1
40   4.675474e-05        1
41   2.906348e-04   0.2363
42   1.713388e-06        1
43   3.655720e-06        1
44   2.458359e-06        1
45   7.553220e-05        1
46   1.473738e-05        1
47   2.889553e-05        1
48   2.908447e-05        1
49   6.492539e-06        1
50   7.378952e-05        1
51   5.314367e-07        1
52   2.130668e-05        1
53   1.101609e-04        1
54   4.439366e-06        1
55   7.438054e-08        1
56   3.480728e-05        1
57   7.818527e-06        1
58   7.072970e-06        1
59   4.764732e-05        1
60   2.056169e-07        1
61   4.660183e-06        1
62   1.308031e-05        1
63   1.512788e-04        1
64   4.130359e-05        1
65   7.929707e-06        1
66   2.777108e-05        1
67   5.653622e-06        1
68   3.259614e-07        1
69   1.366526e-06        1
70   2.519126e-06        1
71   9.501171e-05        1
72   7.152655e-07        1
73   3.178988e-06        1
74   1.794903e-05        1
75   2.550408e-06        1
76   2.048936e-05        1
77   1.907249e-06        1
78   1.106611e-07        1
79   1.444841e-07        1
80   2.508035e-05        1
81   8.332093e-07        1
82   1.543802e-04        1
83   5.454215e-05        1
84   1.494085e-05        1
85   6.578813e-06        1
86   2.504653e-06        1
87   5.776189e-05        1
88   1.091885e-05        1
89   1.401330e-05        1
90   2.233449e-05        1
91   8.387283e-06        1
92   3.078194e-05        1
93   3.018259e-06        1
94   3.660731e-05        1
95   2.267828e-06        1
96   1.198988e-04        1
97   2.694312e-05        1
98   2.755068e-05        1
99   1.780498e-06        1
100  2.768105e-05        1
101  3.968644e-05        1
102  9.810726e-06        1
103  4.001237e-06        1
104  4.692480e-05        1
105  1.274251e-07        1
106  2.487820e-05        1
107  6.356746e-06        1
108  5.961776e-06        1
109  8.719238e-07        1
110  8.554283e-06        1
111  1.886187e-06        1
112  2.547586e-04        1
113  1.095388e-04        1
114  5.418660e-07        1
115  2.923974e-05        1
116  1.303701e-06        1
117  1.790827e-05        1
118  6.564917e-05        1
119  1.157674e-05        1
120  8.831679e-06        1
121  3.392647e-05        1
122  1.838032e-06        1
123  3.169705e-06        1
124  1.724884e-05        1
125  9.189975e-07        1
126  1.778246e-06        1
127  9.797078e-05        1
128  1.372292e-06        1
129  2.348204e-05        1
130  1.233241e-05        1
131  2.392907e-05        1
132  3.755635e-07        1
133  1.832760e-05        1
134  1.535814e-05        1
135  7.958747e-06        1
136  7.903851e-06        1
137  1.877356e-05        1
138  2.668786e-06        1
139  1.842298e-05        1
140  9.145320e-07        1
141  3.656880e-05        1
142  8.089771e-08        1
143  8.327981e-06        1
144  1.838030e-06        1
145  7.247167e-05        1
146  1.286591e-05        1
147  9.473101e-06        1
148  2.888644e-05        1
149  3.330297e-05        1
150  7.796224e-07        1
151  1.673932e-06        1
152  4.317238e-05        1
153  3.906889e-07        1
154  1.198801e-04        1
155  2.619278e-06        1
156  2.021988e-06        1
157  1.785771e-05        1
158  4.211369e-07        1
159  5.839177e-05        1
160  5.088911e-06        1
161  3.924592e-05        1
162  1.905557e-05        1
163  9.166589e-09        1
164  7.767864e-07        1
165  1.011831e-07        1
166  1.317491e-05        1
167  1.305449e-06        1
168  3.739319e-06        1
169  5.039453e-05        1
170  2.514210e-05        1
171  8.032269e-05        1
172  1.034982e-06        1
173  1.431484e-05        1
174  1.778304e-06        1
175  7.427413e-06        1
176  2.372298e-05        1
177  7.247953e-06        1
178  1.727469e-04        1
179  2.266973e-08        1
180  3.284814e-05        1
181  4.043170e-07        1
182  3.006589e-05        1
183  1.229845e-06        1
184  4.501631e-05        1
185  9.566935e-07        1
186  2.212486e-05        1
187  3.273363e-05        1
188  8.297157e-05        1
189  1.932657e-08        1
190  1.458469e-05        1
191  5.194535e-06        1
192  2.444176e-06        1
193  1.955165e-07        1
194  8.118409e-06        1
195  3.090613e-06        1
196  3.030808e-07        1
197  1.496954e-05        1
198  1.857462e-05        1
199  4.520835e-06        1
200  1.862698e-05        1
201  2.278858e-04        1
202  4.331119e-05        1
203  8.876519e-07        1
204  6.297988e-05        1
205  2.291063e-05        1
206  1.125287e-04        1
207  4.645796e-06        1
208  4.072559e-06        1
209  2.824724e-06        1
210  7.414509e-07        1
211  7.625087e-05        1
212  2.391830e-05        1
213  7.930751e-07        1
214  3.100159e-06        1
215  9.514488e-06        1
216  5.566941e-07        1
217  4.152202e-06        1
218  1.322447e-08        1
219  7.123099e-05        1
220  3.423676e-05        1
221  1.033206e-04        1
222  4.720361e-06        1
223  1.443723e-05        1
224  5.889876e-07        1
225  2.412367e-06        1
226  2.698169e-06        1
227  8.031580e-08        1
228  1.109192e-06        1
229  1.559895e-06        1
230  2.906780e-06        1
231  1.883538e-05        1
232  8.040659e-05        1
233  1.842743e-05        1
234  4.822645e-06        1
235  1.558225e-06        1
236  6.720095e-06        1
237  1.910990e-05        1
238  7.901396e-06        1
239  2.609281e-04        1
240  1.060074e-05        1
241  1.726974e-05        1
242  2.865243e-05        1
243  1.120464e-05        1
244  6.241099e-06        1
245  1.777076e-06        1
246  7.201591e-05        1
247  1.756466e-05        1
248  9.637123e-06        1
249  3.977824e-05        1
250  3.579740e-06        1
251  2.977062e-04        1
252  1.061295e-04        1
253  2.705707e-05        1
254  1.947029e-05        1
255  1.803168e-05        1
256  8.618828e-06        1
257  5.935763e-06        1
258  1.654889e-04        1
259  4.494485e-05        1
260  1.177660e-04        1
261  1.804442e-07        1
262  2.631569e-05        1
263  3.962465e-05        1
264  3.876634e-05        1
265  5.219936e-05        1
266  6.359300e-06        1
267  1.122597e-04        1
268  3.782236e-05        1
269  3.566689e-05        1
270  3.450843e-06        1
271  3.179776e-06        1
272  1.123352e-04        1
273  4.341250e-05        1
274  3.190602e-05        1
275  4.785181e-06        1
276  1.379512e-04        1
277  9.899832e-06        1
278  2.323047e-06        1
279  8.517873e-07        1
280  2.673038e-05        1
281  1.330379e-05        1
282  2.770394e-05        1
283  7.326638e-05        1
284  2.587934e-05        1
285  1.778095e-04        1
286  1.661896e-05        1
287  1.358457e-04        1
288  2.303967e-05        1
289  6.923100e-06        1
290  9.482029e-05        1
291  1.166284e-05        1
292  9.112325e-05        1
293  1.013588e-05        1
294  3.483731e-07        1
295  1.230432e-05        1
296  1.562232e-05        1
297  8.404226e-06        1
298  1.554484e-07        1
299  3.899391e-05        1
300  1.201904e-05        1
301  1.118781e-05        1
302  1.567730e-04        1
303  6.449118e-06        1
304  2.145822e-05        1
305  6.519294e-04        1
306  8.307166e-06        1
307  1.294929e-06        1
308  2.559669e-06        1
309  2.319200e-06        1
310  1.463482e-06        1
311  2.301848e-06        1
312  2.734455e-07        1
313  4.018685e-06        1
314  5.291680e-06        1
315  5.938950e-05        1
316  1.041147e-04        1
317  7.234201e-07        1
318  8.527033e-05        1
319  5.670971e-06        1
320  1.390859e-05        1
321  1.691834e-05        1
322  2.510796e-06        1
323  2.193232e-06        1
324  1.297906e-06        1
325  1.278891e-05        1
326  7.808410e-07        1
327  2.942477e-05        1
328  1.092366e-07        1
329  2.604914e-06        1
330  3.038519e-07        1
331  1.518167e-06        1
332  3.714465e-09        1
333  1.278478e-05        1
334  1.770134e-04        1
335  6.299001e-07        1
336  2.532406e-05        1
337  4.488684e-06        1
338  3.935520e-07        1
339  3.927927e-05        1
340  5.069323e-05        1
341  6.523569e-05        1
342  7.522434e-05        1
343  2.554766e-05        1
344  2.934696e-05        1
345  6.146063e-09        1
346  1.772745e-04        1
347  1.147631e-05        1
348  2.933247e-06        1
349  7.277676e-06        1
350  1.573021e-05        1
351  3.689301e-05        1
352  4.819635e-06        1
353  2.147550e-05        1
354  3.391551e-05        1
355  3.039715e-06        1
356  6.908771e-06        1
357  1.716095e-06        1
358  1.220863e-04        1
359  3.901356e-04        1
360  5.168780e-06        1
361  4.811805e-05        1
362  1.346870e-05        1
363  8.591499e-08        1
364  4.573460e-05        1
365  5.792127e-05        1
366  2.686186e-05        1
367  5.089150e-05        1
368  8.485446e-05        1
369  3.406006e-05        1
370  1.248342e-04        1
371  6.168894e-05        1
372  1.582854e-05        1
373  3.593865e-05        1
374  3.454291e-04        1
375  9.788841e-05        1
376  1.095978e-04        1
377  1.696228e-05        1
378  1.200586e-04        1
379  2.763147e-07        1
380  2.804145e-07        1
381  3.871143e-06        1
382  1.258043e-06        1
383  5.085559e-06        1
384  1.392670e-06        1
385  4.536389e-05        1
386  7.759277e-06        1
387  1.764916e-04        1
388  5.928430e-05        1
389  5.071067e-06        1
390  9.580327e-06        1
391  2.404715e-05        1
392  9.524117e-08        1
393  4.875289e-05        1
394  1.904759e-04        1
395  1.378992e-06        1
396  4.919620e-05        1
397  8.115627e-10        1
398  8.286730e-05        1
399  4.235507e-07        1
400  1.608378e-07        1
401  3.595003e-06        1
402  3.343709e-05        1
403  4.093235e-05        1
404  2.653039e-05        1
405  6.224676e-06        1
406  1.120349e-07        1
407  1.237370e-06        1
408  2.502639e-06        1
409  5.723844e-06        1
410  5.132395e-06        1
411  1.335087e-04        1
412  7.327053e-05        1
413  2.615341e-06        1
414  4.258318e-05        1
415  1.937246e-05        1
416  6.057735e-06        1
417  1.234437e-05        1
418  2.012326e-04        1
419  2.540089e-05        1
420  3.861815e-06        1
421  2.024479e-05        1
422  1.079504e-04        1
423  6.017636e-06        1
424  8.175685e-05        1
425  2.165246e-05        1
426  1.269927e-06        1
427  3.542073e-05        1
428  1.500042e-04        1
429  6.645999e-05        1
430  9.577605e-06        1
431  2.219261e-06        1
432  1.927128e-05        1
433  3.385051e-06        1
434  4.000764e-06        1
435  5.973184e-06        1
436  2.808402e-04        1
437  3.510423e-06        1
438  3.046490e-08        1
439  1.246837e-05        1
440  1.552558e-05        1
441  1.323369e-05        1
442  6.326289e-05        1
443  1.093847e-05        1
444  2.694165e-07        1
445  6.043879e-05        1
446  5.760604e-05        1
447  1.461405e-06        1
448  2.186680e-05        1
449  3.817135e-06        1
450  7.902125e-05        1
451  1.214667e-06        1
452  4.663330e-05        1
453  2.767697e-06        1
454  1.717068e-06        1
455  2.130186e-06        1
456  1.103060e-04        1
457  6.359357e-07        1
458  8.787173e-06        1
459  5.642666e-08        1
460  6.615424e-06        1
461  8.110462e-06        1
462  3.785540e-06        1
463  2.521716e-05        1
464  5.146064e-05        1
465  7.021972e-05        1
466  1.395188e-05        1
467  1.759449e-06        1
468  8.136783e-06        1
469  2.995654e-05        1
470  5.380580e-06        1
471  1.755643e-05        1
472  1.768404e-05        1
473  2.568182e-08        1
474  7.745652e-05        1
475  2.339103e-05        1
476  2.578376e-06        1
477  5.563716e-06        1
478  8.757474e-05        1
479  7.833950e-07        1
480  1.286478e-04        1
481  3.660780e-05        1
482  2.338116e-05        1
483  7.394296e-05        1
484  3.454331e-06        1
485  4.558272e-06        1
486  5.368648e-05        1
487  1.224345e-06        1
488  2.032033e-08        1
489  1.390021e-05        1
490  3.988294e-06        1
491  9.479902e-05        1
492  2.053386e-07        1
493  4.322455e-05        1
494  2.879591e-06        1
495  1.337941e-06        1
496  5.028162e-05        1
497  1.612758e-05        1
498  4.089060e-08        1
499  3.594441e-06        1
500  3.281516e-05        1
501  1.452400e-05        1
502  1.278058e-08        1
503  3.247057e-06        1
504  1.868833e-06        1
505  1.328064e-05        1
506  2.884161e-05        1
507  5.598629e-05        1
508  9.902666e-06        1
509  1.625676e-05        1
510  8.166450e-07        1
511  1.595362e-05        1
512  4.373945e-07        1
513  1.811824e-05        1
514  1.897935e-06        1
515  8.124995e-06        1
516  1.943857e-05        1
517  1.698044e-05        1
518  9.676216e-07        1
519  4.600754e-07        1
520  5.422768e-05        1
521  3.878281e-06        1
522  2.221185e-08        1
523  4.710795e-07        1
524  1.020252e-05        1
525  1.539038e-05        1
526  7.355500e-06        1
527  1.252754e-05        1
528  1.002785e-04        1
529  2.039247e-07        1
530  3.925257e-05        1
531  8.155524e-07        1
532  7.270293e-08        1
533  2.366149e-08        1
534  7.706652e-06        1
535  1.474064e-05        1
536  2.921197e-05        1
537  3.445401e-06        1
538  8.308383e-06        1
539  3.051016e-05        1
540  4.406051e-06        1
541  2.769969e-05        1
542  2.941940e-06        1
543  7.375421e-06        1
544  1.531900e-05        1
545  2.274573e-06        1
546  8.821029e-06        1
547  4.661164e-06        1
548  1.441604e-05        1
549  3.053888e-06        1
550  1.474826e-05        1
551  1.909221e-05        1
552  2.858586e-05        1
553  2.117070e-04        1
554  2.670794e-04        1
555  7.101452e-07        1
556  5.792152e-06        1
557  7.819742e-06        1
558  2.421827e-05        1
559  1.484003e-04        1
560  2.115673e-05        1
561  2.230436e-05        1
562  9.346185e-07        1
563  2.371219e-05        1
564  1.628460e-05        1
565  9.151832e-06        1
566  2.291068e-06        1
567  2.143135e-07        1
568  1.757811e-04        1
569  4.391623e-08        1
570  1.473658e-05        1
571  1.440335e-04        1
572  7.743294e-05        1
573  4.847208e-06        1
574  1.109636e-06        1
575  8.633826e-05        1
576  6.481240e-06        1
577  1.189990e-04        1
578  9.109283e-06        1
579  3.153931e-07        1
580  5.077341e-06        1
581  1.248436e-05        1
582  6.195197e-07        1
583  2.491805e-04        1
584  5.833788e-05        1
585  3.812932e-05        1
586  2.138057e-04        1
587  5.977350e-08        1
588  9.991538e-06        1
589  1.097004e-04        1
590  5.055350e-07        1
591  4.462262e-06        1
592  8.441421e-07        1
593  1.394424e-06        1
594  4.889048e-06        1
595  8.314321e-06        1
596  2.038277e-05        1
597  7.009020e-05        1
598  1.970446e-05        1
599  1.713163e-04        1
600  2.810385e-05        1
601  6.315113e-06        1
602  5.782973e-05        1
603  8.300275e-05        1
604  5.904092e-05        1
605  1.066180e-06        1
606  5.279468e-05        1
607  1.836184e-09        1
608  1.954528e-08        1
609  4.166900e-05        1
610  8.084529e-06        1
611  3.311024e-06        1
612  2.347884e-06        1
613  5.704371e-05        1
614  6.749554e-05        1
615  9.600981e-11        1
616  8.975599e-06        1
617  2.510972e-05        1
618  2.630268e-07        1
619  6.323427e-05        1
620  1.206475e-07        1
621  8.876449e-08        1
622  1.460643e-05        1
623  1.372177e-05        1
624  7.790882e-06        1
625  3.344933e-06        1
626  7.329262e-08        1
627  2.025906e-06        1
628  1.516970e-05        1
629  6.720206e-06        1
630  8.557876e-07        1
631  1.007161e-08        1
632  1.154537e-05        1
633  4.144338e-05        1
634  9.034044e-05        1
635  1.839187e-05        1
636  6.591376e-05        1
637  1.549761e-04        1
638  2.097646e-05        1
639  3.523755e-05        1
640  8.662077e-06        1
641  1.773884e-04        1
642  4.036180e-06        1
643  3.078890e-05        1
644  1.805155e-04        1
645  7.125185e-06        1
646  1.164678e-04        1
647  3.282437e-05        1
648  2.663384e-06        1
649  7.954098e-05        1
650  7.619535e-05        1
651  2.512730e-05        1
652  5.340024e-05        1
653  3.147672e-07        1
654  1.721634e-04        1
655  8.613924e-05        1
656  5.385350e-05        1
657  3.040251e-06        1
658  4.468255e-05        1
659  4.898416e-06        1
660  1.876767e-05        1
661  3.567497e-05        1
662  2.064343e-07        1
663  8.390928e-06        1
664  1.122979e-06        1
665  6.968069e-05        1
666  7.130586e-07        1
667  5.318955e-06        1
668  8.305543e-09        1
669  6.151953e-05        1
670  2.174693e-06        1
671  1.625501e-06        1
672  3.945981e-05        1
673  2.408888e-05        1
674  2.165122e-05        1
675  2.831839e-05        1
676  1.472553e-05        1
677  1.124572e-04        1
678  3.449376e-07        1
679  9.076038e-09        1
680  2.447283e-05        1
681  5.552034e-05        1
682  1.924826e-05        1
683  2.826006e-05        1
684  2.977058e-06        1
685  8.923501e-05        1
686  4.407484e-04        1
687  1.043017e-04        1
688  3.054598e-06        1
689  1.686678e-07        1
690  8.915895e-06        1
691  9.400647e-06        1
692  8.730782e-06        1
693  8.385724e-06        1
694  1.974498e-08        1
695  6.035557e-05        1
696  2.117912e-04        1
697  2.298312e-05        1
698  3.653264e-06        1
699  6.273727e-05        1
700  8.604283e-07        1
701  2.168511e-04        1
702  3.189292e-06        1
703  1.408929e-06        1
704  4.588003e-05        1
705  6.912156e-07        1
706  2.360938e-05        1
707  1.681674e-04        1
708  2.132819e-07        1
709  1.064729e-06        1
710  1.983531e-04        1
711  2.632467e-08        1
712  6.050422e-05        1
713  5.320418e-05        1
714  1.920136e-06        1
715  5.875344e-06        1
716  2.336547e-06        1
717  1.890878e-04        1
718  3.824272e-06        1
719  3.493325e-06        1
720  6.265795e-07        1
721  1.356374e-05        1
722  2.133520e-05        1
723  2.556870e-06        1
724  1.210012e-05        1
725  1.182773e-05        1
726  2.603552e-05        1
727  8.108895e-07        1
728  3.232187e-05        1
729  2.729336e-05        1
730  3.321965e-05        1
731  7.008821e-09        1
732  3.900972e-06        1
733  1.359651e-05        1
734  1.756694e-05        1
735  9.345760e-06        1
736  1.103898e-05        1
737  2.191681e-04        1
738  3.264530e-06        1
739  1.988915e-06        1
740  2.862106e-05        1
741  1.283307e-05        1
742  1.257926e-05        1
743  1.106287e-05        1
744  1.034212e-04        1
745  1.262012e-04        1
746  5.881029e-05        1
747  4.548902e-04        1
748  1.219770e-05        1
749  1.384697e-05        1
750  5.174391e-09        1
751  1.580045e-05        1
752  2.191033e-05        1
753  5.205014e-05        1
754  4.131374e-07        1
755  4.424636e-08        1
756  2.864297e-05        1
757  2.274412e-05        1
758  9.223029e-05        1
759  8.565429e-06        1
760  3.873948e-05        1
761  5.450337e-07        1
762  5.011761e-06        1
763  1.943603e-06        1
764  8.657746e-06        1
765  1.154023e-04        1
766  1.171620e-05        1
767  6.411402e-07        1
768  1.359799e-07        1
769  1.343658e-04        1
770  4.467236e-05        1
771  5.296471e-05        1
772  2.181143e-06        1
773  1.036375e-05        1
774  6.242218e-05        1
775  1.359680e-08        1
776  9.115329e-06        1
777  7.573424e-05        1
778  7.557987e-09        1
779  2.155431e-07        1
780  9.070236e-07        1
781  4.314820e-06        1
782  4.046624e-05        1
783  1.802572e-04        1
784  5.767443e-06        1
785  7.862751e-05        1
786  5.609379e-06        1
787  1.670005e-05        1
788  3.203623e-06        1
789  3.348025e-06        1
790  1.553223e-05        1
791  1.358816e-06        1
792  8.727636e-07        1
793  7.028516e-05        1
794  9.385821e-07        1
795  5.509326e-05        1
796  1.507590e-06        1
797  7.563771e-05        1
798  9.550602e-06        1
799  5.928379e-06        1
800  1.654657e-05        1
801  4.283259e-05        1
802  1.265346e-05        1
803  1.724163e-05        1
804  2.309933e-05        1
805  3.393072e-06        1
806  2.478905e-04        1
807  2.385515e-05        1
808  5.956354e-06        1
809  2.069281e-06        1
810  4.339811e-05        1
811  1.518753e-04        1
812  5.016817e-06        1
813  5.366272e-05        1
814  1.402126e-06        1
815  1.877561e-06        1
816  8.407430e-05        1
817  2.320731e-07        1
818  8.506342e-06        1
819  2.691667e-05        1
820  8.485592e-06        1
821  5.970108e-06        1
822  4.515259e-05        1
823  6.117668e-07        1
824  2.500586e-07        1
825  8.505976e-06        1
826  8.839092e-05        1
827  2.136332e-05        1
828  2.567934e-09        1
829  2.346005e-06        1
830  1.286292e-05        1
831  3.926219e-05        1
832  6.714987e-06        1
833  4.594970e-06        1
834  2.107461e-06        1
835  1.001039e-04        1
836  5.847490e-05        1
837  3.752099e-05        1
838  2.740431e-05        1
839  2.927247e-06        1
840  1.449114e-06        1
841  1.872378e-05        1
842  2.246424e-05        1
843  4.623295e-06        1
844  1.404602e-04        1
845  1.475031e-06        1
846  3.675297e-05        1
847  7.276194e-06        1
848  7.846945e-05        1
849  3.916976e-05        1
850  1.848288e-07        1
851  1.263975e-04        1
852  5.676217e-07        1
853  1.505276e-04        1
854  1.225601e-04        1
855  1.942941e-05        1
856  3.556938e-06        1
857  3.316722e-05        1
858  6.059837e-05        1
859  1.889994e-07        1
860  2.184982e-05        1
861  2.454782e-06        1
862  7.106300e-07        1
863  1.712913e-06        1
864  2.940718e-05        1
865  1.870080e-04        1
866  2.825603e-05        1
867  2.163495e-04        1
868  4.610549e-05        1
869  3.245587e-05        1
870  1.365776e-05        1
871  1.317281e-08        1
872  1.489231e-06        1
873  4.659037e-07        1
874  3.485321e-06        1
875  5.503140e-05        1
876  9.790751e-06        1
877  1.753377e-06        1
878  1.079815e-05        1
879  5.626356e-07        1
880  8.497359e-07        1
881  3.309244e-07        1
882  1.035575e-06        1
883  6.478421e-07        1
884  3.403025e-05        1
885  4.925355e-08        1
886  3.739410e-05        1
887  2.128907e-05        1
888  1.129853e-06        1
889  1.062020e-04        1
890  6.069360e-06        1
891  1.469494e-06        1
892  1.269439e-05        1
893  2.574645e-05        1
894  2.519974e-05        1
895  5.403162e-06        1
896  2.349876e-04        1
897  3.505536e-05        1
898  3.142019e-07        1
899  3.184968e-05        1
900  4.396861e-05        1
901  1.374174e-05        1
902  2.130500e-04        1
903  5.012858e-06        1
904  1.823596e-08        1
905  2.904273e-07        1
906  1.128363e-04        1
907  2.915980e-07        1
908  7.354173e-05        1
909  1.184885e-04        1
910  1.472116e-04        1
911  9.201237e-05        1
912  3.200336e-05        1
913  1.096857e-04        1
914  1.679270e-04        1
915  1.257439e-05        1
916  1.701446e-05        1
917  3.367821e-05        1
918  1.855951e-06        1
919  5.691045e-05        1
920  1.413080e-05        1
921  1.449784e-05        1
922  1.103466e-07        1
923  1.332419e-06        1
924  9.299708e-06        1
925  1.413384e-05        1
926  1.169417e-04        1
927  1.110742e-05        1
928  1.060554e-04        1
929  1.252533e-06        1
930  1.619041e-06        1
931  1.518194e-04        1
932  8.953852e-08        1
933  1.838017e-04        1
934  1.879992e-04        1
935  1.686461e-06        1
936  5.420428e-05        1
937  9.734485e-06        1
938  1.784940e-06        1
939  1.155630e-05        1
940  4.376759e-05        1
941  1.541464e-05        1
942  1.023111e-06        1
943  1.952589e-05        1
944  7.288590e-05        1
945  1.742108e-05        1
946  4.624296e-05        1
947  2.462554e-06        1
948  1.756370e-06        1
949  4.509583e-07        1
950  8.759117e-05        1
951  1.549594e-05        1
952  1.427276e-05        1
953  6.061842e-06        1
954  3.290833e-05        1
955  5.446187e-07        1
956  2.802051e-06        1
957  3.343776e-08        1
958  2.337523e-05        1
959  1.297406e-06        1
960  1.561975e-05        1
961  7.811384e-07        1
962  5.221071e-06        1
963  1.236118e-04        1
964  8.419570e-06        1
965  2.448893e-09        1
966  6.268186e-06        1
967  2.483963e-06        1
968  4.305333e-09        1
969  4.271417e-08        1
970  3.295358e-06        1
971  4.691365e-05        1
972  9.464963e-07        1
973  5.138928e-05        1
974  4.101452e-06        1
975  1.599286e-04        1
976  9.379569e-06        1
977  7.686118e-06        1
978  1.516201e-04        1
979  7.614993e-06        1
980  1.393834e-05        1
981  1.744650e-05        1
982  3.335865e-05        1
983  1.968794e-06        1
984  3.645884e-05        1
985  3.295988e-05        1
986  1.894933e-05        1
987  1.473753e-06        1
988  4.197498e-05        1
989  1.389192e-05        1
990  2.653520e-07        1
991  6.504074e-06        1
992  5.355987e-06        1
993  4.282540e-06        1
994  7.724253e-07        1
995  9.498694e-06        1
996  2.863919e-06        1
997  1.170275e-05        1
998  7.164129e-05        1
999  7.590832e-06        1
1000 3.021348e-05        1
1001 9.728872e-08        1
1002 3.298033e-05        1
1003 1.169847e-06        1
1004 1.729676e-05        1
1005 7.265175e-06        1
1006 6.001079e-05        1
1007 3.504329e-05        1
1008 1.056641e-04        1
1009 3.251045e-05        1
1010 1.713173e-06        1
1011 4.914612e-05        1
1012 3.038565e-05        1
1013 5.405631e-06        1
1014 3.416366e-05        1
1015 1.023987e-04        1
1016 4.089493e-05        1
1017 1.078157e-05        1
1018 1.239686e-05        1
1019 4.952387e-06        1
1020 2.437511e-06        1
1021 2.201504e-06        1
1022 3.695219e-06        1
1023 1.804884e-06        1
1024 1.214948e-05        1
1025 3.885644e-05        1
1026 1.825114e-04        1
1027 5.658834e-08        1
1028 2.986530e-05        1
1029 2.606514e-06        1
1030 2.686122e-04        1
1031 6.582404e-06        1
1032 1.455865e-06        1
1033 1.563440e-10        1
1034 3.529390e-06        1
1035 2.986864e-05        1
1036 8.856214e-06        1
1037 4.945481e-06        1
1038 6.130789e-05        1
1039 9.294180e-06        1
1040 1.906949e-06        1
1041 2.280474e-05        1
1042 1.098256e-07        1
1043 6.253049e-06        1
1044 1.841139e-06        1
1045 4.282404e-05        1
1046 1.247721e-06        1
1047 8.354980e-05        1
1048 5.515473e-05        1
1049 2.749783e-06        1
1050 9.857192e-08        1
1051 8.000726e-05        1
1052 7.777095e-06        1
1053 8.458402e-07        1
1054 3.578245e-07        1
1055 9.124221e-06        1
1056 6.521743e-07        1
1057 5.694268e-06        1
1058 1.349702e-04        1
1059 5.001660e-05        1
1060 2.835501e-05        1
1061 4.346099e-05        1
1062 8.077740e-05        1
1063 1.462512e-04        1
1064 3.313580e-06        1
1065 1.109798e-06        1
1066 6.316093e-06        1
1067 2.529002e-05        1
1068 4.157812e-05        1
1069 7.675561e-05        1
1070 2.071554e-05        1
1071 2.859695e-06        1
1072 1.799904e-05        1
1073 2.330597e-05        1
1074 2.180232e-06        1
1075 1.388818e-05        1
1076 4.114642e-06        1
1077 1.541937e-06        1
1078 2.304500e-06        1
1079 4.638706e-05        1
1080 3.529203e-06        1
1081 3.205657e-06        1
1082 9.542910e-05        1
1083 2.033791e-05        1
1084 1.139297e-04        1
1085 1.782170e-04        1
1086 8.443835e-06        1
1087 5.359178e-06        1
1088 7.950191e-07        1
1089 1.219228e-06        1
1090 8.269926e-06        1
1091 2.535314e-06        1
1092 1.302372e-05        1
1093 2.625100e-06        1
1094 3.192455e-05        1
1095 1.205348e-06        1
1096 7.326793e-06        1
1097 1.798090e-05        1
1098 4.462053e-07        1
1099 5.358051e-06        1
1100 2.216265e-05        1
1101 3.006807e-06        1
1102 3.070697e-05        1
1103 1.332425e-06        1
1104 5.837899e-06        1
1105 5.509411e-07        1
1106 5.202721e-06        1
1107 4.218936e-05        1
1108 1.182393e-07        1
1109 8.240134e-07        1
1110 1.002040e-05        1
1111 1.324206e-05        1
1112 1.004163e-04        1
1113 1.926344e-06        1
1114 1.508068e-05        1
1115 5.187968e-05        1
1116 1.873758e-04        1
1117 1.854124e-08        1
1118 1.811037e-06        1
1119 3.096997e-05        1
1120 1.134752e-04        1
1121 3.555301e-06        1
1122 6.887379e-06        1
1123 6.278662e-05        1
1124 2.091159e-05        1
1125 3.408483e-06        1
1126 1.420550e-05        1
1127 4.611329e-07        1
1128 1.910244e-05        1
1129 5.953469e-06        1
1130 2.154145e-05        1
1131 3.708345e-06        1
1132 6.565984e-06        1
1133 8.936922e-06        1
1134 3.832173e-05        1
1135 1.643484e-06        1
1136 4.983821e-05        1
1137 8.082127e-05        1
1138 8.751439e-06        1
1139 3.280856e-06        1
1140 3.353860e-07        1
1141 3.299459e-07        1
1142 2.024650e-05        1
1143 2.998033e-05        1
1144 3.954293e-06        1
1145 9.077126e-06        1
1146 5.513676e-05        1
1147 5.213665e-06        1
1148 3.082779e-07        1
1149 1.308222e-07        1
1150 1.359727e-05        1
1151 5.210062e-06        1
1152 1.175691e-06        1
1153 1.222248e-05        1
1154 2.799596e-05        1
1155 4.100020e-06        1
1156 3.695897e-08        1
1157 3.892321e-05        1
1158 1.489786e-06        1
1159 9.094536e-05        1
1160 7.564024e-08        1
1161 1.444742e-06        1
1162 5.756209e-05        1
1163 5.490475e-06        1
1164 1.691827e-05        1
1165 5.991301e-05        1
1166 1.785261e-05        1
1167 1.265964e-06        1
1168 2.430822e-05        1
1169 2.948053e-05        1
1170 8.164181e-05        1
1171 2.564755e-05        1
1172 8.809108e-05        1
1173 3.214994e-06        1
1174 3.322373e-08        1
1175 4.409369e-06        1
1176 5.027713e-06        1
1177 3.352359e-05        1
1178 3.354310e-05        1
1179 1.788115e-05        1
1180 2.214960e-06        1
1181 1.543933e-06        1
1182 7.370668e-06        1
1183 1.130081e-05        1
1184 1.151648e-05        1
1185 1.014362e-05        1
1186 5.170151e-06        1
1187 3.322779e-07        1
1188 2.243206e-05        1
1189 8.512129e-07        1
1190 3.029687e-05        1
1191 3.571539e-06        1
1192 1.198740e-05        1
1193 7.622861e-06        1
1194 4.091136e-08        1
1195 1.427142e-05        1
1196 1.528710e-05        1
1197 1.766462e-05        1
1198 1.674116e-05        1
1199 7.400998e-05        1
1200 1.553344e-06        1
1201 7.171444e-06        1
1202 2.364491e-05        1
1203 1.153360e-07        1
1204 1.960515e-05        1
1205 3.437643e-06        1
1206 7.401670e-08        1
1207 7.306879e-06        1
1208 1.668485e-05        1
1209 1.168627e-05        1
1210 7.026523e-05        1
1211 7.447102e-07        1
1212 9.156553e-08        1
1213 4.689543e-06        1
1214 6.882250e-07        1
1215 1.754329e-06        1
1216 5.099042e-07        1
1217 2.103125e-05        1
1218 1.468416e-05        1
1219 2.201508e-05        1
1220 2.792457e-06        1
1221 9.870524e-07        1
1222 5.473132e-05        1
1223 6.341662e-05        1
1224 2.616213e-07        1
1225 1.026244e-06        1
1226 1.380639e-05        1
1227 4.942919e-05        1
1228 1.923926e-04        1
1229 1.999013e-08        1
1230 8.016942e-06        1
1231 7.397461e-05        1
1232 1.562199e-06        1
1233 1.385554e-06        1
1234 1.132018e-04        1
1235 3.040416e-05        1
1236 2.627513e-05        1
1237 5.423247e-05        1
1238 1.394586e-05        1
1239 5.757716e-06        1
1240 6.522785e-06        1
1241 4.443596e-06        1
1242 1.783257e-05        1
1243 2.473296e-06        1
1244 2.374854e-05        1
1245 1.225137e-06        1
1246 1.619278e-05        1
1247 1.831110e-05        1
1248 7.584772e-06        1
1249 5.018352e-07        1
1250 4.167036e-05        1
1251 4.653902e-05        1
1252 1.719568e-04        1
1253 2.068905e-04        1
1254 1.142058e-06        1
1255 3.456017e-05        1
1256 1.152360e-06        1
1257 1.397939e-04        1
1258 3.677162e-05        1
1259 8.097345e-06        1
1260 3.546828e-07        1
1261 3.115278e-08        1
1262 1.039929e-05        1
1263 7.509412e-06        1
1264 6.496688e-07        1
1265 7.843158e-05        1
1266 5.547081e-07        1
1267 1.057434e-07        1
1268 7.611432e-07        1
1269 3.645306e-06        1
1270 2.463237e-05        1
1271 2.454426e-05        1
1272 2.220689e-07        1
1273 1.486417e-04        1
1274 3.314266e-05        1
1275 5.171344e-05        1
1276 3.752440e-05        1
1277 5.591367e-08        1
1278 3.259484e-05        1
1279 6.049293e-10        1
1280 2.969389e-05        1
1281 5.511108e-05        1
1282 8.044335e-06        1
1283 8.656989e-06        1
1284 2.686691e-05        1
1285 1.991036e-06        1
1286 3.722863e-06        1
1287 5.977051e-05        1
1288 4.427041e-05        1
1289 4.893035e-07        1
1290 6.249921e-05        1
1291 4.187967e-05        1
1292 7.353008e-06        1
1293 1.621357e-07        1
1294 7.328460e-05        1
1295 5.355614e-07        1
1296 1.363007e-05        1
1297 3.221226e-06        1
1298 1.745566e-06        1
1299 4.984855e-06        1
1300 9.142522e-06        1
1301 1.322624e-05        1
1302 3.618661e-07        1
1303 3.658470e-06        1
1304 2.235600e-07        1
1305 6.346482e-06        1
1306 3.102943e-10        1
1307 9.715801e-04 <0.02363
1308 4.079233e-05        1
1309 2.759474e-05        1
1310 8.608508e-05        1
1311 9.533889e-07        1
1312 4.654708e-05        1
1313 1.159290e-05        1
1314 6.629263e-06        1
1315 1.305528e-05        1
1316 8.856698e-06        1
1317 8.476134e-06        1
1318 1.217556e-05        1
1319 1.302228e-04        1
1320 1.163163e-08        1
1321 2.400747e-05        1
1322 6.699685e-05        1
1323 1.218338e-06        1
1324 1.670129e-09        1
1325 4.688827e-07        1
1326 3.291234e-06        1
1327 2.130962e-05        1
1328 3.341209e-06        1
1329 1.354948e-04        1
1330 5.501416e-06        1
1331 5.282771e-06        1
1332 4.250880e-05        1
1333 7.291537e-05        1
1334 1.204107e-05        1
1335 3.260688e-06        1
1336 2.773270e-05        1
1337 2.840842e-05        1
1338 7.624909e-06        1
1339 1.515667e-06        1
1340 4.193171e-05        1
1341 1.612052e-06        1
1342 9.239767e-06        1
1343 2.719411e-05        1
1344 6.686818e-06        1
1345 1.940672e-05        1
1346 1.013416e-05        1
1347 5.770317e-05        1
1348 3.137402e-06        1
1349 2.433349e-05        1
1350 2.057698e-05        1
1351 2.019732e-08        1
1352 5.001055e-06        1
1353 1.505947e-05        1
1354 7.429647e-06        1
1355 3.075644e-06        1
1356 1.458981e-05        1
1357 3.237878e-06        1
1358 5.738059e-05        1
1359 6.938145e-07        1
1360 1.304039e-05        1
1361 1.730917e-05        1
1362 9.961269e-06        1
1363 2.537379e-05        1
1364 2.889442e-07        1
1365 1.535626e-06        1
1366 3.153056e-05        1
1367 5.269925e-06        1
1368 1.860925e-05        1
1369 1.938020e-05        1
1370 1.000785e-05        1
1371 7.717714e-06        1
1372 1.208937e-05        1
1373 1.877601e-06        1
1374 3.003237e-11        1
1375 1.844226e-04        1
1376 1.589554e-05        1
1377 7.440677e-05        1
1378 7.884708e-05        1
1379 1.074376e-05        1
1380 7.412746e-05        1
1381 2.043312e-07        1
1382 4.973825e-05        1
1383 3.584640e-08        1
1384 2.042629e-08        1
1385 8.635771e-05        1
1386 3.894396e-06        1
1387 1.191333e-04        1
1388 1.058030e-05        1
1389 9.163007e-05        1
1390 4.106035e-05        1
1391 7.320857e-07        1
1392 1.617482e-06        1
1393 8.183001e-07        1
1394 3.517391e-05        1
1395 5.333432e-06        1
1396 3.087934e-07        1
1397 1.456545e-07        1
1398 8.773480e-05        1
1399 2.487009e-05        1
1400 1.143238e-05        1
1401 1.243850e-05        1
1402 1.407123e-06        1
1403 5.298522e-06        1
1404 1.373013e-07        1
1405 1.007381e-04        1
1406 1.804056e-05        1
1407 3.373241e-07        1
1408 1.199689e-05        1
1409 3.051347e-05        1
1410 3.858466e-06        1
1411 3.736088e-05        1
1412 3.031714e-07        1
1413 7.855645e-05        1
1414 2.508143e-05        1
1415 3.143599e-06        1
1416 5.896600e-06        1
1417 1.067901e-06        1
1418 3.479916e-06        1
1419 8.239935e-07        1
1420 3.147724e-06        1
1421 6.052373e-05        1
1422 1.935172e-05        1
1423 4.431793e-05        1
1424 1.534965e-05        1
1425 2.772799e-05        1
1426 1.773948e-06        1
1427 3.964142e-08        1
1428 3.918733e-05        1
1429 3.424235e-05        1
1430 9.882452e-06        1
1431 9.004651e-06        1
1432 9.538828e-06        1
1433 2.298520e-05        1
1434 8.380273e-09        1
1435 1.612877e-05        1
1436 3.376256e-05        1
1437 3.908883e-06        1
1438 2.657491e-06        1
1439 5.230931e-06        1
1440 6.292604e-06        1
1441 1.413258e-06        1
1442 1.452352e-05        1
1443 1.192053e-05        1
1444 1.065229e-05        1
1445 5.688638e-07        1
1446 4.396935e-05        1
1447 5.427311e-06        1
1448 8.356574e-06        1
1449 5.174820e-06        1
1450 1.535328e-06        1
1451 5.851795e-06        1
1452 7.231873e-06        1
1453 2.749417e-08        1
1454 4.100138e-05        1
1455 2.117145e-05        1
1456 2.495354e-05        1
1457 2.372260e-06        1
1458 1.048083e-05        1
1459 3.987775e-05        1
1460 1.424935e-07        1
1461 2.829844e-05        1
1462 4.160973e-05        1
1463 7.396730e-06        1
1464 8.073789e-06        1
1465 6.125699e-04        1
1466 1.057510e-08        1
1467 2.115058e-07        1
1468 8.643321e-08        1
1469 4.023929e-05        1
1470 2.518090e-05        1
1471 1.593392e-06        1
1472 2.892308e-05        1
1473 4.236927e-06        1
1474 1.006600e-06        1
1475 9.793047e-06        1
1476 6.747955e-05        1
1477 6.754662e-06        1
1478 5.800445e-08        1
1479 1.767717e-05        1
1480 2.368218e-05        1
1481 1.986263e-05        1
1482 4.068421e-05        1
1483 1.386569e-05        1
1484 3.962417e-06        1
1485 4.720562e-06        1
1486 2.191505e-05        1
1487 9.425647e-08        1
1488 3.546983e-05        1
1489 2.173592e-05        1
1490 8.325120e-05        1
1491 6.743704e-05        1
1492 2.044294e-06        1
1493 4.822691e-06        1
1494 7.467128e-05        1
1495 1.308005e-04        1
1496 9.974051e-07        1
1497 6.059524e-06        1
1498 1.104754e-04        1
1499 1.897656e-05        1
1500 1.522123e-06        1
1501 2.157489e-05        1
1502 5.084277e-05        1
1503 2.924114e-07        1
1504 7.513929e-12        1
1505 9.206820e-06        1
1506 1.055245e-04        1
1507 1.391887e-05        1
1508 3.985942e-05        1
1509 1.863210e-04        1
1510 7.760287e-06        1
1511 2.178686e-05        1
1512 1.441999e-05        1
1513 1.900435e-07        1
1514 1.115476e-05        1
1515 6.580857e-06        1
1516 7.775343e-07        1
1517 5.909732e-05        1
1518 6.562154e-06        1
1519 1.600630e-06        1
1520 2.633773e-04        1
1521 1.799952e-06        1
1522 9.057483e-06        1
1523 2.048708e-05        1
1524 1.235760e-05        1
1525 9.236713e-05        1
1526 2.397944e-05        1
1527 1.548883e-05        1
1528 7.837086e-06        1
1529 6.839794e-06        1
1530 1.144908e-05        1
1531 7.467779e-05        1
1532 6.734108e-06        1
1533 1.681952e-05        1
1534 1.352355e-05        1
1535 3.483807e-05        1
1536 4.207553e-05        1
1537 3.779298e-09        1
1538 2.124926e-05        1
1539 3.679421e-05        1
1540 5.778918e-06        1
1541 6.294203e-06        1
1542 4.255241e-05        1
1543 6.443398e-05        1
1544 4.439175e-06        1
1545 1.754796e-07        1
1546 6.998176e-05        1
1547 1.930959e-05        1
1548 1.294083e-05        1
1549 2.031992e-06        1
1550 5.711585e-10        1
1551 7.728074e-05        1
1552 1.523247e-10        1
1553 4.186829e-05        1
1554 6.921362e-05        1
1555 4.290487e-05        1
1556 6.439705e-07        1
1557 4.599319e-05        1
1558 1.009198e-05        1
1559 5.386665e-05        1
1560 1.588542e-06        1
1561 4.572620e-05        1
1562 4.392489e-06        1
1563 9.720381e-06        1
1564 1.921408e-05        1
1565 6.665175e-05        1
1566 1.012951e-05        1
1567 3.402003e-06        1
1568 3.697078e-04        1
1569 1.774845e-05        1
1570 4.166233e-05        1
1571 4.728292e-07        1
1572 8.493350e-05        1
1573 1.607878e-05        1
1574 1.936456e-05        1
1575 1.794144e-04        1
1576 1.820792e-05        1
1577 1.180074e-05        1
1578 3.528012e-08        1
1579 4.360266e-05        1
1580 2.022537e-05        1
1581 3.189280e-04        1
1582 3.441810e-05        1
1583 2.964821e-09        1
1584 7.542745e-06        1
1585 1.942004e-06        1
1586 3.584621e-06        1
1587 7.746717e-05        1
1588 1.087905e-05        1
1589 4.590221e-07        1
1590 5.322273e-04  0.35445
1591 3.317996e-06        1
1592 1.745557e-05        1
1593 1.272270e-04        1
1594 2.264122e-04        1
1595 3.841861e-05        1
1596 3.899791e-06        1
1597 6.631280e-07        1
1598 4.821071e-06        1
1599 8.610194e-06        1
1600 2.519159e-04        1
1601 3.166797e-05        1
1602 2.315904e-05        1
1603 3.984585e-07        1
1604 9.132598e-07        1
1605 1.291027e-07        1
1606 1.007293e-05        1
1607 7.213074e-05        1
1608 7.115500e-07        1
1609 3.093098e-05        1
1610 5.238767e-06        1
1611 1.067853e-06        1
1612 2.570195e-05        1
1613 3.332728e-07        1
1614 1.579874e-06        1
1615 1.954703e-06        1
1616 6.928818e-06        1
1617 1.657988e-05        1
1618 2.284655e-06        1
1619 9.420969e-07        1
1620 2.505165e-06        1
1621 5.948933e-08        1
1622 1.491987e-05        1
1623 8.965986e-05        1
1624 2.149087e-04        1
1625 4.593319e-06        1
1626 2.483569e-05        1
1627 3.170042e-05        1
1628 2.852027e-06        1
1629 8.629410e-06        1
1630 2.699968e-06        1
1631 7.888795e-05        1
1632 1.960213e-06        1
1633 1.038533e-06        1
1634 6.860258e-05        1
1635 3.165035e-05        1
1636 8.473327e-07        1
1637 3.499918e-05        1
1638 3.990001e-07        1
1639 2.958118e-05        1
1640 1.368332e-05        1
1641 1.395862e-05        1
1642 7.713115e-06        1
1643 8.778753e-06        1
1644 1.026688e-06        1
1645 6.984971e-06        1
1646 3.290278e-06        1
1647 3.670244e-06        1
1648 1.117202e-05        1
1649 5.324624e-06        1
1650 7.458615e-05        1
1651 1.845559e-06        1
1652 1.544250e-06        1
1653 2.568619e-06        1
1654 3.501772e-05        1
1655 6.175193e-07        1
1656 5.774708e-05        1
1657 3.628963e-07        1
1658 1.192912e-06        1
1659 1.470164e-05        1
1660 9.289064e-05        1
1661 4.155531e-05        1
1662 3.011606e-06        1
1663 8.196754e-06        1
1664 5.477906e-05        1
1665 3.676815e-06        1
1666 1.082122e-07        1
1667 2.597582e-08        1
1668 1.640783e-05        1
1669 2.600292e-07        1
1670 1.282713e-04        1
1671 2.389157e-06        1
1672 8.550425e-07        1
1673 5.345419e-06        1
1674 1.315899e-07        1
1675 1.566683e-06        1
1676 1.268695e-05        1
1677 7.564087e-06        1
1678 3.835126e-05        1
1679 9.277638e-07        1
1680 5.751556e-05        1
1681 2.491488e-05        1
1682 4.075105e-05        1
1683 2.830407e-06        1
1684 1.638482e-06        1
1685 4.159834e-05        1
1686 9.531966e-07        1
1687 1.614222e-05        1
1688 5.477397e-05        1
1689 6.938437e-06        1
1690 6.162327e-06        1
1691 1.085159e-06        1
1692 1.963332e-07        1
1693 4.023655e-05        1
1694 3.482146e-05        1
1695 3.804699e-05        1
1696 8.567433e-06        1
1697 2.434711e-05        1
1698 6.788047e-05        1
1699 2.109044e-05        1
1700 3.146019e-05        1
1701 2.164828e-05        1
1702 2.936150e-05        1
1703 5.756427e-05        1
1704 1.553732e-06        1
1705 1.282546e-07        1
1706 2.341632e-05        1
1707 2.271386e-06        1
1708 1.561677e-05        1
1709 2.516493e-05        1
1710 1.231718e-05        1
1711 1.013287e-06        1
1712 5.735503e-07        1
1713 1.534387e-05        1
1714 3.938980e-06        1
1715 1.696578e-07        1
1716 9.422287e-06        1
1717 9.026136e-05        1
1718 3.167384e-05        1
1719 5.785426e-05        1
1720 1.790272e-06        1
1721 1.281891e-05        1
1722 4.057515e-05        1
1723 1.164029e-04        1
1724 2.196205e-06        1
1725 5.728025e-07        1
1726 6.670416e-06        1
1727 1.787520e-06        1
1728 2.684735e-09        1
1729 1.005002e-05        1
1730 7.861997e-05        1
1731 1.336872e-04        1
1732 1.169654e-06        1
1733 4.796010e-06        1
1734 3.413261e-06        1
1735 9.003371e-07        1
1736 2.505191e-05        1
1737 4.360594e-05        1
1738 1.344644e-05        1
1739 8.549504e-05        1
1740 3.111003e-05        1
1741 2.304711e-06        1
1742 4.312987e-07        1
1743 5.122874e-07        1
1744 8.358844e-06        1
1745 1.500730e-05        1
1746 8.630185e-05        1
1747 2.172019e-06        1
1748 4.792106e-05        1
1749 9.515416e-06        1
1750 8.065574e-05        1
1751 3.234392e-05        1
1752 2.076440e-05        1
1753 2.574157e-05        1
1754 9.225894e-06        1
1755 4.908489e-05        1
1756 1.687161e-08        1
1757 1.864305e-05        1
1758 4.905595e-05        1
1759 7.885964e-05        1
1760 1.934390e-05        1
1761 6.605645e-06        1
1762 2.445723e-05        1
1763 4.914668e-04        1
1764 1.206630e-05        1
1765 6.185635e-05        1
1766 1.330244e-07        1
1767 1.965703e-05        1
1768 8.776105e-08        1
1769 1.632204e-05        1
1770 2.399496e-05        1
1771 4.385077e-06        1
1772 9.399409e-07        1
1773 2.737374e-05        1
1774 7.690966e-06        1
1775 4.423637e-05        1
1776 4.064101e-10        1
1777 8.614441e-07        1
1778 4.436232e-08        1
1779 2.274875e-05        1
1780 2.169985e-05        1
1781 6.525690e-06        1
1782 2.744123e-05        1
1783 3.059903e-05        1
1784 1.361896e-06        1
1785 1.857431e-09        1
1786 6.777553e-06        1
1787 5.772191e-09        1
1788 1.837713e-05        1
1789 4.128865e-06        1
1790 5.198784e-06        1
1791 2.452030e-05        1
1792 6.897274e-05        1
1793 3.441433e-06        1
1794 9.408766e-09        1
1795 5.983926e-06        1
1796 4.548389e-07        1
1797 4.481393e-09        1
1798 1.804253e-06        1
1799 2.397579e-06        1
1800 2.339150e-05        1
1801 6.197531e-08        1
1802 1.410629e-05        1
1803 2.024813e-05        1
1804 3.361235e-05        1
1805 6.854963e-05        1
1806 1.491019e-05        1
1807 1.322465e-05        1
1808 6.284124e-06        1
1809 2.289327e-06        1
1810 2.118521e-05        1
1811 2.170469e-08        1
1812 1.940908e-06        1
1813 8.199468e-06        1
1814 3.239627e-08        1
1815 4.153918e-05        1
1816 9.810184e-06        1
1817 1.239802e-05        1
1818 7.296691e-04        1
1819 1.643307e-05        1
1820 5.811664e-05        1
1821 2.554964e-05        1
1822 1.506407e-05        1
1823 1.943577e-06        1
1824 1.094539e-08        1
1825 1.158512e-06        1
1826 3.378043e-06        1
1827 3.756698e-04        1
1828 1.178703e-05        1
1829 1.024800e-05        1
1830 1.783401e-04        1
1831 1.085396e-07        1
1832 1.485719e-06        1
1833 5.642970e-05        1
1834 8.615772e-05        1
1835 3.067166e-05        1
1836 1.115181e-06        1
1837 1.552926e-07        1
1838 2.404788e-06        1
1839 1.321244e-05        1
1840 5.896475e-06        1
1841 3.970874e-05        1
1842 3.577283e-06        1
1843 6.512069e-07        1
1844 4.191069e-07        1
1845 1.462812e-05        1
1846 9.049750e-05        1
1847 1.844707e-05        1
1848 2.325153e-05        1
1849 4.024018e-06        1
1850 2.846229e-06        1
1851 6.507499e-05        1
1852 4.261581e-05        1
1853 8.202853e-07        1
1854 1.545263e-04        1
1855 5.249558e-06        1
1856 9.627130e-05        1
1857 1.177243e-05        1
1858 7.631020e-05        1
1859 2.099288e-05        1
1860 1.099916e-04        1
1861 1.781420e-05        1
1862 2.425882e-05        1
1863 1.524502e-05        1
1864 2.238400e-05        1
1865 1.816018e-05        1
1866 5.352656e-06        1
1867 2.616655e-05        1
1868 8.944217e-05        1
1869 7.630422e-05        1
1870 4.310219e-04        1
1871 2.966726e-04        1
1872 4.713366e-05        1
1873 4.202896e-06        1
1874 4.760467e-07        1
1875 3.132603e-05        1
1876 2.373869e-07        1
1877 6.275104e-05        1
1878 2.534729e-06        1
1879 4.136881e-04        1
1880 1.570904e-05        1
1881 1.361719e-04        1
1882 6.803188e-05        1
1883 1.295632e-05        1
1884 3.462101e-05        1
1885 1.920237e-06        1
1886 9.259363e-06        1
1887 1.047505e-04        1
1888 2.304935e-05        1
1889 5.132109e-05        1
1890 3.493183e-05        1
1891 6.955028e-05        1
1892 3.358025e-05        1
1893 3.387791e-04        1
1894 1.778100e-08        1
1895 1.013826e-04        1
1896 1.330965e-05        1
1897 3.107712e-05        1
1898 9.973868e-04        1
1899 7.485425e-08        1
1900 3.115196e-06        1
1901 8.387744e-05        1
1902 9.244784e-07        1
1903 7.122021e-10        1
1904 1.254360e-08        1
1905 3.644313e-08        1
1906 1.274558e-04        1
1907 1.367230e-04        1
1908 2.385696e-05        1
1909 1.417517e-05        1
1910 1.031953e-06        1
1911 3.614225e-05        1
1912 4.437346e-05        1
1913 1.808476e-05        1
1914 2.007732e-05        1
1915 5.223003e-05        1
1916 3.639903e-05        1
1917 6.596128e-06        1
1918 1.048142e-06        1
1919 1.999986e-04        1
1920 4.179608e-06        1
1921 5.165334e-05        1
1922 1.621122e-05        1
1923 3.349306e-06        1
1924 1.793560e-08        1
1925 9.056253e-09        1
1926 2.156760e-04        1
1927 8.818584e-06        1
1928 1.258213e-05        1
1929 8.152437e-06        1
1930 3.685909e-05        1
1931 1.781152e-05        1
1932 4.283469e-07        1
1933 6.509797e-05        1
1934 3.143835e-07        1
1935 7.261858e-08        1
1936 6.842774e-06        1
1937 1.417713e-04        1
1938 1.696340e-06        1
1939 1.500120e-05        1
1940 6.556686e-08        1
1941 3.550720e-04        1
1942 3.887867e-05        1
1943 2.286207e-05        1
1944 8.023420e-10        1
1945 1.272085e-06        1
1946 5.515156e-05        1
1947 3.475693e-04        1
1948 5.381251e-06        1
1949 4.962396e-06        1
1950 6.987091e-05        1
1951 1.224202e-05        1
1952 7.178022e-06        1
1953 2.702778e-05        1
1954 9.961671e-06        1
1955 8.627662e-07        1
1956 1.957219e-07        1
1957 5.223752e-06        1
1958 3.470514e-05        1
1959 6.186983e-05        1
1960 4.373181e-07        1
1961 6.771866e-05        1
1962 5.144932e-05        1
1963 7.031664e-05        1
1964 8.254699e-06        1
1965 5.457383e-05        1
1966 2.825954e-05        1
1967 2.288505e-05        1
1968 4.379597e-05        1
1969 1.224451e-04        1
1970 3.042824e-05        1
1971 2.575620e-06        1
1972 1.322217e-06        1
1973 2.117404e-05        1
1974 1.048812e-03        1
1975 7.937421e-06        1
1976 1.499119e-06        1
1977 6.234568e-06        1
1978 8.809888e-06        1
1979 1.013419e-04        1
1980 2.306282e-07        1
1981 5.440485e-10        1
1982 3.152683e-05        1
1983 7.325060e-07        1
1984 2.220541e-04        1
1985 1.267405e-04        1
1986 4.260098e-05        1
1987 4.560578e-05        1
1988 6.682110e-07        1
1989 9.526951e-06        1
1990 1.918566e-06        1
1991 3.007466e-07        1
1992 2.822914e-05        1
1993 1.665091e-05        1
1994 1.179334e-07        1
1995 9.326500e-06        1
1996 1.100129e-04        1
1997 1.807622e-06        1
1998 8.210552e-06        1
1999 2.138383e-05        1
2000 7.102288e-06        1
2001 5.275637e-07        1
2002 3.756562e-04        1
2003 1.148782e-09        1
2004 1.217256e-06        1
2005 1.988369e-04        1
2006 6.618358e-06        1
2007 1.367033e-05        1
2008 2.729271e-06        1
2009 8.791147e-07        1
2010 3.727532e-04        1
2011 5.270440e-07        1
2012 2.960347e-07        1
2013 3.330264e-05        1
2014 5.387599e-07        1
2015 1.554175e-06        1
2016 7.704820e-05        1
2017 5.009598e-05        1
2018 2.934614e-06        1
2019 1.913042e-04        1
2020 7.787895e-09        1
2021 5.116983e-05        1
2022 2.681165e-07        1
2023 3.590466e-05        1
2024 2.019251e-05        1
2025 1.484073e-05        1
2026 2.508077e-07        1
2027 4.215442e-05        1
2028 5.841739e-05        1
2029 1.650729e-05        1
2030 3.634346e-07        1
2031 2.153040e-05        1
2032 7.632178e-05        1
2033 5.037045e-05        1
2034 4.681357e-06        1
2035 1.897077e-05        1
2036 1.718578e-04        1
2037 5.263535e-06        1
2038 6.128055e-05        1
2039 2.524414e-04        1
2040 1.588040e-05        1
2041 1.078258e-09        1
2042 3.892561e-06        1
2043 2.500932e-07        1
2044 2.573930e-05        1
2045 1.183726e-05        1
2046 9.519559e-05        1
2047 5.348765e-07        1
2048 5.870692e-05        1
2049 4.608765e-07        1
2050 1.109966e-05        1
2051 1.955427e-06        1
2052 8.668566e-05        1
2053 1.866361e-06        1
2054 2.510985e-06        1
2055 1.347030e-06        1
2056 2.623259e-04        1
2057 4.801983e-05        1
2058 6.790678e-05        1
2059 1.673644e-05        1
2060 3.568560e-05        1
2061 5.920512e-08        1
2062 1.039950e-07        1
2063 6.177405e-05        1
2064 1.972378e-06        1
2065 3.593928e-05        1
2066 1.252679e-04        1
2067 8.760501e-06        1
2068 6.436089e-05        1
2069 1.130733e-05        1
2070 8.206785e-06        1
2071 3.131716e-06        1
2072 1.347498e-04        1
2073 1.157203e-05        1
2074 4.249087e-04        1
2075 8.609907e-05        1
2076 4.832523e-05        1
2077 2.667977e-05        1
2078 2.309075e-05        1
2079 2.680811e-05        1
2080 1.389780e-05        1
2081 4.087822e-05        1
2082 1.002838e-05        1
2083 3.020615e-05        1
2084 2.031932e-04        1
2085 1.538252e-05        1
2086 3.995057e-07        1
2087 3.537207e-05        1
2088 2.552820e-05        1
2089 2.794048e-04        1
2090 1.303142e-05        1
2091 1.090356e-06        1
2092 1.601953e-08        1
2093 2.180609e-07        1
2094 4.768327e-05        1
2095 6.712729e-08        1
2096 2.592191e-05        1
2097 5.521551e-05        1
2098 4.656578e-09        1
2099 3.743458e-05        1
2100 4.747480e-05        1
2101 4.613703e-05        1
2102 9.521354e-05        1
2103 4.449788e-06        1
2104 2.105800e-04        1
2105 6.337798e-05        1
2106 4.480902e-05        1
2107 1.344705e-05        1
2108 9.872416e-08        1
2109 7.157961e-07        1
2110 3.513474e-04        1
2111 2.627932e-05        1
2112 3.877934e-06        1
2113 5.972192e-06        1
2114 4.902971e-06        1
2115 5.637283e-05        1
2116 2.777884e-04        1
2117 4.000558e-05        1
2118 1.467126e-05        1
2119 1.956545e-05        1
2120 3.146242e-06        1
2121 9.560444e-07        1
2122 4.819209e-07        1
2123 3.015725e-05        1
2124 1.105877e-05        1
2125 1.575469e-06        1
2126 5.907405e-07        1
2127 3.205169e-05        1
2128 7.222151e-05        1
2129 5.952560e-05        1
2130 1.827444e-06        1
2131 1.905649e-05        1
2132 2.015870e-06        1
2133 1.061543e-04        1
2134 1.550273e-05        1
2135 7.518292e-05        1
2136 1.259588e-05        1
2137 1.229003e-05        1
2138 6.089390e-05        1
2139 3.287025e-07        1
2140 5.170519e-06        1
2141 1.171985e-05        1
2142 4.600210e-05        1
2143 2.227058e-05        1
2144 1.296004e-05        1
2145 5.582121e-05        1
2146 2.632287e-06        1
2147 3.141737e-05        1
2148 9.010832e-05        1
2149 1.805955e-05        1
2150 5.494649e-05        1
2151 2.570676e-06        1
2152 1.338226e-04        1
2153 1.330123e-04        1
2154 2.668166e-05        1
2155 6.686333e-05        1
2156 6.083818e-06        1
2157 5.378254e-05        1
2158 4.654169e-05        1
2159 4.470775e-04        1
2160 2.994962e-04        1
2161 5.962423e-05        1
2162 1.150468e-04        1
2163 1.638640e-05        1
2164 2.534726e-05        1
2165 2.146277e-05        1
2166 2.301242e-05        1
2167 2.449737e-05        1
2168 3.351129e-05        1
2169 2.056532e-04        1
2170 9.902259e-06        1
2171 4.144569e-07        1
2172 5.165685e-06        1
2173 6.802366e-05        1
2174 1.601350e-04        1
2175 1.891520e-06        1
2176 1.995616e-05        1
2177 6.209709e-05        1
2178 1.150825e-05        1
2179 2.352288e-05        1
2180 2.604153e-06        1
2181 6.150019e-06        1
2182 2.190625e-05        1
2183 1.614631e-05        1
2184 3.173054e-05        1
2185 1.828869e-05        1
2186 1.471859e-06        1
2187 4.362344e-05        1
2188 5.300158e-05        1
2189 2.007383e-06        1
2190 1.490973e-05        1
2191 6.325961e-05        1
2192 1.830816e-05        1
2193 8.089138e-07        1
2194 3.297008e-05        1
2195 1.785435e-06        1
2196 1.846213e-05        1
2197 2.053449e-04        1
2198 8.436844e-05        1
2199 1.282504e-05        1
2200 5.120825e-05        1
2201 5.350920e-05        1
2202 1.360532e-05        1
2203 1.312372e-05        1
2204 9.156924e-05        1
2205 1.436518e-06        1
2206 1.513010e-06        1
2207 2.136007e-06        1
2208 4.191148e-06        1
2209 1.749418e-06        1
2210 5.915447e-05        1
2211 7.311100e-05        1
2212 3.281070e-05        1
2213 2.171240e-05        1
2214 2.919862e-05        1
2215 1.568707e-05        1
2216 6.954327e-06        1
2217 1.078077e-05        1
2218 4.019258e-05        1
2219 2.007988e-07        1
2220 4.765477e-07        1
2221 2.857802e-05        1
2222 2.004520e-07        1
2223 7.122201e-07        1
2224 3.640060e-05        1
2225 3.305549e-05        1
2226 1.214322e-05        1
2227 3.590769e-06        1
2228 1.287442e-04        1
2229 1.712427e-06        1
2230 5.851633e-06        1
2231 3.307231e-05        1
2232 4.346593e-06        1
2233 1.595787e-07        1
2234 5.788613e-06        1
2235 6.552821e-05        1
2236 4.539723e-06        1
2237 2.204536e-05        1
2238 3.998074e-05        1
2239 8.529236e-09        1
2240 5.917693e-07        1
2241 4.706301e-07        1
2242 4.822212e-05        1
2243 2.086897e-05        1
2244 1.081074e-04        1
2245 2.033966e-05        1
2246 3.569975e-08        1
2247 3.872348e-05        1
2248 1.328566e-06        1
2249 3.482249e-05        1
2250 5.566861e-05        1
2251 1.044866e-05        1
2252 3.838570e-05        1
2253 2.968522e-05        1
2254 2.715829e-05        1
2255 6.302788e-05        1
2256 2.666288e-06        1
2257 2.292808e-05        1
2258 3.148606e-08        1
2259 5.107505e-05        1
2260 4.537880e-05        1
2261 5.382813e-06        1
2262 6.100972e-07        1
2263 2.623363e-06        1
2264 8.702609e-06        1
2265 9.910021e-06        1
2266 4.400902e-05        1
2267 3.717752e-06        1
2268 1.623642e-05        1
2269 2.135127e-06        1
2270 4.333012e-05        1
2271 1.189332e-05        1
2272 1.770117e-04        1
2273 3.014507e-06        1
2274 5.407724e-06        1
2275 8.873250e-05        1
2276 4.826653e-07        1
2277 6.772239e-06        1
2278 6.130656e-06        1
2279 7.495177e-05        1
2280 1.090215e-05        1
2281 1.171178e-04        1
2282 5.697215e-06        1
2283 2.898119e-05        1
2284 2.504224e-06        1
2285 2.643333e-07        1
2286 7.264394e-06        1
2287 7.494702e-06        1
2288 3.626890e-05        1
2289 5.221911e-05        1
2290 1.279292e-05        1
2291 2.337119e-04        1
2292 6.277437e-05        1
2293 3.917854e-07        1
2294 5.968995e-06        1
2295 5.653049e-05        1
2296 8.934751e-06        1
2297 5.047373e-06        1
2298 2.005658e-05        1
2299 4.370678e-06        1
2300 3.260195e-06        1
2301 3.174294e-05        1
2302 8.701770e-06        1
2303 1.217209e-06        1
2304 3.411122e-05        1
2305 6.317737e-05        1
2306 2.317011e-07        1
2307 6.508273e-06        1
2308 2.325818e-07        1
2309 8.454798e-06        1
2310 2.330795e-06        1
2311 3.081209e-06        1
2312 2.082738e-05        1
2313 1.704645e-06        1
2314 1.576057e-05        1
2315 1.685514e-06        1
2316 1.377345e-05        1
2317 1.080411e-05        1
2318 1.781288e-04        1
2319 4.647132e-05        1
2320 5.485459e-05        1
2321 3.506387e-05        1
2322 4.680978e-06        1
2323 1.978748e-05        1
2324 2.320790e-07        1
2325 3.120734e-05        1
2326 6.256620e-06        1
2327 2.499593e-06        1
2328 1.790761e-05        1
2329 7.447580e-06        1
2330 3.789875e-07        1
2331 9.079435e-08        1
2332 6.954960e-05        1
2333 2.369487e-05        1
2334 3.895729e-05        1
2335 1.715907e-05        1
2336 3.917505e-06        1
2337 2.690463e-05        1
2338 8.461467e-08        1
2339 4.173484e-07        1
2340 6.638755e-05        1
2341 4.442356e-05        1
2342 1.228677e-06        1
2343 4.380017e-05        1
2344 5.478540e-07        1
2345 6.139134e-06        1
2346 6.460908e-05        1
2347 3.027467e-06        1
2348 1.310499e-04        1
2349 7.676166e-06        1
2350 6.506071e-06        1
2351 3.038768e-05        1
2352 3.046764e-05        1
2353 2.293275e-06        1
2354 7.618912e-07        1
2355 8.206762e-06        1
2356 2.746304e-05        1
2357 9.182492e-06        1
2358 4.805905e-06        1
2359 2.757431e-05        1
2360 6.018569e-07        1
2361 2.748737e-05        1
2362 1.881453e-06        1
2363 8.202051e-06        1

$`MR-PRESSO results`$`Distortion Test`
$`MR-PRESSO results`$`Distortion Test`$`Outliers Indices`
[1] 1307

$`MR-PRESSO results`$`Distortion Test`$`Distortion Coefficient`
beta.exposure 
     -9.95223 

$`MR-PRESSO results`$`Distortion Test`$Pvalue
[1] 0.90179



