$`Main MR results`
       Exposure       MR Analysis Causal Estimate       Sd     T-stat   P-value
1 beta.exposure               Raw     -0.09745474 0.117054 -0.8325621 0.4070957
2 beta.exposure Outlier-corrected              NA       NA         NA        NA

$`MR-PRESSO results`
$`MR-PRESSO results`$`Global Test`
$`MR-PRESSO results`$`Global Test`$RSSobs
[1] 127.4688

$`MR-PRESSO results`$`Global Test`$Pvalue
[1] 0.0396


$`MR-PRESSO results`$`Outlier Test`
          RSSobs Pvalue
1   6.802369e-05      1
2   4.101296e-04      1
3   5.355873e-06      1
4   8.659356e-05      1
5   2.230059e-04      1
6   4.834009e-03      1
7   1.429747e-03      1
8   7.751966e-05      1
9   1.796109e-05      1
10  2.084813e-02      1
11  2.573878e-05      1
12  4.838964e-04      1
13  8.344957e-05      1
14  3.941972e-08      1
15  1.568776e-04      1
16  7.556041e-04      1
17  6.500692e-06      1
18  6.906952e-04      1
19  9.813308e-05      1
20  7.668256e-04      1
21  3.645265e-04      1
22  6.643460e-05      1
23  6.124481e-04      1
24  3.469064e-05      1
25  3.816026e-05      1
26  1.718928e-01   0.76
27  3.527641e-03      1
28  1.866482e-04      1
29  4.009887e-04      1
30  4.139449e-04      1
31  1.089531e-04      1
32  6.677010e-04      1
33  4.669229e-05      1
34  6.348582e-05      1
35  7.714202e-05      1
36  7.536982e-04      1
37  2.029906e-03      1
38  2.083197e-06      1
39  7.605360e-03      1
40  6.825323e-05      1
41  8.410106e-09      1
42  1.298748e-04      1
43  6.464799e-04      1
44  7.146162e-06      1
45  7.395588e-08      1
46  6.139253e-04      1
47  3.764486e-06      1
48  1.288645e-03   0.39
49  1.356455e-03      1
50  4.725368e-05      1
51  2.541149e-04      1
52  2.223544e-05      1
53  3.630695e-05      1
54  1.018143e-03      1
55  1.176139e-03      1
56  1.989450e-05      1
57  3.729904e-04      1
58  7.827151e-04      1
59  1.725411e-04      1
60  1.315753e-04      1
61  4.567141e-04      1
62  4.935153e-04      1
63  3.614897e-04      1
64  4.741800e-05      1
65  1.687030e-05      1
66  3.008008e-03      1
67  4.998737e-02      1
68  6.191512e-05      1
69  2.138282e-04      1
70  8.350017e-04      1
71  6.388685e-04      1
72  2.354014e-04      1
73  9.117550e-04      1
74  6.808625e-06      1
75  8.540776e-05      1
76  4.081615e-04      1
77  1.709739e-05      1
78  1.184780e-03      1
79  9.550230e-04      1
80  1.026501e-04      1
81  3.358371e-05      1
82  1.779199e-05      1
83  6.722639e-03      1
84  1.599851e-03   0.77
85  1.550793e-05      1
86  1.180660e-06      1
87  1.011216e-04      1
88  3.511694e-06      1
89  2.409882e-04      1
90  1.722519e-09      1
91  8.498358e-05      1
92  3.471013e-04      1
93  7.969600e-05      1
94  4.880656e-04      1
95  1.498204e-04      1
96  1.095086e-05      1
97  8.714219e-04      1
98  5.126655e-04      1
99  2.819252e-05      1
100 2.178748e-04      1

$`MR-PRESSO results`$`Distortion Test`
$`MR-PRESSO results`$`Distortion Test`$`Outliers Indices`
[1] "No significant outliers"

$`MR-PRESSO results`$`Distortion Test`$`Distortion Coefficient`
[1] NA

$`MR-PRESSO results`$`Distortion Test`$Pvalue
[1] NA



