$`Main MR results`
       Exposure       MR Analysis Causal Estimate          Sd      T-stat
1 beta.exposure               Raw   -0.0008166047 0.004544716 -0.17968223
2 beta.exposure Outlier-corrected   -0.0001485615 0.004486146 -0.03311562
    P-value
1 0.8574917
2 0.9735987

$`MR-PRESSO results`
$`MR-PRESSO results`$`Global Test`
$`MR-PRESSO results`$`Global Test`$RSSobs
[1] 476.7359

$`MR-PRESSO results`$`Global Test`$Pvalue
[1] 0.01032


$`MR-PRESSO results`$`Outlier Test`
          RSSobs  Pvalue
1   1.056890e-07       1
2   2.028837e-05       1
3   2.584645e-07       1
4   3.660805e-05       1
5   1.644193e-05       1
6   1.011602e-05       1
7   1.450063e-06       1
8   1.182362e-05       1
9   2.035329e-08       1
10  2.144966e-05       1
11  8.541860e-05       1
12  3.498133e-05       1
13  1.107337e-06       1
14  1.696646e-04       1
15  5.378127e-04 0.04884
16  2.841499e-05       1
17  4.725687e-06       1
18  5.816603e-06       1
19  1.367135e-05       1
20  5.440489e-06       1
21  1.285737e-06       1
22  1.027410e-05       1
23  3.981998e-06       1
24  9.474254e-05       1
25  2.188456e-05       1
26  4.649386e-06       1
27  4.044766e-05       1
28  5.972270e-05       1
29  5.556394e-05       1
30  6.091278e-07       1
31  1.246157e-06       1
32  1.478757e-07       1
33  2.286205e-05       1
34  5.576094e-05       1
35  3.401511e-05       1
36  5.420907e-06       1
37  7.514923e-06       1
38  2.387240e-05       1
39  7.612382e-07       1
40  4.702139e-07       1
41  2.545411e-06       1
42  1.692839e-05       1
43  7.964443e-07       1
44  3.347128e-05       1
45  1.096236e-07       1
46  2.938594e-06       1
47  7.865675e-05       1
48  6.276181e-05       1
49  3.845370e-05       1
50  2.699795e-05       1
51  4.147329e-05       1
52  1.583084e-05       1
53  1.563494e-05       1
54  3.494688e-06       1
55  2.005406e-07       1
56  2.640187e-06       1
57  4.383367e-06       1
58  8.911366e-05       1
59  1.097927e-05       1
60  3.573453e-06       1
61  4.605866e-06       1
62  5.469538e-05       1
63  1.013052e-05       1
64  5.229855e-07       1
65  2.574437e-06       1
66  1.423949e-04       1
67  4.319947e-06       1
68  2.557842e-05       1
69  9.649640e-07       1
70  2.787641e-06       1
71  4.553737e-08       1
72  1.467623e-06       1
73  1.311005e-04       1
74  1.108836e-04       1
75  1.912939e-05       1
76  4.672811e-06       1
77  8.550241e-05       1
78  2.346037e-05       1
79  3.015667e-05       1
80  1.989266e-06       1
81  3.051921e-05       1
82  5.735934e-05       1
83  2.205336e-05       1
84  3.563386e-08       1
85  1.998747e-05       1
86  9.483248e-06       1
87  3.463248e-05       1
88  1.260153e-04       1
89  6.725571e-05       1
90  1.542064e-05       1
91  1.208076e-04       1
92  2.261145e-07       1
93  5.241781e-06       1
94  1.028350e-05       1
95  7.819507e-07       1
96  1.965348e-08       1
97  2.370957e-06       1
98  3.305937e-05       1
99  2.393545e-05       1
100 4.168026e-05       1
101 2.227437e-05       1
102 5.193972e-06       1
103 2.568052e-05       1
104 5.339091e-06       1
105 5.250457e-06       1
106 4.279476e-06       1
107 5.171928e-07       1
108 3.199108e-09       1
109 1.542919e-05       1
110 7.771828e-05       1
111 1.135898e-07       1
112 6.851017e-05       1
113 1.813667e-05       1
114 6.234409e-07       1
115 2.649890e-06       1
116 1.758615e-05       1
117 4.904592e-06       1
118 1.713942e-06       1
119 5.583102e-07       1
120 1.682811e-06       1
121 8.927879e-06       1
122 2.287009e-05       1
123 1.217395e-05       1
124 8.218848e-04       1
125 1.337305e-06       1
126 2.240345e-05       1
127 9.962249e-05       1
128 5.135472e-06       1
129 1.646533e-04       1
130 7.371869e-06       1
131 8.728804e-07       1
132 1.665929e-05       1
133 6.149186e-07       1
134 7.536729e-06       1
135 1.486118e-04       1
136 4.836173e-05       1
137 2.481307e-04       1
138 2.437163e-05       1
139 3.829881e-08       1
140 1.044396e-05       1
141 4.957819e-06       1
142 3.540745e-05       1
143 4.163360e-05       1
144 1.181273e-05       1
145 8.328123e-05       1
146 2.329584e-04       1
147 7.001652e-06       1
148 5.163238e-07       1
149 4.337329e-06       1
150 1.541268e-05       1
151 5.939046e-05       1
152 3.712171e-05       1
153 8.034624e-07       1
154 3.216540e-05       1
155 3.884007e-06       1
156 1.136637e-04       1
157 5.419287e-05       1
158 4.914400e-05       1
159 2.441415e-05       1
160 5.553580e-05       1
161 4.133409e-05       1
162 6.609680e-06       1
163 4.713165e-05       1
164 2.972694e-05       1
165 7.545232e-05       1
166 3.868912e-04       1
167 3.985281e-06       1
168 1.095196e-08       1
169 1.217951e-04       1
170 3.083785e-05       1
171 1.100052e-04       1
172 1.054129e-05       1
173 2.662369e-07       1
174 7.795535e-07       1
175 3.203276e-06       1
176 9.128102e-05       1
177 8.583512e-08       1
178 6.537434e-05       1
179 4.749691e-06       1
180 4.499314e-06       1
181 6.374103e-05       1
182 1.057368e-05       1
183 3.921647e-05       1
184 2.885693e-05       1
185 2.125066e-05       1
186 1.473558e-05       1
187 1.399483e-06       1
188 1.145436e-05       1
189 6.985940e-06       1
190 5.481311e-06       1
191 5.182832e-06       1
192 2.509180e-07       1
193 1.226806e-05       1
194 1.195597e-05       1
195 1.159765e-05       1
196 1.616146e-05       1
197 1.106832e-04       1
198 4.055091e-06       1
199 3.016510e-07       1
200 6.036258e-05       1
201 2.085823e-04       1
202 1.327619e-08       1
203 3.664354e-07       1
204 4.422954e-07       1
205 3.287769e-05       1
206 3.384732e-07       1
207 1.571388e-05       1
208 2.766959e-04       1
209 1.289783e-05       1
210 2.403452e-06       1
211 9.780756e-05       1
212 4.559856e-06       1
213 1.021683e-05       1
214 3.085851e-06       1
215 3.640066e-05       1
216 3.776409e-05       1
217 4.168289e-05       1
218 3.754309e-05       1
219 1.987482e-06       1
220 2.379897e-06       1
221 2.021392e-05       1
222 1.755460e-06       1
223 2.656023e-05       1
224 4.622603e-06       1
225 1.315562e-05       1
226 9.160568e-05       1
227 4.180369e-06       1
228 1.874687e-05       1
229 2.291924e-05       1
230 1.325895e-06       1
231 1.395623e-05       1
232 1.041305e-05       1
233 9.833434e-06       1
234 1.323132e-05       1
235 3.177851e-05       1
236 2.077323e-05       1
237 5.555952e-07       1
238 7.692966e-05       1
239 1.624921e-05       1
240 6.251544e-05       1
241 5.119165e-05       1
242 3.795530e-07       1
243 2.406186e-04       1
244 9.045834e-05       1
245 5.394374e-05       1
246 3.752320e-06       1
247 3.241862e-05       1
248 4.589434e-05       1
249 2.415336e-06       1
250 2.136491e-05       1
251 4.286658e-07       1
252 2.397957e-05       1
253 4.274573e-05       1
254 1.448447e-06       1
255 1.760242e-04       1
256 2.831605e-05       1
257 1.634034e-05       1
258 7.040379e-05       1
259 2.899610e-05       1
260 2.079619e-06       1
261 1.154095e-05       1
262 1.266721e-05       1
263 5.306787e-07       1
264 9.337985e-07       1
265 6.038065e-05       1
266 2.206322e-04       1
267 5.731347e-06       1
268 2.240945e-04       1
269 6.213265e-05       1
270 4.240180e-07       1
271 2.232375e-06       1
272 2.985747e-05       1
273 2.070418e-05       1
274 9.859423e-07       1
275 4.858665e-06       1
276 1.950793e-05       1
277 5.913515e-05       1
278 6.491615e-07       1
279 6.820165e-07       1
280 1.693449e-05       1
281 8.756258e-05       1
282 1.621793e-07       1
283 2.131051e-05       1
284 4.376736e-05       1
285 2.718300e-05       1
286 1.890328e-05       1
287 1.107785e-04       1
288 9.287500e-06       1
289 1.235171e-05       1
290 7.811233e-06       1
291 9.001482e-06       1
292 7.382919e-05       1
293 1.012526e-05       1
294 4.677774e-06       1
295 1.144476e-05       1
296 7.082046e-05       1
297 3.241934e-05       1
298 2.090008e-04 0.78144
299 4.477151e-06       1
300 2.663230e-04       1
301 5.628640e-05       1
302 1.266779e-05       1
303 5.325563e-06       1
304 7.692045e-06       1
305 1.016343e-05       1
306 9.600754e-06       1
307 9.343116e-07       1
308 2.108880e-05       1
309 2.891187e-05       1
310 2.338556e-06       1
311 5.567146e-07       1
312 1.457334e-05       1
313 3.993224e-05       1
314 1.522255e-05       1
315 2.610221e-05       1
316 7.946372e-07       1
317 1.783501e-05       1
318 5.134285e-06       1
319 5.141558e-05       1
320 1.265483e-04       1
321 1.601533e-05       1
322 7.496408e-05       1
323 1.762898e-05       1
324 1.439507e-05       1
325 1.313488e-06       1
326 9.811215e-06       1
327 1.322840e-06       1
328 5.019650e-06       1
329 1.010341e-05       1
330 1.037566e-05       1
331 1.074427e-05       1
332 6.866478e-05       1
333 3.750206e-05       1
334 6.049874e-05       1
335 6.351813e-05       1
336 1.325537e-04       1
337 4.996211e-07       1
338 7.260732e-07       1
339 2.961514e-05       1
340 5.343565e-07       1
341 9.711591e-07       1
342 9.805543e-05       1
343 1.949535e-05       1
344 4.442333e-09       1
345 2.959588e-06       1
346 4.149769e-05       1
347 1.054000e-05       1
348 5.453593e-05       1
349 1.051189e-06       1
350 4.073748e-05       1
351 8.643028e-07       1
352 3.145064e-05       1
353 3.584450e-06       1
354 3.566294e-05       1
355 1.161586e-05       1
356 4.124986e-06       1
357 1.263528e-03 0.06512
358 2.605925e-07       1
359 7.653870e-05       1
360 2.369315e-06       1
361 7.540214e-07       1
362 4.989532e-06       1
363 3.559292e-05       1
364 1.291581e-06       1
365 3.574360e-06       1
366 1.467535e-05       1
367 4.947352e-06       1
368 1.020705e-05       1
369 1.030665e-05       1
370 8.096189e-06       1
371 1.833078e-05       1
372 1.854356e-07       1
373 1.343262e-04       1
374 2.989613e-06       1
375 2.568161e-05       1
376 2.194567e-06       1
377 3.705222e-05       1
378 2.881605e-05       1
379 7.400057e-06       1
380 1.136447e-05       1
381 6.856680e-06       1
382 4.963222e-05       1
383 4.866173e-06       1
384 5.655292e-06       1
385 1.941313e-05       1
386 5.292521e-05       1
387 7.107966e-06       1
388 1.195588e-07       1
389 5.658573e-06       1
390 1.808677e-04       1
391 9.961565e-05       1
392 2.744122e-07       1
393 1.426546e-05       1
394 9.750806e-07       1
395 4.935691e-06       1
396 1.715042e-05       1
397 2.648935e-06       1
398 3.302876e-05       1
399 8.607951e-06       1
400 3.968540e-06       1
401 5.180243e-05       1
402 2.420843e-06       1
403 4.941040e-06       1
404 8.916217e-07       1
405 2.583994e-06       1
406 4.480217e-05       1
407 7.920073e-05       1

$`MR-PRESSO results`$`Distortion Test`
$`MR-PRESSO results`$`Distortion Test`$`Outliers Indices`
[1] 15

$`MR-PRESSO results`$`Distortion Test`$`Distortion Coefficient`
beta.exposure 
    -449.6745 

$`MR-PRESSO results`$`Distortion Test`$Pvalue
[1] 0.03544



