$`Main MR results`
       Exposure       MR Analysis Causal Estimate          Sd     T-stat
1 beta.exposure               Raw   -0.0009998399 0.009404189 -0.1063186
2 beta.exposure Outlier-corrected   -0.0076613866 0.008547899 -0.8962888
    P-value
1 0.9153435
2 0.3702391

$`MR-PRESSO results`
$`MR-PRESSO results`$`Global Test`
$`MR-PRESSO results`$`Global Test`$RSSobs
[1] 2020.352

$`MR-PRESSO results`$`Global Test`$Pvalue
[1] "<1.33333333333333e-05"


$`MR-PRESSO results`$`Outlier Test`
           RSSobs              Pvalue
1    1.512549e-08                   1
2    1.137465e-05                   1
3    9.679196e-06                   1
4    5.862313e-09                   1
5    7.078263e-06                   1
6    8.293721e-06                   1
7    1.924129e-05                   1
8    1.118853e-05                   1
9    2.437407e-05                   1
10   4.364810e-06                   1
11   8.166685e-07                   1
12   2.028574e-05                   1
13   8.076343e-07                   1
14   4.394667e-05                   1
15   1.007264e-05                   1
16   4.984194e-07                   1
17   1.028275e-07                   1
18   6.284786e-05                   1
19   2.949770e-05                   1
20   2.718436e-07                   1
21   6.211960e-07                   1
22   1.008606e-05                   1
23   2.806357e-07                   1
24   2.445835e-05                   1
25   6.641644e-11                   1
26   7.569294e-05                   1
27   9.761352e-08                   1
28   4.969903e-05                   1
29   5.492515e-07                   1
30   7.176000e-05                   1
31   8.408553e-05                   1
32   4.602325e-06                   1
33   1.326228e-04                   1
34   1.022875e-05                   1
35   1.139737e-05                   1
36   5.998304e-05                   1
37   2.399115e-08                   1
38   1.654841e-05                   1
39   3.052903e-05                   1
40   4.021986e-05                   1
41   1.392861e-05                   1
42   4.757593e-05                   1
43   7.688773e-05                   1
44   8.870787e-05                   1
45   2.812368e-05                   1
46   1.522006e-05                   1
47   2.221275e-05                   1
48   1.550468e-06                   1
49   9.565897e-06                   1
50   1.112701e-06                   1
51   1.585267e-09                   1
52   1.370502e-06                   1
53   7.869847e-05                   1
54   1.143439e-04                   1
55   1.095170e-05                   1
56   6.666631e-05                   1
57   1.139755e-04                   1
58   5.292773e-07                   1
59   7.219744e-07                   1
60   4.242564e-06                   1
61   3.261520e-08                   1
62   1.803414e-06                   1
63   2.596133e-04                   1
64   1.705272e-04                   1
65   4.779373e-06                   1
66   3.301830e-06                   1
67   3.921019e-05                   1
68   9.185811e-07                   1
69   2.783043e-06                   1
70   8.573819e-06                   1
71   9.407002e-07                   1
72   2.397351e-06                   1
73   9.964634e-05                   1
74   2.023983e-05                   1
75   2.133669e-05                   1
76   2.216094e-05                   1
77   2.108687e-05                   1
78   5.124538e-05                   1
79   1.267056e-07                   1
80   2.693331e-06                   1
81   5.960772e-06                   1
82   2.233352e-05                   1
83   5.010238e-07                   1
84   1.332577e-04                   1
85   1.858584e-07                   1
86   5.625993e-07                   1
87   1.234736e-06                   1
88   4.735629e-05                   1
89   2.771962e-06                   1
90   3.831037e-06                   1
91   2.612014e-05                   1
92   1.486616e-05                   1
93   5.631977e-06                   1
94   1.388283e-05                   1
95   1.331369e-05                   1
96   2.223927e-06                   1
97   4.181986e-05                   1
98   9.410728e-06                   1
99   2.776910e-05                   1
100  2.363027e-07                   1
101  3.125160e-07                   1
102  3.760202e-05                   1
103  1.044176e-04                   1
104  1.289072e-04                   1
105  3.637738e-05                   1
106  1.115351e-06                   1
107  1.538714e-04                   1
108  4.748151e-05                   1
109  2.207942e-05                   1
110  7.785779e-07                   1
111  1.170824e-05                   1
112  7.224686e-06                   1
113  2.432785e-05                   1
114  2.489389e-06                   1
115  3.049245e-06                   1
116  1.144859e-06                   1
117  3.113255e-06                   1
118  6.062285e-05                   1
119  1.112365e-06                   1
120  3.407370e-05                   1
121  7.619704e-06                   1
122  4.555419e-05                   1
123  3.419691e-06                   1
124  7.032836e-07                   1
125  3.722571e-09                   1
126  1.345467e-05                   1
127  1.430385e-05                   1
128  1.405943e-05                   1
129  3.285648e-06                   1
130  2.228096e-05                   1
131  1.851724e-05                   1
132  2.013217e-06                   1
133  2.530055e-05                   1
134  3.957059e-05                   1
135  6.511645e-07                   1
136  1.309507e-07                   1
137  3.832107e-05                   1
138  2.832836e-05                   1
139  1.591936e-07                   1
140  7.355309e-05                   1
141  5.706531e-06                   1
142  5.614774e-06                   1
143  6.009449e-06                   1
144  5.697155e-06                   1
145  3.083110e-05                   1
146  7.692717e-07                   1
147  1.856403e-05                   1
148  1.637760e-06                   1
149  1.407398e-04                   1
150  2.214609e-06                   1
151  1.756554e-05                   1
152  7.260880e-05                   1
153  1.787194e-06                   1
154  8.462564e-06                   1
155  5.947384e-05                   1
156  2.044226e-06                   1
157  2.002657e-05                   1
158  1.165727e-05                   1
159  2.595866e-05                   1
160  1.463705e-05                   1
161  6.653468e-06                   1
162  9.801938e-09                   1
163  1.368077e-04                   1
164  5.255456e-06                   1
165  6.145328e-05                   1
166  1.079155e-05                   1
167  2.015987e-04                   1
168  1.850281e-06                   1
169  3.065138e-06                   1
170  3.157887e-05                   1
171  3.986306e-05                   1
172  1.261375e-05                   1
173  9.521127e-06                   1
174  5.241135e-06                   1
175  6.408047e-06                   1
176  9.169799e-06                   1
177  4.099857e-05                   1
178  1.039006e-04                   1
179  1.483961e-07                   1
180  1.536185e-05                   1
181  2.851433e-06                   1
182  1.747204e-04                   1
183  4.476783e-05                   1
184  2.250203e-05                   1
185  3.189572e-06                   1
186  3.957972e-05                   1
187  7.689006e-08                   1
188  1.880958e-05                   1
189  3.977325e-05                   1
190  6.340539e-06                   1
191  1.820064e-05                   1
192  6.048300e-05                   1
193  2.936829e-05                   1
194  7.363381e-06                   1
195  2.245069e-08                   1
196  8.082765e-06                   1
197  8.904832e-08                   1
198  1.252379e-06                   1
199  8.500971e-07                   1
200  1.033437e-06                   1
201  5.429803e-05                   1
202  1.963694e-04                   1
203  1.448771e-06                   1
204  1.073863e-04                   1
205  1.593503e-05                   1
206  1.483873e-05                   1
207  8.086464e-05                   1
208  5.057101e-05                   1
209  6.183327e-05                   1
210  2.195882e-05                   1
211  4.291137e-06                   1
212  8.775444e-06                   1
213  1.876931e-05                   1
214  7.548086e-06                   1
215  9.049524e-07                   1
216  8.536557e-06                   1
217  4.689538e-05                   1
218  3.647176e-08                   1
219  2.905710e-05                   1
220  4.042964e-07                   1
221  2.626996e-04                   1
222  3.629967e-05                   1
223  5.394135e-06                   1
224  8.410265e-07                   1
225  2.127969e-05                   1
226  3.004477e-05                   1
227  2.125918e-05                   1
228  1.160591e-06                   1
229  1.513748e-04                   1
230  1.678575e-05                   1
231  1.229982e-05                   1
232  7.113130e-05                   1
233  1.805304e-05                   1
234  8.817516e-05                   1
235  9.852901e-08                   1
236  1.992165e-06                   1
237  5.432574e-06                   1
238  3.131183e-05                   1
239  3.751440e-06                   1
240  3.924360e-06                   1
241  1.752262e-04                   1
242  1.906106e-06                   1
243  1.922224e-05                   1
244  2.327151e-04                   1
245  5.720777e-05                   1
246  1.267119e-05                   1
247  2.495971e-05                   1
248  8.639308e-05                   1
249  2.694929e-05                   1
250  2.901825e-07                   1
251  6.172073e-05                   1
252  6.118704e-05                   1
253  1.726389e-07                   1
254  4.366558e-05                   1
255  1.577106e-05                   1
256  3.623981e-05                   1
257  8.114352e-06                   1
258  4.675894e-07                   1
259  9.155310e-08                   1
260  4.206635e-07                   1
261  3.917303e-05                   1
262  2.030127e-07                   1
263  6.347726e-05                   1
264  3.313932e-05                   1
265  1.116884e-05                   1
266  1.075407e-07                   1
267  1.171372e-07                   1
268  4.861975e-06                   1
269  1.930928e-05                   1
270  8.855798e-06                   1
271  8.400336e-05                   1
272  2.225814e-05                   1
273  1.160375e-05                   1
274  1.038364e-04                   1
275  8.062370e-06                   1
276  2.138018e-04                   1
277  3.178981e-06                   1
278  6.379602e-05                   1
279  1.707953e-06                   1
280  2.299073e-05                   1
281  5.058884e-05                   1
282  1.507162e-05                   1
283  7.423531e-06                   1
284  7.566239e-06                   1
285  2.808615e-05                   1
286  3.698884e-05                   1
287  1.980817e-05                   1
288  9.419595e-06                   1
289  5.635290e-07                   1
290  5.441979e-05                   1
291  9.927119e-06                   1
292  9.877848e-05                   1
293  1.330023e-04                   1
294  2.640413e-05                   1
295  1.689070e-05                   1
296  2.951860e-04                   1
297  3.369128e-06                   1
298  6.057806e-05                   1
299  2.306807e-05                   1
300  5.222100e-05                   1
301  1.079934e-04                   1
302  5.480958e-05                   1
303  1.112408e-04                   1
304  1.964464e-05                   1
305  5.191810e-07                   1
306  7.768395e-06                   1
307  2.712253e-07                   1
308  9.742206e-06                   1
309  1.101722e-05                   1
310  1.779366e-05                   1
311  8.583258e-05                   1
312  2.740087e-05                   1
313  2.670816e-06                   1
314  1.085144e-05                   1
315  5.175592e-08                   1
316  4.789881e-07                   1
317  1.448345e-05                   1
318  4.010182e-06                   1
319  1.008150e-04                   1
320  7.990375e-05                   1
321  8.830919e-06                   1
322  8.388136e-06                   1
323  6.197397e-05                   1
324  2.058439e-05                   1
325  1.744186e-05                   1
326  2.552770e-05                   1
327  3.712546e-05                   1
328  3.313910e-05                   1
329  8.844102e-07                   1
330  2.451246e-05                   1
331  9.906909e-06                   1
332  7.488158e-05                   1
333  8.775956e-05                   1
334  1.444861e-06                   1
335  5.596707e-07                   1
336  1.956755e-04                   1
337  2.744963e-05                   1
338  3.769539e-05                   1
339  2.962417e-05                   1
340  4.850874e-06                   1
341  6.498802e-05                   1
342  6.434211e-05                   1
343  9.567533e-05                   1
344  3.651509e-05                   1
345  2.788786e-05                   1
346  3.893316e-05                   1
347  3.884807e-06                   1
348  2.530099e-05                   1
349  4.241580e-06                   1
350  4.438603e-05                   1
351  4.906350e-05                   1
352  1.240948e-05                   1
353  6.911386e-07                   1
354  3.238348e-07                   1
355  1.476234e-05                   1
356  1.757132e-04                   1
357  1.245748e-04                   1
358  8.448899e-07                   1
359  5.970616e-05                   1
360  1.125296e-05                   1
361  2.028699e-05                   1
362  3.832745e-05                   1
363  1.368090e-05                   1
364  8.227520e-06                   1
365  7.515391e-07                   1
366  2.194578e-05                   1
367  4.107233e-05                   1
368  1.622422e-06                   1
369  3.075973e-05                   1
370  5.452680e-06                   1
371  1.027914e-06                   1
372  9.890856e-07                   1
373  1.181520e-06                   1
374  4.366474e-05                   1
375  2.406068e-05                   1
376  6.658551e-07                   1
377  9.209509e-07                   1
378  6.518133e-05                   1
379  2.547240e-06                   1
380  4.014486e-06                   1
381  3.069645e-05                   1
382  2.726229e-06                   1
383  6.917629e-05                   1
384  1.679297e-06                   1
385  1.663770e-05                   1
386  5.426615e-05                   1
387  2.439604e-05                   1
388  7.174664e-06                   1
389  2.282164e-07                   1
390  2.824580e-05                   1
391  9.146804e-07                   1
392  1.673240e-05                   1
393  7.541399e-06                   1
394  3.492699e-05                   1
395  1.765605e-06                   1
396  1.993223e-06                   1
397  7.949279e-06                   1
398  4.741031e-05                   1
399  2.344452e-06                   1
400  1.161872e-06                   1
401  3.020895e-05                   1
402  1.300643e-04                   1
403  1.107719e-05                   1
404  3.294941e-07                   1
405  7.225164e-06                   1
406  8.643442e-06                   1
407  7.302979e-05                   1
408  1.916425e-05                   1
409  7.586581e-05                   1
410  2.012686e-06                   1
411  1.639875e-07                   1
412  5.937867e-05                   1
413  1.885187e-04                   1
414  2.073677e-05                   1
415  3.620258e-06                   1
416  1.443125e-04                   1
417  3.469404e-06                   1
418  5.976843e-05                   1
419  1.726060e-05                   1
420  4.973017e-05                   1
421  5.140319e-06                   1
422  3.823440e-05                   1
423  1.901732e-05                   1
424  4.586112e-05                   1
425  1.817650e-05                   1
426  5.190333e-10                   1
427  2.037491e-05                   1
428  8.980355e-06                   1
429  6.440783e-05                   1
430  1.183555e-06                   1
431  6.117822e-05                   1
432  7.205329e-05                   1
433  4.370490e-06                   1
434  2.828723e-05                   1
435  2.523564e-05                   1
436  4.646636e-06                   1
437  2.948862e-05                   1
438  8.539394e-05                   1
439  4.026214e-06                   1
440  1.476702e-06                   1
441  1.888455e-05                   1
442  1.004705e-05                   1
443  4.585441e-06                   1
444  2.812567e-06                   1
445  1.681504e-05                   1
446  1.027913e-05                   1
447  4.404896e-06                   1
448  1.552150e-04                   1
449  1.756667e-04                   1
450  1.270013e-07                   1
451  8.933444e-06                   1
452  3.513553e-09                   1
453  2.338963e-06                   1
454  1.158044e-04                   1
455  2.487307e-05                   1
456  1.148574e-04                   1
457  5.536282e-06                   1
458  3.194931e-05                   1
459  7.146463e-07                   1
460  5.445082e-05                   1
461  1.062016e-04                   1
462  9.246655e-05                   1
463  3.816283e-06                   1
464  3.727789e-07                   1
465  2.489948e-05                   1
466  1.521965e-05                   1
467  2.834205e-06                   1
468  1.190702e-05                   1
469  1.777181e-05                   1
470  4.199300e-05                   1
471  7.857811e-06                   1
472  2.582828e-06                   1
473  3.110830e-05                   1
474  1.646581e-05                   1
475  5.264301e-05                   1
476  1.315041e-05                   1
477  4.432639e-06                   1
478  1.463113e-08                   1
479  2.753426e-07                   1
480  3.895898e-08                   1
481  1.003241e-06                   1
482  1.032902e-04                   1
483  1.561982e-06                   1
484  1.091007e-05                   1
485  8.795284e-06                   1
486  6.433506e-07                   1
487  3.264475e-07                   1
488  1.377063e-04                   1
489  1.955441e-07                   1
490  3.022916e-06                   1
491  1.340488e-05                   1
492  2.379163e-05                   1
493  1.044835e-05                   1
494  9.225125e-05                   1
495  5.862345e-05                   1
496  1.386601e-08                   1
497  1.013596e-05                   1
498  1.201875e-05                   1
499  6.314826e-06                   1
500  1.461128e-05                   1
501  9.372673e-05                   1
502  7.157264e-06                   1
503  8.593030e-06                   1
504  1.099970e-05                   1
505  2.648598e-05                   1
506  7.358565e-06                   1
507  2.610403e-06                   1
508  7.775832e-05                   1
509  3.001030e-05                   1
510  2.226409e-05                   1
511  1.776988e-05                   1
512  1.080268e-04                   1
513  1.704855e-05                   1
514  7.142198e-05                   1
515  1.466768e-05                   1
516  3.538205e-06                   1
517  3.630605e-05                   1
518  9.575160e-05                   1
519  9.239803e-07                   1
520  2.926705e-05                   1
521  5.272902e-09                   1
522  8.684369e-05                   1
523  8.560445e-05                   1
524  1.706970e-07                   1
525  5.560596e-06                   1
526  1.298269e-05                   1
527  1.506862e-05                   1
528  2.301481e-05                   1
529  8.847895e-05                   1
530  8.805145e-07                   1
531  3.872592e-06                   1
532  1.650976e-05                   1
533  4.942535e-05                   1
534  7.235741e-05                   1
535  2.743275e-05                   1
536  7.220892e-05                   1
537  1.325200e-06                   1
538  4.652016e-05                   1
539  4.258074e-06                   1
540  2.018456e-07                   1
541  1.530646e-05                   1
542  8.984941e-07                   1
543  3.517093e-05                   1
544  4.145825e-05                   1
545  2.423263e-09                   1
546  8.871966e-06                   1
547  8.871023e-06                   1
548  1.173608e-04                   1
549  8.795339e-07                   1
550  5.257530e-05                   1
551  1.427123e-04                   1
552  5.441263e-06                   1
553  4.844748e-06                   1
554  2.093434e-11                   1
555  4.727618e-07                   1
556  7.915586e-05                   1
557  9.840662e-06                   1
558  7.186613e-05                   1
559  9.157730e-05                   1
560  1.142574e-04                   1
561  1.292736e-05                   1
562  1.814630e-05                   1
563  3.220592e-05                   1
564  1.721112e-04                   1
565  3.939732e-04                   1
566  4.778096e-05                   1
567  3.533416e-05                   1
568  5.699594e-07                   1
569  2.242449e-05                   1
570  3.191062e-06                   1
571  2.380348e-06                   1
572  4.391873e-06                   1
573  5.303501e-05                   1
574  1.159234e-05                   1
575  9.375230e-05                   1
576  4.995218e-07                   1
577  5.750343e-06                   1
578  6.744180e-05                   1
579  2.908909e-06                   1
580  1.615125e-05                   1
581  4.532147e-06                   1
582  5.276737e-06                   1
583  1.505112e-05                   1
584  6.375971e-06                   1
585  2.419243e-06                   1
586  2.246240e-05                   1
587  5.852990e-05                   1
588  2.439416e-04                   1
589  1.885028e-05                   1
590  4.497038e-05                   1
591  1.857251e-04                   1
592  7.478400e-06                   1
593  3.013792e-06                   1
594  1.053946e-05                   1
595  3.502381e-06                   1
596  4.644510e-04                   1
597  2.956871e-05                   1
598  7.786582e-13                   1
599  8.805229e-07                   1
600  4.911456e-06                   1
601  1.780423e-07                   1
602  1.771907e-06                   1
603  2.786157e-05                   1
604  7.500998e-06                   1
605  3.320464e-05                   1
606  1.316187e-05                   1
607  1.362887e-06                   1
608  2.898353e-05                   1
609  5.903547e-05                   1
610  8.967242e-06                   1
611  6.374501e-07                   1
612  4.855058e-06                   1
613  7.450571e-06                   1
614  1.876670e-05                   1
615  5.225048e-08                   1
616  1.636775e-05                   1
617  1.848569e-05                   1
618  1.621570e-05                   1
619  6.633277e-05                   1
620  1.551481e-05                   1
621  1.194401e-05                   1
622  3.230269e-06                   1
623  2.046069e-05                   1
624  8.250610e-06                   1
625  4.034618e-06                   1
626  1.527369e-04                   1
627  6.663871e-05                   1
628  4.869429e-06                   1
629  5.571046e-05                   1
630  1.997863e-06                   1
631  7.614565e-05                   1
632  5.720860e-05                   1
633  8.605037e-07                   1
634  1.002167e-05                   1
635  4.433584e-05                   1
636  1.329361e-04                   1
637  6.765648e-06                   1
638  5.251161e-06                   1
639  1.208489e-04                   1
640  4.990980e-06                   1
641  2.631971e-06                   1
642  1.375642e-05                   1
643  9.176421e-07                   1
644  1.690461e-05                   1
645  7.856961e-05                   1
646  2.152773e-05                   1
647  2.039052e-06                   1
648  6.380067e-06                   1
649  8.965882e-07                   1
650  8.731053e-06                   1
651  1.275671e-05                   1
652  3.103109e-05                   1
653  1.260612e-04                   1
654  1.483886e-05                   1
655  4.351346e-05                   1
656  7.921164e-05                   1
657  1.890094e-05                   1
658  4.880963e-06                   1
659  2.584353e-05                   1
660  5.431369e-06                   1
661  4.194366e-06                   1
662  7.983966e-05                   1
663  4.380740e-06                   1
664  9.362362e-07                   1
665  3.669420e-05                   1
666  1.305373e-05                   1
667  5.891425e-06                   1
668  1.171480e-04                   1
669  3.029214e-07                   1
670  2.024540e-05                   1
671  3.786399e-06                   1
672  1.268111e-07                   1
673  1.395207e-06                   1
674  1.422422e-06                   1
675  1.681248e-06                   1
676  4.827708e-05                   1
677  2.638815e-07                   1
678  2.609558e-05                   1
679  2.172412e-06                   1
680  2.993210e-05                   1
681  5.145833e-05                   1
682  7.492694e-08                   1
683  2.678981e-05                   1
684  4.768642e-05                   1
685  6.986634e-05                   1
686  1.097579e-06                   1
687  9.636096e-07                   1
688  1.487526e-05                   1
689  3.290889e-08                   1
690  2.049213e-05                   1
691  4.695553e-05                   1
692  5.190887e-05                   1
693  8.680801e-07                   1
694  1.990358e-06                   1
695  3.723894e-04                   1
696  7.711306e-07                   1
697  7.687245e-03 <0.0204933333333333
698  7.492096e-07                   1
699  6.786643e-04                   1
700  6.423847e-06                   1
701  6.136757e-07                   1
702  8.637491e-06                   1
703  3.281064e-06                   1
704  5.441726e-05                   1
705  2.433779e-06                   1
706  1.881732e-06                   1
707  1.164889e-05                   1
708  4.065321e-06                   1
709  9.719143e-09                   1
710  7.010691e-07                   1
711  6.209080e-10                   1
712  2.103548e-05                   1
713  2.338439e-06                   1
714  2.941645e-07                   1
715  3.315964e-05                   1
716  4.335297e-07                   1
717  1.064811e-06                   1
718  9.093943e-05                   1
719  1.150066e-04                   1
720  8.397352e-10                   1
721  7.941547e-05                   1
722  3.116851e-07                   1
723  2.649979e-05                   1
724  5.647488e-07                   1
725  7.392616e-06                   1
726  6.418504e-05                   1
727  5.215269e-05                   1
728  1.297676e-05                   1
729  1.676954e-05                   1
730  3.890529e-04                   1
731  8.354781e-06                   1
732  7.293377e-06                   1
733  2.222307e-06                   1
734  6.368235e-06                   1
735  1.266654e-05                   1
736  8.458089e-06                   1
737  4.997006e-05                   1
738  2.165684e-05                   1
739  1.034518e-05                   1
740  2.495941e-06                   1
741  4.143781e-06                   1
742  6.042113e-05                   1
743  9.729462e-06                   1
744  9.073723e-07                   1
745  2.099451e-05                   1
746  3.816762e-07                   1
747  5.861419e-05                   1
748  5.009778e-06                   1
749  2.324524e-05                   1
750  1.321097e-05                   1
751  5.789402e-07                   1
752  1.816273e-05                   1
753  3.880651e-06                   1
754  2.104428e-08                   1
755  3.519187e-05                   1
756  3.269967e-05                   1
757  1.838013e-05                   1
758  4.502613e-06                   1
759  1.152389e-05                   1
760  2.993334e-05                   1
761  7.046698e-05                   1
762  2.005148e-05                   1
763  2.348843e-05                   1
764  1.128240e-04                   1
765  2.658132e-06                   1
766  1.289672e-05                   1
767  6.917929e-06                   1
768  4.900436e-05                   1
769  1.140793e-05                   1
770  5.829914e-06                   1
771  3.361607e-05                   1
772  3.021137e-06                   1
773  1.974674e-07                   1
774  1.288929e-05                   1
775  1.138614e-07                   1
776  6.929613e-08                   1
777  7.459475e-08                   1
778  2.386843e-05                   1
779  1.462771e-05                   1
780  2.449148e-06                   1
781  4.652423e-06                   1
782  4.472832e-05                   1
783  8.362798e-05                   1
784  1.385567e-06                   1
785  7.000766e-05                   1
786  7.901135e-05                   1
787  7.755166e-06                   1
788  1.367614e-05                   1
789  4.095824e-07                   1
790  4.360264e-08                   1
791  3.002746e-06                   1
792  9.066386e-06                   1
793  3.676528e-05                   1
794  8.333966e-06                   1
795  3.609911e-06                   1
796  1.709514e-05                   1
797  1.195627e-05                   1
798  6.319738e-05                   1
799  2.220041e-04                   1
800  2.896557e-07                   1
801  1.036891e-05                   1
802  7.865224e-06                   1
803  1.815458e-04                   1
804  1.029314e-05                   1
805  3.888975e-07                   1
806  3.900674e-05                   1
807  3.471901e-05                   1
808  1.255676e-04                   1
809  9.770878e-09                   1
810  1.542355e-05                   1
811  1.711957e-05                   1
812  5.122531e-06                   1
813  3.001133e-07                   1
814  3.872480e-08                   1
815  7.534585e-07                   1
816  7.716865e-05                   1
817  7.436425e-06                   1
818  2.052184e-05                   1
819  7.259529e-05                   1
820  3.197658e-05                   1
821  2.157162e-05                   1
822  2.059320e-05                   1
823  3.513939e-07                   1
824  1.856410e-06                   1
825  4.297693e-05                   1
826  6.907173e-07                   1
827  9.403830e-07                   1
828  3.582339e-06                   1
829  8.238027e-06                   1
830  1.800420e-05                   1
831  8.150496e-06                   1
832  9.231062e-06                   1
833  2.849723e-05                   1
834  5.249702e-05                   1
835  7.249837e-06                   1
836  8.986974e-07                   1
837  6.720406e-06                   1
838  7.605210e-09                   1
839  1.647584e-07                   1
840  7.771666e-06                   1
841  4.617497e-08                   1
842  7.415880e-05                   1
843  4.174639e-06                   1
844  2.290309e-05                   1
845  4.641810e-06                   1
846  7.479509e-05                   1
847  2.035556e-07                   1
848  4.153047e-06                   1
849  1.034482e-05                   1
850  8.252558e-05                   1
851  1.334522e-05                   1
852  1.772651e-07                   1
853  5.815512e-05                   1
854  2.574302e-06                   1
855  4.893590e-05                   1
856  6.510146e-07                   1
857  9.125136e-06                   1
858  4.897891e-07                   1
859  9.187513e-07                   1
860  3.559490e-05                   1
861  8.074208e-06                   1
862  2.082069e-06                   1
863  3.891595e-06                   1
864  5.006158e-05                   1
865  6.905133e-05                   1
866  1.636937e-08                   1
867  8.922644e-05                   1
868  9.785254e-08                   1
869  1.222109e-06                   1
870  3.387175e-06                   1
871  7.102983e-07                   1
872  2.383026e-05                   1
873  1.503776e-05                   1
874  1.892040e-04                   1
875  1.030997e-04                   1
876  1.035311e-06                   1
877  4.353196e-05                   1
878  2.002468e-05                   1
879  7.210932e-05                   1
880  4.350575e-06                   1
881  6.628142e-07                   1
882  1.022465e-05                   1
883  2.879190e-05                   1
884  2.447692e-05                   1
885  4.831102e-06                   1
886  2.626498e-05                   1
887  6.161829e-05                   1
888  6.454310e-07                   1
889  1.837585e-05                   1
890  2.258489e-05                   1
891  1.683601e-05                   1
892  1.227793e-05                   1
893  4.696876e-05                   1
894  8.078039e-06                   1
895  7.309414e-07                   1
896  2.497578e-05                   1
897  4.021814e-05                   1
898  3.509564e-05                   1
899  1.570475e-05                   1
900  2.433833e-05                   1
901  5.080395e-06                   1
902  1.239237e-06                   1
903  2.762755e-05                   1
904  4.616009e-06                   1
905  7.350595e-05                   1
906  5.919615e-06                   1
907  3.461208e-06                   1
908  9.914387e-06                   1
909  5.488588e-07                   1
910  1.006847e-05                   1
911  2.756504e-05                   1
912  9.050767e-05                   1
913  2.909449e-05                   1
914  9.726928e-06                   1
915  1.138347e-05                   1
916  4.371825e-05                   1
917  2.524090e-05                   1
918  1.313600e-07                   1
919  1.562063e-05                   1
920  1.685527e-06                   1
921  3.391053e-06                   1
922  1.008849e-04                   1
923  1.055074e-07                   1
924  7.573694e-08                   1
925  4.876623e-06                   1
926  2.420697e-06                   1
927  5.108218e-05                   1
928  5.301343e-05                   1
929  1.676091e-04                   1
930  4.389888e-05                   1
931  3.420468e-07                   1
932  1.144575e-05                   1
933  1.598261e-05                   1
934  7.654757e-05                   1
935  1.319341e-05                   1
936  2.497789e-06                   1
937  6.135606e-05                   1
938  1.436292e-05                   1
939  2.253496e-05                   1
940  8.159341e-05                   1
941  4.747230e-05                   1
942  5.717754e-06                   1
943  1.487994e-05                   1
944  6.855722e-06                   1
945  4.623131e-07                   1
946  5.422844e-05                   1
947  3.586504e-05                   1
948  2.462145e-06                   1
949  8.440417e-06                   1
950  2.986742e-06                   1
951  5.582901e-06                   1
952  2.717357e-05                   1
953  1.371240e-09                   1
954  3.789044e-06                   1
955  2.333001e-06                   1
956  6.016918e-06                   1
957  2.032130e-06                   1
958  3.387511e-08                   1
959  3.057995e-06                   1
960  1.970878e-06                   1
961  1.528318e-04                   1
962  7.343204e-06                   1
963  2.170223e-06                   1
964  2.557683e-05                   1
965  3.371098e-05                   1
966  2.151758e-05                   1
967  5.519824e-05                   1
968  1.410005e-05                   1
969  1.682314e-07                   1
970  6.048174e-07                   1
971  1.729618e-05                   1
972  3.559026e-06                   1
973  1.740037e-06                   1
974  7.415523e-06                   1
975  4.997509e-07                   1
976  1.606241e-06                   1
977  2.145817e-05                   1
978  1.354673e-04                   1
979  7.196761e-05                   1
980  5.890105e-06                   1
981  1.319799e-06                   1
982  5.855775e-05                   1
983  4.695767e-06                   1
984  2.590001e-07                   1
985  2.321423e-05                   1
986  6.101328e-06                   1
987  1.737516e-05                   1
988  3.011435e-05                   1
989  3.946423e-05                   1
990  1.255116e-04                   1
991  2.868245e-06                   1
992  1.575297e-05                   1
993  6.690378e-07                   1
994  1.335903e-05                   1
995  1.434413e-05                   1
996  1.328486e-06                   1
997  1.354981e-05                   1
998  1.484364e-05                   1
999  7.142409e-05                   1
1000 3.658219e-06                   1
1001 2.487085e-07                   1
1002 8.134703e-05                   1
1003 4.243186e-05                   1
1004 4.802155e-06                   1
1005 7.219769e-06                   1
1006 4.028104e-05                   1
1007 3.065631e-05                   1
1008 4.023062e-05                   1
1009 2.812543e-05                   1
1010 3.856819e-07                   1
1011 6.618060e-07                   1
1012 9.110527e-06                   1
1013 1.727886e-06                   1
1014 2.442764e-07                   1
1015 6.009787e-06                   1
1016 8.736247e-05                   1
1017 1.135359e-06                   1
1018 6.116695e-07                   1
1019 8.581075e-06                   1
1020 1.055029e-06                   1
1021 1.580691e-06                   1
1022 4.496564e-05                   1
1023 1.263216e-06                   1
1024 7.947566e-07                   1
1025 2.141771e-05                   1
1026 1.605191e-07                   1
1027 1.629768e-07                   1
1028 5.280765e-07                   1
1029 6.292560e-05                   1
1030 1.416854e-05                   1
1031 1.010751e-05                   1
1032 1.926535e-05                   1
1033 1.452587e-05                   1
1034 2.788243e-05                   1
1035 3.321010e-06                   1
1036 3.006204e-05                   1
1037 8.044129e-05                   1
1038 2.614668e-05                   1
1039 2.022773e-08                   1
1040 1.270787e-04                   1
1041 2.153760e-05                   1
1042 2.365113e-05                   1
1043 9.388241e-07                   1
1044 6.011875e-05                   1
1045 6.443413e-06                   1
1046 2.456948e-06                   1
1047 3.068966e-06                   1
1048 6.566493e-06                   1
1049 5.148608e-07                   1
1050 1.185794e-05                   1
1051 1.181471e-06                   1
1052 1.874944e-07                   1
1053 1.068086e-05                   1
1054 6.575160e-06                   1
1055 1.884533e-06                   1
1056 1.721879e-05                   1
1057 7.480003e-05                   1
1058 1.392876e-05                   1
1059 9.235225e-07                   1
1060 1.745006e-04                   1
1061 1.885537e-05                   1
1062 3.711400e-06                   1
1063 1.056954e-05                   1
1064 3.637117e-05                   1
1065 1.321213e-08                   1
1066 3.539336e-07                   1
1067 1.992122e-06                   1
1068 5.699691e-05                   1
1069 6.074851e-06                   1
1070 5.148425e-05                   1
1071 5.492283e-05                   1
1072 1.764359e-05                   1
1073 1.753491e-06                   1
1074 1.672800e-07                   1
1075 7.893386e-06                   1
1076 8.947307e-06                   1
1077 7.427481e-05                   1
1078 2.754117e-05                   1
1079 1.831769e-06                   1
1080 2.669643e-05                   1
1081 7.284450e-08                   1
1082 9.995098e-08                   1
1083 2.467684e-04                   1
1084 2.612478e-06                   1
1085 9.215804e-06                   1
1086 1.109299e-05                   1
1087 1.472076e-05                   1
1088 1.078320e-05                   1
1089 7.594675e-06                   1
1090 1.059530e-05                   1
1091 6.321181e-06                   1
1092 1.421540e-05                   1
1093 3.948412e-06                   1
1094 2.369225e-06                   1
1095 3.295892e-06                   1
1096 5.230683e-08                   1
1097 1.916130e-05                   1
1098 1.025950e-06                   1
1099 1.051381e-04                   1
1100 1.444327e-05                   1
1101 6.308513e-05                   1
1102 1.159780e-05                   1
1103 2.325736e-06                   1
1104 1.792171e-06                   1
1105 9.564905e-06                   1
1106 2.937675e-06                   1
1107 4.392315e-05                   1
1108 2.963373e-04                   1
1109 1.015356e-04                   1
1110 1.709588e-06                   1
1111 1.348781e-06                   1
1112 5.674214e-07                   1
1113 2.509421e-05                   1
1114 1.522401e-06                   1
1115 3.872011e-05                   1
1116 8.356403e-05                   1
1117 1.185304e-05                   1
1118 8.139746e-06                   1
1119 8.606905e-05                   1
1120 1.012657e-05                   1
1121 2.339233e-06                   1
1122 5.923764e-06                   1
1123 6.904248e-07                   1
1124 3.001382e-06                   1
1125 1.637590e-07                   1
1126 9.841477e-07                   1
1127 5.527804e-06                   1
1128 4.226808e-06                   1
1129 8.527053e-07                   1
1130 3.433362e-05                   1
1131 2.245555e-06                   1
1132 1.902905e-05                   1
1133 4.350887e-06                   1
1134 2.115148e-05                   1
1135 1.442617e-06                   1
1136 2.844748e-06                   1
1137 2.514195e-05                   1
1138 3.376419e-05                   1
1139 5.130591e-05                   1
1140 2.628501e-05                   1
1141 1.716231e-05                   1
1142 1.133585e-05                   1
1143 7.532473e-06                   1
1144 1.030656e-04                   1
1145 1.363922e-06                   1
1146 4.255028e-07                   1
1147 3.161494e-05                   1
1148 1.672241e-05                   1
1149 6.333483e-06                   1
1150 4.122000e-05                   1
1151 7.882806e-06                   1
1152 5.352860e-06                   1
1153 1.115758e-05                   1
1154 1.072453e-06                   1
1155 1.930104e-06                   1
1156 7.330505e-05                   1
1157 2.228766e-05                   1
1158 6.805997e-07                   1
1159 5.049686e-05                   1
1160 2.060181e-06                   1
1161 1.394193e-05                   1
1162 1.898926e-05                   1
1163 1.797939e-05                   1
1164 2.891528e-05                   1
1165 1.271628e-05                   1
1166 5.156633e-05                   1
1167 1.367188e-05                   1
1168 7.397409e-05                   1
1169 2.974968e-05                   1
1170 1.140325e-07                   1
1171 1.587692e-04                   1
1172 7.586497e-07                   1
1173 2.158864e-05                   1
1174 5.104744e-07                   1
1175 2.626702e-05                   1
1176 3.130618e-06                   1
1177 6.767168e-05                   1
1178 2.342634e-07                   1
1179 3.642964e-06                   1
1180 3.003193e-07                   1
1181 2.397131e-05                   1
1182 6.562790e-07                   1
1183 5.311017e-06                   1
1184 3.133006e-06                   1
1185 2.741853e-07                   1
1186 3.092601e-05                   1
1187 2.926060e-08                   1
1188 1.082273e-06                   1
1189 6.949550e-06                   1
1190 5.954860e-06                   1
1191 7.628189e-05                   1
1192 4.545720e-05                   1
1193 2.624047e-05                   1
1194 3.357061e-05                   1
1195 1.118908e-05                   1
1196 1.131364e-07                   1
1197 3.678444e-05                   1
1198 7.007663e-06                   1
1199 3.028502e-05                   1
1200 1.078152e-05                   1
1201 2.402470e-05                   1
1202 7.329307e-06                   1
1203 2.341971e-05                   1
1204 6.201358e-06                   1
1205 1.331444e-05                   1
1206 7.729290e-05                   1
1207 1.079459e-06                   1
1208 1.387264e-07                   1
1209 6.676004e-05                   1
1210 4.466082e-07                   1
1211 3.107029e-06                   1
1212 9.184701e-06                   1
1213 3.909955e-05                   1
1214 1.255408e-06                   1
1215 5.087330e-05                   1
1216 4.585420e-06                   1
1217 5.241501e-05                   1
1218 3.935310e-05                   1
1219 4.650488e-05                   1
1220 3.416183e-06                   1
1221 3.637002e-05                   1
1222 2.109360e-05                   1
1223 2.058133e-06                   1
1224 2.302094e-06                   1
1225 1.545227e-05                   1
1226 1.304562e-04                   1
1227 8.594628e-05                   1
1228 3.586146e-06                   1
1229 1.463885e-04                   1
1230 7.066464e-06                   1
1231 1.406322e-04                   1
1232 3.756998e-05                   1
1233 2.266219e-06                   1
1234 1.697468e-05                   1
1235 2.559592e-05                   1
1236 1.594189e-05                   1
1237 1.526535e-06                   1
1238 1.272526e-05                   1
1239 4.765998e-06                   1
1240 6.204670e-05                   1
1241 2.927123e-06                   1
1242 3.516748e-08                   1
1243 3.360768e-05                   1
1244 3.298453e-07                   1
1245 1.079076e-06                   1
1246 1.705883e-05                   1
1247 1.273999e-05                   1
1248 9.560400e-06                   1
1249 4.002172e-05                   1
1250 4.281740e-05                   1
1251 1.427787e-05                   1
1252 7.623227e-06                   1
1253 4.984346e-05                   1
1254 8.062401e-06                   1
1255 1.216111e-05                   1
1256 4.325586e-05                   1
1257 2.596942e-07                   1
1258 6.536813e-06                   1
1259 1.778098e-06                   1
1260 3.518715e-05                   1
1261 6.650554e-05                   1
1262 2.824534e-05                   1
1263 2.773524e-06                   1
1264 1.201818e-06                   1
1265 5.110941e-06                   1
1266 8.386494e-06                   1
1267 3.362614e-05                   1
1268 5.948045e-06                   1
1269 1.527044e-06                   1
1270 2.050883e-06                   1
1271 3.027937e-05                   1
1272 6.780740e-05                   1
1273 2.200306e-07                   1
1274 2.615438e-05                   1
1275 4.340631e-05                   1
1276 1.603445e-06                   1
1277 2.288938e-06                   1
1278 9.084904e-06                   1
1279 5.331740e-05                   1
1280 3.479232e-05                   1
1281 3.333455e-06                   1
1282 2.431836e-05                   1
1283 8.164016e-06                   1
1284 2.687735e-05                   1
1285 6.640778e-05                   1
1286 1.311021e-06                   1
1287 2.452363e-05                   1
1288 4.281931e-08                   1
1289 7.330448e-06                   1
1290 2.426304e-05                   1
1291 1.128332e-05                   1
1292 6.988879e-07                   1
1293 5.889111e-08                   1
1294 2.628234e-06                   1
1295 2.597141e-06                   1
1296 1.625145e-05                   1
1297 6.834909e-06                   1
1298 8.950419e-06                   1
1299 6.190455e-05                   1
1300 2.852281e-06                   1
1301 3.179654e-05                   1
1302 7.192934e-06                   1
1303 3.799909e-05                   1
1304 1.531650e-05                   1
1305 6.290950e-05                   1
1306 1.052008e-04                   1
1307 1.040743e-04                   1
1308 2.146954e-05                   1
1309 3.168684e-08                   1
1310 2.132130e-05                   1
1311 5.402449e-06                   1
1312 5.568569e-06                   1
1313 5.532086e-06                   1
1314 7.825507e-05                   1
1315 1.713712e-06                   1
1316 2.599807e-05                   1
1317 2.158191e-05                   1
1318 1.236922e-05                   1
1319 9.562367e-05                   1
1320 2.007379e-05                   1
1321 8.846367e-05                   1
1322 6.288256e-06                   1
1323 1.175113e-04                   1
1324 1.930986e-05                   1
1325 5.280010e-06                   1
1326 2.380689e-05                   1
1327 9.302508e-06                   1
1328 1.325765e-05                   1
1329 4.225155e-05                   1
1330 2.743624e-05                   1
1331 6.432642e-08                   1
1332 4.883135e-07                   1
1333 1.978123e-06                   1
1334 6.818577e-06                   1
1335 5.199739e-07                   1
1336 1.050882e-05                   1
1337 5.467333e-06                   1
1338 2.635512e-05                   1
1339 5.190251e-06                   1
1340 5.403050e-05                   1
1341 1.270646e-05                   1
1342 2.287931e-05                   1
1343 1.455925e-06                   1
1344 2.545400e-06                   1
1345 2.895200e-05                   1
1346 7.062990e-06                   1
1347 9.450017e-05                   1
1348 1.107863e-05                   1
1349 3.500052e-05                   1
1350 3.641751e-04                   1
1351 7.912463e-06                   1
1352 3.508494e-07                   1
1353 1.042644e-05                   1
1354 2.558184e-06                   1
1355 2.430789e-05                   1
1356 4.773757e-05                   1
1357 1.827134e-05                   1
1358 1.192644e-06                   1
1359 5.415164e-07                   1
1360 4.449485e-08                   1
1361 4.606505e-06                   1
1362 2.454567e-07                   1
1363 4.354576e-06                   1
1364 1.372852e-05                   1
1365 3.269793e-06                   1
1366 1.472601e-05                   1
1367 1.153749e-05                   1
1368 6.240526e-06                   1
1369 4.771855e-05                   1
1370 3.340858e-05                   1
1371 1.429923e-05                   1
1372 7.040113e-06                   1
1373 1.060427e-05                   1
1374 6.448655e-06                   1
1375 2.736061e-05                   1
1376 1.895141e-04                   1
1377 4.408142e-07                   1
1378 3.522013e-05                   1
1379 7.866658e-06                   1
1380 2.928862e-05                   1
1381 1.747946e-05                   1
1382 4.362883e-06                   1
1383 2.383498e-05                   1
1384 3.552771e-06                   1
1385 3.385971e-07                   1
1386 1.105864e-08                   1
1387 2.931328e-04                   1
1388 1.361301e-06                   1
1389 3.983278e-05                   1
1390 5.443232e-06                   1
1391 2.477825e-06                   1
1392 6.762087e-05                   1
1393 9.127347e-06                   1
1394 3.290165e-05                   1
1395 1.384157e-06                   1
1396 1.542077e-05                   1
1397 5.042065e-05                   1
1398 6.650389e-05                   1
1399 2.064362e-06                   1
1400 5.891617e-06                   1
1401 8.839529e-05                   1
1402 4.065123e-06                   1
1403 3.861753e-06                   1
1404 1.119623e-05                   1
1405 1.888287e-05                   1
1406 2.670221e-05                   1
1407 3.825271e-05                   1
1408 4.977077e-05                   1
1409 2.106734e-04                   1
1410 1.948411e-06                   1
1411 1.098186e-06                   1
1412 8.618608e-05                   1
1413 9.749867e-05                   1
1414 5.898008e-05                   1
1415 1.512851e-04                   1
1416 3.436729e-05                   1
1417 5.701140e-05                   1
1418 1.136817e-05                   1
1419 4.357515e-05                   1
1420 4.977998e-06                   1
1421 3.499980e-05                   1
1422 3.988804e-05                   1
1423 5.180174e-06                   1
1424 7.548289e-05                   1
1425 1.026218e-04                   1
1426 3.184672e-06                   1
1427 1.624350e-04                   1
1428 3.872185e-05                   1
1429 1.458559e-05                   1
1430 7.740934e-06                   1
1431 1.076326e-07                   1
1432 6.644573e-06                   1
1433 5.179015e-06                   1
1434 1.932591e-05                   1
1435 4.232246e-06                   1
1436 6.650257e-06                   1
1437 1.872255e-05                   1
1438 3.261911e-06                   1
1439 1.040059e-05                   1
1440 4.327325e-06                   1
1441 2.157575e-06                   1
1442 3.917412e-06                   1
1443 1.197771e-06                   1
1444 8.397143e-06                   1
1445 5.333292e-06                   1
1446 2.321633e-05                   1
1447 9.656352e-05                   1
1448 1.139407e-04                   1
1449 4.603737e-06                   1
1450 6.276126e-06                   1
1451 4.922583e-10                   1
1452 2.997574e-04                   1
1453 2.090382e-06                   1
1454 5.687968e-06                   1
1455 1.043418e-04                   1
1456 1.141755e-07                   1
1457 1.557759e-05                   1
1458 3.036974e-06                   1
1459 8.794005e-06                   1
1460 1.400599e-06                   1
1461 3.521166e-05                   1
1462 3.687322e-05                   1
1463 4.502964e-05                   1
1464 1.408322e-05                   1
1465 3.756160e-05                   1
1466 7.079001e-06                   1
1467 1.101464e-05                   1
1468 3.009023e-06                   1
1469 1.407962e-06                   1
1470 3.827696e-07                   1
1471 8.193528e-06                   1
1472 3.500768e-05                   1
1473 3.684639e-05                   1
1474 3.165248e-05                   1
1475 3.266908e-05                   1
1476 2.005376e-05                   1
1477 2.743843e-06                   1
1478 1.553300e-06                   1
1479 4.884863e-05                   1
1480 6.587639e-05                   1
1481 6.699996e-06                   1
1482 5.427069e-05                   1
1483 5.457206e-08                   1
1484 2.474701e-06                   1
1485 1.343862e-04                   1
1486 1.208957e-05                   1
1487 1.261800e-06                   1
1488 2.068359e-05                   1
1489 1.915388e-05                   1
1490 4.240328e-08                   1
1491 3.210184e-05                   1
1492 2.133303e-05                   1
1493 1.118692e-06                   1
1494 1.971942e-07                   1
1495 2.636159e-06                   1
1496 1.411794e-05                   1
1497 8.126062e-07                   1
1498 2.099600e-04                   1
1499 6.591854e-06                   1
1500 1.037475e-05                   1
1501 1.894353e-05                   1
1502 2.372733e-05                   1
1503 6.882314e-06                   1
1504 2.174094e-05                   1
1505 6.417609e-06                   1
1506 1.699200e-05                   1
1507 1.294147e-05                   1
1508 6.365451e-05                   1
1509 1.748137e-05                   1
1510 3.224754e-05                   1
1511 3.524475e-06                   1
1512 9.634015e-05                   1
1513 3.585718e-05                   1
1514 8.996561e-06                   1
1515 8.056777e-05                   1
1516 4.736589e-05                   1
1517 1.010344e-04                   1
1518 2.508253e-05                   1
1519 8.443610e-05                   1
1520 9.078929e-07                   1
1521 2.964850e-05                   1
1522 3.046842e-05                   1
1523 5.926908e-05                   1
1524 9.193434e-05                   1
1525 2.362316e-06                   1
1526 6.083804e-04             0.43036
1527 1.741649e-05                   1
1528 5.369794e-05                   1
1529 1.421739e-05                   1
1530 4.290929e-05                   1
1531 1.061086e-06                   1
1532 3.269844e-05                   1
1533 4.754649e-06                   1
1534 1.532622e-05                   1
1535 1.013884e-04                   1
1536 1.162354e-05                   1
1537 3.207088e-05                   1

$`MR-PRESSO results`$`Distortion Test`
$`MR-PRESSO results`$`Distortion Test`$`Outliers Indices`
[1] 697

$`MR-PRESSO results`$`Distortion Test`$`Distortion Coefficient`
beta.exposure 
     86.94962 

$`MR-PRESSO results`$`Distortion Test`$Pvalue
[1] 0.7084533



