$`Main MR results`
       Exposure       MR Analysis Causal Estimate        Sd     T-stat
1 beta.exposure               Raw       0.1746701 0.3608554  0.4840446
2 beta.exposure Outlier-corrected      -0.1409197 0.3028182 -0.4653607
    P-value
1 0.6297837
2 0.6430975

$`MR-PRESSO results`
$`MR-PRESSO results`$`Global Test`
$`MR-PRESSO results`$`Global Test`$RSSobs
[1] 177.9222

$`MR-PRESSO results`$`Global Test`$Pvalue
[1] "<2e-04"


$`MR-PRESSO results`$`Outlier Test`
         RSSobs Pvalue
1  8.198665e-05      1
2  1.030531e-04      1
3  4.675121e-05      1
4  2.731347e-05      1
5  5.943374e-03      1
6  4.921699e-04      1
7  1.609834e-04      1
8  3.116338e-04      1
9  1.584819e-03      1
10 1.527522e-04      1
11 6.003887e-03      1
12 4.181297e-05      1
13 6.283709e-04      1
14 1.176586e-03      1
15 1.168832e-03      1
16 6.889068e-04      1
17 3.451854e-05      1
18 2.828614e-04      1
19 2.663123e-04      1
20 1.481880e-04      1
21 5.584511e-04      1
22 1.369782e-03      1
23 5.506766e-04      1
24 5.006608e-06      1
25 1.907573e-02      1
26 1.579636e-03      1
27 9.379231e-06      1
28 7.211393e-03      1
29 5.457647e-04      1
30 7.704074e-04      1
31 6.259042e-05      1
32 2.018811e-06      1
33 2.130465e-03      1
34 1.063305e-03      1
35 1.483139e-05      1
36 7.233580e-03      1
37 4.720919e-03 <0.015
38 9.729790e-04      1
39 2.234057e-03      1
40 4.608906e-03      1
41 1.992038e-05      1
42 5.001338e-04      1
43 1.451216e-04      1
44 7.863757e-05      1
45 9.593062e-04      1
46 4.077243e-04      1
47 3.456009e-04      1
48 9.496863e-05      1
49 8.820346e-03      1
50 1.736705e-04      1
51 1.469107e-03      1
52 1.550933e-03      1
53 1.694559e-03      1
54 1.439242e-03      1
55 4.195596e-03 <0.015
56 1.252323e-03      1
57 2.463593e-04      1
58 1.090884e-05      1
59 2.405821e-04      1
60 2.894083e-04      1
61 6.840438e-03 <0.015
62 2.096540e-05      1
63 2.696251e-04      1
64 1.558803e-03      1
65 2.318191e-04      1
66 2.057044e-03      1
67 3.279282e-04      1
68 3.563117e-05      1
69 3.067909e-05      1
70 9.137064e-05      1
71 1.079963e-03      1
72 1.341967e-03      1
73 2.498923e-05      1
74 1.593026e-03      1
75 5.629225e-04      1

$`MR-PRESSO results`$`Distortion Test`
$`MR-PRESSO results`$`Distortion Test`$`Outliers Indices`
[1] 37 55 61

$`MR-PRESSO results`$`Distortion Test`$`Distortion Coefficient`
beta.exposure 
     223.9501 

$`MR-PRESSO results`$`Distortion Test`$Pvalue
[1] 0.1986



