$`Main MR results`
       Exposure       MR Analysis Causal Estimate         Sd   T-stat
1 beta.exposure               Raw       0.5469915 0.07966967 6.865743
2 beta.exposure Outlier-corrected       0.1066000 0.03182146 3.349939
       P-value
1 2.409216e-11
2 8.866849e-04

$`MR-PRESSO results`
$`MR-PRESSO results`$`Global Test`
$`MR-PRESSO results`$`Global Test`$RSSobs
[1] 5773.048

$`MR-PRESSO results`$`Global Test`$Pvalue
[1] "<4e-05"


$`MR-PRESSO results`$`Outlier Test`
          RSSobs   Pvalue
1   5.520778e-04        1
2   1.739452e-04        1
3   1.602925e-06        1
4   9.140638e-04        1
5   5.031760e-05        1
6   2.830970e-05        1
7   3.024947e-03        1
8   1.559899e-03        1
9   6.555303e-05        1
10  1.197847e-07        1
11  1.378477e-04        1
12  1.002857e-02  0.20064
13  1.561474e-03        1
14  3.159976e-05        1
15  1.096638e-02  0.88616
16  6.376391e-03 <0.01672
17  4.878743e-03 <0.01672
18  4.881704e-02 <0.01672
19  1.014308e-02        1
20  9.411836e-04        1
21  2.661950e-05        1
22  1.961877e-04        1
23  2.523948e-03        1
24  2.683224e-04        1
25  8.443244e-04        1
26  1.525678e-04        1
27  5.744377e-03 <0.01672
28  2.871332e-04        1
29  5.840269e-04        1
30  2.975031e-05        1
31  2.843799e-05        1
32  2.904719e-03        1
33  3.304466e-04        1
34  2.541075e-06        1
35  1.774334e-02        1
36  5.476072e-04        1
37  1.408796e-03        1
38  1.490389e-03        1
39  1.783387e-03        1
40  6.311326e-03        1
41  7.968248e-03  0.71896
42  1.267061e-03        1
43  8.008849e-05        1
44  5.463519e-04        1
45  6.412188e-06        1
46  8.344846e-03        1
47  4.624412e-02        1
48  9.775420e-04        1
49  1.512535e-05        1
50  1.517350e-04        1
51  6.341991e-07        1
52  7.751554e-04        1
53  3.843950e-04        1
54  3.213626e-04        1
55  7.156784e-05        1
56  4.132131e-04        1
57  1.300803e-03        1
58  3.545293e-04        1
59  5.205654e-04        1
60  1.525681e-04        1
61  2.797744e-04        1
62  5.566970e-04        1
63  2.383492e-03        1
64  1.995442e-04        1
65  4.979538e-05        1
66  8.988400e-04        1
67  1.336527e-03        1
68  2.140292e-03        1
69  1.105071e-03        1
70  8.038809e-05        1
71  1.691720e-04        1
72  5.928869e-08        1
73  2.247136e-06        1
74  4.824078e-05        1
75  3.666105e-04        1
76  1.388854e-04        1
77  3.015249e-04        1
78  5.467093e-04        1
79  7.609999e-08        1
80  4.349652e-04        1
81  5.377062e-03  0.88616
82  2.328008e-03        1
83  4.737763e-03        1
84  9.114496e-05        1
85  2.232050e-05        1
86  8.869006e-04        1
87  2.174988e-05        1
88  2.050769e-03  0.88616
89  2.043187e-05        1
90  3.256131e-06        1
91  3.708133e-04        1
92  2.699140e-03        1
93  1.781951e-05        1
94  8.436687e-05        1
95  3.510810e-04        1
96  2.631947e-03  0.45144
97  1.876008e-03        1
98  2.631229e-04        1
99  2.467363e-06        1
100 2.976327e-04        1
101 3.236894e-04        1
102 1.707408e-03        1
103 4.481816e-04        1
104 3.073168e-05        1
105 1.219336e-04        1
106 2.163215e-04        1
107 7.504237e-04        1
108 1.783309e-04        1
109 1.302365e-01 <0.01672
110 1.728165e-04        1
111 5.863164e-03  0.48488
112 2.120193e-03        1
113 3.446146e-04        1
114 1.786619e-02 <0.01672
115 8.643924e-03   0.1672
116 4.384200e-05        1
117 4.406067e-04        1
118 5.167444e-05        1
119 1.452033e-03        1
120 3.968218e-03        1
121 4.861726e-04        1
122 8.961020e-06        1
123 2.284953e-04        1
124 9.804475e-05        1
125 2.908219e-04        1
126 2.049646e-04        1
127 1.340294e-04        1
128 4.343592e-03        1
129 4.275748e-04        1
130 1.086712e-03        1
131 3.978671e-03        1
132 1.923166e-04        1
133 3.252448e-04        1
134 1.008489e-03        1
135 3.976952e-04        1
136 4.000454e-04        1
137 7.233055e-04        1
138 2.270552e-04        1
139 8.683909e-04        1
140 6.802032e-04        1
141 7.021179e-04        1
142 1.786313e-03        1
143 1.928558e-03        1
144 1.348274e-06        1
145 6.290289e-05        1
146 5.731929e-04        1
147 1.798693e-02        1
148 6.123684e-04        1
149 1.309784e-02        1
150 2.366517e-03        1
151 4.077959e-05        1
152 1.337332e-04        1
153 3.989871e-05        1
154 6.785325e-03 <0.01672
155 2.163711e-04        1
156 9.748966e-05        1
157 1.260093e-03        1
158 3.395856e-03  0.46816
159 1.084754e-04        1
160 4.754290e-04        1
161 7.926572e-05        1
162 3.463296e-03        1
163 5.974997e-05        1
164 8.564640e-05        1
165 3.158204e-03        1
166 8.108536e-01 <0.01672
167 5.062880e-05        1
168 1.496597e-03        1
169 7.358226e-04        1
170 1.159635e-04        1
171 6.603734e-05        1
172 1.089629e-03        1
173 5.273754e-03  0.03344
174 4.473687e-04        1
175 1.212035e-03        1
176 3.196577e-04        1
177 2.983400e-06        1
178 6.797092e-04        1
179 2.471982e-04        1
180 6.226605e-05        1
181 2.811704e-04        1
182 3.330997e-04        1
183 1.256629e-03        1
184 1.460637e-03        1
185 7.544531e-07        1
186 8.989544e-05        1
187 6.522544e-05        1
188 6.613759e-05        1
189 2.059951e-05        1
190 5.595688e-04        1
191 5.553251e-03        1
192 1.087700e-04        1
193 3.391633e-07        1
194 4.978156e-04        1
195 2.381514e-03        1
196 9.024370e-04        1
197 2.241961e-04        1
198 2.994528e-04        1
199 3.110001e-04        1
200 2.642628e-03        1
201 1.143385e-04        1
202 1.239700e-05        1
203 6.135197e-04        1
204 1.825563e-03        1
205 6.251729e-04        1
206 2.352489e-05        1
207 2.006709e-03        1
208 2.634634e-04        1
209 1.928251e-03        1
210 1.393046e-04        1
211 2.329566e-05        1
212 3.639083e-05        1
213 2.030391e-03        1
214 9.044441e-03 <0.01672
215 5.155557e-04        1
216 6.994437e-04        1
217 6.225784e-06        1
218 1.881506e-03        1
219 1.291677e-05        1
220 8.016447e-04        1
221 9.238860e-04        1
222 1.789237e-02 <0.01672
223 1.338918e-03        1
224 2.480853e-03        1
225 6.463605e-03  0.15048
226 4.333748e-04        1
227 1.125328e-04        1
228 3.265436e-06        1
229 5.115176e-03  0.26752
230 2.583288e-05        1
231 1.463291e-03        1
232 4.071097e-04        1
233 3.789707e-04        1
234 6.601105e-05        1
235 7.111118e-04        1
236 1.131346e-01 <0.01672
237 5.722549e-04        1
238 1.436831e-03        1
239 7.311219e-05        1
240 1.267532e-05        1
241 1.152265e-03        1
242 1.152161e-04        1
243 9.953131e-06        1
244 1.429164e-03        1
245 2.314998e-04        1
246 1.224793e-02        1
247 1.927706e-03        1
248 1.965290e-04        1
249 8.995781e-05        1
250 4.399916e-03        1
251 7.943092e-05        1
252 4.068398e-03  0.03344
253 4.759998e-02 <0.01672
254 2.974720e-03   0.3344
255 2.659110e-03        1
256 9.572801e-06        1
257 1.194040e-03        1
258 1.427395e-03        1
259 2.059297e-04        1
260 3.816248e-03        1
261 8.938316e-06        1
262 3.430944e-06        1
263 1.840427e-05        1
264 6.163305e-06        1
265 1.136610e-05        1
266 5.320576e-05        1
267 1.355507e-04        1
268 2.406308e-05        1
269 3.216024e-04        1
270 3.526414e-05        1
271 4.452284e-04        1
272 1.023741e-03        1
273 4.164922e-04        1
274 1.467851e-03        1
275 1.905764e-03        1
276 1.168243e-04        1
277 1.007654e-04        1
278 2.204619e-03        1
279 8.871242e-02 <0.01672
280 1.250241e-04        1
281 4.152755e-03        1
282 1.417972e-03        1
283 1.504494e-08        1
284 6.148843e-03        1
285 3.151707e-04        1
286 9.588645e-04        1
287 1.236328e-02  0.15048
288 1.270685e-04        1
289 2.371088e-03        1
290 4.544498e-05        1
291 4.962654e-03        1
292 7.584060e-03 <0.01672
293 1.279406e-05        1
294 4.750283e-04        1
295 1.427409e-05        1
296 4.838405e-04        1
297 1.767012e-03        1
298 4.648767e-04        1
299 1.021487e-04        1
300 6.088962e-04        1
301 2.372670e-03        1
302 1.063290e-03        1
303 1.427821e-03        1
304 7.365650e-03  0.01672
305 5.506717e-06        1
306 8.629534e-04        1
307 9.469526e-05        1
308 5.100723e-05        1
309 9.128518e-05        1
310 1.426364e-03        1
311 1.019019e-04        1
312 3.676502e-04        1
313 4.913746e-03        1
314 1.316555e-04        1
315 5.888687e-04        1
316 3.882768e-03  0.20064
317 1.007038e-03        1
318 1.616144e-03        1
319 4.938604e-03 <0.01672
320 6.211880e-05        1
321 8.931660e-03  0.03344
322 4.747964e-03 <0.01672
323 1.455728e-04        1
324 3.966347e-04        1
325 1.943186e-03        1
326 5.598325e-04        1
327 7.209337e-04        1
328 1.397366e-03        1
329 2.633275e-04        1
330 9.799592e-04        1
331 1.756882e-03        1
332 4.123105e-04        1
333 8.604517e-04        1
334 3.839698e-04        1
335 7.587222e-06        1
336 3.659629e-03        1
337 3.514258e-04        1
338 2.570351e-07        1
339 1.403350e-03        1
340 3.554628e-04        1
341 1.349906e-01 <0.01672
342 2.451930e-04        1
343 4.915384e-04        1
344 1.490972e-04        1
345 1.086599e-03        1
346 1.471890e-04        1
347 1.108634e-02        1
348 4.109488e-03        1
349 6.560911e-04        1
350 3.667569e-04        1
351 4.574447e-03        1
352 6.822321e-04        1
353 3.273692e-04        1
354 5.255473e-04        1
355 8.013414e-02 <0.01672
356 8.072350e-04        1
357 1.451101e-03        1
358 4.929360e-04        1
359 1.292701e-05        1
360 7.848143e-04        1
361 2.294102e-03        1
362 4.078594e-05        1
363 3.819876e-03  0.20064
364 7.168501e-01 <0.01672
365 6.194967e-03        1
366 8.335729e-05        1
367 9.169969e-04        1
368 5.849562e-04        1
369 2.163306e-04        1
370 5.518404e-04        1
371 6.195525e-05        1
372 5.025507e-04        1
373 1.379006e-02        1
374 6.961074e-04        1
375 1.314396e-03        1
376 1.205188e-03        1
377 1.130746e-04        1
378 5.479730e-05        1
379 2.429008e-07        1
380 3.122960e-04        1
381 8.969989e-05        1
382 1.558218e-05        1
383 4.116655e-03 <0.01672
384 1.480530e-04        1
385 4.844789e-04        1
386 4.922969e-04        1
387 5.815889e-02 <0.01672
388 2.554384e-04        1
389 3.065955e-04        1
390 1.176208e-04        1
391 7.781862e-04        1
392 1.093583e-04        1
393 3.661538e-04        1
394 5.271032e-04        1
395 1.873120e-04        1
396 2.425603e-05        1
397 3.855277e-04        1
398 8.923462e-05        1
399 6.682536e-04        1
400 2.108287e-03        1
401 1.677225e-03        1
402 7.274366e-04        1
403 1.341966e-03        1
404 1.937785e-04        1
405 3.333031e-03        1
406 3.067142e-04        1
407 3.753208e-03        1
408 1.921893e-03        1
409 2.824633e-04        1
410 1.034239e-03        1
411 3.557030e-06        1
412 8.016284e-06        1
413 3.858601e-03        1
414 2.166841e-04        1
415 1.920128e-03        1
416 1.236537e-04        1
417 2.489252e-03        1
418 5.392447e-03        1

$`MR-PRESSO results`$`Distortion Test`
$`MR-PRESSO results`$`Distortion Test`$`Outliers Indices`
 [1]  16  17  18  27 109 114 154 166 173 214 222 236 252 253 279 292 304 319 321
[20] 322 341 355 364 383 387

$`MR-PRESSO results`$`Distortion Test`$`Distortion Coefficient`
beta.exposure 
     413.1254 

$`MR-PRESSO results`$`Distortion Test`$Pvalue
[1] "<4e-05"



