$`Main MR results`
       Exposure       MR Analysis Causal Estimate         Sd   T-stat   P-value
1 beta.exposure               Raw      0.02966925 0.01922635 1.543156 0.1229568
2 beta.exposure Outlier-corrected      0.02700815 0.01916308 1.409385 0.1588825

$`MR-PRESSO results`
$`MR-PRESSO results`$`Global Test`
$`MR-PRESSO results`$`Global Test`$RSSobs
[1] 2259.884

$`MR-PRESSO results`$`Global Test`$Pvalue
[1] "<1e-05"


$`MR-PRESSO results`$`Outlier Test`
           RSSobs  Pvalue
1    4.274947e-06       1
2    4.672821e-05       1
3    1.820073e-05       1
4    6.073222e-05       1
5    7.656839e-06       1
6    2.253496e-04       1
7    1.307424e-04       1
8    2.185431e-04       1
9    5.733195e-08       1
10   1.480230e-05       1
11   8.933858e-04       1
12   1.287171e-08       1
13   4.014114e-06       1
14   4.338828e-06       1
15   2.837679e-06       1
16   6.760676e-07       1
17   1.075642e-04       1
18   1.434560e-05       1
19   2.326447e-04       1
20   1.016995e-04       1
21   4.168229e-06       1
22   2.121020e-04       1
23   9.405354e-05       1
24   1.515739e-05       1
25   7.025291e-05       1
26   5.249083e-05       1
27   2.011828e-04       1
28   2.626689e-04       1
29   5.148401e-06       1
30   1.341681e-04       1
31   4.345191e-04       1
32   1.217809e-05       1
33   7.525513e-05       1
34   5.348588e-05       1
35   4.736343e-04       1
36   1.077727e-04       1
37   4.139149e-05       1
38   6.454646e-05       1
39   2.837987e-06       1
40   4.722610e-06       1
41   3.106354e-07       1
42   4.219960e-04       1
43   7.109878e-04       1
44   8.244618e-05       1
45   3.949170e-05       1
46   1.622319e-04       1
47   1.056018e-04       1
48   2.869155e-04       1
49   7.271660e-05       1
50   5.550051e-05       1
51   9.511369e-04       1
52   1.933707e-04       1
53   2.035965e-05       1
54   3.443718e-06       1
55   3.206293e-05       1
56   1.193802e-04       1
57   6.998550e-06       1
58   2.153752e-05       1
59   2.221574e-05       1
60   1.321703e-05       1
61   1.862839e-08       1
62   4.169198e-06       1
63   2.210621e-04       1
64   1.136259e-05       1
65   3.073530e-04       1
66   3.658928e-05       1
67   5.833543e-04       1
68   3.055485e-04       1
69   5.093397e-05       1
70   2.306905e-04       1
71   5.828631e-04       1
72   7.375239e-06       1
73   3.926245e-06       1
74   4.514003e-04       1
75   7.728884e-04       1
76   3.414840e-05       1
77   9.252042e-06       1
78   2.056752e-04       1
79   2.711837e-05       1
80   1.038019e-06       1
81   5.221371e-03       1
82   1.250229e-04       1
83   1.848661e-04       1
84   3.455869e-05       1
85   4.522172e-05       1
86   1.575776e-04       1
87   2.307025e-07       1
88   1.992829e-04       1
89   6.544959e-05       1
90   1.439885e-04       1
91   4.795836e-04       1
92   6.486651e-06       1
93   3.151671e-09       1
94   1.156895e-03       1
95   3.132266e-07       1
96   8.799851e-05       1
97   2.973578e-06       1
98   1.113690e-05       1
99   1.907179e-06       1
100  5.982135e-09       1
101  2.384215e-04       1
102  1.223070e-04       1
103  4.764750e-05       1
104  2.341745e-04       1
105  2.247811e-05       1
106  8.832034e-06       1
107  1.315772e-04       1
108  1.980715e-05       1
109  9.608034e-08       1
110  2.650953e-06       1
111  4.453582e-05       1
112  3.004253e-04       1
113  2.098907e-06       1
114  5.857906e-05       1
115  6.891137e-05       1
116  1.416824e-06       1
117  7.932082e-04       1
118  1.125666e-07       1
119  1.451809e-05       1
120  1.263545e-04       1
121  5.109245e-07       1
122  1.783424e-04       1
123  3.767113e-05       1
124  5.872104e-05       1
125  4.864023e-05       1
126  3.202913e-04       1
127  2.735981e-04       1
128  1.133106e-06       1
129  9.158496e-05       1
130  2.473424e-05       1
131  5.060772e-06       1
132  2.134763e-05       1
133  5.279188e-05       1
134  5.077365e-05       1
135  1.448190e-05       1
136  1.828361e-05       1
137  5.131636e-05       1
138  1.247767e-05       1
139  8.767730e-05       1
140  8.311855e-06       1
141  1.362973e-04       1
142  8.816692e-06       1
143  1.422629e-04       1
144  1.144690e-04       1
145  2.917893e-05       1
146  5.056150e-05       1
147  1.095664e-03       1
148  7.841189e-06       1
149  2.648532e-04       1
150  1.037073e-04       1
151  2.049419e-05       1
152  5.253252e-05       1
153  9.772638e-06       1
154  1.072453e-04       1
155  1.359423e-04       1
156  3.696404e-06       1
157  1.866837e-04       1
158  2.688462e-05       1
159  7.742372e-05       1
160  1.671195e-05       1
161  3.924456e-05       1
162  2.557679e-04       1
163  1.656889e-04       1
164  3.967896e-05       1
165  2.647748e-04       1
166  4.619696e-05       1
167  2.567225e-04       1
168  2.005534e-05       1
169  2.745018e-05       1
170  4.260655e-04       1
171  1.158359e-05       1
172  6.889413e-05       1
173  5.051789e-07       1
174  1.397456e-04       1
175  5.051864e-08       1
176  5.763408e-06       1
177  2.196700e-05       1
178  1.316507e-04       1
179  8.972269e-04       1
180  1.367180e-04       1
181  3.378851e-04       1
182  5.220896e-05       1
183  5.466932e-04       1
184  3.391590e-04       1
185  4.903461e-05       1
186  3.374934e-05       1
187  2.467254e-05       1
188  9.572059e-05       1
189  4.493361e-04       1
190  1.294866e-06       1
191  1.342121e-03       1
192  1.185899e-05       1
193  1.079637e-04       1
194  2.723914e-06       1
195  9.188607e-05       1
196  1.338816e-05       1
197  2.322758e-04       1
198  7.132117e-05       1
199  7.520888e-04       1
200  9.384729e-08       1
201  5.679945e-04       1
202  6.090023e-07       1
203  2.448632e-04       1
204  1.235765e-06       1
205  1.265161e-04       1
206  2.581329e-05       1
207  1.296842e-05       1
208  6.207538e-05       1
209  5.829609e-05       1
210  1.229574e-04       1
211  3.638068e-05       1
212  1.493522e-06       1
213  2.157209e-04       1
214  5.205015e-05       1
215  4.009130e-07       1
216  2.693445e-05       1
217  1.710665e-04       1
218  1.278313e-07       1
219  7.006817e-06       1
220  8.487538e-05       1
221  3.182887e-05       1
222  7.614179e-04       1
223  2.641168e-04       1
224  1.397004e-04       1
225  9.611682e-06       1
226  5.004787e-04       1
227  6.374936e-05       1
228  2.067953e-05       1
229  1.151205e-05       1
230  1.782620e-04       1
231  2.402939e-04       1
232  2.143039e-05       1
233  1.023506e-04       1
234  3.622241e-05       1
235  1.727759e-05       1
236  5.976008e-05       1
237  5.697060e-07       1
238  2.070256e-04       1
239  5.218435e-05       1
240  9.027556e-06       1
241  1.255614e-05       1
242  2.733434e-06       1
243  6.032422e-06       1
244  6.296141e-05       1
245  5.183956e-05       1
246  5.405132e-05       1
247  2.039782e-04       1
248  3.692383e-06       1
249  1.468706e-04       1
250  7.819401e-05       1
251  4.511850e-05       1
252  7.910234e-05       1
253  1.559813e-04       1
254  5.538592e-05       1
255  8.460141e-08       1
256  1.561911e-05       1
257  7.574550e-06       1
258  4.231231e-05       1
259  1.346665e-04       1
260  6.966406e-08       1
261  2.610191e-04       1
262  2.103840e-04       1
263  1.469001e-04       1
264  7.124124e-05       1
265  2.002486e-06       1
266  5.503242e-04       1
267  1.220227e-04       1
268  3.826068e-06       1
269  2.114681e-04       1
270  1.117909e-04       1
271  1.975002e-04       1
272  1.906146e-05       1
273  1.185937e-04       1
274  3.813411e-05       1
275  1.194612e-05       1
276  1.670504e-04       1
277  1.620511e-04       1
278  4.586591e-04       1
279  1.045790e-03       1
280  2.688467e-06       1
281  1.609967e-04       1
282  4.353683e-05       1
283  3.324609e-07       1
284  4.217880e-05       1
285  1.091760e-04       1
286  2.225505e-05       1
287  8.784969e-06       1
288  3.507686e-05       1
289  1.191208e-04       1
290  2.104687e-04       1
291  8.068420e-05       1
292  1.483280e-05       1
293  1.391564e-04       1
294  9.872029e-06       1
295  9.729245e-05       1
296  8.009366e-07       1
297  6.568908e-05       1
298  1.750154e-05       1
299  1.711521e-04       1
300  7.660058e-05       1
301  2.734256e-04       1
302  7.547769e-04       1
303  2.483406e-04       1
304  4.003300e-05       1
305  2.840929e-05       1
306  2.180348e-05       1
307  6.866689e-04       1
308  1.947614e-04       1
309  8.166432e-06       1
310  1.023408e-06       1
311  1.621652e-06       1
312  2.389158e-08       1
313  7.242581e-04       1
314  9.835562e-05       1
315  2.846257e-06       1
316  3.183922e-05       1
317  3.980715e-05       1
318  2.942688e-07       1
319  1.272836e-05       1
320  3.784811e-10       1
321  1.533980e-04       1
322  2.893039e-04       1
323  3.754591e-05       1
324  3.716092e-05       1
325  3.464237e-06       1
326  9.272898e-05       1
327  5.693512e-05       1
328  6.267533e-05       1
329  3.213976e-05       1
330  3.925144e-04       1
331  3.175634e-04       1
332  2.374061e-04       1
333  2.229982e-04       1
334  2.226073e-05       1
335  4.029927e-05       1
336  6.662983e-05       1
337  8.228539e-04       1
338  4.253474e-04       1
339  7.361242e-07       1
340  3.265082e-06       1
341  2.434891e-04       1
342  7.746283e-04       1
343  5.507334e-04       1
344  3.042358e-05       1
345  3.335356e-07       1
346  1.139875e-05       1
347  1.350782e-05       1
348  2.523541e-04       1
349  5.055780e-04       1
350  4.349975e-06       1
351  7.165510e-04       1
352  9.084282e-04  0.8694
353  1.907372e-06       1
354  8.533791e-04       1
355  1.352933e-05       1
356  6.676137e-05       1
357  7.325882e-05       1
358  1.578884e-04       1
359  1.840385e-04       1
360  2.163524e-05       1
361  1.448490e-04       1
362  2.000323e-05       1
363  1.222745e-04       1
364  1.263776e-04       1
365  2.153177e-04       1
366  8.336845e-06       1
367  3.987274e-06       1
368  4.798341e-05       1
369  5.942725e-05       1
370  4.619299e-04       1
371  6.343902e-05       1
372  9.173531e-06       1
373  8.028821e-05       1
374  6.917143e-05       1
375  4.525643e-06       1
376  4.984138e-06       1
377  1.752688e-04       1
378  1.602140e-04       1
379  2.176108e-05       1
380  2.537965e-05       1
381  5.615972e-05       1
382  6.681249e-05       1
383  1.192306e-04       1
384  7.078263e-06       1
385  2.846344e-04       1
386  1.487833e-04       1
387  1.442953e-07       1
388  1.229484e-04       1
389  2.594044e-07       1
390  1.202503e-04       1
391  1.277359e-05       1
392  2.558510e-05       1
393  3.023408e-07       1
394  2.621953e-05       1
395  1.721140e-05       1
396  9.930079e-06       1
397  3.244298e-06       1
398  3.424633e-04       1
399  1.442022e-04       1
400  2.102367e-05       1
401  4.731774e-05       1
402  6.854341e-05       1
403  1.024414e-04       1
404  2.508343e-04       1
405  2.347854e-04       1
406  4.681140e-05       1
407  3.446492e-05       1
408  4.188355e-05       1
409  1.773330e-04       1
410  1.850086e-05       1
411  1.751178e-04       1
412  4.493245e-05       1
413  1.781556e-04       1
414  6.621801e-06       1
415  2.420687e-05       1
416  4.709442e-05       1
417  5.994155e-04       1
418  2.461250e-04       1
419  2.752855e-04       1
420  4.540687e-05       1
421  4.965682e-05       1
422  8.929234e-05       1
423  8.806783e-05       1
424  1.645855e-08       1
425  1.691363e-04       1
426  2.247734e-04       1
427  1.245895e-04       1
428  7.183937e-04       1
429  2.545751e-05       1
430  1.212867e-05       1
431  6.043138e-05       1
432  1.541290e-06       1
433  2.522417e-04       1
434  5.164912e-04       1
435  7.796799e-06       1
436  2.058087e-04       1
437  5.734592e-05       1
438  1.076711e-04       1
439  3.615408e-05       1
440  5.483702e-05       1
441  4.084769e-04       1
442  2.666301e-05       1
443  2.723546e-05       1
444  9.267143e-10       1
445  1.797562e-05       1
446  2.330191e-06       1
447  2.140980e-05       1
448  9.748234e-05       1
449  4.525311e-08       1
450  5.671706e-05       1
451  1.023402e-03  0.8694
452  6.034207e-06       1
453  2.038454e-05       1
454  7.102141e-07       1
455  2.797254e-04       1
456  5.446151e-06       1
457  4.963093e-06       1
458  7.576912e-05       1
459  6.947665e-06       1
460  8.937670e-06       1
461  8.744151e-04       1
462  8.782711e-06       1
463  3.882832e-09       1
464  8.904462e-05       1
465  1.180222e-05       1
466  4.213711e-05       1
467  2.559177e-06       1
468  1.145809e-05       1
469  2.537870e-07       1
470  5.617320e-04       1
471  4.192385e-08       1
472  2.508040e-04       1
473  2.206285e-05       1
474  1.945042e-07       1
475  3.273796e-04       1
476  1.148841e-04       1
477  9.586542e-06       1
478  3.298193e-06       1
479  8.292920e-07       1
480  1.507458e-06       1
481  5.187907e-05       1
482  1.970591e-05       1
483  3.485824e-04       1
484  3.104052e-05       1
485  9.700001e-06       1
486  8.869238e-07       1
487  1.455473e-04       1
488  9.355209e-05       1
489  1.415521e-05       1
490  3.954328e-05       1
491  2.604284e-06       1
492  3.456383e-05       1
493  1.143650e-04       1
494  3.532463e-04       1
495  5.713042e-07       1
496  3.949859e-06       1
497  1.897224e-05       1
498  8.011696e-07       1
499  3.244170e-04       1
500  2.638193e-05       1
501  7.010212e-04       1
502  2.292881e-04       1
503  2.702226e-04       1
504  4.251075e-04       1
505  1.771544e-04       1
506  8.304871e-05       1
507  3.338463e-05       1
508  9.089851e-06       1
509  2.785461e-06       1
510  7.713790e-09       1
511  6.660324e-05       1
512  3.482935e-05       1
513  3.096066e-06       1
514  7.273376e-05       1
515  1.702906e-05       1
516  6.719819e-05       1
517  2.239303e-04       1
518  6.476187e-05       1
519  2.526344e-07       1
520  8.298255e-05       1
521  2.096381e-04       1
522  1.814851e-04       1
523  2.931276e-05       1
524  9.041724e-05       1
525  1.486356e-04       1
526  5.717686e-05       1
527  2.175331e-05       1
528  1.541647e-04       1
529  3.839846e-04       1
530  2.872487e-06       1
531  1.146225e-04       1
532  1.668139e-04       1
533  4.151137e-05       1
534  9.168320e-06       1
535  7.461209e-05       1
536  1.138908e-04       1
537  8.726988e-05       1
538  5.884949e-08       1
539  1.779507e-05       1
540  4.758301e-05       1
541  9.165789e-06       1
542  7.762791e-06       1
543  1.013209e-05       1
544  2.277579e-06       1
545  4.918459e-04       1
546  1.336019e-03   0.483
547  3.981361e-05       1
548  3.912596e-06       1
549  8.199760e-05       1
550  1.200103e-04       1
551  9.500793e-06       1
552  3.884738e-04       1
553  3.784557e-04       1
554  1.857390e-04       1
555  8.751631e-06       1
556  2.559936e-06       1
557  3.118089e-05       1
558  3.209921e-06       1
559  3.697193e-05       1
560  1.964879e-05       1
561  1.288878e-04       1
562  2.539773e-05       1
563  1.802660e-05       1
564  5.361692e-05       1
565  2.650420e-04       1
566  1.431191e-04       1
567  1.446472e-05       1
568  6.915621e-05       1
569  2.141141e-05       1
570  2.271036e-05       1
571  2.213898e-04       1
572  6.535579e-04       1
573  9.138398e-08       1
574  6.063174e-06       1
575  3.799336e-05       1
576  5.400376e-05       1
577  1.172169e-04       1
578  1.800141e-05       1
579  4.686877e-05       1
580  2.104064e-05       1
581  3.615187e-05       1
582  6.603462e-04       1
583  2.696440e-04       1
584  5.139408e-05       1
585  3.126573e-05       1
586  2.770073e-06       1
587  2.360557e-05       1
588  6.403211e-06       1
589  1.150517e-03       1
590  6.740671e-06       1
591  1.043510e-03       1
592  5.491178e-05       1
593  1.304058e-04       1
594  6.125018e-05       1
595  1.838623e-04       1
596  3.172698e-04       1
597  1.249407e-04       1
598  3.857342e-05       1
599  5.819443e-07       1
600  5.180732e-04       1
601  6.156440e-05       1
602  1.110129e-04       1
603  2.561706e-04       1
604  3.604153e-04       1
605  7.088945e-05       1
606  5.916979e-06       1
607  3.527615e-05       1
608  7.500172e-05       1
609  7.171795e-04       1
610  2.703323e-05       1
611  4.807493e-07       1
612  2.286056e-05       1
613  1.900299e-07       1
614  8.050453e-04       1
615  2.031038e-09       1
616  4.517509e-06       1
617  4.155079e-05       1
618  8.536116e-05       1
619  1.060910e-04       1
620  4.352966e-06       1
621  7.664451e-04       1
622  2.955166e-04       1
623  4.912372e-05       1
624  4.595180e-06       1
625  2.538547e-04       1
626  3.622373e-04       1
627  2.440379e-04       1
628  2.928524e-05       1
629  3.927945e-04       1
630  5.627109e-05       1
631  9.667576e-06       1
632  2.848459e-04       1
633  1.536381e-04       1
634  4.388084e-05       1
635  3.610298e-05       1
636  3.560163e-04       1
637  5.251814e-06       1
638  3.682606e-05       1
639  1.278435e-05       1
640  4.807826e-04       1
641  1.944731e-05       1
642  1.297203e-04       1
643  1.731239e-06       1
644  3.172069e-05       1
645  4.617064e-05       1
646  2.933005e-05       1
647  6.728128e-03       1
648  9.778191e-06       1
649  7.336916e-05       1
650  3.329683e-04       1
651  1.669760e-06       1
652  1.791395e-04       1
653  3.530669e-05       1
654  4.033578e-04       1
655  1.381626e-05       1
656  2.490764e-04       1
657  1.330286e-04       1
658  1.211604e-04       1
659  2.468352e-06       1
660  1.347134e-05       1
661  6.697703e-04       1
662  2.418284e-06       1
663  6.765148e-04       1
664  2.804948e-04       1
665  4.852143e-04       1
666  1.913891e-04       1
667  3.111540e-04       1
668  8.563032e-06       1
669  7.386563e-05       1
670  1.448280e-05       1
671  1.168539e-04       1
672  2.115527e-04       1
673  2.808954e-04       1
674  1.189547e-04       1
675  7.750666e-06       1
676  5.698144e-05       1
677  1.212964e-04       1
678  1.182208e-04       1
679  4.509708e-05       1
680  4.266668e-07       1
681  2.719893e-05       1
682  6.902216e-05       1
683  5.444797e-05       1
684  1.830913e-04       1
685  2.784461e-04       1
686  9.130948e-05       1
687  6.893711e-05       1
688  2.870057e-04       1
689  4.097044e-05       1
690  1.410687e-04       1
691  2.742470e-06       1
692  6.886557e-05       1
693  2.275145e-05       1
694  8.328155e-04       1
695  1.808251e-06       1
696  1.002873e-05       1
697  8.751568e-05       1
698  3.788514e-05       1
699  4.754673e-05       1
700  1.494965e-04       1
701  7.070512e-05       1
702  3.339903e-05       1
703  5.302821e-04       1
704  2.514282e-04       1
705  1.983503e-03       1
706  2.131324e-04       1
707  5.252372e-04       1
708  3.163972e-06       1
709  1.115363e-04       1
710  4.873621e-05       1
711  3.630497e-04       1
712  1.340463e-04       1
713  1.005343e-04       1
714  1.957455e-05       1
715  2.487083e-05       1
716  4.675413e-04       1
717  2.825860e-04       1
718  3.531003e-05       1
719  9.420277e-07       1
720  6.117965e-05       1
721  2.060752e-06       1
722  6.550185e-05       1
723  1.355528e-04       1
724  4.455711e-07       1
725  5.574788e-05       1
726  3.739183e-05       1
727  1.100625e-03       1
728  2.254453e-05       1
729  2.119011e-04       1
730  4.415796e-04       1
731  2.581495e-08       1
732  9.823736e-05       1
733  2.076161e-05       1
734  4.088211e-06       1
735  1.250746e-09       1
736  3.478018e-06       1
737  3.559094e-08       1
738  9.431020e-04       1
739  6.294501e-05       1
740  3.931452e-04       1
741  1.344812e-06       1
742  2.748873e-05       1
743  7.927884e-04       1
744  1.723086e-06       1
745  8.748440e-05       1
746  2.697651e-05       1
747  4.116201e-05       1
748  1.282483e-04       1
749  1.112690e-04       1
750  1.049966e-03       1
751  5.024811e-05       1
752  1.334101e-04       1
753  1.470119e-05       1
754  8.089164e-06       1
755  3.168306e-05       1
756  5.400618e-06       1
757  4.342532e-05       1
758  1.712403e-04       1
759  3.340309e-04       1
760  2.133205e-05       1
761  2.774191e-04       1
762  1.946894e-04       1
763  8.571326e-06       1
764  2.733634e-04       1
765  1.075620e-04       1
766  3.074918e-04       1
767  8.268345e-05       1
768  2.044481e-04       1
769  6.690440e-05       1
770  6.361225e-06       1
771  3.349076e-04       1
772  6.898924e-05       1
773  1.260449e-04       1
774  5.842242e-05       1
775  2.925430e-06       1
776  4.449284e-04       1
777  2.567645e-04       1
778  3.318765e-04       1
779  1.431278e-04       1
780  4.056390e-05       1
781  2.001145e-04       1
782  3.432060e-09       1
783  2.374198e-04       1
784  1.833422e-06       1
785  1.109374e-04       1
786  1.267366e-05       1
787  1.122262e-06       1
788  4.887035e-08       1
789  1.097193e-04       1
790  5.733417e-04       1
791  7.801253e-04       1
792  1.266449e-04       1
793  4.527608e-05       1
794  1.404124e-03       1
795  4.235737e-05       1
796  1.084315e-04       1
797  9.005928e-08       1
798  5.516709e-05       1
799  1.857906e-04       1
800  6.283349e-04       1
801  4.308938e-06       1
802  2.341687e-06       1
803  8.886688e-06       1
804  3.483566e-04       1
805  1.668544e-05       1
806  1.106019e-03       1
807  2.752058e-04       1
808  2.499066e-05       1
809  2.686636e-04       1
810  3.222278e-04       1
811  3.213582e-05       1
812  1.115245e-05       1
813  1.769397e-04       1
814  8.612362e-06       1
815  1.166374e-07       1
816  1.874154e-06       1
817  1.381056e-05       1
818  5.375643e-06       1
819  1.845187e-05       1
820  3.221474e-05       1
821  6.182647e-06       1
822  1.024286e-04       1
823  1.020578e-04       1
824  1.384925e-06       1
825  3.051473e-04       1
826  6.954928e-05       1
827  2.475551e-05       1
828  1.272203e-05       1
829  1.250525e-05       1
830  2.720309e-07       1
831  4.322364e-06       1
832  1.925151e-06       1
833  3.080803e-04       1
834  7.763472e-05       1
835  4.787965e-05       1
836  1.248540e-05       1
837  1.865463e-04       1
838  2.877969e-05       1
839  7.554427e-05       1
840  2.489740e-05       1
841  1.019055e-04       1
842  1.012794e-03       1
843  4.048153e-05       1
844  1.525847e-04       1
845  2.949883e-04       1
846  1.231839e-06       1
847  1.126627e-04       1
848  9.135709e-05       1
849  1.284224e-05       1
850  1.190260e-04       1
851  4.004633e-05       1
852  2.071751e-05       1
853  6.020457e-05       1
854  1.949123e-04       1
855  2.562902e-06       1
856  4.861279e-05       1
857  2.728739e-09       1
858  1.751948e-04       1
859  7.687917e-05       1
860  5.461222e-05       1
861  3.889756e-05       1
862  5.391236e-06       1
863  2.101125e-04       1
864  5.772845e-04       1
865  1.490940e-04       1
866  2.050417e-05       1
867  3.383135e-06       1
868  4.029935e-05       1
869  7.585982e-05       1
870  4.626988e-04       1
871  1.411943e-05       1
872  2.226273e-05       1
873  2.221567e-06       1
874  2.939815e-03 0.01932
875  4.281557e-05       1
876  4.728225e-05       1
877  3.977192e-07       1
878  2.473381e-06       1
879  4.177209e-05       1
880  1.463316e-04       1
881  8.733217e-05       1
882  2.147777e-04       1
883  8.345553e-07       1
884  2.911609e-04       1
885  7.272137e-05       1
886  2.578277e-04       1
887  4.487775e-05       1
888  1.246596e-04       1
889  9.929876e-06       1
890  3.036383e-04       1
891  1.584138e-05       1
892  4.254955e-06       1
893  2.245359e-04       1
894  3.588425e-05       1
895  1.440573e-06       1
896  7.605904e-04       1
897  1.551685e-04       1
898  2.810625e-05       1
899  1.703550e-06       1
900  4.134454e-05       1
901  3.168862e-04       1
902  6.131065e-05       1
903  4.532918e-06       1
904  3.158987e-04       1
905  1.577150e-06       1
906  2.910029e-05       1
907  3.528735e-05       1
908  2.867656e-04       1
909  9.569072e-05       1
910  1.235721e-05       1
911  4.652512e-06       1
912  3.814447e-05       1
913  2.469412e-05       1
914  4.928465e-07       1
915  4.455852e-04       1
916  2.134140e-04       1
917  5.519011e-06       1
918  1.439129e-03       1
919  1.469630e-04       1
920  2.076344e-03       1
921  1.926747e-05       1
922  4.078921e-04       1
923  1.094521e-06       1
924  3.799596e-05       1
925  1.003340e-05       1
926  1.806017e-05       1
927  2.418033e-04       1
928  6.721190e-04       1
929  4.135572e-05       1
930  2.102399e-04       1
931  1.279583e-04       1
932  6.934260e-06       1
933  2.048896e-05       1
934  1.683286e-03       1
935  6.707253e-06       1
936  1.202557e-04       1
937  6.082587e-05       1
938  2.488802e-05       1
939  6.687019e-06       1
940  1.894186e-05       1
941  8.421650e-05       1
942  1.596490e-04       1
943  1.744720e-05       1
944  9.266078e-04       1
945  2.178728e-05       1
946  7.205828e-04       1
947  6.334977e-06       1
948  7.768922e-06       1
949  4.344932e-05       1
950  6.149000e-06       1
951  6.570430e-06       1
952  5.947860e-05       1
953  2.449334e-08       1
954  2.791512e-04       1
955  4.168722e-04       1
956  1.567701e-04       1
957  1.445508e-04       1
958  2.438284e-04       1
959  7.880588e-10       1
960  3.245937e-07       1
961  2.852880e-04       1
962  5.288641e-06       1
963  4.721671e-07       1
964  5.630606e-05       1
965  2.053789e-04       1
966  1.004680e-04       1
967  1.945360e-04       1
968  3.261914e-03       1
969  1.916102e-05       1
970  5.417518e-04       1
971  1.920514e-04       1
972  1.221937e-04       1
973  2.516520e-05       1
974  5.259686e-06       1
975  1.640265e-04       1
976  1.765116e-06       1
977  9.472527e-05       1
978  1.896249e-05       1
979  5.061109e-05       1
980  4.139494e-05       1
981  1.118241e-05       1
982  1.954255e-06       1
983  2.354216e-04       1
984  3.615148e-05       1
985  7.819236e-05       1
986  7.676266e-06       1
987  1.993195e-04       1
988  1.921803e-06       1
989  8.549797e-05       1
990  1.026179e-04       1
991  2.150595e-04       1
992  5.064330e-05       1
993  2.821795e-04       1
994  9.512887e-05       1
995  7.929657e-05       1
996  1.818353e-04       1
997  2.614225e-04       1
998  1.122121e-04       1
999  6.979510e-04       1
1000 4.721388e-05       1
1001 3.028293e-04       1
1002 1.934632e-04       1
1003 1.979051e-05       1
1004 5.985559e-05       1
1005 6.907038e-07       1
1006 2.760971e-07       1
1007 1.132483e-04       1
1008 1.413665e-07       1
1009 6.919842e-05       1
1010 7.259810e-07       1
1011 1.745980e-06       1
1012 3.222025e-04       1
1013 3.712144e-05       1
1014 2.846768e-06       1
1015 2.297539e-04       1
1016 4.928503e-05       1
1017 1.008362e-04       1
1018 3.285332e-05       1
1019 1.130878e-05       1
1020 3.123694e-05       1
1021 3.857833e-06       1
1022 3.112217e-04       1
1023 6.464697e-05       1
1024 1.474729e-06       1
1025 9.650661e-06       1
1026 4.581262e-05       1
1027 9.102575e-05       1
1028 1.316223e-03       1
1029 4.933934e-05       1
1030 6.258460e-04       1
1031 4.943147e-05       1
1032 2.028097e-05       1
1033 1.281636e-04       1
1034 1.223594e-04       1
1035 5.143834e-07       1
1036 1.067721e-04       1
1037 5.434576e-04       1
1038 8.392998e-05       1
1039 1.519892e-05       1
1040 1.224048e-05       1
1041 1.033663e-04       1
1042 9.585650e-05       1
1043 1.994243e-04       1
1044 5.367450e-06       1
1045 1.196172e-04       1
1046 2.472665e-05       1
1047 5.320035e-04       1
1048 2.009319e-06       1
1049 4.754138e-04       1
1050 2.790839e-04       1
1051 6.643815e-08       1
1052 3.206977e-04       1
1053 1.094524e-04       1
1054 2.683365e-05       1
1055 1.579313e-04       1
1056 3.563817e-05       1
1057 2.176533e-05       1
1058 7.372262e-05       1
1059 5.288531e-07       1
1060 7.336992e-05       1
1061 4.010233e-06       1
1062 2.947780e-05       1
1063 3.973259e-04       1
1064 1.805302e-05       1
1065 6.776423e-05       1
1066 1.685225e-05       1
1067 7.566825e-06       1
1068 5.332051e-06       1
1069 2.905835e-04       1
1070 4.126264e-04       1
1071 6.802572e-06       1
1072 2.705560e-04       1
1073 5.186469e-05       1
1074 1.148464e-04       1
1075 5.115443e-05       1
1076 2.649806e-05       1
1077 1.163147e-04       1
1078 3.017742e-04       1
1079 7.111898e-06       1
1080 4.453190e-05       1
1081 1.423527e-04       1
1082 1.234091e-04       1
1083 2.076122e-05       1
1084 1.848041e-05       1
1085 1.595634e-04       1
1086 6.238674e-05       1
1087 2.236187e-07       1
1088 3.973008e-05       1
1089 1.036394e-05       1
1090 4.267902e-04       1
1091 1.678651e-04       1
1092 8.079566e-07       1
1093 1.432215e-05       1
1094 1.300661e-05       1
1095 1.153071e-04       1
1096 1.616724e-07       1
1097 1.060932e-04       1
1098 7.417178e-05       1
1099 1.821039e-05       1
1100 7.357828e-06       1
1101 1.764323e-04       1
1102 8.729549e-05       1
1103 2.513337e-04       1
1104 1.851073e-04       1
1105 1.347279e-04       1
1106 2.918163e-05       1
1107 4.488780e-05       1
1108 4.391838e-04       1
1109 1.308169e-04       1
1110 2.634739e-04       1
1111 2.394883e-04       1
1112 6.685319e-05       1
1113 1.130165e-04       1
1114 1.690579e-04       1
1115 1.044755e-05       1
1116 3.134780e-04       1
1117 5.696122e-04       1
1118 1.239409e-04       1
1119 4.576470e-07       1
1120 6.688067e-05       1
1121 1.881618e-04       1
1122 2.119480e-04       1
1123 4.007013e-05       1
1124 2.305623e-04       1
1125 7.109548e-05       1
1126 2.678271e-04       1
1127 8.770923e-04       1
1128 1.039591e-04       1
1129 7.708597e-05       1
1130 8.359157e-07       1
1131 1.041154e-05       1
1132 7.820583e-04       1
1133 2.213833e-05       1
1134 1.360418e-04       1
1135 1.733654e-04       1
1136 7.104757e-06       1
1137 1.762443e-05       1
1138 5.268516e-05       1
1139 2.972736e-04       1
1140 2.031648e-05       1
1141 1.271649e-05       1
1142 3.689469e-05       1
1143 3.027716e-04       1
1144 1.227867e-03       1
1145 1.898721e-05       1
1146 2.739890e-04       1
1147 3.839257e-04       1
1148 4.777216e-05       1
1149 4.393377e-04       1
1150 3.870005e-04       1
1151 7.469819e-06       1
1152 1.875632e-04       1
1153 6.239510e-05       1
1154 6.531247e-05       1
1155 2.202317e-05       1
1156 1.998143e-06       1
1157 4.526123e-04       1
1158 2.777385e-06       1
1159 8.444504e-06       1
1160 3.681345e-07       1
1161 2.996978e-04       1
1162 7.257808e-06       1
1163 2.663164e-06       1
1164 3.301296e-04       1
1165 2.449209e-05       1
1166 4.442628e-04       1
1167 1.098041e-03       1
1168 3.035215e-04       1
1169 2.824852e-04       1
1170 7.763692e-06       1
1171 1.015939e-04       1
1172 1.641406e-04       1
1173 2.691911e-05       1
1174 8.934635e-06       1
1175 2.885471e-04       1
1176 3.901042e-05       1
1177 8.562927e-05       1
1178 3.287130e-04       1
1179 8.963501e-05       1
1180 1.947924e-04       1
1181 1.951860e-05       1
1182 4.116634e-05       1
1183 9.319508e-04       1
1184 4.856402e-06       1
1185 1.027805e-04       1
1186 2.220919e-04       1
1187 7.359599e-05       1
1188 6.613593e-05       1
1189 2.480837e-04       1
1190 4.394736e-06       1
1191 1.495947e-04       1
1192 5.499539e-04       1
1193 2.169518e-04       1
1194 3.504298e-06       1
1195 1.037907e-06       1
1196 1.845385e-04       1
1197 6.024145e-05       1
1198 5.190525e-05       1
1199 4.522831e-06       1
1200 1.701510e-04       1
1201 3.273469e-04       1
1202 4.049250e-05       1
1203 1.249956e-05       1
1204 9.056795e-06       1
1205 1.528315e-04       1
1206 1.687793e-04       1
1207 1.556890e-03       1
1208 2.749628e-05       1
1209 2.554592e-04       1
1210 1.788974e-05       1
1211 1.685679e-04       1
1212 2.708976e-04       1
1213 1.476391e-05       1
1214 7.690390e-05       1
1215 8.067238e-05       1
1216 1.513124e-04       1
1217 3.086161e-05       1
1218 4.589533e-04       1
1219 1.165095e-03       1
1220 9.849615e-05       1
1221 1.487227e-04       1
1222 4.308284e-04       1
1223 1.365151e-04       1
1224 1.982524e-05       1
1225 2.678621e-04       1
1226 1.237575e-04       1
1227 1.752265e-05       1
1228 7.021377e-09       1
1229 8.150793e-06       1
1230 7.465544e-05       1
1231 2.814715e-05       1
1232 1.851201e-04       1
1233 1.876712e-05       1
1234 8.837592e-05       1
1235 6.719233e-05       1
1236 2.046726e-04       1
1237 1.010324e-04       1
1238 3.096002e-04       1
1239 2.122789e-05       1
1240 3.032559e-04       1
1241 3.872032e-05       1
1242 1.638412e-06       1
1243 1.543163e-05       1
1244 3.886778e-04       1
1245 1.571095e-04       1
1246 4.052029e-04       1
1247 1.083583e-04       1
1248 3.544733e-05       1
1249 7.912134e-05       1
1250 1.456257e-04       1
1251 2.245696e-04       1
1252 9.039635e-05       1
1253 1.031592e-04       1
1254 8.959022e-04       1
1255 1.151648e-06       1
1256 3.048608e-07       1
1257 2.776436e-04       1
1258 1.139799e-04       1
1259 5.513563e-05       1
1260 3.990781e-06       1
1261 9.356312e-05       1
1262 4.142421e-05       1
1263 5.676357e-05       1
1264 2.196899e-04       1
1265 1.301834e-05       1
1266 1.722007e-07       1
1267 6.278156e-04       1
1268 9.561137e-05       1
1269 9.516353e-06       1
1270 2.596020e-04       1
1271 7.610599e-06       1
1272 1.734870e-04       1
1273 5.127278e-06       1
1274 3.896034e-05       1
1275 3.839746e-05       1
1276 1.648704e-04       1
1277 1.223771e-04       1
1278 5.515604e-04       1
1279 2.206709e-06       1
1280 7.882390e-07       1
1281 8.234383e-06       1
1282 5.318390e-05       1
1283 1.049190e-04       1
1284 8.896015e-06       1
1285 4.698315e-04       1
1286 2.988843e-06       1
1287 6.174609e-05       1
1288 1.596640e-05       1
1289 1.391965e-04       1
1290 3.201596e-05       1
1291 1.947393e-05       1
1292 2.909886e-05       1
1293 1.193102e-04       1
1294 2.034761e-07       1
1295 1.041143e-04       1
1296 1.733190e-05       1
1297 9.203805e-06       1
1298 1.152305e-04       1
1299 9.663079e-05       1
1300 1.474910e-06       1
1301 1.171284e-04       1
1302 4.871802e-05       1
1303 1.584953e-05       1
1304 2.101407e-04       1
1305 3.147198e-06       1
1306 3.260644e-05       1
1307 9.459086e-05       1
1308 2.054441e-04       1
1309 5.832857e-06       1
1310 1.645167e-04       1
1311 1.979735e-05       1
1312 4.003313e-07       1
1313 4.933164e-05       1
1314 1.195073e-04       1
1315 1.663965e-04       1
1316 2.118814e-04       1
1317 1.423742e-05       1
1318 2.560122e-05       1
1319 2.481965e-05       1
1320 5.608980e-06       1
1321 2.354568e-05       1
1322 5.605986e-05       1
1323 6.961006e-06       1
1324 8.902087e-06       1
1325 9.883331e-05       1
1326 1.306990e-04       1
1327 1.369286e-04       1
1328 5.068033e-04       1
1329 3.827066e-10       1
1330 3.261790e-06       1
1331 2.222635e-05       1
1332 9.519416e-05       1
1333 9.763736e-06       1
1334 1.798211e-05       1
1335 8.662164e-07       1
1336 1.750322e-06       1
1337 1.054288e-04       1
1338 3.584980e-05       1
1339 1.543496e-04       1
1340 2.855471e-03 0.07728
1341 1.774015e-06       1
1342 1.382892e-04       1
1343 2.850619e-05       1
1344 7.965521e-05       1
1345 3.623132e-06       1
1346 4.724902e-05       1
1347 5.707630e-06       1
1348 2.030560e-04       1
1349 1.723392e-04       1
1350 8.467245e-05       1
1351 2.975972e-06       1
1352 6.270201e-05       1
1353 5.818963e-05       1
1354 2.224681e-04       1
1355 4.835528e-05       1
1356 9.166049e-04       1
1357 1.930189e-04       1
1358 5.908095e-04       1
1359 1.511609e-05       1
1360 1.594287e-04       1
1361 8.628527e-06       1
1362 6.565338e-05       1
1363 1.239349e-04       1
1364 2.949836e-04       1
1365 7.215533e-06       1
1366 1.103988e-04       1
1367 1.218434e-04       1
1368 4.175565e-06       1
1369 1.492148e-06       1
1370 2.251434e-07       1
1371 3.472189e-05       1
1372 9.843108e-05       1
1373 4.051973e-04       1
1374 2.742567e-05       1
1375 1.108445e-05       1
1376 2.263302e-05       1
1377 3.006257e-06       1
1378 8.558900e-06       1
1379 1.644577e-05       1
1380 7.043327e-06       1
1381 2.136284e-05       1
1382 1.115364e-08       1
1383 1.429757e-04       1
1384 1.571709e-05       1
1385 1.555560e-05       1
1386 7.706224e-05       1
1387 1.106513e-04       1
1388 4.647826e-05       1
1389 1.787304e-05       1
1390 4.412474e-05       1
1391 3.791456e-05       1
1392 2.139960e-05       1
1393 8.469509e-05       1
1394 3.686483e-04       1
1395 3.390242e-05       1
1396 2.460118e-04       1
1397 2.877279e-04       1
1398 1.985999e-05       1
1399 1.646518e-04       1
1400 2.108266e-05       1
1401 2.066586e-04       1
1402 1.915850e-04       1
1403 5.767788e-05       1
1404 4.036800e-05       1
1405 1.450522e-04       1
1406 1.026501e-04       1
1407 6.845077e-05       1
1408 2.362968e-05       1
1409 1.528713e-04       1
1410 1.852949e-04       1
1411 4.706972e-07       1
1412 1.047456e-08       1
1413 6.178773e-05       1
1414 4.467727e-08       1
1415 3.017861e-04       1
1416 3.062425e-05       1
1417 1.819736e-05       1
1418 1.823761e-05       1
1419 1.327474e-05       1
1420 1.678621e-06       1
1421 2.504283e-05       1
1422 8.851305e-05       1
1423 4.641736e-04       1
1424 1.470105e-04       1
1425 1.788499e-04       1
1426 1.046684e-06       1
1427 1.398562e-05       1
1428 1.532025e-05       1
1429 2.742009e-06       1
1430 2.600226e-05       1
1431 2.250738e-05       1
1432 1.930964e-05       1
1433 2.041608e-04       1
1434 9.100784e-05       1
1435 1.049652e-04       1
1436 2.677288e-06       1
1437 1.002344e-05       1
1438 3.425164e-05       1
1439 3.673888e-05       1
1440 5.478506e-05       1
1441 6.395354e-05       1
1442 2.990020e-06       1
1443 2.294766e-05       1
1444 6.808644e-09       1
1445 2.153875e-05       1
1446 6.772337e-04       1
1447 1.496191e-04       1
1448 1.289547e-04       1
1449 1.415235e-05       1
1450 7.191001e-04       1
1451 1.408388e-04       1
1452 6.961305e-05       1
1453 2.709143e-04       1
1454 7.458751e-05       1
1455 1.051576e-05       1
1456 3.975398e-05       1
1457 9.434044e-06       1
1458 3.700769e-04       1
1459 1.419458e-04       1
1460 3.258963e-05       1
1461 3.195904e-05       1
1462 6.731512e-05       1
1463 2.868452e-04       1
1464 2.471838e-04       1
1465 1.320348e-04       1
1466 7.505458e-05       1
1467 5.366124e-04       1
1468 3.937496e-06       1
1469 2.680475e-05       1
1470 2.160101e-05       1
1471 4.598928e-07       1
1472 3.544702e-05       1
1473 2.291284e-07       1
1474 9.151481e-04       1
1475 1.249937e-05       1
1476 2.104172e-05       1
1477 2.017050e-05       1
1478 1.635382e-04       1
1479 6.486862e-05       1
1480 1.664955e-05       1
1481 5.654173e-05       1
1482 2.009858e-04       1
1483 1.457960e-06       1
1484 4.877290e-09       1
1485 1.585767e-05       1
1486 2.494588e-04       1
1487 6.718749e-05       1
1488 2.665382e-03       1
1489 6.130216e-05       1
1490 2.141874e-05       1
1491 3.723769e-05       1
1492 1.547575e-04       1
1493 1.240358e-04       1
1494 5.603420e-05       1
1495 3.988051e-06       1
1496 4.600426e-04       1
1497 2.174473e-06       1
1498 5.761137e-04       1
1499 1.743635e-08       1
1500 2.060089e-07       1
1501 6.315982e-05       1
1502 2.245724e-05       1
1503 5.254365e-04       1
1504 1.103627e-05       1
1505 1.521126e-04       1
1506 4.063790e-04       1
1507 8.179846e-05       1
1508 9.268122e-05       1
1509 1.042915e-05       1
1510 2.926816e-04       1
1511 4.398043e-05       1
1512 1.502682e-05       1
1513 2.877596e-04       1
1514 3.481517e-04       1
1515 6.143599e-05       1
1516 6.030085e-05       1
1517 2.588243e-05       1
1518 1.938849e-05       1
1519 2.341685e-04       1
1520 1.342338e-04       1
1521 1.269026e-06       1
1522 6.705856e-07       1
1523 9.720147e-05       1
1524 3.522429e-04       1
1525 2.435282e-04       1
1526 1.536618e-04       1
1527 6.353599e-06       1
1528 3.847726e-04       1
1529 7.036102e-06       1
1530 2.036010e-04       1
1531 4.905381e-05       1
1532 9.336493e-05       1
1533 3.161484e-05       1
1534 2.132420e-08       1
1535 3.838521e-05       1
1536 6.391661e-05       1
1537 1.649977e-04       1
1538 1.373522e-04       1
1539 1.002984e-07       1
1540 7.115602e-04       1
1541 4.348445e-04       1
1542 1.118929e-04       1
1543 1.783680e-05       1
1544 6.014886e-05       1
1545 1.679552e-05       1
1546 7.769009e-05       1
1547 1.602411e-05       1
1548 1.490470e-04       1
1549 7.115792e-05       1
1550 4.192409e-06       1
1551 8.345400e-05       1
1552 4.568893e-06       1
1553 3.828522e-06       1
1554 1.813398e-09       1
1555 3.417353e-05       1
1556 1.182757e-04       1
1557 1.975378e-04       1
1558 1.445284e-05       1
1559 2.556958e-05       1
1560 2.854384e-04       1
1561 1.232140e-05       1
1562 2.107040e-04       1
1563 3.781942e-04       1
1564 1.359146e-05       1
1565 6.239370e-04       1
1566 9.952816e-05       1
1567 7.534220e-05       1
1568 1.283922e-04       1
1569 7.968157e-06       1
1570 1.744696e-04       1
1571 2.917062e-04       1
1572 2.214007e-04       1
1573 2.416549e-05       1
1574 1.657506e-04       1
1575 2.975138e-04       1
1576 3.989662e-05       1
1577 4.332340e-04       1
1578 1.993265e-06       1
1579 2.720966e-05       1
1580 4.661397e-05       1
1581 3.105107e-05       1
1582 2.630381e-04       1
1583 4.342749e-04       1
1584 1.679281e-04       1
1585 1.209978e-05       1
1586 1.082385e-06       1
1587 3.982897e-04       1
1588 1.622929e-04       1
1589 2.787282e-06       1
1590 1.745678e-04       1
1591 1.784772e-04       1
1592 6.508650e-04       1
1593 5.503472e-06       1
1594 5.701520e-05       1
1595 3.019354e-04       1
1596 1.165295e-04       1
1597 3.914810e-05       1
1598 4.808819e-04       1
1599 7.657521e-05       1
1600 3.210408e-04       1
1601 1.134171e-04       1
1602 5.871191e-05       1
1603 1.010273e-04       1
1604 7.502081e-06       1
1605 2.707549e-06       1
1606 1.503972e-04       1
1607 4.545231e-05       1
1608 1.474308e-05       1
1609 3.861606e-05       1
1610 4.090952e-04       1
1611 3.090069e-04       1
1612 1.467363e-04       1
1613 3.614738e-04       1
1614 4.214717e-05       1
1615 3.707500e-04       1
1616 4.824564e-05       1
1617 7.033413e-06       1
1618 1.254796e-06       1
1619 6.468445e-06       1
1620 1.103425e-03 0.42504
1621 6.338435e-04       1
1622 4.077498e-05       1
1623 4.751564e-04       1
1624 1.445446e-06       1
1625 1.735343e-05       1
1626 2.051028e-04       1
1627 1.062616e-04       1
1628 6.942752e-05       1
1629 3.676976e-04       1
1630 6.477716e-07       1
1631 4.865628e-05       1
1632 1.728282e-04       1
1633 3.144542e-05       1
1634 4.438880e-05       1
1635 1.378340e-05       1
1636 1.498415e-04       1
1637 1.994517e-04       1
1638 2.199609e-05       1
1639 2.536402e-05       1
1640 4.118025e-06       1
1641 1.424122e-05       1
1642 5.356776e-04       1
1643 1.045737e-03       1
1644 2.818503e-04       1
1645 2.516471e-04       1
1646 1.763818e-04       1
1647 2.980335e-04       1
1648 1.511616e-05       1
1649 2.053494e-05       1
1650 2.739742e-04       1
1651 1.062416e-04       1
1652 5.982037e-04       1
1653 1.988783e-04       1
1654 2.369730e-04       1
1655 1.784369e-05       1
1656 5.046778e-09       1
1657 3.735251e-05       1
1658 1.538302e-04       1
1659 9.110326e-05       1
1660 5.265483e-05       1
1661 1.361126e-05       1
1662 7.373208e-05       1
1663 1.562883e-06       1
1664 6.299849e-07       1
1665 4.747574e-05       1
1666 6.040339e-04       1
1667 4.087470e-05       1
1668 2.117900e-05       1
1669 1.095047e-05       1
1670 8.471139e-05       1
1671 3.374898e-04       1
1672 4.450297e-05       1
1673 6.387578e-06       1
1674 1.528042e-04       1
1675 9.567729e-06       1
1676 1.417342e-05       1
1677 1.725783e-05       1
1678 4.261863e-04       1
1679 1.497834e-04       1
1680 1.077599e-05       1
1681 9.139698e-06       1
1682 2.902153e-06       1
1683 1.090880e-06       1
1684 1.523750e-05       1
1685 8.564986e-05       1
1686 1.943763e-05       1
1687 6.084404e-05       1
1688 7.345071e-06       1
1689 5.633594e-05       1
1690 1.021787e-04       1
1691 4.170355e-05       1
1692 8.036808e-05       1
1693 3.476066e-05       1
1694 7.544570e-06       1
1695 3.055475e-05       1
1696 2.091539e-05       1
1697 7.775590e-05       1
1698 1.067333e-04       1
1699 7.858682e-04       1
1700 2.965896e-05       1
1701 1.018713e-06       1
1702 1.161073e-04       1
1703 1.869283e-06       1
1704 3.188217e-06       1
1705 8.390215e-07       1
1706 1.330882e-04       1
1707 1.833062e-04       1
1708 3.511023e-04       1
1709 1.401784e-04       1
1710 1.135612e-03       1
1711 8.818627e-06       1
1712 9.025092e-05       1
1713 1.270088e-04       1
1714 2.526028e-05       1
1715 1.385905e-04       1
1716 1.084861e-05       1
1717 1.285373e-04       1
1718 2.025780e-04       1
1719 3.228664e-05       1
1720 2.400354e-11       1
1721 9.129609e-07       1
1722 4.324209e-04       1
1723 2.385401e-05       1
1724 6.733337e-05       1
1725 9.746676e-04       1
1726 3.359130e-06       1
1727 3.033531e-05       1
1728 6.847975e-05       1
1729 1.275072e-04       1
1730 2.501555e-06       1
1731 2.519561e-07       1
1732 1.027645e-03       1
1733 1.438867e-05       1
1734 6.861722e-05       1
1735 3.607033e-05       1
1736 1.633122e-06       1
1737 2.357704e-05       1
1738 4.504268e-04       1
1739 4.194378e-04       1
1740 1.312900e-04       1
1741 2.191845e-05       1
1742 3.353416e-04       1
1743 3.867967e-06       1
1744 2.647225e-04       1
1745 2.301659e-05       1
1746 7.156301e-06       1
1747 3.865761e-05       1
1748 1.416729e-04       1
1749 7.179359e-05       1
1750 1.305731e-05       1
1751 3.446918e-05       1
1752 1.536456e-04       1
1753 1.176769e-04       1
1754 5.986625e-05       1
1755 3.265351e-05       1
1756 4.137258e-08       1
1757 9.837360e-05       1
1758 2.275893e-04       1
1759 3.609012e-04       1
1760 2.719197e-05       1
1761 7.967419e-05       1
1762 1.625923e-05       1
1763 6.582271e-05       1
1764 7.409472e-05       1
1765 1.291912e-04       1
1766 2.312618e-05       1
1767 1.415886e-05       1
1768 8.850110e-05       1
1769 1.896773e-04       1
1770 1.776850e-04       1
1771 1.410110e-03       1
1772 3.360569e-05       1
1773 9.143090e-05       1
1774 8.763946e-05       1
1775 4.005551e-05       1
1776 5.083279e-04       1
1777 4.448190e-06       1
1778 1.240125e-05       1
1779 3.091316e-04       1
1780 1.920174e-03       1
1781 4.975820e-05       1
1782 4.388196e-05       1
1783 2.743618e-05       1
1784 3.903144e-07       1
1785 6.455182e-06       1
1786 2.571960e-08       1
1787 9.965956e-05       1
1788 1.211695e-04       1
1789 5.402738e-05       1
1790 1.111382e-04       1
1791 5.988049e-04       1
1792 7.740903e-05       1
1793 4.501029e-07       1
1794 2.389557e-04       1
1795 1.106607e-04       1
1796 3.408721e-04       1
1797 4.115981e-07       1
1798 1.113736e-04       1
1799 2.160616e-05       1
1800 3.168476e-04       1
1801 4.944928e-04       1
1802 1.861298e-04       1
1803 2.367669e-04       1
1804 1.216364e-04       1
1805 3.362678e-04       1
1806 5.753447e-05       1
1807 9.604576e-06       1
1808 2.543930e-08       1
1809 9.232215e-07       1
1810 3.005741e-06       1
1811 6.891097e-05       1
1812 4.253002e-05       1
1813 4.949082e-04       1
1814 8.023247e-06       1
1815 1.643925e-04       1
1816 1.443056e-04       1
1817 6.170145e-05       1
1818 2.175487e-05       1
1819 1.680922e-06       1
1820 6.356603e-05       1
1821 1.852901e-06       1
1822 1.795165e-04       1
1823 1.350231e-06       1
1824 1.094225e-04       1
1825 5.957292e-05       1
1826 8.955518e-05       1
1827 7.872450e-05       1
1828 2.069948e-04       1
1829 1.289505e-06       1
1830 8.219081e-05       1
1831 3.012877e-06       1
1832 8.335419e-05       1
1833 1.762511e-04       1
1834 2.574683e-05       1
1835 1.791160e-07       1
1836 1.271851e-04       1
1837 7.716658e-05       1
1838 7.045188e-06       1
1839 1.195701e-04       1
1840 1.741637e-06       1
1841 1.961185e-04       1
1842 1.450224e-05       1
1843 1.262568e-03       1
1844 1.911371e-04       1
1845 2.382879e-04       1
1846 1.278072e-05       1
1847 1.515098e-04       1
1848 8.151741e-08       1
1849 3.561937e-04       1
1850 4.087886e-07       1
1851 1.046812e-04       1
1852 1.580033e-05       1
1853 2.995372e-04       1
1854 2.054363e-04       1
1855 5.541844e-06       1
1856 1.926545e-04       1
1857 6.852876e-06       1
1858 1.338749e-05       1
1859 1.809297e-04       1
1860 3.803980e-06       1
1861 1.047090e-07       1
1862 2.952919e-06       1
1863 2.913435e-06       1
1864 1.596705e-04       1
1865 7.744960e-05       1
1866 3.021730e-05       1
1867 1.095083e-04       1
1868 7.042221e-04       1
1869 1.538483e-04       1
1870 9.908959e-07       1
1871 2.805617e-05       1
1872 8.927628e-08       1
1873 7.493064e-05       1
1874 4.301615e-04       1
1875 1.330557e-04       1
1876 8.364604e-06       1
1877 3.061903e-04       1
1878 5.563429e-05       1
1879 1.157738e-04       1
1880 1.465240e-05       1
1881 9.105328e-06       1
1882 7.326342e-06       1
1883 5.282788e-06       1
1884 1.286331e-04       1
1885 8.869031e-05       1
1886 1.562902e-04       1
1887 4.380817e-06       1
1888 1.093575e-06       1
1889 1.237840e-05       1
1890 6.558200e-05       1
1891 4.355311e-06       1
1892 1.170048e-07       1
1893 2.953281e-05       1
1894 4.790001e-06       1
1895 9.953987e-06       1
1896 1.868588e-05       1
1897 1.623465e-04       1
1898 8.445386e-05       1
1899 1.558055e-05       1
1900 3.307244e-05       1
1901 6.772320e-07       1
1902 3.494536e-07       1
1903 1.395807e-04       1
1904 1.665077e-04       1
1905 8.433394e-04       1
1906 4.912647e-06       1
1907 1.345884e-05       1
1908 5.607759e-04       1
1909 3.459483e-05       1
1910 5.163181e-05       1
1911 1.919970e-04       1
1912 1.660483e-07       1
1913 2.998539e-04       1
1914 3.994143e-04       1
1915 1.301039e-04       1
1916 6.988066e-06       1
1917 1.182189e-06       1
1918 4.166292e-04       1
1919 9.803812e-05       1
1920 4.339693e-05       1
1921 4.527017e-05       1
1922 4.252943e-05       1
1923 6.369225e-05       1
1924 3.171294e-05       1
1925 1.984351e-04       1
1926 2.660956e-05       1
1927 1.542815e-06       1
1928 3.500136e-05       1
1929 1.149444e-04       1
1930 1.923987e-05       1
1931 9.533985e-05       1
1932 1.727254e-05       1

$`MR-PRESSO results`$`Distortion Test`
$`MR-PRESSO results`$`Distortion Test`$`Outliers Indices`
[1] 874

$`MR-PRESSO results`$`Distortion Test`$`Distortion Coefficient`
beta.exposure 
     9.852951 

$`MR-PRESSO results`$`Distortion Test`$Pvalue
[1] 0.88253



