$`Main MR results`
       Exposure       MR Analysis Causal Estimate         Sd    T-stat
1 beta.exposure               Raw     -0.09791720 0.08747944 -1.119317
2 beta.exposure Outlier-corrected      0.06374703 0.03007967  2.119273
     P-value
1 0.26372920
2 0.03474963

$`MR-PRESSO results`
$`MR-PRESSO results`$`Global Test`
$`MR-PRESSO results`$`Global Test`$RSSobs
[1] 5215.216

$`MR-PRESSO results`$`Global Test`$Pvalue
[1] "<4e-05"


$`MR-PRESSO results`$`Outlier Test`
          RSSobs   Pvalue
1   5.722205e-05        1
2   4.022583e-04        1
3   8.373175e-05        1
4   9.013043e-06        1
5   1.844295e-05        1
6   1.556269e-04        1
7   5.131678e-06        1
8   3.399606e-04        1
9   1.167873e-03        1
10  8.817470e-04        1
11  1.687196e-05        1
12  6.152145e-04        1
13  2.808961e-04        1
14  5.430359e-05        1
15  6.668957e-04        1
16  8.787933e-06        1
17  3.852281e-04        1
18  4.180599e-05        1
19  8.905582e-05        1
20  5.062920e-03  0.01488
21  2.739426e-04        1
22  5.581571e-04        1
23  2.845396e-03  0.10416
24  3.071418e-03        1
25  7.630201e-05        1
26  1.980107e-03        1
27  2.896913e-06        1
28  1.252558e-04        1
29  8.608963e-03        1
30  1.201390e-04        1
31  5.946261e-04        1
32  1.255107e-06        1
33  3.764663e-03        1
34  3.758623e-03        1
35  3.697541e-03        1
36  1.924020e-03        1
37  2.929873e-04        1
38  2.658742e-04        1
39  8.143326e-03 <0.01488
40  5.929280e-03        1
41  1.177320e-03        1
42  2.130685e-03  0.92256
43  2.059532e-04        1
44  3.366406e-04        1
45  7.002585e-05        1
46  1.112240e-03        1
47  9.190195e-04        1
48  1.953083e-04        1
49  3.139398e-04        1
50  8.285084e-06        1
51  3.244357e-05        1
52  4.130551e-04        1
53  3.711319e-03        1
54  3.314869e-04        1
55  4.724242e-03        1
56  6.110345e-03  0.11904
57  1.148284e-03        1
58  6.228527e-04        1
59  6.924345e-04        1
60  2.146604e-03        1
61  2.787103e-04        1
62  6.954684e-06        1
63  1.000186e-03        1
64  2.624804e-04        1
65  1.153606e-04        1
66  1.003841e-04        1
67  1.637066e-03        1
68  5.823540e-04        1
69  1.331880e-05        1
70  2.489117e-04        1
71  1.961063e-06        1
72  1.919990e-04        1
73  1.370064e-04        1
74  8.032903e-08        1
75  6.119592e-04        1
76  9.193458e-05        1
77  2.874781e-04        1
78  6.078512e-04        1
79  1.332618e-04        1
80  2.874929e-04        1
81  2.495968e-04        1
82  3.352175e-06        1
83  1.773314e-04        1
84  1.359995e-04        1
85  2.110929e-03        1
86  2.071110e-04        1
87  2.214821e-04        1
88  7.738521e-04        1
89  1.174755e-03        1
90  9.225628e-04        1
91  5.389012e-04        1
92  6.754946e-04        1
93  3.680908e-06        1
94  9.555017e-04        1
95  3.513699e-04        1
96  6.940270e-04        1
97  1.329142e-05        1
98  2.548470e-04        1
99  5.640053e-06        1
100 5.412183e-05        1
101 1.100543e-04        1
102 6.084230e-05        1
103 1.641122e-01 <0.01488
104 3.037866e-05        1
105 4.021276e-05        1
106 2.270353e-04        1
107 8.117704e-04        1
108 1.087252e-04        1
109 2.375217e-05        1
110 6.636281e-04        1
111 3.721293e-04        1
112 4.435042e-05        1
113 4.070095e-05        1
114 6.098608e-05        1
115 6.169386e-05        1
116 2.265352e-07        1
117 4.332240e-05        1
118 6.582118e-08        1
119 1.018480e-04        1
120 6.621848e-04        1
121 5.161784e-05        1
122 1.519320e-03        1
123 1.490494e-07        1
124 2.443649e-06        1
125 4.244785e-05        1
126 7.689660e-03 <0.01488
127 4.862976e-04        1
128 7.765509e-04        1
129 3.096837e-04        1
130 5.087835e-05        1
131 1.917514e-03        1
132 1.926619e-03        1
133 3.061136e-04        1
134 4.574938e-03  0.16368
135 2.705034e-03        1
136 2.171278e-04        1
137 1.225028e-03        1
138 4.646699e-03        1
139 4.262918e-04        1
140 1.486716e-03        1
141 6.056263e-06        1
142 2.057236e-06        1
143 2.349130e-03        1
144 2.501262e-04        1
145 1.153019e-04        1
146 3.703377e-04        1
147 5.663955e-05        1
148 4.130952e-06        1
149 2.152793e-04        1
150 9.076578e-01 <0.01488
151 1.155693e-04        1
152 9.972848e-05        1
153 4.589369e-03        1
154 2.383365e-04        1
155 1.980128e-04        1
156 6.868596e-04        1
157 2.218761e-04        1
158 1.552927e-04        1
159 2.040283e-03        1
160 6.132527e-05        1
161 6.695579e-05        1
162 4.900159e-04        1
163 3.127711e-03        1
164 8.138157e-04        1
165 1.892584e-03        1
166 6.294698e-04        1
167 4.247716e-05        1
168 5.191020e-04        1
169 4.044165e-04        1
170 6.698237e-04        1
171 2.592636e-04        1
172 6.408363e-04        1
173 4.134983e-05        1
174 3.614599e-06        1
175 1.128464e-03        1
176 5.205023e-04        1
177 4.722157e-03        1
178 1.006009e-03        1
179 2.025922e-04        1
180 3.399260e-04        1
181 1.061206e-03        1
182 3.385940e-04        1
183 9.001062e-04        1
184 6.393692e-04        1
185 5.315674e-05        1
186 1.392141e-03        1
187 5.543735e-05        1
188 1.056957e-03        1
189 2.492106e-04        1
190 2.119295e-03        1
191 7.804857e-04        1
192 1.078497e-03        1
193 2.171638e-04        1
194 5.136316e-03  0.08928
195 5.720168e-06        1
196 4.690289e-04        1
197 1.785192e-03        1
198 1.033223e-04        1
199 1.233075e-03        1
200 7.860050e-04        1
201 7.017877e-05        1
202 2.133120e-03        1
203 8.554191e-04        1
204 3.164781e-03        1
205 6.030380e-04        1
206 1.459132e-04        1
207 2.419494e-03        1
208 9.020033e-04        1
209 1.630140e-03        1
210 9.019036e-06        1
211 1.817022e-06        1
212 1.613334e-04        1
213 3.495617e-04        1
214 1.123857e-03        1
215 1.639537e-05        1
216 1.621228e-03        1
217 3.488784e-06        1
218 3.169279e-05        1
219 6.337101e-05        1
220 6.570033e-04        1
221 9.261035e-04        1
222 1.415312e-04        1
223 2.808619e-07        1
224 1.531657e-06        1
225 3.495052e-04        1
226 5.236480e-03        1
227 3.248212e-03        1
228 1.302901e-05        1
229 9.440097e-06        1
230 1.160567e-04        1
231 4.063366e-03        1
232 3.461568e-04        1
233 8.956298e-08        1
234 3.843986e-07        1
235 1.178693e-04        1
236 3.189642e-04        1
237 1.315984e-04        1
238 2.541042e-04        1
239 1.217714e-03        1
240 4.973726e-03        1
241 8.673374e-04        1
242 3.039218e-04        1
243 1.127159e-04        1
244 3.908571e-04        1
245 7.626323e-04        1
246 5.813978e-04        1
247 7.221406e-04        1
248 8.072556e-03 <0.01488
249 1.181732e-01 <0.01488
250 9.952397e-05        1
251 6.801925e-05        1
252 9.301003e-05        1
253 5.493788e-04        1
254 3.551912e-05        1
255 1.514759e-03        1
256 3.255936e-05        1
257 3.713571e-07        1
258 1.063308e-04        1
259 1.400005e-03        1
260 1.059174e-05        1
261 9.589599e-05        1
262 2.108461e-04        1
263 3.759672e-04        1
264 9.553134e-05        1
265 3.570400e-04        1
266 2.492047e-03        1
267 1.744181e-02 <0.01488
268 3.355308e-03        1
269 3.619882e-04        1
270 1.684936e-04        1
271 2.696881e-03        1
272 4.416947e-03        1
273 7.585817e-04        1
274 2.257389e-05        1
275 3.751379e-06        1
276 1.161941e-05        1
277 4.808030e-03        1
278 9.826580e-04        1
279 5.847560e-05        1
280 1.241859e-06        1
281 9.731935e-07        1
282 1.851464e-05        1
283 2.229650e-04        1
284 8.117398e-04        1
285 1.881769e-05        1
286 1.271158e-04        1
287 8.368806e-04        1
288 1.293271e-03        1
289 6.318822e-04        1
290 3.521689e-05        1
291 8.269563e-05        1
292 2.236354e-04        1
293 8.925719e-04        1
294 1.704403e-04        1
295 4.168895e-04        1
296 1.577550e-04        1
297 7.120033e-04        1
298 1.396205e-03        1
299 1.782513e-04        1
300 1.589872e-04        1
301 1.050728e-04        1
302 2.717374e-05        1
303 1.474157e-04        1
304 9.958179e-04        1
305 1.412266e-03        1
306 8.024699e-05        1
307 6.108599e-05        1
308 3.807001e-03        1
309 5.261016e-03   0.2232
310 1.416247e-03        1
311 5.208370e-04        1
312 2.868305e-06        1
313 3.122767e-04        1
314 8.414761e-04        1
315 1.956331e-05        1
316 5.267047e-05        1
317 8.071075e-05        1
318 7.138881e-04        1
319 7.802619e-07        1
320 7.609592e-05        1
321 2.036628e-07        1
322 2.021757e-04        1
323 7.492229e-05        1
324 1.416525e-05        1
325 2.404110e-04        1
326 2.118940e-01 <0.01488
327 9.074056e-03  0.16368
328 1.168549e-03        1
329 3.089836e-04        1
330 6.883920e-05        1
331 6.177191e-04        1
332 8.418415e-01 <0.01488
333 1.608792e-03        1
334 1.625894e-03        1
335 2.615211e-03        1
336 1.851794e-03        1
337 8.367084e-04        1
338 4.123100e-04        1
339 3.057952e-04        1
340 9.841588e-05        1
341 4.262332e-04        1
342 7.556970e-03        1
343 1.320901e-04        1
344 1.496599e-03        1
345 3.030376e-04        1
346 9.828448e-06        1
347 1.097874e-03        1
348 5.348346e-07        1
349 2.698239e-05        1
350 4.496890e-03  0.99696
351 3.249689e-04        1
352 8.688078e-04        1
353 4.055798e-03        1
354 3.441185e-04        1
355 3.728524e-04        1
356 8.066058e-03  0.05952
357 5.047770e-06        1
358 1.834343e-04        1
359 1.095538e-03        1
360 1.343195e-03        1
361 2.428921e-03        1
362 2.707877e-05        1
363 7.513293e-05        1
364 1.048609e-04        1
365 4.961036e-06        1
366 1.514416e-04        1
367 4.757622e-05        1
368 8.895760e-06        1
369 7.185849e-04        1
370 1.227212e-03        1
371 3.911204e-04        1
372 2.333558e-04        1

$`MR-PRESSO results`$`Distortion Test`
$`MR-PRESSO results`$`Distortion Test`$`Outliers Indices`
 [1]  20  39 103 126 150 248 249 267 326 332

$`MR-PRESSO results`$`Distortion Test`$`Distortion Coefficient`
beta.exposure 
    -253.6028 

$`MR-PRESSO results`$`Distortion Test`$Pvalue
[1] 0.00284



