$`Main MR results`
       Exposure       MR Analysis Causal Estimate         Sd    T-stat
1 beta.exposure               Raw      -0.1259311 0.09517798 -1.323112
2 beta.exposure Outlier-corrected              NA         NA        NA
    P-value
1 0.1864963
2        NA

$`MR-PRESSO results`
$`MR-PRESSO results`$`Global Test`
$`MR-PRESSO results`$`Global Test`$RSSobs
[1] 493.6709

$`MR-PRESSO results`$`Global Test`$Pvalue
[1] 0.0282


$`MR-PRESSO results`$`Outlier Test`
          RSSobs  Pvalue
1   9.201868e-03       1
2   1.629575e-03       1
3   8.813954e-02 0.62496
4   1.761059e-02       1
5   3.757606e-04       1
6   1.208284e-02       1
7   4.987743e-03       1
8   5.566632e-03       1
9   2.462558e-03       1
10  5.094749e-03       1
11  1.868032e-02       1
12  7.012889e-01 0.36456
13  8.971195e-04       1
14  5.823335e-04       1
15  3.529095e-02       1
16  6.438843e-02       1
17  6.126124e-02       1
18  1.482724e-02       1
19  1.292308e-04       1
20  2.493030e-02       1
21  3.342766e-03       1
22  3.392139e-04       1
23  8.795419e-03       1
24  5.506352e-03       1
25  4.311726e-05       1
26  2.789848e-02       1
27  1.141335e-03       1
28  1.177774e-03       1
29  4.534941e-02       1
30  1.868001e-03       1
31  1.124873e-02       1
32  4.103911e-03       1
33  2.515130e-02       1
34  3.233883e-02       1
35  2.563985e-05       1
36  3.017267e-04       1
37  3.214135e-02       1
38  8.249292e-02       1
39  5.463719e-02       1
40  8.674174e-03       1
41  4.711349e-03       1
42  1.742449e-04       1
43  9.323923e-02       1
44  1.430667e-02       1
45  4.535705e-02       1
46  2.419712e-02       1
47  1.816386e-03       1
48  1.012141e-05       1
49  3.665381e-02       1
50  2.170474e-04       1
51  1.099775e-03       1
52  3.348338e-03       1
53  1.209170e-02       1
54  3.796889e-03       1
55  1.182160e-03       1
56  1.898077e-03       1
57  2.466896e-03       1
58  6.653510e-03       1
59  4.428818e-02       1
60  1.289158e-03       1
61  9.153045e-04       1
62  1.826722e-02       1
63  2.727094e-03       1
64  6.974036e-03       1
65  4.538979e-03       1
66  5.068087e-03       1
67  2.642970e-03       1
68  1.246086e-02       1
69  5.902046e-05       1
70  1.869909e-03       1
71  3.342809e-02       1
72  3.734178e-03       1
73  2.136109e-03       1
74  6.278407e-03       1
75  1.651957e-04       1
76  1.760038e-05       1
77  1.871105e-01       1
78  8.683274e-02       1
79  1.180910e-03       1
80  1.159350e-03       1
81  1.465665e-03       1
82  7.949463e-02       1
83  3.676371e-02       1
84  9.928842e-02       1
85  4.633363e-05       1
86  2.511168e-02       1
87  2.948402e-02       1
88  4.839058e-03       1
89  6.545947e-04       1
90  9.042692e-05       1
91  1.431681e-02       1
92  1.038042e-02       1
93  7.208305e-03       1
94  1.901980e-03       1
95  3.119998e-02       1
96  5.582455e-02       1
97  7.573526e-05       1
98  1.660225e-03       1
99  2.583227e-02       1
100 3.631427e-05       1
101 1.222404e-05       1
102 1.663460e-02       1
103 4.369385e-03       1
104 1.649215e-02       1
105 4.182395e-03       1
106 1.889216e-02       1
107 1.430288e-03       1
108 6.434263e-03       1
109 1.182767e-02       1
110 2.789090e-03       1
111 2.323469e-02       1
112 1.022075e-02       1
113 9.266908e-03       1
114 6.895870e-03       1
115 7.123812e-03       1
116 9.978916e-03       1
117 2.038868e-04       1
118 3.910838e-02       1
119 1.327786e-05       1
120 1.822614e-02       1
121 1.667056e-03       1
122 7.529433e-04       1
123 2.736684e-02       1
124 4.500683e-02       1
125 2.212347e-02       1
126 1.247697e-03       1
127 1.310033e-02       1
128 3.525802e-03       1
129 1.207598e-03       1
130 2.010720e-02       1
131 1.591994e-02       1
132 3.927026e-04       1
133 2.144316e-02       1
134 4.871704e-02       1
135 2.143346e-01       1
136 4.094692e-02       1
137 5.249704e-03       1
138 9.803629e-03       1
139 1.448051e-02       1
140 1.559499e-01       1
141 1.655282e-01       1
142 1.680997e-03       1
143 6.685432e-02       1
144 4.033776e-03       1
145 1.793481e-02       1
146 3.222307e-03       1
147 2.719578e-04       1
148 2.501921e-03       1
149 3.192244e-02       1
150 2.865455e-02       1
151 4.725261e-03       1
152 4.062916e-02       1
153 4.818985e-02       1
154 5.909113e-05       1
155 8.369478e-03       1
156 1.306055e-03       1
157 5.689340e-02       1
158 2.465520e-03       1
159 1.436288e-01       1
160 1.086709e-03       1
161 3.051155e-02       1
162 2.677329e-03       1
163 1.706150e-03       1
164 2.657754e-02       1
165 3.599726e-04       1
166 2.199617e-02       1
167 2.015556e-03       1
168 6.665772e-05       1
169 5.878046e-05       1
170 1.384842e-02       1
171 3.430849e-03       1
172 2.289202e-04       1
173 3.462136e-03       1
174 2.106590e-02       1
175 5.646014e-05       1
176 8.655351e-03       1
177 8.332170e-02       1
178 1.882087e-02       1
179 1.182813e-02       1
180 8.637832e-02       1
181 1.464985e-04       1
182 1.977061e-02       1
183 1.445462e-03       1
184 1.533554e-02       1
185 1.303994e-04       1
186 1.741914e-02       1
187 4.058341e-04       1
188 1.070139e-01       1
189 2.703399e-03       1
190 1.633839e-04       1
191 1.553392e-03       1
192 1.807855e-04       1
193 3.585961e-03       1
194 1.239038e-03       1
195 1.995849e-02       1
196 3.138650e-06       1
197 1.734199e-02       1
198 7.755643e-04       1
199 1.582292e-03       1
200 5.213559e-04       1
201 4.407057e-03       1
202 4.306401e-04       1
203 2.485073e-02       1
204 1.767483e-03       1
205 2.461292e-02       1
206 1.786796e-03       1
207 6.774619e-04       1
208 8.506180e-04       1
209 9.355741e-04       1
210 6.529055e-05       1
211 3.502872e-03       1
212 1.939679e-04       1
213 4.852328e-02       1
214 2.129461e-03       1
215 3.365610e-03       1
216 4.092144e-04       1
217 3.317755e-03       1
218 3.293816e-03       1
219 1.023018e-03       1
220 2.192672e-02       1
221 8.441977e-03       1
222 4.642423e-02       1
223 4.450640e-04       1
224 1.618062e-02       1
225 1.619345e-03       1
226 1.735048e-02       1
227 1.721390e-03       1
228 2.297904e-03       1
229 7.722880e-03       1
230 6.710185e-03       1
231 1.011863e-02       1
232 1.119400e-03       1
233 2.169364e-02       1
234 2.707057e-02       1
235 2.247170e-02       1
236 5.921390e-02       1
237 6.844703e-04       1
238 3.147337e-02       1
239 4.111415e-04       1
240 1.942197e-02       1
241 1.790216e-04       1
242 9.506364e-07       1
243 9.221831e-04       1
244 1.161360e-01       1
245 1.851755e-02       1
246 2.246216e-02       1
247 2.090005e-02       1
248 2.771184e-04       1
249 1.841655e-02       1
250 8.815353e-03       1
251 5.922618e-03       1
252 8.636451e-03       1
253 6.496569e-02       1
254 6.192834e-03       1
255 1.935483e-03       1
256 1.412794e-02       1
257 2.858279e-03       1
258 7.143679e-04       1
259 1.589331e-03       1
260 4.777110e-04       1
261 3.895579e-05       1
262 6.506870e-03       1
263 1.045294e-02       1
264 5.373053e-03       1
265 3.518195e-02       1
266 1.514515e-04       1
267 3.856464e-03       1
268 3.891595e-03       1
269 1.223545e-03       1
270 6.024036e-02       1
271 1.131722e-03       1
272 6.835396e-03       1
273 3.684448e-03       1
274 6.586154e-03       1
275 1.055089e-03       1
276 1.268586e-01       1
277 1.131633e-05       1
278 1.829120e-06       1
279 2.844088e-02       1
280 1.871582e-04       1
281 2.253638e-04       1
282 8.047971e-06       1
283 1.282154e-02       1
284 1.507578e-02       1
285 3.968209e-02       1
286 5.485489e-02       1
287 1.751342e-02       1
288 9.678185e-03       1
289 5.617415e-03       1
290 1.406276e-02       1
291 2.056037e-03       1
292 3.465656e-02       1
293 3.420383e-04       1
294 2.570793e-03       1
295 1.953832e-02       1
296 1.980005e-04       1
297 6.737994e-04       1
298 9.986264e-04       1
299 1.065122e-02       1
300 1.487686e-02       1
301 1.145461e-04       1
302 1.189893e-03       1
303 1.808930e-02       1
304 1.062969e-04       1
305 7.366863e-06       1
306 3.383266e-04       1
307 1.750892e-02       1
308 1.546465e-03       1
309 5.713211e-03       1
310 1.532664e-04       1
311 1.521164e-03       1
312 3.011596e-03       1
313 1.178269e-02       1
314 7.182400e-04       1
315 1.540815e-03       1
316 1.635720e-03       1
317 2.070909e-02       1
318 1.500945e-03       1
319 4.109685e-02       1
320 1.958059e-02       1
321 3.769104e-02       1
322 6.399687e-02       1
323 1.813770e-02       1
324 1.057418e-02       1
325 1.920844e-02       1
326 3.025121e-03       1
327 4.066912e-07       1
328 3.425154e-03       1
329 3.854934e-02       1
330 1.320384e-03       1
331 1.891420e-02       1
332 4.890765e-02       1
333 1.860872e-05       1
334 1.228509e-03       1
335 6.739840e-03       1
336 6.919809e-03       1
337 9.607855e-03       1
338 1.955514e-04       1
339 1.811020e-02       1
340 4.932835e-02       1
341 1.127362e-02       1
342 9.915449e-03       1
343 3.905352e-04       1
344 3.960446e-02       1
345 1.399834e-03       1
346 2.210972e-03       1
347 1.818312e-02       1
348 3.444973e-03       1
349 4.784517e-04       1
350 7.953180e-03       1
351 1.123847e-03       1
352 6.610270e-02       1
353 3.261826e-03       1
354 2.267271e-02       1
355 7.387823e-02       1
356 9.198261e-04       1
357 2.605600e-02       1
358 2.730587e-02       1
359 4.579535e-03       1
360 1.390925e-02       1
361 1.814405e-02       1
362 2.216180e-03       1
363 2.142655e-02       1
364 5.586150e-03       1
365 3.046077e-03       1
366 1.952614e-01       1
367 1.079107e-02       1
368 8.211525e-04       1
369 1.656098e-03       1
370 3.015692e-05       1
371 3.937191e-04       1
372 1.180858e-02       1
373 6.283232e-03       1
374 5.416349e-02       1
375 1.444422e-02       1
376 2.861386e-04       1
377 1.117281e-04       1
378 1.455136e-02       1
379 1.013844e-02       1
380 2.873401e-03       1
381 1.062477e-01       1
382 6.344400e-03       1
383 8.988224e-03       1
384 5.348018e-04       1
385 1.123257e-02       1
386 1.535136e-05       1
387 6.131131e-04       1
388 4.201998e-04       1
389 9.722782e-04       1
390 1.072863e-02       1
391 5.927851e-03       1
392 1.105977e-02       1
393 1.332286e-02       1
394 7.915783e-03       1
395 2.893510e-03       1
396 3.525309e-03       1
397 7.416919e-02       1
398 6.931509e-02       1
399 6.425070e-04       1
400 5.364315e-03       1
401 5.966807e-03       1
402 1.763873e-02       1
403 8.233818e-04       1
404 4.170849e-02       1
405 5.090471e-04       1
406 2.939792e-03       1
407 3.550257e-03       1
408 1.878918e-02       1
409 1.166314e-02       1
410 1.496090e-03       1
411 1.333923e-02       1
412 2.716876e-03       1
413 4.886978e-04       1
414 1.796739e-02       1
415 2.324594e-03       1
416 2.524156e-02       1
417 7.531144e-02       1
418 2.661313e-02       1
419 1.698198e-03       1
420 5.753317e-04       1
421 1.386751e-02       1
422 5.383994e-04       1
423 1.438760e-02       1
424 2.245575e-03       1
425 1.589764e-03       1
426 2.364098e-02       1
427 5.962036e-02       1
428 1.431934e-02       1
429 1.968570e-03       1
430 1.358251e-03       1
431 2.565108e-02       1
432 4.101556e-03       1
433 2.704164e-03       1
434 5.625316e-03       1

$`MR-PRESSO results`$`Distortion Test`
$`MR-PRESSO results`$`Distortion Test`$`Outliers Indices`
[1] "No significant outliers"

$`MR-PRESSO results`$`Distortion Test`$`Distortion Coefficient`
[1] NA

$`MR-PRESSO results`$`Distortion Test`$Pvalue
[1] NA



