$`Main MR results`
       Exposure       MR Analysis Causal Estimate         Sd     T-stat
1 beta.exposure               Raw     -0.21530690 0.19643503 -1.0960718
2 beta.exposure Outlier-corrected     -0.02877396 0.04580744 -0.6281503
    P-value
1 0.2756285
2 0.5313519

$`MR-PRESSO results`
$`MR-PRESSO results`$`Global Test`
$`MR-PRESSO results`$`Global Test`$RSSobs
[1] 2860.3

$`MR-PRESSO results`$`Global Test`$Pvalue
[1] "<1e-04"


$`MR-PRESSO results`$`Outlier Test`
          RSSobs  Pvalue
1   1.935222e-05       1
2   4.158802e-05       1
3   2.952630e-04       1
4   1.650693e-03       1
5   1.226417e-04       1
6   3.988567e-04       1
7   2.551035e-05       1
8   2.159307e-05       1
9   1.278358e-04       1
10  1.175789e-05       1
11  4.280163e-03   0.309
12  4.216595e-03  0.3502
13  3.972189e-06       1
14  1.648546e-04       1
15  4.906740e-04       1
16  8.262753e-04       1
17  2.098180e-05       1
18  1.499430e-07       1
19  9.714405e-05       1
20  1.858594e-06       1
21  2.241879e-06       1
22  2.503752e-05       1
23  1.145704e-03       1
24  1.080312e-03       1
25  1.274421e-05       1
26  3.896477e-05       1
27  8.700547e-04       1
28  1.810131e-04       1
29  4.945827e-07       1
30  1.598767e-04       1
31  1.292318e-05       1
32  3.431704e-06       1
33  8.433045e-04       1
34  5.231094e-03  0.0103
35  1.798207e-04       1
36  6.105458e-04       1
37  9.472649e-04       1
38  2.322520e-05       1
39  2.734955e-03       1
40  2.071582e-05       1
41  1.687378e-06       1
42  7.915708e-04       1
43  9.091736e-01 <0.0103
44  3.569794e-04       1
45  7.819735e-04       1
46  2.732812e-04       1
47  1.853677e-05       1
48  9.504448e-03 <0.0103
49  6.593933e-04       1
50  1.045148e-03       1
51  3.894822e-05       1
52  4.517434e-04       1
53  1.438890e-04       1
54  4.571482e-04       1
55  4.852593e-04       1
56  1.106623e-03       1
57  2.061671e-04       1
58  4.224908e-05       1
59  1.211277e-06       1
60  1.297052e-04       1
61  2.652540e-05       1
62  7.223808e-04       1
63  2.259713e-04       1
64  7.879787e-06       1
65  8.316077e-05       1
66  4.165135e-03       1
67  1.003853e-04       1
68  3.779998e-05       1
69  1.611835e-05       1
70  7.063541e-05       1
71  5.396330e-05       1
72  2.382473e-04       1
73  1.731117e-03  0.5974
74  5.204868e-05       1
75  1.668915e-04       1
76  1.669710e-04       1
77  2.924511e-04       1
78  4.850292e-04       1
79  5.289508e-04       1
80  3.516448e-06       1
81  3.192696e-04       1
82  1.031427e-03       1
83  1.525748e-03       1
84  4.994617e-04       1
85  1.149751e-04       1
86  3.739453e-05       1
87  1.698013e-03       1
88  1.208833e-03       1
89  1.211726e-03       1
90  3.001104e-03       1
91  1.677025e-03  0.4532
92  3.372118e-04       1
93  3.698125e-05       1
94  7.904087e-05       1
95  1.851987e-04       1
96  3.099605e-03  0.9579
97  4.621670e-03  0.8961
98  4.366214e-05       1
99  1.841670e-03       1
100 3.354068e-04       1
101 1.769262e-04       1
102 5.239534e-04       1
103 1.371426e-03       1

$`MR-PRESSO results`$`Distortion Test`
$`MR-PRESSO results`$`Distortion Test`$`Outliers Indices`
[1] 34 43 48

$`MR-PRESSO results`$`Distortion Test`$`Distortion Coefficient`
beta.exposure 
      -648.27 

$`MR-PRESSO results`$`Distortion Test`$Pvalue
[1] "<1e-04"



