$`Main MR results`
       Exposure       MR Analysis Causal Estimate          Sd    T-stat
1 beta.exposure               Raw    -0.006818380 0.002681903 -2.542367
2 beta.exposure Outlier-corrected    -0.008446623 0.002426688 -3.480721
      P-value
1 0.011189800
2 0.000526027

$`MR-PRESSO results`
$`MR-PRESSO results`$`Global Test`
$`MR-PRESSO results`$`Global Test`$RSSobs
[1] 1401.468

$`MR-PRESSO results`$`Global Test`$Pvalue
[1] "<2e-05"


$`MR-PRESSO results`$`Outlier Test`
          RSSobs   Pvalue
1   2.302283e-07        1
2   2.576264e-05        1
3   1.649106e-06        1
4   1.047884e-06        1
5   1.276052e-05        1
6   8.471113e-05        1
7   1.277078e-03        1
8   9.068865e-04        1
9   6.922123e-04        1
10  1.676393e-07        1
11  6.129530e-04        1
12  3.676781e-04        1
13  3.922636e-04        1
14  3.287817e-07        1
15  1.518222e-05        1
16  5.836497e-04        1
17  5.380987e-05        1
18  3.052659e-05        1
19  1.679840e-04        1
20  3.644295e-05        1
21  1.658921e-04        1
22  4.243130e-05        1
23  1.668847e-04        1
24  3.173376e-03        1
25  2.253540e-04        1
26  8.252787e-04        1
27  7.522909e-06        1
28  3.720127e-04        1
29  2.509276e-04        1
30  2.374391e-04        1
31  5.679014e-04        1
32  1.310881e-04        1
33  3.847431e-04        1
34  1.457573e-05        1
35  5.932551e-06        1
36  2.891059e-03        1
37  1.888392e-04        1
38  1.286455e-04        1
39  8.822306e-08        1
40  5.549758e-04        1
41  5.735697e-06        1
42  6.870915e-04        1
43  1.279386e-04        1
44  3.419929e-06        1
45  4.674251e-04        1
46  2.267162e-02        1
47  3.216329e-05        1
48  1.065783e-04        1
49  3.981312e-05        1
50  1.888752e-03        1
51  5.364276e-04        1
52  2.414262e-04        1
53  2.807463e-06        1
54  3.486411e-04        1
55  3.875976e-05        1
56  3.276636e-04        1
57  4.731626e-04        1
58  4.668839e-05        1
59  9.119181e-04        1
60  1.806627e-05        1
61  1.977077e-07        1
62  3.673776e-04        1
63  1.063635e-04        1
64  7.118076e-06        1
65  5.411695e-04        1
66  9.392827e-04        1
67  3.811350e-04        1
68  2.007078e-04        1
69  6.678794e-04        1
70  2.796728e-05        1
71  1.617757e-04        1
72  4.566024e-06        1
73  1.791587e-04        1
74  6.033865e-05        1
75  4.403347e-04        1
76  8.074044e-07        1
77  1.159237e-02        1
78  2.726528e-04        1
79  1.243182e-03        1
80  2.273931e-03        1
81  9.098168e-03        1
82  1.539107e-04        1
83  1.920947e-06        1
84  4.319461e-06        1
85  5.595570e-05        1
86  1.411720e-04        1
87  1.359116e-04        1
88  8.125794e-05        1
89  1.560315e-03        1
90  2.947206e-08        1
91  5.936455e-06        1
92  4.789962e-05        1
93  3.121944e-04        1
94  4.658317e-05        1
95  7.698215e-04        1
96  2.384134e-06        1
97  4.708067e-04        1
98  1.844594e-03        1
99  4.203365e-04        1
100 1.582543e-03        1
101 3.446029e-04        1
102 2.351466e-04        1
103 1.022543e-03        1
104 1.154296e-03        1
105 2.201096e-04        1
106 1.105600e-03        1
107 3.713956e-05        1
108 3.522392e-04        1
109 9.132461e-05        1
110 1.626907e-04        1
111 1.611899e-03        1
112 9.556499e-04        1
113 1.265747e-05        1
114 4.169139e-05        1
115 3.382144e-03        1
116 4.192606e-04        1
117 3.278200e-04        1
118 1.857119e-04        1
119 9.732308e-06        1
120 2.601965e-05        1
121 8.330772e-05        1
122 5.940743e-05        1
123 7.263342e-04        1
124 5.555189e-04        1
125 3.361432e-04        1
126 6.114082e-05        1
127 2.883746e-04        1
128 2.552801e-04        1
129 3.769703e-04        1
130 1.479068e-04        1
131 1.829616e-06        1
132 1.579156e-04        1
133 1.698536e-04        1
134 2.332897e-04        1
135 1.133976e-04        1
136 1.918528e-04        1
137 1.860347e-06        1
138 2.407091e-04        1
139 3.623746e-07        1
140 1.511908e-06        1
141 1.585795e-03        1
142 1.326714e-03        1
143 6.203149e-05        1
144 1.716701e-05        1
145 2.587022e-04        1
146 9.505820e-04        1
147 7.016097e-04        1
148 2.077228e-04        1
149 3.480974e-04        1
150 7.031738e-05        1
151 4.505923e-04        1
152 2.121383e-04        1
153 4.169201e-04        1
154 7.318147e-06        1
155 3.444309e-05        1
156 1.444441e-04        1
157 3.454094e-06        1
158 6.494985e-04        1
159 4.872175e-04        1
160 1.504435e-05        1
161 4.897019e-06        1
162 7.676699e-07        1
163 3.310481e-04        1
164 3.451615e-05        1
165 2.481407e-04        1
166 1.020839e-05        1
167 1.949329e-04        1
168 3.343290e-04        1
169 4.070040e-04        1
170 1.209202e-03        1
171 3.114943e-04        1
172 9.874431e-04        1
173 3.176961e-05        1
174 4.367363e-04        1
175 2.300745e-03        1
176 3.436788e-04        1
177 9.636629e-03        1
178 3.864072e-05        1
179 1.980171e-04        1
180 7.976553e-05        1
181 1.049956e-03        1
182 7.099326e-05        1
183 1.221653e-05        1
184 1.307055e-03        1
185 1.040925e-04        1
186 2.412735e-05        1
187 8.093958e-08        1
188 2.091446e-04        1
189 1.640814e-05        1
190 5.926423e-05        1
191 2.260098e-06        1
192 9.053160e-04        1
193 7.818829e-05        1
194 1.221726e-03        1
195 5.066189e-05        1
196 1.811609e-04        1
197 8.572511e-03        1
198 2.112039e-04        1
199 1.458575e-04        1
200 7.336304e-04        1
201 2.265848e-04        1
202 1.384393e-04        1
203 5.146040e-03        1
204 1.194842e-04        1
205 2.760432e-04        1
206 3.480656e-05        1
207 1.000365e-03        1
208 1.704879e-04        1
209 1.443887e-02        1
210 1.931780e-04        1
211 1.897847e-03        1
212 3.639651e-05        1
213 5.985164e-03        1
214 3.626335e-03        1
215 7.229025e-04        1
216 5.790703e-06        1
217 4.377128e-03        1
218 2.581469e-06        1
219 1.824226e-03        1
220 4.558326e-07        1
221 9.292123e-03        1
222 1.728936e-03        1
223 1.527791e-03        1
224 3.508138e-04        1
225 6.805102e-04        1
226 2.047234e-06        1
227 9.369146e-04        1
228 4.856190e-04        1
229 3.481662e-05        1
230 3.422315e-05        1
231 3.224942e-04        1
232 3.937111e-04        1
233 6.644179e-04        1
234 4.062034e-04        1
235 1.460869e-04        1
236 1.018250e-03        1
237 3.624604e-04        1
238 1.844030e-04        1
239 5.793326e-05        1
240 8.482162e-06        1
241 1.870417e-02        1
242 1.172672e-05        1
243 1.093514e-06        1
244 1.255482e-03        1
245 3.386189e-03        1
246 2.046352e-04        1
247 7.627949e-05        1
248 4.437484e-04        1
249 2.876390e-06        1
250 3.470677e-05        1
251 2.879783e-04        1
252 4.212879e-03        1
253 4.076074e-05        1
254 2.347979e-04        1
255 8.557850e-04        1
256 6.316784e-06        1
257 1.650807e-04        1
258 1.872603e-03        1
259 1.113291e-05        1
260 1.207067e-04        1
261 4.431723e-05        1
262 1.222626e-04        1
263 1.487788e-04        1
264 7.801744e-04        1
265 3.681037e-06        1
266 4.436009e-06        1
267 4.647368e-04        1
268 1.115329e-04        1
269 6.294101e-05        1
270 1.436300e-05        1
271 3.261751e-06        1
272 3.877235e-06        1
273 5.467411e-05        1
274 3.809655e-05        1
275 2.384722e-05        1
276 2.401065e-06        1
277 2.029143e-04        1
278 5.439941e-04        1
279 5.909765e-05        1
280 1.157487e-04        1
281 1.575703e-04        1
282 1.750899e-04        1
283 4.438870e-04        1
284 9.938771e-04        1
285 1.375036e-04        1
286 6.084139e-04        1
287 1.160141e-05        1
288 1.129601e-03        1
289 1.676038e-07        1
290 2.851054e-04        1
291 3.988136e-08        1
292 2.138527e-03        1
293 3.437125e-04        1
294 4.313551e-04        1
295 2.309401e-04        1
296 1.058747e-05        1
297 4.013157e-04        1
298 2.006512e-05        1
299 1.908854e-04        1
300 9.606668e-06        1
301 8.129103e-05        1
302 1.009468e-04        1
303 2.889094e-05        1
304 1.442464e-03        1
305 1.945668e-03        1
306 3.000112e-06        1
307 9.805788e-05        1
308 2.574949e-03        1
309 7.888208e-04        1
310 8.117893e-04        1
311 3.051317e-05        1
312 9.906423e-06        1
313 8.204982e-05        1
314 2.924499e-05        1
315 2.196624e-04        1
316 1.200372e-05        1
317 5.948973e-05        1
318 7.989293e-05        1
319 1.005339e-03        1
320 2.602442e-04        1
321 1.003311e-08        1
322 6.623185e-06        1
323 1.851410e-04        1
324 1.940129e-04        1
325 8.386488e-05        1
326 6.318362e-05        1
327 2.400761e-05        1
328 2.233939e-04        1
329 1.030544e-04        1
330 2.569336e-04        1
331 6.572107e-03  0.30132
332 2.531977e-05        1
333 6.639061e-04        1
334 1.122771e-04        1
335 3.432575e-05        1
336 2.755972e-05        1
337 4.952667e-04        1
338 4.246413e-05        1
339 6.097393e-04        1
340 2.934012e-04        1
341 6.089260e-04        1
342 2.225349e-03        1
343 1.091300e-05        1
344 1.759716e-04        1
345 2.170793e-04        1
346 5.536869e-04        1
347 2.465717e-06        1
348 6.306736e-04        1
349 7.077127e-05        1
350 6.197472e-04        1
351 1.043686e-04        1
352 7.306967e-04        1
353 3.817647e-04        1
354 3.774583e-04        1
355 3.922008e-04        1
356 3.627072e-04        1
357 2.579191e-05        1
358 3.034116e-04        1
359 1.739463e-04        1
360 1.237825e-04        1
361 1.340811e-04        1
362 7.169563e-06        1
363 1.657729e-05        1
364 5.154151e-06        1
365 2.445649e-04        1
366 2.412052e-04        1
367 6.619041e-06        1
368 3.412647e-03        1
369 1.043963e-03        1
370 6.197848e-06        1
371 3.285671e-04        1
372 2.674190e-04        1
373 2.389150e-03        1
374 5.988996e-04        1
375 7.966628e-04        1
376 2.559110e-05        1
377 9.971956e-05        1
378 1.308258e-04        1
379 7.951741e-05        1
380 1.946434e-05        1
381 6.416004e-04        1
382 4.433010e-03        1
383 3.219874e-04        1
384 8.852645e-05        1
385 3.790368e-04        1
386 1.732926e-04        1
387 1.182455e-06        1
388 8.004450e-06        1
389 1.083393e-03        1
390 1.082077e-03        1
391 4.848705e-05        1
392 6.954998e-06        1
393 1.830376e-03        1
394 1.236287e-04        1
395 3.081204e-03        1
396 7.182322e-04        1
397 2.181515e-03        1
398 1.706414e-04        1
399 8.945780e-06        1
400 3.188628e-04        1
401 1.460350e-03        1
402 2.232553e-05        1
403 5.565520e-05        1
404 2.747348e-06        1
405 3.013826e-05        1
406 4.899274e-04        1
407 1.491123e-04        1
408 2.314083e-04        1
409 2.706580e-04        1
410 6.166120e-05        1
411 1.185470e-03        1
412 2.563905e-04        1
413 7.165378e-04        1
414 1.071780e-03        1
415 2.029997e-05        1
416 1.465875e-05        1
417 8.901447e-04        1
418 3.055840e-04        1
419 1.148730e-04        1
420 1.781320e-04        1
421 6.003014e-05        1
422 1.540304e-03        1
423 7.284251e-04        1
424 1.689675e-03        1
425 7.441930e-06        1
426 5.389379e-05        1
427 9.797585e-05        1
428 6.024979e-05        1
429 5.576366e-04        1
430 2.925693e-04        1
431 2.728751e-04        1
432 5.222662e-05        1
433 2.545763e-06        1
434 9.499583e-04        1
435 9.506517e-05        1
436 1.788705e-03        1
437 3.223279e-05        1
438 1.427925e-03        1
439 1.585966e-05        1
440 2.784260e-06        1
441 1.407050e-04        1
442 6.286500e-04        1
443 2.139717e-04        1
444 4.240825e-05        1
445 3.349997e-05        1
446 1.200985e-06        1
447 1.189000e-04        1
448 2.107880e-04        1
449 7.053571e-04        1
450 2.726802e-05        1
451 1.816476e-04        1
452 1.754626e-07        1
453 2.929229e-05        1
454 8.550558e-04        1
455 9.256522e-04        1
456 7.420661e-04        1
457 3.727839e-05        1
458 2.077326e-07        1
459 3.641799e-04        1
460 1.664193e-04        1
461 3.096940e-03  0.28458
462 7.450311e-04        1
463 2.943799e-05        1
464 2.072640e-06        1
465 1.279755e-04        1
466 1.426198e-03        1
467 3.409724e-04        1
468 3.595575e-06        1
469 3.578539e-04        1
470 4.365892e-05        1
471 7.345617e-04        1
472 1.401225e-04        1
473 1.000524e-06        1
474 1.184051e-04        1
475 3.843504e-04        1
476 9.347702e-05        1
477 4.936927e-04        1
478 2.369234e-03  0.48546
479 1.317171e-05        1
480 8.655843e-05        1
481 1.696548e-05        1
482 2.646295e-04        1
483 3.254678e-06        1
484 1.879900e-03        1
485 5.072615e-04        1
486 9.243738e-06        1
487 2.284496e-04        1
488 7.216384e-06        1
489 3.192485e-04        1
490 7.580534e-04        1
491 1.783582e-04        1
492 1.969465e-03        1
493 1.094767e-04        1
494 3.660072e-05        1
495 5.092158e-06        1
496 1.108301e-04        1
497 4.960568e-04        1
498 3.488811e-04        1
499 1.153080e-04        1
500 1.054501e-10        1
501 2.318782e-04        1
502 3.276121e-04        1
503 4.660267e-05        1
504 8.762811e-04        1
505 9.201181e-05        1
506 4.675580e-06        1
507 1.166592e-04        1
508 9.076856e-05        1
509 1.157619e-04        1
510 3.082839e-05        1
511 1.080280e-03        1
512 1.521426e-03        1
513 1.980141e-04        1
514 6.961907e-04        1
515 1.232843e-04        1
516 1.543809e-03        1
517 7.245813e-06        1
518 9.601699e-05        1
519 2.976437e-04        1
520 2.596113e-04        1
521 1.685600e-03        1
522 4.000289e-05        1
523 1.098079e-05        1
524 2.139168e-04        1
525 3.098028e-04        1
526 7.471627e-04        1
527 1.959386e-04        1
528 2.756391e-06        1
529 8.039253e-04        1
530 2.329784e-04        1
531 6.323691e-05        1
532 5.007776e-04        1
533 1.480963e-04        1
534 6.022922e-04        1
535 8.525505e-05        1
536 4.811034e-04        1
537 1.702902e-03        1
538 2.734935e-04        1
539 1.670461e-04        1
540 6.072186e-03        1
541 1.032914e-04        1
542 2.257293e-03        1
543 1.130203e-04        1
544 2.394120e-05        1
545 1.545869e-06        1
546 2.017535e-04        1
547 1.111176e-03        1
548 2.684535e-05        1
549 3.645265e-03        1
550 2.788899e-04        1
551 3.032417e-05        1
552 5.904362e-06        1
553 1.045810e-05        1
554 9.000481e-04        1
555 2.993850e-04        1
556 8.967564e-05        1
557 7.823884e-04        1
558 5.134480e-05        1
559 1.290976e-03        1
560 1.187321e-04        1
561 2.310447e-06        1
562 7.066070e-06        1
563 1.036712e-03        1
564 9.159526e-06        1
565 1.129620e-06        1
566 2.852160e-02        1
567 3.307382e-04        1
568 3.154358e-05        1
569 2.562078e-04        1
570 3.990591e-04        1
571 5.686975e-03        1
572 2.897882e-04        1
573 7.428736e-04        1
574 2.047664e-04        1
575 9.004340e-05        1
576 1.833606e-05        1
577 7.934142e-04        1
578 7.415102e-04        1
579 7.195384e-04        1
580 4.022642e-03        1
581 2.078046e-03        1
582 1.005055e-03        1
583 4.292241e-04        1
584 1.029033e-04        1
585 8.767981e-04        1
586 6.556294e-04        1
587 2.239006e-04        1
588 2.341057e-05        1
589 2.479172e-03        1
590 3.081442e-04        1
591 2.251537e-05        1
592 4.579653e-04        1
593 4.414400e-05        1
594 4.350259e-04        1
595 1.968867e-04        1
596 5.772853e-04        1
597 4.620915e-05        1
598 8.042392e-05        1
599 3.726823e-05        1
600 5.315669e-05        1
601 1.132762e-03        1
602 1.221862e-03        1
603 7.232565e-05        1
604 3.214348e-04        1
605 3.897980e-04        1
606 2.637633e-03        1
607 4.395629e-05        1
608 2.257482e-04        1
609 1.065966e-03        1
610 7.935125e-05        1
611 1.779467e-05        1
612 5.178834e-04        1
613 1.720300e-04        1
614 2.141344e-04        1
615 1.490007e-03        1
616 9.148726e-05        1
617 1.302494e-04        1
618 3.784692e-04        1
619 2.579193e-04        1
620 1.214911e-04        1
621 3.321770e-04        1
622 2.309542e-05        1
623 5.859977e-05        1
624 1.945410e-04        1
625 3.489348e-05        1
626 1.315073e-03        1
627 8.710205e-04        1
628 1.856389e-03        1
629 3.908162e-03        1
630 1.178617e-03        1
631 9.882022e-04        1
632 6.913860e-05        1
633 5.739635e-09        1
634 8.368727e-04        1
635 1.474409e-03        1
636 3.626050e-05        1
637 1.049547e-04        1
638 1.800007e-03        1
639 2.742355e-06        1
640 6.910574e-04        1
641 2.938027e-04        1
642 2.367392e-04        1
643 7.575852e-05        1
644 7.951698e-05        1
645 3.005372e-04        1
646 1.021977e-03        1
647 4.934701e-03 <0.01674
648 7.158326e-04        1
649 1.734920e-06        1
650 2.183228e-05        1
651 1.071414e-04        1
652 2.295147e-04        1
653 2.582176e-05        1
654 3.587118e-04        1
655 1.011103e-03        1
656 7.156090e-04        1
657 3.437381e-04        1
658 1.327085e-04        1
659 1.357454e-04        1
660 6.523664e-05        1
661 4.553912e-05        1
662 3.506948e-04        1
663 6.296645e-04        1
664 3.474491e-04        1
665 1.370797e-03        1
666 3.066240e-03  0.63612
667 1.753551e-04        1
668 3.014504e-06        1
669 8.776890e-06        1
670 4.221804e-04        1
671 1.214586e-02        1
672 7.387715e-04        1
673 2.057158e-04        1
674 1.479426e-05        1
675 4.356996e-05        1
676 1.834698e-03        1
677 5.152887e-03  0.71982
678 2.026360e-05        1
679 2.109545e-04        1
680 1.839371e-06        1
681 8.926432e-04        1
682 1.538728e-04        1
683 3.963210e-03        1
684 6.999711e-05        1
685 1.703429e-05        1
686 6.077590e-04        1
687 3.020743e-03        1
688 2.153161e-04        1
689 3.708034e-04        1
690 4.437529e-04        1
691 8.408524e-04        1
692 6.754677e-05        1
693 1.294222e-03        1
694 3.826795e-05        1
695 5.202559e-04        1
696 4.356263e-06        1
697 4.783332e-05        1
698 7.531699e-06        1
699 6.499290e-06        1
700 2.315397e-04        1
701 1.241208e-04        1
702 1.529812e-04        1
703 4.563400e-05        1
704 1.252194e-03        1
705 2.099814e-04        1
706 2.215285e-01 <0.01674
707 6.381065e-05        1
708 4.972693e-04        1
709 9.406314e-05        1
710 2.384478e-03        1
711 1.286178e-04        1
712 6.955074e-04        1
713 1.740161e-04        1
714 1.882801e-04        1
715 3.836944e-06        1
716 3.417598e-04        1
717 8.463111e-04        1
718 2.967932e-07        1
719 1.944738e-03        1
720 2.032748e-04        1
721 3.979712e-03        1
722 6.852124e-04        1
723 3.639611e-04        1
724 2.158893e-04        1
725 1.259425e-02        1
726 4.171214e-05        1
727 3.185720e-03        1
728 1.612924e-05        1
729 6.990868e-05        1
730 3.101971e-07        1
731 5.716529e-06        1
732 1.018407e-05        1
733 8.638554e-05        1
734 1.545719e-05        1
735 2.139594e-04        1
736 2.391413e-04        1
737 3.457759e-03        1
738 2.141669e-05        1
739 2.375735e-04        1
740 9.795454e-04        1
741 2.535969e-05        1
742 1.202750e-02        1
743 5.134612e-04        1
744 2.955443e-05        1
745 2.808691e-03        1
746 1.500196e-04        1
747 5.700276e-04        1
748 5.154605e-04        1
749 5.502916e-04        1
750 1.271194e-04        1
751 3.728381e-05        1
752 1.915590e-04        1
753 3.884473e-05        1
754 2.532710e-04        1
755 7.760110e-05        1
756 2.698172e-04        1
757 2.057172e-03        1
758 5.489430e-05        1
759 1.553014e-05        1
760 1.186931e-04        1
761 2.079620e-04        1
762 1.031251e-03        1
763 1.000985e-06        1
764 6.255191e-04        1
765 5.093250e-05        1
766 8.880119e-05        1
767 1.505947e-04        1
768 6.250724e-03        1
769 3.430911e-05        1
770 1.341500e-04        1
771 1.727808e-04        1
772 1.863478e-03        1
773 1.588340e-04        1
774 1.038918e-04        1
775 3.584594e-05        1
776 5.338795e-04        1
777 6.494636e-04        1
778 9.821260e-05        1
779 2.078519e-03        1
780 2.858324e-04        1
781 2.479772e-06        1
782 2.164830e-03        1
783 1.950341e-03        1
784 3.449962e-05        1
785 2.265847e-05        1
786 4.129742e-05        1
787 1.787012e-05        1
788 3.215325e-04        1
789 1.750654e-03        1
790 7.254512e-04        1
791 1.172383e-07        1
792 9.414880e-05        1
793 5.303304e-04        1
794 2.826265e-06        1
795 2.795275e-07        1
796 7.809884e-05        1
797 5.938846e-05        1
798 2.123395e-04        1
799 4.087629e-04        1
800 9.826497e-05        1
801 8.248703e-05        1
802 3.222567e-05        1
803 7.894798e-04        1
804 9.709359e-05        1
805 2.623936e-05        1
806 2.386505e-07        1
807 1.378492e-04        1
808 2.550541e-05        1
809 3.592806e-04        1
810 2.391599e-05        1
811 8.014820e-05        1
812 9.648122e-05        1
813 1.167679e-04        1
814 1.020438e-04        1
815 5.574433e-04        1
816 3.954452e-06        1
817 6.024841e-07        1
818 2.016638e-04        1
819 6.123717e-06        1
820 1.982949e-05        1
821 8.502598e-06        1
822 1.115971e-03        1
823 1.095882e-03        1
824 1.396468e-03        1
825 1.049706e-03        1
826 1.241565e-03        1
827 5.562939e-04        1
828 2.867312e-04        1
829 3.915552e-06        1
830 9.914639e-04        1
831 5.741530e-06        1
832 4.385424e-04        1
833 3.977802e-04        1
834 3.658075e-04        1
835 8.302569e-04        1
836 4.115240e-04        1
837 8.746976e-05        1

$`MR-PRESSO results`$`Distortion Test`
$`MR-PRESSO results`$`Distortion Test`$`Outliers Indices`
[1] 647 706

$`MR-PRESSO results`$`Distortion Test`$`Distortion Coefficient`
beta.exposure 
     19.27685 

$`MR-PRESSO results`$`Distortion Test`$Pvalue
[1] 0.57024



