$`Main MR results`
       Exposure       MR Analysis Causal Estimate         Sd    T-stat
1 beta.exposure               Raw     0.039644055 0.01225851 3.2340023
2 beta.exposure Outlier-corrected     0.006763565 0.01110716 0.6089372
      P-value
1 0.001386487
2 0.543127948

$`MR-PRESSO results`
$`MR-PRESSO results`$`Global Test`
$`MR-PRESSO results`$`Global Test`$RSSobs
[1] 391.1243

$`MR-PRESSO results`$`Global Test`$Pvalue
[1] "<1e-04"


$`MR-PRESSO results`$`Outlier Test`
          RSSobs  Pvalue
1   9.942063e-05       1
2   3.732659e-05       1
3   4.533291e-05       1
4   6.153206e-05       1
5   1.060433e-04       1
6   3.334581e-05       1
7   1.788011e-05       1
8   3.754344e-06       1
9   1.260035e-04       1
10  2.818280e-05       1
11  2.424832e-04       1
12  7.263667e-04       1
13  8.862939e-06       1
14  5.656421e-04       1
15  3.736361e-06       1
16  4.778984e-04       1
17  4.740235e-05       1
18  8.728595e-06       1
19  1.339757e-04       1
20  8.107498e-08       1
21  1.066898e-05       1
22  4.009079e-05       1
23  1.802438e-07       1
24  1.406101e-04       1
25  5.483089e-05       1
26  1.051965e-05       1
27  9.031401e-05       1
28  2.722892e-06       1
29  1.511750e-06       1
30  4.234525e-06       1
31  1.521601e-06       1
32  6.999019e-05       1
33  8.897934e-08       1
34  1.391240e-05       1
35  2.948520e-06       1
36  1.400893e-05       1
37  1.956065e-04       1
38  1.255072e-04       1
39  1.366226e-04       1
40  4.133118e-04       1
41  1.627014e-05       1
42  8.844834e-05       1
43  5.837537e-05       1
44  6.145764e-04       1
45  1.024486e-05       1
46  2.396342e-06       1
47  8.111993e-05       1
48  1.133814e-04       1
49  1.116816e-04       1
50  3.977683e-05       1
51  1.693439e-04       1
52  1.070270e-04       1
53  1.440174e-05       1
54  1.025686e-04       1
55  6.908925e-05       1
56  3.303608e-05       1
57  4.609349e-05       1
58  4.180402e-05       1
59  1.262291e-06       1
60  6.630914e-06       1
61  3.424768e-05       1
62  8.482496e-06       1
63  4.108696e-07       1
64  1.138139e-05       1
65  1.128943e-04       1
66  4.982548e-04  0.0249
67  4.642358e-07       1
68  8.891538e-05       1
69  2.451972e-05       1
70  1.346973e-04       1
71  9.797661e-05       1
72  5.791322e-05       1
73  1.855808e-04       1
74  1.460835e-07       1
75  3.139528e-05       1
76  2.023286e-07       1
77  1.105406e-04       1
78  7.703630e-05       1
79  3.415846e-05       1
80  2.821502e-06       1
81  2.184526e-05       1
82  5.547563e-04       1
83  1.355782e-06       1
84  1.151005e-07       1
85  2.189009e-07       1
86  3.161129e-04       1
87  5.273717e-06       1
88  2.005090e-05       1
89  1.575277e-05       1
90  4.368246e-06       1
91  2.906541e-05       1
92  9.652135e-05       1
93  1.793088e-05       1
94  5.712653e-05       1
95  1.242182e-05       1
96  4.062761e-03 <0.0249
97  7.269977e-04  0.5229
98  1.628619e-06       1
99  1.570853e-06       1
100 5.671814e-05       1
101 3.874440e-06       1
102 1.517480e-05       1
103 1.052086e-05       1
104 9.591054e-05       1
105 1.077174e-07       1
106 1.489886e-04       1
107 2.247661e-04       1
108 2.204797e-05       1
109 5.937949e-05       1
110 9.164506e-06       1
111 2.521714e-08       1
112 1.187264e-06       1
113 1.473681e-05       1
114 6.471351e-06       1
115 2.105117e-05       1
116 7.407492e-08       1
117 1.253495e-04       1
118 4.957469e-06       1
119 9.292678e-06       1
120 1.774994e-05       1
121 5.849531e-07       1
122 2.557798e-06       1
123 1.759206e-05       1
124 2.807820e-04       1
125 3.626642e-04  0.4482
126 4.799280e-05       1
127 1.312761e-04       1
128 4.853025e-05       1
129 3.794127e-05       1
130 7.315115e-07       1
131 2.661406e-05       1
132 8.504207e-06       1
133 2.336206e-05       1
134 4.972464e-06       1
135 2.570899e-06       1
136 2.132775e-05       1
137 3.562592e-05       1
138 4.858674e-05       1
139 7.297817e-06       1
140 1.337629e-04       1
141 1.259180e-06       1
142 5.136003e-06       1
143 4.358168e-06       1
144 3.487020e-06       1
145 4.047715e-05       1
146 2.663491e-08       1
147 8.343992e-05       1
148 2.681462e-05       1
149 3.514622e-06       1
150 3.235341e-04       1
151 1.042782e-06       1
152 2.968961e-05       1
153 3.460238e-05       1
154 1.553945e-05       1
155 1.444146e-04       1
156 4.133629e-04  0.3735
157 1.359545e-05       1
158 3.618207e-06       1
159 8.345489e-06       1
160 2.303546e-05       1
161 8.536219e-05       1
162 3.460680e-05       1
163 8.169798e-05       1
164 1.066297e-06       1
165 2.559362e-05       1
166 2.823100e-05       1
167 2.363333e-05       1
168 5.122833e-08       1
169 2.120871e-05       1
170 2.461695e-05       1
171 2.803909e-05       1
172 3.056807e-05       1
173 3.017468e-05       1
174 6.752099e-05       1
175 2.000813e-04       1
176 6.973526e-05       1
177 9.080095e-04       1
178 4.228949e-05       1
179 2.985098e-05       1
180 5.734973e-06       1
181 5.156177e-04  0.7968
182 1.658975e-05       1
183 1.526094e-05       1
184 3.574684e-05       1
185 5.322028e-05       1
186 5.824892e-04       1
187 1.542358e-05       1
188 1.506096e-05       1
189 1.565856e-05       1
190 1.439910e-05       1
191 4.558524e-06       1
192 1.924758e-06       1
193 2.268660e-04       1
194 5.360607e-06       1
195 5.401224e-06       1
196 3.460971e-05       1
197 1.841939e-06       1
198 8.364977e-05       1
199 4.933727e-05       1
200 1.446193e-05       1
201 2.325434e-08       1
202 4.095237e-05       1
203 6.621178e-04       1
204 1.066444e-04       1
205 7.329542e-06       1
206 1.312320e-06       1
207 2.911590e-05       1
208 2.601693e-05       1
209 5.270792e-04       1
210 9.842619e-06       1
211 3.722562e-05       1
212 1.005968e-04       1
213 4.053110e-05       1
214 2.899988e-06       1
215 1.065213e-04       1
216 4.580570e-05       1
217 1.188717e-06       1
218 1.140302e-05       1
219 1.977635e-04       1
220 1.230911e-04       1
221 9.730073e-06       1
222 3.795036e-04       1
223 7.520048e-05       1
224 2.457605e-04       1
225 7.006753e-06       1
226 1.492828e-07       1
227 1.262601e-05       1
228 8.640773e-05       1
229 1.319675e-05       1
230 6.510321e-07       1
231 3.418940e-04       1
232 4.189626e-05       1
233 1.624953e-05       1
234 7.472527e-09       1
235 2.121312e-06       1
236 7.783703e-05       1
237 1.322923e-04       1
238 3.789960e-06       1
239 4.884159e-06       1
240 1.910315e-05       1
241 1.305803e-04       1
242 1.196011e-04       1
243 3.171103e-04       1
244 4.420435e-05       1
245 2.864483e-08       1
246 1.819838e-05       1
247 5.706328e-06       1
248 4.944454e-05       1
249 3.515253e-06       1

$`MR-PRESSO results`$`Distortion Test`
$`MR-PRESSO results`$`Distortion Test`$`Outliers Indices`
[1] 66 96

$`MR-PRESSO results`$`Distortion Test`$`Distortion Coefficient`
beta.exposure 
     486.1414 

$`MR-PRESSO results`$`Distortion Test`$Pvalue
[1] 2e-04



