$`Main MR results`
       Exposure       MR Analysis Causal Estimate         Sd      T-stat
1 beta.exposure               Raw    -0.003798214 0.07740644 -0.04906845
2 beta.exposure Outlier-corrected    -0.029340671 0.07329498 -0.40030942
    P-value
1 0.9609046
2 0.6892775

$`MR-PRESSO results`
$`MR-PRESSO results`$`Global Test`
$`MR-PRESSO results`$`Global Test`$RSSobs
[1] 338.9146

$`MR-PRESSO results`$`Global Test`$Pvalue
[1] "<1e-04"


$`MR-PRESSO results`$`Outlier Test`
          RSSobs  Pvalue
1   7.001592e-05       1
2   1.984711e-05       1
3   3.097488e-04       1
4   1.033016e-04       1
5   4.455375e-04       1
6   2.836327e-03       1
7   1.967404e-07       1
8   3.570123e-05       1
9   5.810905e-05       1
10  1.056684e-05       1
11  8.033996e-05       1
12  8.194305e-05       1
13  5.742757e-05       1
14  1.460092e-04       1
15  1.564347e-03       1
16  1.384791e-03       1
17  3.990664e-04       1
18  3.441199e-05       1
19  6.766011e-04       1
20  1.483709e-05       1
21  4.605735e-03       1
22  6.283877e-04       1
23  1.268682e-04       1
24  1.506579e-04       1
25  2.780899e-03       1
26  1.017262e-04       1
27  3.453061e-03       1
28  1.524536e-03       1
29  3.939807e-05       1
30  1.119438e-04       1
31  1.509102e-03       1
32  1.226412e-04       1
33  3.726338e-04       1
34  4.245278e-07       1
35  1.972146e-07       1
36  4.320557e-05       1
37  1.991685e-05       1
38  2.184080e-04       1
39  4.701189e-05       1
40  2.026974e-03       1
41  8.609086e-05       1
42  2.275259e-04       1
43  2.466240e-05       1
44  1.143573e-03       1
45  1.198840e-03       1
46  4.089152e-04       1
47  2.293090e-03       1
48  2.986597e-04       1
49  1.379110e-05       1
50  6.316781e-08       1
51  1.528858e-03       1
52  1.480184e-04       1
53  7.464109e-07       1
54  1.715437e-04       1
55  2.126883e-06       1
56  2.930973e-06       1
57  1.141456e-04       1
58  3.318533e-05       1
59  1.316926e-02       1
60  3.939537e-03       1
61  1.654469e-02       1
62  1.862146e-06       1
63  7.009152e-04       1
64  4.701686e-03       1
65  1.381725e-03       1
66  8.106632e-04       1
67  4.789878e-05       1
68  3.468893e-05       1
69  1.001397e-04       1
70  1.424484e-04       1
71  5.097573e-03       1
72  3.543295e-04       1
73  2.368962e-04       1
74  6.591368e-06       1
75  2.363234e-04       1
76  3.570207e-05       1
77  3.087517e-07       1
78  1.801716e-05       1
79  9.183048e-04       1
80  3.486939e-03       1
81  2.719240e-04       1
82  3.168844e-03       1
83  4.130542e-04       1
84  5.694973e-03       1
85  9.252690e-04       1
86  1.686729e-04       1
87  6.497695e-04       1
88  6.580265e-06       1
89  2.271651e-05       1
90  1.984595e-04       1
91  7.625214e-04       1
92  1.932020e-03       1
93  9.252675e-06       1
94  6.996723e-06       1
95  8.948004e-05       1
96  6.304502e-04       1
97  9.070501e-04       1
98  7.018920e-05       1
99  2.756696e-06       1
100 4.705739e-03       1
101 1.510286e-04       1
102 2.143500e-06       1
103 1.856201e-06       1
104 3.488535e-04       1
105 2.560089e-05       1
106 9.422083e-06       1
107 4.573415e-04       1
108 1.116756e-03       1
109 1.998529e-05       1
110 6.819598e-05       1
111 1.280461e-05       1
112 3.812566e-05       1
113 6.155982e-04       1
114 3.187341e-05       1
115 3.107222e-05       1
116 8.598941e-04       1
117 6.453276e-04       1
118 3.013207e-07       1
119 8.751569e-05       1
120 7.687167e-05       1
121 3.453786e-04       1
122 1.460601e-04       1
123 1.926702e-04       1
124 1.367016e-03       1
125 2.984013e-05       1
126 4.650741e-03       1
127 1.155389e-03       1
128 1.564630e-05       1
129 1.712153e-04       1
130 5.149072e-05       1
131 1.607593e-04       1
132 1.660346e-04       1
133 6.297186e-04       1
134 1.785775e-04       1
135 8.782155e-04       1
136 3.564415e-04       1
137 2.686660e-04       1
138 8.186482e-04       1
139 1.117599e-03       1
140 1.500930e-03       1
141 8.416579e-05       1
142 2.340028e-04       1
143 8.968262e-04       1
144 1.960227e-04       1
145 3.991720e-04       1
146 1.766260e-04       1
147 2.545302e-03       1
148 6.835487e-04       1
149 8.371875e-05       1
150 1.370277e-03       1
151 1.073715e-04       1
152 5.379895e-07       1
153 6.909601e-04       1
154 8.593718e-05       1
155 2.738292e-06       1
156 8.635137e-03 <0.0247
157 9.741131e-05       1
158 6.641808e-05       1
159 3.936639e-05       1
160 1.815061e-06       1
161 7.316713e-05       1
162 1.613765e-04       1
163 1.720984e-03       1
164 9.786938e-05       1
165 5.702759e-04       1
166 6.889983e-04       1
167 7.245618e-04       1
168 1.990940e-05       1
169 1.565774e-03       1
170 7.274982e-04       1
171 5.019999e-05       1
172 1.036821e-04       1
173 2.339557e-04       1
174 5.495885e-03       1
175 3.094293e-05       1
176 7.018164e-06       1
177 5.863629e-04       1
178 3.333722e-03       1
179 1.666584e-03       1
180 1.480624e-04       1
181 7.622145e-04       1
182 1.632968e-03       1
183 1.604565e-04       1
184 1.439634e-03       1
185 2.041300e-04       1
186 7.254261e-07       1
187 1.857697e-06       1
188 6.816939e-05       1
189 2.388950e-06       1
190 4.121082e-04       1
191 1.098725e-04       1
192 9.368961e-05       1
193 4.613389e-04       1
194 2.858877e-05       1
195 6.583480e-06       1
196 2.365309e-05       1
197 2.954373e-05       1
198 3.472788e-04       1
199 4.917434e-03       1
200 1.273716e-05       1
201 2.707214e-06       1
202 8.610725e-05       1
203 9.624227e-04       1
204 3.951096e-04       1
205 2.567438e-02  0.3458
206 2.008421e-03       1
207 1.650876e-04       1
208 1.904915e-03       1
209 1.058129e-03       1
210 1.938279e-03       1
211 5.510992e-04       1
212 1.606323e-04       1
213 2.769237e-03       1
214 1.803571e-06       1
215 8.945353e-04       1
216 2.129199e-04       1
217 1.038367e-03       1
218 1.597743e-03       1
219 6.366715e-05       1
220 3.524213e-05       1
221 1.504945e-04       1
222 5.180496e-07       1
223 2.412254e-04       1
224 2.214482e-04       1
225 8.828748e-04       1
226 7.919844e-05       1
227 4.116796e-03       1
228 6.560721e-05       1
229 1.449165e-04       1
230 3.543360e-05       1
231 9.988545e-04       1
232 2.393432e-03  0.3211
233 1.006274e-03       1
234 3.151790e-07       1
235 7.349022e-04       1
236 1.865388e-06       1
237 9.966525e-05       1
238 9.415138e-06       1
239 7.703083e-05       1
240 4.873307e-04       1
241 1.338974e-04       1
242 2.187911e-04       1
243 4.551764e-05       1
244 4.485190e-04       1
245 1.182947e-04       1
246 9.754108e-04       1
247 2.013809e-04       1

$`MR-PRESSO results`$`Distortion Test`
$`MR-PRESSO results`$`Distortion Test`$`Outliers Indices`
[1] 156

$`MR-PRESSO results`$`Distortion Test`$`Distortion Coefficient`
beta.exposure 
     87.05478 

$`MR-PRESSO results`$`Distortion Test`$Pvalue
[1] 0.8373



