$`Main MR results`
       Exposure       MR Analysis Causal Estimate       Sd   T-stat    P-value
1 beta.exposure               Raw        14.44948 8.331117 1.734399 0.08295142
2 beta.exposure Outlier-corrected              NA       NA       NA         NA

$`MR-PRESSO results`
$`MR-PRESSO results`$`Global Test`
$`MR-PRESSO results`$`Global Test`$RSSobs
[1] 3193.694

$`MR-PRESSO results`$`Global Test`$Pvalue
[1] 0.00149


$`MR-PRESSO results`$`Outlier Test`
           RSSobs Pvalue
1    2.727283e+01      1
2    3.192443e+01      1
3    2.840826e-02      1
4    5.123933e-02      1
5    1.145190e+00      1
6    3.153586e+01      1
7    4.207731e+01      1
8    1.688373e+00      1
9    1.347550e+00      1
10   1.345882e+01      1
11   5.609564e+01      1
12   1.096006e+03      1
13   2.899811e-01      1
14   2.160341e+01      1
15   1.964416e+01      1
16   1.859249e+01      1
17   2.137240e+02      1
18   1.359880e-01      1
19   5.779168e+00      1
20   2.957561e+00      1
21   6.938300e+00      1
22   2.687811e+00      1
23   8.527432e-01      1
24   3.347591e+01      1
25   6.298368e+01      1
26   7.668587e-01      1
27   2.632683e+01      1
28   7.149375e+01      1
29   9.916013e-01      1
30   1.056746e+02      1
31   1.015695e+01      1
32   4.825229e-02      1
33   2.365898e+01      1
34   1.710949e+01      1
35   7.232360e+00      1
36   1.079837e+01      1
37   3.936865e-01      1
38   2.066384e+00      1
39   1.402308e+02      1
40   3.794939e+00      1
41   2.533950e+00      1
42   1.594210e+00      1
43   3.719628e-01      1
44   1.845161e+01      1
45   7.845522e+01      1
46   5.579985e+01      1
47   1.696492e+01      1
48   2.592205e+02      1
49   1.311178e+01      1
50   5.234160e+00      1
51   3.726355e+01      1
52   3.945899e+01      1
53   3.391443e+00      1
54   2.062299e+01      1
55   3.375324e+01      1
56   1.146185e+02      1
57   1.673705e+01      1
58   1.353344e+01      1
59   1.022622e+02      1
60   1.455482e+02      1
61   1.988082e+01      1
62   1.167348e+01      1
63   3.980574e-02      1
64   5.280192e+00      1
65   1.537357e+02      1
66   1.451198e+02      1
67   4.806835e+01      1
68   6.572958e+01      1
69   7.780620e+01      1
70   9.728218e+01      1
71   9.459884e-01      1
72   2.928085e+02      1
73   1.395796e+01      1
74   3.184503e+01      1
75   5.339279e+01      1
76   4.827903e+01      1
77   5.418896e+00      1
78   1.266912e+02      1
79   9.381979e+00      1
80   6.509748e+01      1
81   9.340556e+01      1
82   3.319344e+01      1
83   9.530963e+01      1
84   3.335148e+00      1
85   3.854073e+01      1
86   8.380322e+00      1
87   1.984028e+02      1
88   1.061380e+01      1
89   1.988874e-01      1
90   8.894875e-01      1
91   4.631551e+00      1
92   4.273989e+01      1
93   7.696734e+00      1
94   5.230042e+00      1
95   1.925167e+01      1
96   2.261624e-03      1
97   1.832396e+00      1
98   9.637524e-01      1
99   7.504438e-01      1
100  8.019288e+01      1
101  1.316965e+01      1
102  5.821845e+00      1
103  4.808163e+01      1
104  1.098127e+01      1
105  2.304676e+00      1
106  6.878992e+01      1
107  7.918546e-01      1
108  9.470056e-01      1
109  2.835671e+02      1
110  1.196724e+01      1
111  1.363535e+02      1
112  7.823793e+01      1
113  9.962624e-02      1
114  3.608446e+00      1
115  1.118784e+01      1
116  1.477882e+02      1
117  6.539138e+01      1
118  1.181437e+01      1
119  3.603114e+01      1
120  5.116852e+01      1
121  1.731064e+00      1
122  1.231390e+01      1
123  2.731846e+00      1
124  3.833830e+00      1
125  3.185694e+00      1
126  1.766165e+01      1
127  1.456677e+01      1
128  1.196561e+01      1
129  7.050356e+01      1
130  1.104225e+01      1
131  3.014895e+01      1
132  2.227326e+01      1
133  5.491316e+01      1
134  1.352379e+01      1
135  8.027966e+01      1
136  2.984789e+01      1
137  7.940592e+01      1
138  4.052322e+01      1
139  1.419587e+01      1
140  1.535337e+01      1
141  3.557622e+01      1
142  6.725443e+01      1
143  7.709813e+02      1
144  4.402342e+01      1
145  7.110460e+01      1
146  1.390270e+01      1
147  5.001420e+01      1
148  1.151726e+02      1
149  6.543234e+01      1
150  5.073790e+00      1
151  2.409474e+02      1
152  1.501619e+00      1
153  2.842119e+02      1
154  5.617364e-01      1
155  1.983329e+01      1
156  7.628569e+01      1
157  3.520463e+00      1
158  2.304313e+01      1
159  2.564736e+00      1
160  1.737631e+00      1
161  1.375955e+01      1
162  9.308121e-02      1
163  2.547318e+01      1
164  5.751367e+00      1
165  7.001705e+00      1
166  9.747256e-01      1
167  1.355537e+01      1
168  3.899287e+00      1
169  1.119118e+00      1
170  6.035397e-02      1
171  3.745546e+00      1
172  2.734939e-02      1
173  2.149795e+01      1
174  2.031134e+01      1
175  3.871955e+01      1
176  7.868047e-01      1
177  1.045514e+01      1
178  1.070210e+00      1
179  1.172474e+01      1
180  1.490358e+01      1
181  6.222728e+00      1
182  9.929273e-01      1
183  4.927680e+01      1
184  3.757565e+00      1
185  5.150425e+01      1
186  2.101675e+00      1
187  4.712999e+00      1
188  4.310483e-01      1
189  2.394225e+01      1
190  8.078595e+00      1
191  6.850429e+00      1
192  2.148150e+01      1
193  1.257199e+01      1
194  9.890948e+00      1
195  2.374562e+01      1
196  4.053465e+01      1
197  4.353469e+01      1
198  3.004711e+01      1
199  7.270920e+01      1
200  1.800520e+01      1
201  5.587132e+01      1
202  1.048632e+00      1
203  6.601945e+01      1
204  6.509538e-01      1
205  1.986002e+01      1
206  3.830925e+01      1
207  6.098165e-01      1
208  2.651297e+01      1
209  1.581284e+00      1
210  1.028935e+02      1
211  3.135128e+00      1
212  1.604200e-02      1
213  3.729280e+00      1
214  4.739893e+01      1
215  2.399197e+00      1
216  7.049508e+00      1
217  4.256170e+01      1
218  3.589352e+01      1
219  8.248556e+00      1
220  2.553222e+01      1
221  7.424921e-01      1
222  2.088470e-01      1
223  2.395202e+00      1
224  9.371718e+02      1
225  5.121889e+01      1
226  2.165511e+02      1
227  8.183831e+01      1
228  3.843159e-01      1
229  3.615902e+01      1
230  1.065579e+02      1
231  6.886804e+01      1
232  2.280669e+01      1
233  8.297894e-01      1
234  1.502850e+01      1
235  8.440080e+00      1
236  1.998796e-01      1
237  2.210822e+01      1
238  6.592199e-01      1
239  1.013572e+02      1
240  1.985841e+00      1
241  3.023163e+00      1
242  4.367203e+00      1
243  1.214041e+01      1
244  4.334756e-01      1
245  3.618532e+01      1
246  1.507821e+01      1
247  7.658347e+00      1
248  9.167137e+00      1
249  1.562180e+01      1
250  9.417038e+01      1
251  4.771107e+01      1
252  3.547634e+01      1
253  1.916219e+01      1
254  1.944014e+02      1
255  6.703362e+01      1
256  2.864912e+00      1
257  2.034134e+01      1
258  2.785100e+01      1
259  5.138542e+01      1
260  9.528747e+01      1
261  4.095606e+00      1
262  1.734048e+01      1
263  6.149818e+00      1
264  6.748872e-01      1
265  8.042100e+01      1
266  7.061803e+01      1
267  1.341538e+02      1
268  9.460842e+00      1
269  6.442325e+00      1
270  1.112893e+01      1
271  6.576121e+01      1
272  4.106336e-04      1
273  1.067474e+02      1
274  2.829592e+01      1
275  4.014107e+00      1
276  3.633234e+00      1
277  5.359748e+01      1
278  5.031131e+01      1
279  9.927343e+01      1
280  5.628734e+02      1
281  9.446643e-01      1
282  5.365557e+00      1
283  1.196211e+01      1
284  2.679303e+01      1
285  2.851802e+01      1
286  8.770013e-02      1
287  6.853529e+00      1
288  3.176638e+01      1
289  9.044439e+01      1
290  1.423319e+02      1
291  1.422846e+01      1
292  6.264893e+01      1
293  8.945523e+01      1
294  1.606925e+00      1
295  3.238137e+00      1
296  2.828059e+00      1
297  1.502143e+02      1
298  1.019211e+00      1
299  1.637531e+02      1
300  1.518045e+01      1
301  1.295751e+01      1
302  5.937575e+01      1
303  2.077221e+01      1
304  4.226056e+01      1
305  8.161784e+00      1
306  1.879471e+00      1
307  2.001778e+01      1
308  1.298117e-01      1
309  3.083184e+01      1
310  6.255777e+01      1
311  8.933832e+00      1
312  7.309064e+00      1
313  2.395279e+01      1
314  7.149234e+00      1
315  1.398380e+02      1
316  8.512715e+00      1
317  1.502240e+02      1
318  3.426298e+01      1
319  1.134868e+00      1
320  1.457706e+01      1
321  2.190524e+01      1
322  2.685241e-01      1
323  2.746583e+00      1
324  1.580500e+01      1
325  1.675021e+00      1
326  2.784859e+01      1
327  1.223197e-01      1
328  1.403591e+02      1
329  2.619939e+01      1
330  2.420113e+00      1
331  7.442397e+00      1
332  6.218451e+01      1
333  7.845148e+00      1
334  2.045405e+00      1
335  1.765648e+00      1
336  3.728503e+01      1
337  3.739565e+01      1
338  3.730514e+02      1
339  2.022899e+02      1
340  4.165846e+01      1
341  5.655351e-01      1
342  1.587764e+00      1
343  6.105775e+00      1
344  1.658225e+01      1
345  1.703278e+01      1
346  1.569475e+02      1
347  3.748654e+00      1
348  7.359711e+00      1
349  2.721761e-01      1
350  1.043027e+02      1
351  1.796442e+00      1
352  4.279765e+01      1
353  2.216710e+01      1
354  4.644185e+01      1
355  4.234306e-01      1
356  1.423783e-01      1
357  3.113489e+01      1
358  4.189593e-01      1
359  1.384643e+01      1
360  7.549886e+00      1
361  3.330986e-01      1
362  7.772140e-01      1
363  5.861963e+01      1
364  4.416929e-01      1
365  8.610892e+00      1
366  1.280759e+00      1
367  4.059246e+01      1
368  2.594956e+00      1
369  3.766389e+01      1
370  3.871233e+01      1
371  5.654139e+01      1
372  2.381157e+01      1
373  4.456194e+01      1
374  8.775451e+01      1
375  7.543445e+00      1
376  1.200787e+01      1
377  1.411769e+02      1
378  3.627903e+00      1
379  2.377162e+00      1
380  5.545781e+00      1
381  2.578683e+02      1
382  4.378925e+01      1
383  2.268445e+01      1
384  7.402301e+00      1
385  4.077316e+01      1
386  3.522411e+01      1
387  2.758877e+01      1
388  6.553483e+01      1
389  3.371752e+00      1
390  9.105566e-03      1
391  3.926661e-01      1
392  3.166708e+01      1
393  1.138416e+01      1
394  3.388143e+00      1
395  9.490742e+00      1
396  1.577232e+02      1
397  3.061435e+01      1
398  5.613397e+00      1
399  1.053761e+01      1
400  6.864391e+00      1
401  3.274245e-02      1
402  1.831064e+00      1
403  5.330410e-01      1
404  8.657966e+01      1
405  4.754184e+00      1
406  2.799085e+00      1
407  2.066467e-01      1
408  9.639182e-02      1
409  1.527279e+01      1
410  2.216276e+01      1
411  8.575460e+00      1
412  5.430505e+01      1
413  2.889347e+00      1
414  1.035132e-02      1
415  1.951558e+01      1
416  7.110493e+00      1
417  2.443553e-01      1
418  2.365680e+01      1
419  1.607362e+02      1
420  3.455817e+01      1
421  8.653967e+01      1
422  2.144052e+02      1
423  5.411034e+01      1
424  4.551772e+01      1
425  2.374013e+00      1
426  1.317537e+01      1
427  2.242437e+00      1
428  1.366019e+00      1
429  6.965894e+00      1
430  1.094882e+01      1
431  1.292179e+01      1
432  4.840563e+01      1
433  6.627675e+01      1
434  1.212115e+02      1
435  4.451848e-01      1
436  8.194123e+00      1
437  1.688062e+03      1
438  2.258308e-01      1
439  5.987930e+00      1
440  2.796848e+00      1
441  7.272156e+01      1
442  1.332487e+01      1
443  8.026117e+01      1
444  1.888939e-01      1
445  1.123493e+01      1
446  4.442455e-01      1
447  6.357589e-01      1
448  1.136048e+01      1
449  1.036514e+00      1
450  8.061835e+00      1
451  1.712913e+00      1
452  1.976294e+01      1
453  2.400027e+00      1
454  3.930790e-03      1
455  9.505222e+01      1
456  1.128274e+01      1
457  1.355802e+02      1
458  3.402784e+02      1
459  2.987588e+01      1
460  5.175487e+00      1
461  9.913440e-03      1
462  6.359687e+02      1
463  8.380412e-01      1
464  1.188360e+01      1
465  3.776701e+01      1
466  2.263844e+01      1
467  2.619881e-01      1
468  4.527930e+01      1
469  2.655619e+01      1
470  1.995889e+01      1
471  4.567521e-02      1
472  1.041192e+01      1
473  9.067282e-02      1
474  1.070920e+02      1
475  7.079425e+01      1
476  1.564912e+01      1
477  4.278438e+01      1
478  2.528834e+02      1
479  8.593457e-01      1
480  1.186031e+00      1
481  5.132213e+00      1
482  2.290005e+01      1
483  7.761192e+02      1
484  2.354365e+00      1
485  5.498064e+00      1
486  7.972345e+01      1
487  2.047837e-01      1
488  8.962851e+01      1
489  9.153927e+01      1
490  3.706055e+01      1
491  7.209487e+00      1
492  2.126704e+00      1
493  9.589970e+00      1
494  1.754877e+00      1
495  1.157027e+01      1
496  3.004736e+00      1
497  1.271953e+01      1
498  2.547107e-01      1
499  3.036513e+02      1
500  2.883117e+00      1
501  9.578777e+01      1
502  2.331549e+00      1
503  1.678378e+00      1
504  1.316090e+01      1
505  2.204231e+01      1
506  1.873284e-01      1
507  7.970119e+01      1
508  1.240754e+01      1
509  5.165255e+01      1
510  4.324300e+01      1
511  9.600567e-01      1
512  2.344379e+01      1
513  7.133203e-03      1
514  1.093781e+01      1
515  3.753528e-02      1
516  2.595095e-02      1
517  1.431404e+02      1
518  5.821297e+00      1
519  4.189721e+01      1
520  5.435330e+00      1
521  8.692023e-01      1
522  1.029493e+02      1
523  3.544566e+02      1
524  4.901226e+01      1
525  6.769361e+01      1
526  2.711871e+01      1
527  8.415336e+01      1
528  3.262496e+01      1
529  3.914566e+01      1
530  4.293031e+01      1
531  5.984015e-02      1
532  1.888436e+02      1
533  1.502046e+00      1
534  3.029685e+01      1
535  1.399554e+02      1
536  3.901285e+02      1
537  1.902583e+02      1
538  2.373003e+01      1
539  4.244625e+01      1
540  2.446346e+02      1
541  9.255727e+01      1
542  5.992907e-02      1
543  1.300710e+01      1
544  7.723133e+01      1
545  3.242571e+00      1
546  7.083007e+01      1
547  1.653139e+02      1
548  2.455241e+00      1
549  7.321550e+01      1
550  7.669515e+01      1
551  1.572449e+01      1
552  8.075984e+00      1
553  1.209039e+01      1
554  4.337350e+01      1
555  1.581013e+01      1
556  1.383068e+02      1
557  3.243654e+01      1
558  2.861961e+00      1
559  8.344192e-01      1
560  2.435269e+01      1
561  1.875170e+02      1
562  1.721808e-02      1
563  1.292482e+02      1
564  1.147776e+02      1
565  1.204524e+02      1
566  1.514902e+01      1
567  6.911962e+01      1
568  3.507293e+01      1
569  1.423055e+02      1
570  5.832516e+00      1
571  4.955762e-01      1
572  1.031141e+02      1
573  3.423502e+01      1
574  3.641185e-03      1
575  4.839719e+01      1
576  5.598443e+00      1
577  4.254709e+00      1
578  3.503831e+01      1
579  3.738615e+01      1
580  3.916237e+01      1
581  1.660817e+00      1
582  3.895863e+00      1
583  2.518220e+00      1
584  6.542883e+00      1
585  2.015033e+00      1
586  3.695819e+01      1
587  1.780402e+01      1
588  2.854224e+01      1
589  2.171956e+02      1
590  5.216742e+01      1
591  9.162954e+01      1
592  5.445799e-01      1
593  7.174095e+01      1
594  3.713618e+01      1
595  1.986911e+00      1
596  4.663603e+01      1
597  1.789510e+00      1
598  2.587776e+00      1
599  2.542133e-01      1
600  1.725547e+01      1
601  1.599619e+01      1
602  6.018797e+00      1
603  2.556049e+01      1
604  1.076976e+02      1
605  1.266157e+01      1
606  1.549097e+02      1
607  1.035948e-01      1
608  1.305336e+01      1
609  1.065353e+01      1
610  5.973588e-01      1
611  2.178576e+00      1
612  1.075252e+02      1
613  1.273507e+00      1
614  3.622285e+00      1
615  8.801195e+00      1
616  3.987039e+00      1
617  5.544824e+01      1
618  1.788055e+01      1
619  1.879059e+01      1
620  3.410297e+00      1
621  7.278695e+00      1
622  7.753880e+00      1
623  6.687893e+00      1
624  2.611305e+01      1
625  3.267755e+02      1
626  7.874263e+01      1
627  2.348031e+01      1
628  8.353203e+01      1
629  1.645238e+02      1
630  4.421928e+01      1
631  1.706329e+02      1
632  2.417741e+00      1
633  4.686191e-01      1
634  7.099276e+01      1
635  1.812457e+01      1
636  2.167142e+01      1
637  8.900844e+01      1
638  1.726938e+01      1
639  2.487416e-01      1
640  2.413402e+01      1
641  4.754162e+01      1
642  3.910572e+00      1
643  2.124898e+01      1
644  1.584195e+00      1
645  3.420718e+02      1
646  2.250516e+01      1
647  2.254592e-02      1
648  9.768837e+01      1
649  1.055504e+01      1
650  1.656248e+01      1
651  6.225066e+01      1
652  9.472395e+00      1
653  5.152394e-02      1
654  2.661106e+01      1
655  1.280767e+01      1
656  5.918786e+00      1
657  1.101229e-02      1
658  4.847250e+00      1
659  4.868098e+00      1
660  5.290391e+01      1
661  3.159707e+02      1
662  2.984036e+00      1
663  1.111735e+01      1
664  7.036406e+01      1
665  1.922559e+01      1
666  3.721604e+01      1
667  8.195464e-03      1
668  7.430844e+01      1
669  8.713007e+01      1
670  4.433961e+01      1
671  1.045923e+00      1
672  3.024393e+00      1
673  2.948982e+01      1
674  6.885993e-01      1
675  6.680232e+00      1
676  3.753926e+01      1
677  4.269744e+00      1
678  1.571635e+01      1
679  9.281296e+00      1
680  6.194168e+00      1
681  5.972643e+01      1
682  8.523632e-02      1
683  1.931956e+00      1
684  7.662182e+01      1
685  2.737941e-02      1
686  7.189140e-01      1
687  4.283587e+01      1
688  8.706609e+01      1
689  3.358065e+00      1
690  3.676391e-01      1
691  8.580809e+00      1
692  2.690561e+01      1
693  8.934203e+00      1
694  1.343155e+00      1
695  4.710632e+01      1
696  2.267874e+02      1
697  5.160498e+01      1
698  8.796938e+00      1
699  2.014848e+01      1
700  6.262995e+00      1
701  1.744321e+02      1
702  1.851325e+01      1
703  9.458613e+01      1
704  8.429747e+00      1
705  2.035316e+00      1
706  4.809815e+01      1
707  5.471454e+01      1
708  2.419207e+01      1
709  4.755971e+02      1
710  3.664867e+00      1
711  5.595424e-01      1
712  4.287383e+01      1
713  8.803747e-02      1
714  1.388788e+01      1
715  5.738670e+01      1
716  3.480197e+01      1
717  3.245286e+00      1
718  8.079609e-01      1
719  2.037118e+01      1
720  1.034452e+01      1
721  4.626588e+02      1
722  1.312873e+00      1
723  5.764768e+00      1
724  2.522637e+02      1
725  1.509138e+01      1
726  2.124944e-01      1
727  6.939214e+02      1
728  1.386025e+01      1
729  9.588600e-01      1
730  4.252658e+01      1
731  5.447214e+01      1
732  1.461472e+01      1
733  4.102389e-01      1
734  1.114209e+01      1
735  7.655601e+00      1
736  6.619206e+01      1
737  2.572201e+01      1
738  4.134462e-01      1
739  1.400075e+01      1
740  3.022347e+01      1
741  3.306550e+01      1
742  7.103093e+00      1
743  7.603309e+01      1
744  3.457783e+00      1
745  1.334562e+02      1
746  3.314455e+00      1
747  2.760237e+00      1
748  2.019723e+01      1
749  6.898941e+00      1
750  1.748646e+02      1
751  2.883740e+01      1
752  6.886676e+00      1
753  7.909849e+00      1
754  8.910935e-02      1
755  6.796833e+00      1
756  1.262924e+02      1
757  3.323303e+01      1
758  5.894748e+00      1
759  9.758319e+01      1
760  7.077611e+00      1
761  3.015883e-01      1
762  1.534693e+00      1
763  2.065393e+02      1
764  2.096498e+02      1
765  1.088095e+02      1
766  5.067569e+00      1
767  1.428144e+01      1
768  6.848166e+01      1
769  6.883079e+01      1
770  3.963903e+01      1
771  5.987425e+00      1
772  1.271004e+02      1
773  2.138708e+01      1
774  4.118544e+00      1
775  3.312373e+00      1
776  4.838750e-01      1
777  2.256415e+00      1
778  5.912915e+00      1
779  6.680660e+01      1
780  1.084012e+02      1
781  5.872075e+00      1
782  8.219661e+01      1
783  1.148747e+01      1
784  1.202032e+02      1
785  5.928445e+00      1
786  3.639579e+01      1
787  2.644845e+00      1
788  1.994289e+00      1
789  1.401010e+01      1
790  4.430171e+01      1
791  2.820917e-01      1
792  1.305282e-01      1
793  5.980849e+00      1
794  3.579574e+00      1
795  1.249413e+01      1
796  9.225907e+01      1
797  1.119613e+02      1
798  2.039961e+02      1
799  3.075726e+01      1
800  1.438512e+00      1
801  3.488159e+01      1
802  4.398422e-04      1
803  1.857928e+00      1
804  5.973717e+01      1
805  4.279601e+00      1
806  6.400358e+01      1
807  3.470508e+01      1
808  2.230159e+01      1
809  9.456917e+01      1
810  1.517283e+01      1
811  6.283529e-01      1
812  2.018438e+01      1
813  2.053072e+01      1
814  1.329799e+01      1
815  3.394996e-03      1
816  1.138116e+00      1
817  7.821853e+00      1
818  9.822051e+00      1
819  2.119219e+00      1
820  4.007269e+01      1
821  3.471670e+01      1
822  3.651980e+01      1
823  9.352504e+00      1
824  3.418320e+01      1
825  1.165201e+02      1
826  1.254864e+02      1
827  2.527461e+01      1
828  6.611323e-01      1
829  2.491829e+00      1
830  3.849775e+01      1
831  3.731642e+02      1
832  1.079064e+00      1
833  6.902109e+00      1
834  6.724416e-01      1
835  4.112271e+01      1
836  6.937482e+00      1
837  1.733090e+00      1
838  6.079364e-01      1
839  3.735782e+01      1
840  1.732240e+00      1
841  1.692030e+02      1
842  4.719735e+00      1
843  1.277302e+02      1
844  1.863559e+02      1
845  9.863869e+01      1
846  4.533943e-02      1
847  4.011446e+00      1
848  2.384783e+01      1
849  1.884402e+00      1
850  2.882143e+00      1
851  1.929121e+00      1
852  3.858049e+01      1
853  2.949467e-01      1
854  1.544786e+02      1
855  1.374498e+02      1
856  8.170932e-01      1
857  1.866088e+00      1
858  2.611156e-02      1
859  4.707982e+00      1
860  3.226790e+01      1
861  1.712095e+01      1
862  8.896332e+01      1
863  1.566784e+01      1
864  7.392638e+00      1
865  3.495965e-01      1
866  8.186449e+00      1
867  1.142850e+01      1
868  5.202407e+01      1
869  5.809248e+01      1
870  1.156387e+02      1
871  1.959047e+00      1
872  9.166923e+01      1
873  3.800558e+01      1
874  2.520907e+01      1
875  2.728612e+00      1
876  1.370727e+02      1
877  3.583850e+01      1
878  2.009220e+01      1
879  2.227389e-02      1
880  1.202469e+01      1
881  2.615661e+01      1
882  1.079772e+01      1
883  3.335614e+02      1
884  2.860601e-03      1
885  1.345703e+01      1
886  5.069668e+01      1
887  2.582734e+00      1
888  7.723273e+01      1
889  1.444830e+00      1
890  9.280357e-01      1
891  5.821198e-01      1
892  1.107687e+00      1
893  1.082129e+02      1
894  1.861531e+02      1
895  2.863611e+00      1
896  5.041035e+00      1
897  7.584929e+00      1
898  1.128905e+02      1
899  6.801390e+00      1
900  1.073432e+01      1
901  5.105613e+00      1
902  3.821692e+01      1
903  8.820583e-02      1
904  1.450914e+00      1
905  1.699546e+01      1
906  1.157128e+02      1
907  1.438990e+01      1
908  6.774933e-01      1
909  5.025083e+01      1
910  2.911497e+01      1
911  1.640615e+02      1
912  2.632607e+00      1
913  1.660678e+01      1
914  3.079766e+01      1
915  4.353523e+01      1
916  1.750149e+01      1
917  1.040287e+02      1
918  1.450692e+01      1
919  1.406193e-01      1
920  3.003109e+01      1
921  4.639374e-03      1
922  1.023197e+01      1
923  1.306429e+01      1
924  5.915553e+01      1
925  1.267590e+01      1
926  1.112133e+00      1
927  1.061958e+00      1
928  6.288904e+01      1
929  3.824517e+01      1
930  2.540630e+01      1
931  6.051468e+01      1
932  4.885033e+01      1
933  8.117670e+01      1
934  1.880851e+01      1
935  1.331451e+01      1
936  5.309485e+00      1
937  5.246022e+01      1
938  1.299173e+01      1
939  3.208101e+00      1
940  4.264857e+01      1
941  1.452287e+01      1
942  1.945029e+00      1
943  1.918110e+01      1
944  4.534833e-01      1
945  3.377902e-02      1
946  1.737754e+02      1
947  3.123070e+00      1
948  2.639482e+01      1
949  2.136068e+02      1
950  9.938105e+00      1
951  4.946592e+01      1
952  1.340481e+01      1
953  2.599588e+01      1
954  7.389272e+01      1
955  1.207931e-05      1
956  2.375751e+01      1
957  8.826166e-01      1
958  1.811799e+01      1
959  2.664551e+00      1
960  3.597670e+00      1
961  5.643510e+00      1
962  1.290610e+01      1
963  1.221981e-02      1
964  3.448186e+00      1
965  1.054594e+02      1
966  3.690415e+00      1
967  8.736041e-01      1
968  1.219563e+02      1
969  3.918477e-01      1
970  7.182692e+01      1
971  3.830963e+00      1
972  2.603854e-01      1
973  5.916957e-01      1
974  1.582340e-01      1
975  1.103491e+02      1
976  7.449843e+00      1
977  9.162044e+00      1
978  9.213616e+01      1
979  4.549237e+01      1
980  3.661816e+00      1
981  1.375836e+00      1
982  7.140641e+00      1
983  1.678515e+01      1
984  4.490440e+01      1
985  5.874174e+01      1
986  5.039528e+01      1
987  6.780818e+00      1
988  1.096116e+02      1
989  1.380915e+02      1
990  2.676914e+01      1
991  2.177652e+01      1
992  3.617880e+00      1
993  2.480786e+01      1
994  1.684535e+01      1
995  4.808563e+01      1
996  1.214641e+02      1
997  1.209433e+00      1
998  6.003328e+01      1
999  6.042864e+00      1
1000 1.261965e+01      1
1001 3.106671e+00      1
1002 3.045445e+01      1
1003 1.394149e+01      1
1004 2.128026e+02      1
1005 3.217122e+02      1
1006 2.123714e+00      1
1007 1.654852e+02      1
1008 2.444826e+01      1
1009 5.413951e+02      1
1010 1.554882e+02      1
1011 1.594002e+02      1
1012 1.174513e+02      1
1013 8.729348e+00      1
1014 6.074906e+01      1
1015 9.495707e-01      1
1016 9.816208e+01      1
1017 5.835585e+00      1
1018 5.932717e+01      1
1019 1.046954e+01      1
1020 5.746449e+01      1
1021 1.381121e+02      1
1022 1.252751e-03      1
1023 7.231964e-01      1
1024 7.692024e-02      1
1025 1.072256e+01      1
1026 3.786086e+02      1
1027 3.102460e-02      1
1028 9.074099e+00      1
1029 1.317535e+00      1
1030 1.844460e+01      1
1031 1.642523e+01      1
1032 2.584302e-01      1
1033 3.351643e+01      1
1034 8.615549e+00      1
1035 1.046393e+01      1
1036 3.548200e+01      1
1037 3.724172e+01      1
1038 7.906620e-01      1
1039 7.834606e+00      1
1040 1.807783e+00      1
1041 3.804227e+00      1
1042 2.067477e+00      1
1043 4.256532e+00      1
1044 2.578223e+02      1
1045 6.110294e+01      1
1046 6.517115e-04      1
1047 1.099094e+01      1
1048 6.308499e-01      1
1049 4.683273e+01      1
1050 8.555467e+01      1
1051 9.260300e+01      1
1052 1.372763e+01      1
1053 4.389116e+01      1
1054 6.973501e+00      1
1055 3.634055e+02      1
1056 1.374679e+02      1
1057 5.116797e+00      1
1058 5.271209e+00      1
1059 2.901898e+01      1
1060 3.197753e-01      1
1061 2.178133e+02      1
1062 6.708344e+01      1
1063 7.944405e+01      1
1064 1.006120e+02      1
1065 1.301231e+03      1
1066 1.743642e+01      1
1067 1.925444e+00      1
1068 2.265413e+00      1
1069 2.045738e+01      1
1070 1.251381e+01      1
1071 2.094414e-02      1
1072 8.554762e+00      1
1073 8.199353e-01      1
1074 5.490622e+01      1
1075 2.850139e+02      1
1076 1.398123e+00      1
1077 4.036344e+00      1
1078 6.058507e+01      1
1079 4.981464e+01      1
1080 2.485077e+01      1
1081 1.320205e+01      1
1082 1.638645e+02      1
1083 5.944683e+01      1
1084 1.831688e+02      1
1085 9.433006e+01      1
1086 2.094833e+02      1
1087 4.208300e+01      1
1088 6.789138e+00      1
1089 7.635990e+01      1
1090 4.617469e+01      1
1091 1.901172e+02      1
1092 2.570093e+01      1
1093 1.100093e+02      1
1094 1.695872e+02      1
1095 5.440844e+00      1
1096 3.035647e+01      1
1097 5.531051e+01      1
1098 9.406297e+00      1
1099 8.521367e-01      1
1100 3.809258e+02      1
1101 3.081546e+01      1
1102 2.375577e+00      1
1103 2.422435e+00      1
1104 4.063458e+02      1
1105 5.349181e+01      1
1106 1.314693e+01      1
1107 2.217801e+01      1
1108 1.756379e-01      1
1109 5.671189e+01      1
1110 1.093035e+01      1
1111 1.426533e+01      1
1112 1.228157e+00      1
1113 2.391510e+02      1
1114 5.638685e+00      1
1115 3.072726e+01      1
1116 2.119207e+02      1
1117 1.498954e+02      1
1118 2.056205e+01      1
1119 2.532219e+00      1
1120 9.327843e+00      1
1121 8.192300e+01      1
1122 5.646813e+00      1
1123 1.154633e+02      1
1124 2.707414e+01      1
1125 3.079422e+00      1
1126 9.729453e+00      1
1127 1.525622e+02      1
1128 2.763940e+01      1
1129 1.301116e+01      1
1130 9.423580e+00      1
1131 4.648579e+01      1
1132 3.175831e+01      1
1133 3.524567e+00      1
1134 2.789675e+01      1
1135 3.097747e+00      1
1136 1.010351e+01      1
1137 1.200026e+00      1
1138 3.215556e+00      1
1139 3.029836e+01      1
1140 1.042058e+00      1
1141 6.591448e-02      1
1142 1.803559e+01      1
1143 1.136274e+03      1
1144 1.003080e+02      1
1145 4.536539e+01      1
1146 2.058236e+01      1
1147 1.110907e+01      1
1148 1.256211e+01      1
1149 1.649563e+01      1
1150 2.832839e+01      1
1151 1.385858e+02      1
1152 1.176358e+02      1
1153 2.071558e+01      1
1154 3.542876e+00      1
1155 3.024658e+01      1
1156 6.141107e+00      1
1157 3.875826e+01      1
1158 4.046946e-04      1
1159 1.294746e+01      1
1160 5.088022e+00      1
1161 3.982577e-01      1
1162 5.247603e+01      1
1163 7.815483e+00      1
1164 4.163217e-02      1
1165 1.608937e+02      1
1166 1.762518e-01      1
1167 1.483368e+01      1
1168 6.979661e+01      1
1169 8.800066e+00      1
1170 6.643875e+00      1
1171 3.795587e+01      1
1172 7.809106e+01      1
1173 2.035915e+00      1
1174 8.798130e+00      1
1175 2.623662e+01      1
1176 1.382097e+02      1
1177 1.658155e+01      1
1178 6.227350e+01      1
1179 1.015065e+02      1
1180 7.976263e+00      1
1181 5.368365e+01      1
1182 3.508554e+01      1
1183 9.041842e+01      1
1184 7.839401e+01      1
1185 1.370679e+02      1
1186 1.325300e+02      1
1187 1.195150e+00      1
1188 8.336316e-01      1
1189 5.140920e+01      1
1190 4.679048e+01      1
1191 5.183442e+01      1
1192 5.451028e+00      1
1193 6.199594e+01      1
1194 1.413335e+02      1
1195 2.104916e+01      1
1196 1.945993e+02      1
1197 8.644354e-01      1
1198 7.048187e+01      1
1199 1.005626e+01      1
1200 1.854688e+00      1
1201 6.667845e+00      1
1202 2.708074e+02      1
1203 1.549527e+00      1
1204 8.523405e+01      1
1205 1.758498e+01      1
1206 2.105556e-01      1
1207 1.062310e+02      1
1208 6.235022e+00      1
1209 8.390168e+00      1
1210 2.479738e+01      1
1211 2.690291e+01      1
1212 4.614415e+01      1
1213 1.108455e+02      1
1214 1.270887e+02      1
1215 1.766233e+01      1
1216 5.986140e+01      1
1217 2.182491e+01      1
1218 6.248521e-01      1
1219 4.571426e+01      1
1220 1.557289e+01      1
1221 3.543472e+01      1
1222 3.863257e+01      1
1223 6.695328e+01      1
1224 8.122484e+00      1
1225 8.445595e+00      1
1226 5.520246e+01      1
1227 2.829411e-01      1
1228 1.711279e+01      1
1229 5.133667e+01      1
1230 1.178034e+01      1
1231 1.978469e+02      1
1232 1.902053e+02      1
1233 3.991846e+01      1
1234 4.339893e-01      1
1235 7.669724e+00      1
1236 1.515211e+00      1
1237 1.767309e+01      1
1238 1.377385e+02      1
1239 1.280872e+00      1
1240 2.735435e+01      1
1241 1.748378e+01      1
1242 1.754257e+01      1
1243 4.904225e+01      1
1244 1.454416e+00      1
1245 1.619837e+00      1
1246 1.378543e-01      1
1247 3.723974e+01      1
1248 3.167320e+00      1
1249 5.312177e+01      1
1250 2.125385e+02      1
1251 1.293749e-04      1
1252 2.268400e-01      1
1253 2.125316e-01      1
1254 2.413170e+02      1
1255 2.846672e+01      1
1256 7.763438e-01      1
1257 1.609229e+02      1
1258 1.559278e+01      1
1259 1.421109e+01      1
1260 3.257140e+01      1
1261 4.959146e+00      1
1262 1.030686e+02      1
1263 6.910411e+01      1
1264 2.758542e+00      1
1265 5.354200e+01      1
1266 1.879965e+02      1
1267 7.966435e-01      1
1268 1.087414e+00      1
1269 1.855806e+01      1
1270 6.009024e+01      1
1271 1.327121e+00      1
1272 3.280942e-01      1
1273 3.629779e+00      1
1274 1.481458e+01      1
1275 3.065512e+00      1
1276 2.145092e+01      1
1277 4.031530e+01      1
1278 1.353423e+01      1
1279 7.917023e+00      1
1280 1.169547e-05      1
1281 2.880297e+00      1
1282 3.029391e+00      1
1283 1.646123e+01      1
1284 3.009342e+01      1
1285 1.228589e+00      1
1286 1.477224e+01      1
1287 7.167297e+00      1
1288 3.776985e-01      1
1289 8.714192e-01      1
1290 3.849117e-01      1
1291 3.741974e+01      1
1292 3.538404e-01      1
1293 1.224460e+01      1
1294 7.917155e+00      1
1295 6.833839e+01      1
1296 1.151898e+01      1
1297 9.586436e+00      1
1298 4.336709e-01      1
1299 1.568067e+01      1
1300 2.594975e+01      1
1301 1.367412e+00      1
1302 8.518616e-01      1
1303 4.466876e+00      1
1304 1.495877e+02      1
1305 1.443083e+00      1
1306 3.714620e+00      1
1307 2.762330e+01      1
1308 1.351438e-01      1
1309 1.129932e+01      1
1310 1.363774e+00      1
1311 1.106070e+02      1
1312 1.045982e+01      1
1313 1.342441e+02      1
1314 1.283648e+01      1
1315 4.451580e+01      1
1316 1.238488e-04      1
1317 6.119485e+00      1
1318 8.505584e-03      1
1319 7.719658e-01      1
1320 7.304193e-01      1
1321 5.811698e+00      1
1322 7.584735e-04      1
1323 1.356175e-01      1
1324 2.924453e+01      1
1325 2.260547e+00      1
1326 3.486460e+00      1
1327 2.634462e+01      1
1328 1.697046e-02      1
1329 6.328591e+01      1
1330 3.336081e+01      1
1331 6.610781e+00      1
1332 3.515883e+01      1
1333 4.024836e+01      1
1334 7.684496e+00      1
1335 1.642167e+01      1
1336 9.884857e+00      1
1337 2.290387e+02      1
1338 2.931599e+02      1
1339 1.950831e+01      1
1340 2.766638e+01      1
1341 9.236128e+00      1
1342 1.062579e+01      1
1343 1.669382e+01      1
1344 1.076448e+01      1
1345 2.604324e+02      1
1346 2.487631e+01      1
1347 1.457308e+01      1
1348 2.415688e+01      1
1349 6.179476e-03      1
1350 3.101773e+02      1
1351 5.701542e+01      1
1352 4.912199e+00      1
1353 2.445207e+01      1
1354 4.408772e+01      1
1355 7.414842e+00      1
1356 1.144343e+02      1
1357 6.444232e+01      1
1358 3.436146e+01      1
1359 7.617935e+01      1
1360 5.661092e+00      1
1361 1.378109e+01      1
1362 8.012002e+02      1
1363 7.995900e+00      1
1364 9.930990e-02      1
1365 3.506120e+00      1
1366 1.256267e-02      1
1367 1.798217e+01      1
1368 1.976993e+02      1
1369 1.920593e+02      1
1370 6.780943e+01      1
1371 1.741843e+01      1
1372 1.475976e+00      1
1373 1.573606e+00      1
1374 1.358125e-01      1
1375 3.181373e+01      1
1376 5.578201e+00      1
1377 1.002499e+01      1
1378 7.971818e-01      1
1379 4.393692e+01      1
1380 3.329801e-01      1
1381 1.121733e+02      1
1382 1.474353e+01      1
1383 1.004050e+01      1
1384 4.402899e+01      1
1385 4.036435e+00      1
1386 1.299300e+00      1
1387 1.836502e+01      1
1388 1.319740e+01      1
1389 9.954584e+01      1
1390 1.866422e-01      1
1391 1.563730e+00      1
1392 5.986658e-01      1
1393 3.483307e-02      1
1394 2.318303e+01      1
1395 7.549307e+00      1
1396 1.104491e+01      1
1397 2.501048e+00      1
1398 1.580851e+00      1
1399 2.532235e+01      1
1400 1.192520e+01      1
1401 2.224266e+00      1
1402 2.418758e+01      1
1403 9.408030e+01      1
1404 3.756437e+00      1
1405 7.496133e+01      1
1406 2.860061e+00      1
1407 9.362134e+01      1
1408 1.681120e+01      1
1409 3.102674e+01      1
1410 1.955721e+02      1
1411 3.878179e+01      1
1412 9.935935e+00      1
1413 3.583780e-01      1
1414 2.233748e+01      1
1415 8.741491e+01      1
1416 3.024090e+02      1
1417 1.803492e-01      1
1418 8.323916e+01      1
1419 3.890978e-01      1
1420 4.608855e+01      1
1421 7.086569e+00      1
1422 5.020693e+00      1
1423 2.618996e+01      1
1424 2.324765e+01      1
1425 2.274586e+00      1
1426 3.301619e+01      1
1427 3.572406e+00      1
1428 1.021987e+02      1
1429 2.797216e+02      1
1430 2.770983e+00      1
1431 1.236083e+02      1
1432 3.567601e+01      1
1433 3.201385e+01      1
1434 1.558431e+01      1
1435 1.165742e+01      1
1436 9.183938e+01      1
1437 1.185750e+01      1
1438 4.059966e+01      1
1439 2.459120e+00      1
1440 7.568902e+00      1
1441 1.369777e+00      1
1442 4.439871e-01      1
1443 2.011477e+01      1
1444 2.602897e+00      1
1445 2.769198e+00      1
1446 1.664219e+01      1
1447 1.658920e+01      1
1448 9.021749e+01      1
1449 1.429300e+01      1
1450 1.472888e+02      1
1451 3.553445e+01      1
1452 6.387217e+01      1
1453 3.785911e+01      1
1454 1.286696e+01      1
1455 5.002176e+00      1
1456 2.551988e-01      1
1457 4.162776e-01      1
1458 4.267436e-02      1
1459 1.914800e-01      1
1460 2.991033e+00      1
1461 8.681579e+02      1
1462 2.153257e+00      1
1463 4.321750e+00      1
1464 7.963920e+01      1
1465 2.437143e+00      1
1466 1.722336e+01      1
1467 2.459956e+01      1
1468 4.076178e+00      1
1469 1.847287e+01      1
1470 9.245102e+00      1
1471 1.923373e+02      1
1472 2.783772e-03      1
1473 9.774325e+00      1
1474 1.815525e+01      1
1475 8.766396e+00      1
1476 7.238101e-01      1
1477 6.516692e-01      1
1478 1.033719e+01      1
1479 3.276164e+01      1
1480 7.531786e+00      1
1481 9.983264e+01      1
1482 3.298782e+01      1
1483 2.267356e+00      1
1484 9.168008e+00      1
1485 1.157617e+01      1
1486 8.926230e+01      1
1487 7.180283e+00      1
1488 1.878023e-01      1
1489 1.226061e+01      1
1490 1.382497e+01      1
1491 1.663154e+00      1
1492 1.361103e+01      1
1493 2.110920e+01      1
1494 5.008150e+01      1
1495 2.713090e+00      1
1496 1.013429e+01      1
1497 2.478600e+01      1
1498 3.875148e+00      1
1499 1.762660e+01      1
1500 5.567161e-02      1
1501 2.339151e+01      1
1502 1.590871e+00      1
1503 1.056469e+00      1
1504 2.326047e+00      1
1505 3.166752e+01      1
1506 1.057711e+00      1
1507 4.800439e+00      1
1508 4.669320e+01      1
1509 1.928998e+02      1
1510 9.836840e+00      1
1511 9.083144e+01      1
1512 2.989162e+00      1
1513 2.567280e+00      1
1514 9.835073e-02      1
1515 1.607314e+00      1
1516 6.401464e-01      1
1517 1.195250e+01      1
1518 9.203661e+01      1
1519 7.044293e+01      1
1520 3.022301e+01      1
1521 1.901438e+01      1
1522 2.188413e+01      1
1523 1.817421e+01      1
1524 1.886273e+01      1
1525 1.393310e+01      1
1526 2.543892e+01      1
1527 5.445507e+00      1
1528 1.581623e+01      1
1529 5.774346e+01      1
1530 1.956779e+01      1
1531 1.141163e+02      1
1532 4.614844e+01      1
1533 6.691185e+00      1
1534 3.918123e+01      1
1535 1.467071e+01      1
1536 3.448023e+02      1
1537 2.253432e+01      1
1538 4.988823e-02      1
1539 3.610535e+01      1
1540 1.280685e+00      1
1541 4.288685e+00      1
1542 1.206095e+01      1
1543 5.716374e+00      1
1544 7.789407e+01      1
1545 2.112690e+01      1
1546 9.564542e+01      1
1547 9.783708e-02      1
1548 4.568246e-01      1
1549 1.285931e-01      1
1550 6.262735e+01      1
1551 8.218547e+01      1
1552 3.634594e-01      1
1553 1.311522e+02      1
1554 3.244167e+01      1
1555 1.755670e+01      1
1556 5.358483e-01      1
1557 8.398785e+01      1
1558 3.493172e+00      1
1559 3.631636e-05      1
1560 1.694734e+01      1
1561 1.576401e+00      1
1562 1.409118e+02      1
1563 3.934038e+01      1
1564 1.348828e+01      1
1565 4.675705e-03      1
1566 6.991472e+01      1
1567 1.751687e+01      1
1568 7.455005e+00      1
1569 5.570218e+01      1
1570 8.225029e-03      1
1571 6.732323e+00      1
1572 3.938712e+00      1
1573 1.298067e-01      1
1574 5.079713e+01      1
1575 1.773358e+02      1
1576 3.235191e+01      1
1577 3.373700e+00      1
1578 1.321989e+01      1
1579 3.158321e+02      1
1580 2.470994e-02      1
1581 1.036669e+02      1
1582 2.991154e+01      1
1583 2.789439e+00      1
1584 3.328944e+01      1
1585 9.592514e+02      1
1586 2.118414e+00      1
1587 6.990228e+01      1
1588 1.858334e+01      1
1589 8.120241e+01      1
1590 3.188646e+01      1
1591 4.239719e+00      1
1592 8.387922e-02      1
1593 9.791776e+01      1
1594 3.224681e+01      1
1595 6.952625e+00      1
1596 4.262902e+01      1
1597 4.996485e+01      1
1598 1.423137e+01      1
1599 3.603654e+00      1
1600 1.496918e+00      1
1601 2.692069e+00      1
1602 5.163570e+01      1
1603 3.670406e+00      1
1604 6.349767e+01      1
1605 1.380405e+01      1
1606 1.153921e+02      1
1607 6.045828e+01      1
1608 5.205347e+01      1
1609 2.294380e+00      1
1610 2.356721e+01      1
1611 2.129878e+00      1
1612 1.280300e+00      1
1613 5.687010e-02      1
1614 1.606143e+02      1
1615 1.878697e+01      1
1616 7.072359e-02      1
1617 7.417118e+01      1
1618 1.697743e+01      1
1619 2.683206e+00      1
1620 8.498217e+01      1
1621 1.177505e+01      1
1622 1.017461e+02      1
1623 2.807366e+01      1
1624 1.238684e+00      1
1625 6.195877e+00      1
1626 2.733558e+00      1
1627 6.335221e+01      1
1628 1.839598e+01      1
1629 6.776667e+00      1
1630 1.869216e+01      1
1631 3.267532e+01      1
1632 2.240535e+00      1
1633 1.905521e+01      1
1634 4.803053e+01      1
1635 1.279796e+02      1
1636 1.210412e+00      1
1637 2.738928e+01      1
1638 2.216396e+01      1
1639 1.887121e-01      1
1640 1.937642e+00      1
1641 7.693440e-02      1
1642 9.136574e+00      1
1643 8.359492e+00      1
1644 1.980237e+01      1
1645 5.001092e+01      1
1646 1.315416e-01      1
1647 2.860052e+01      1
1648 9.564975e+01      1
1649 5.100209e-01      1
1650 9.500879e+01      1
1651 7.294831e+00      1
1652 4.887871e-02      1
1653 4.273576e+01      1
1654 1.383968e+00      1
1655 8.618757e+00      1
1656 8.219977e+00      1
1657 8.101808e+01      1
1658 9.211559e+00      1
1659 7.467283e+01      1
1660 6.233039e+01      1
1661 4.723113e+01      1
1662 6.956280e+01      1
1663 7.004114e+00      1
1664 2.943508e+00      1
1665 2.204212e+00      1
1666 1.875635e+01      1
1667 1.119485e+01      1
1668 3.140799e+01      1
1669 1.623238e+00      1
1670 9.237230e+00      1
1671 2.940063e-01      1
1672 3.306227e+00      1
1673 3.215968e+01      1
1674 2.011801e+00      1
1675 1.404653e+00      1
1676 2.201719e+02      1
1677 1.095475e+01      1
1678 1.563252e+02      1
1679 1.048602e+01      1
1680 9.743355e-02      1
1681 1.387350e+01      1
1682 2.036700e+01      1
1683 1.232567e-01      1
1684 1.093257e-02      1
1685 5.956205e+00      1
1686 7.227087e+01      1
1687 1.083740e+01      1
1688 1.803514e+02      1
1689 4.278329e+01      1
1690 6.281187e+01      1
1691 8.516919e+01      1
1692 3.329227e+00      1
1693 1.179968e+00      1
1694 3.909066e-01      1
1695 2.253407e+01      1
1696 4.489898e+00      1
1697 3.629662e+01      1
1698 3.112184e+00      1
1699 9.616042e+00      1
1700 5.047491e-04      1
1701 7.261226e+00      1
1702 7.838064e+00      1
1703 7.627514e+01      1
1704 5.877653e+00      1
1705 1.683477e+01      1
1706 3.075463e+01      1
1707 1.571895e+01      1
1708 1.459718e+01      1
1709 7.704851e+01      1
1710 4.885255e+00      1
1711 9.808930e+01      1
1712 7.168442e+01      1
1713 6.423382e-02      1
1714 3.021096e+01      1
1715 2.873044e+00      1
1716 5.350775e-01      1
1717 9.423549e-02      1
1718 2.206810e+01      1
1719 5.057188e+01      1
1720 1.023295e+02      1
1721 6.856890e+01      1
1722 4.758631e+00      1
1723 2.203538e+02      1
1724 3.589785e+02      1
1725 3.929239e+01      1
1726 2.813950e+01      1
1727 4.233318e+01      1
1728 1.020267e+00      1
1729 3.198409e+01      1
1730 3.301274e+00      1
1731 1.375531e+01      1
1732 9.521037e+01      1
1733 9.677468e+01      1
1734 8.451717e-02      1
1735 1.821950e+01      1
1736 9.702009e+00      1
1737 9.906307e+00      1
1738 4.825890e+01      1
1739 2.917863e+01      1
1740 3.480138e+01      1
1741 2.988509e+01      1
1742 2.356755e+01      1
1743 3.670538e+02      1
1744 8.889755e-01      1
1745 2.302426e+01      1
1746 8.214022e-01      1
1747 1.909752e+01      1
1748 2.177967e+00      1
1749 1.425453e+01      1
1750 2.948524e+01      1
1751 1.647563e+01      1
1752 2.049987e+01      1
1753 9.529089e+00      1
1754 2.306433e+02      1
1755 7.565542e+01      1
1756 5.267103e+01      1
1757 1.377171e+01      1
1758 1.486549e+01      1
1759 4.613904e-02      1
1760 7.840815e+01      1
1761 2.755675e+02      1
1762 1.567438e-01      1
1763 1.538763e+01      1
1764 2.813879e+01      1
1765 2.845391e-01      1
1766 6.177002e+01      1
1767 5.238577e+01      1
1768 1.726843e-01      1
1769 1.798752e+01      1
1770 9.104677e+01      1
1771 1.023354e+02      1
1772 6.428538e+00      1
1773 4.457295e-01      1
1774 6.358290e+01      1
1775 7.135883e+01      1
1776 2.219108e+00      1
1777 4.006253e+00      1
1778 1.419300e+02      1
1779 3.153539e+00      1
1780 5.445599e+01      1
1781 1.364052e+01      1
1782 1.475921e+02      1
1783 6.381661e+00      1
1784 1.065209e+02      1
1785 3.696619e-02      1
1786 5.872769e+01      1
1787 7.636064e+01      1
1788 8.459234e+01      1
1789 1.114605e+01      1
1790 4.241372e+01      1
1791 7.539965e+01      1
1792 1.154593e+02      1
1793 2.208595e+01      1
1794 8.855713e+01      1
1795 4.238756e+02      1
1796 4.175617e+01      1
1797 6.609674e+01      1
1798 2.780637e-01      1
1799 7.381424e-01      1
1800 3.949931e+01      1
1801 8.804689e+01      1
1802 1.654743e+01      1
1803 6.288725e+00      1
1804 2.283588e+01      1
1805 1.043978e+02      1
1806 4.250807e+00      1
1807 6.110773e+00      1
1808 1.829990e+01      1
1809 2.730627e+00      1
1810 2.194884e+00      1
1811 3.540984e+01      1
1812 4.826521e+01      1
1813 1.163984e+02      1
1814 7.833433e+00      1
1815 2.574105e+00      1
1816 9.936841e+00      1
1817 5.232709e-01      1
1818 1.739377e+01      1
1819 2.824345e+01      1
1820 2.940970e+01      1
1821 7.609865e+00      1
1822 1.689399e+00      1
1823 1.405531e+01      1
1824 1.776359e-02      1
1825 2.302916e-01      1
1826 6.505718e+01      1
1827 2.517960e+00      1
1828 2.923832e+01      1
1829 3.109614e+01      1
1830 7.882922e+00      1
1831 2.444626e+01      1
1832 5.812005e+00      1
1833 5.938001e+01      1
1834 1.884539e+01      1
1835 3.957776e+01      1
1836 9.599368e+01      1
1837 4.738006e+00      1
1838 8.977229e+00      1
1839 7.252733e+00      1
1840 4.673176e+01      1
1841 4.970969e+01      1
1842 4.338002e+00      1
1843 5.698254e+01      1
1844 4.165994e+00      1
1845 7.073389e-01      1
1846 5.837111e+00      1
1847 1.165831e+01      1
1848 7.588924e+00      1
1849 6.571797e+01      1
1850 2.051201e+01      1
1851 3.489141e+01      1
1852 1.473722e+01      1
1853 5.751166e-01      1
1854 2.423403e+01      1
1855 1.491195e+01      1
1856 2.077023e+01      1
1857 5.908180e+00      1
1858 1.213923e+02      1
1859 3.200840e+01      1
1860 5.181905e+01      1
1861 5.826336e+01      1
1862 6.385208e+00      1
1863 9.942667e+01      1
1864 2.861514e+01      1
1865 2.815013e-01      1
1866 4.647367e+00      1
1867 9.883661e+00      1
1868 1.733162e+02      1
1869 1.485775e+00      1
1870 7.332030e+00      1
1871 2.629337e+01      1
1872 1.379127e+01      1
1873 3.514336e+01      1
1874 4.750282e+02      1
1875 1.021297e+02      1
1876 1.224100e+02      1
1877 3.334243e+01      1
1878 5.184880e+01      1
1879 3.544870e+01      1
1880 2.060129e+00      1
1881 3.787808e+01      1
1882 2.764348e+00      1
1883 2.739853e+01      1
1884 4.584521e+00      1
1885 1.615391e+01      1
1886 6.010273e+00      1
1887 5.953502e+00      1
1888 4.755215e+01      1
1889 1.886874e+02      1
1890 2.256456e+01      1
1891 1.636327e+00      1
1892 4.063753e+01      1
1893 1.771892e+01      1
1894 1.466363e+02      1
1895 1.139454e+00      1
1896 5.698259e+01      1
1897 4.243827e+01      1
1898 5.186462e-02      1
1899 1.703485e+00      1
1900 1.224280e+02      1
1901 1.496597e+00      1
1902 1.081924e+01      1
1903 7.012049e+00      1
1904 7.660690e+00      1
1905 7.479153e-01      1
1906 2.197003e+01      1
1907 2.466954e+02      1
1908 1.853906e+00      1
1909 1.267398e+00      1
1910 1.618090e+01      1
1911 1.533112e+00      1
1912 2.947666e+00      1
1913 1.619124e+01      1
1914 4.533118e+01      1
1915 7.838621e+01      1
1916 3.549581e+01      1
1917 3.607087e+01      1
1918 1.219266e+01      1
1919 3.607542e+01      1
1920 2.349628e+01      1
1921 3.410169e+01      1
1922 4.375951e+01      1
1923 1.924664e+01      1
1924 1.660305e+02      1
1925 3.236641e+01      1
1926 1.627515e-01      1
1927 3.040134e+00      1
1928 1.456801e+01      1
1929 1.962317e+00      1
1930 5.643376e+00      1
1931 2.065645e+02      1
1932 2.512432e+01      1
1933 4.453539e+01      1
1934 8.292322e+01      1
1935 7.007550e+00      1
1936 1.013183e+01      1
1937 3.258453e+01      1
1938 7.696357e+00      1
1939 5.661880e+01      1
1940 2.955267e+01      1
1941 1.552744e+01      1
1942 1.383879e+02      1
1943 2.564818e+02      1
1944 4.184753e+01      1
1945 2.221637e+00      1
1946 4.731864e-06      1
1947 3.214607e+02      1
1948 1.475943e+01      1
1949 1.103351e+02      1
1950 3.503012e+01      1
1951 2.372724e+01      1
1952 7.273095e+00      1
1953 7.830058e+01      1
1954 1.240070e+00      1
1955 1.716661e+01      1
1956 2.584975e+00      1
1957 1.237174e+01      1
1958 4.866977e+00      1
1959 4.965089e-01      1
1960 7.659160e-01      1
1961 1.958305e+01      1
1962 7.748618e+01      1
1963 1.654658e+00      1
1964 1.245542e+02      1
1965 3.272677e+01      1
1966 3.477070e+01      1
1967 1.828234e+00      1
1968 5.283067e+01      1
1969 1.195360e+01      1
1970 8.399161e+01      1
1971 9.186171e+01      1
1972 7.117706e+01      1
1973 5.808017e+00      1
1974 1.956452e+01      1
1975 2.234977e+01      1
1976 6.148910e-01      1
1977 8.339830e+00      1
1978 1.753421e+01      1
1979 4.158645e+00      1
1980 2.199590e+01      1
1981 7.017129e+01      1
1982 1.938263e+02      1
1983 3.848559e+00      1
1984 3.631602e+01      1
1985 2.605811e+01      1
1986 2.087677e+01      1
1987 5.640237e+01      1
1988 7.894381e+01      1
1989 1.418864e+00      1
1990 1.235172e+00      1
1991 6.842310e-02      1
1992 3.608926e-01      1
1993 1.681037e+01      1
1994 3.627882e+00      1
1995 1.696547e+01      1
1996 6.204667e+00      1
1997 8.822753e+00      1
1998 1.117890e+01      1
1999 2.326921e+00      1
2000 1.482329e+00      1
2001 2.576457e+01      1
2002 7.278024e-01      1
2003 3.459912e+01      1
2004 6.705992e+01      1
2005 1.728618e-01      1
2006 2.978955e+00      1
2007 2.925656e+00      1
2008 2.950954e+01      1
2009 2.198730e+00      1
2010 2.749056e+01      1
2011 1.832187e+01      1
2012 4.232973e+00      1
2013 1.979460e+02      1
2014 2.238331e+01      1
2015 4.431406e+01      1
2016 6.079466e-01      1
2017 2.905134e-02      1
2018 3.233076e+01      1
2019 2.087126e+01      1
2020 2.858822e-01      1
2021 7.083809e+01      1
2022 3.361413e-02      1
2023 1.531400e+01      1
2024 2.817150e+01      1
2025 9.191122e+01      1
2026 2.485655e-02      1
2027 6.289518e+01      1
2028 9.593713e+01      1
2029 2.989383e+01      1
2030 2.219517e+00      1
2031 4.531774e+00      1
2032 5.591979e+01      1
2033 7.751900e+01      1
2034 3.239402e+00      1
2035 9.547661e-01      1
2036 1.925157e+00      1
2037 4.792557e+01      1
2038 4.570341e+00      1
2039 1.458358e-03      1
2040 8.063011e-01      1
2041 3.456050e+00      1
2042 4.524796e+00      1
2043 4.176713e+01      1
2044 1.438312e+00      1
2045 1.715991e+01      1
2046 2.397938e+01      1
2047 2.476236e+01      1
2048 9.068136e-01      1
2049 1.984745e+01      1
2050 9.346584e+01      1
2051 8.202906e+01      1
2052 2.689790e+01      1
2053 1.213001e+01      1
2054 1.540181e+01      1
2055 1.339533e+01      1
2056 4.126879e+00      1
2057 3.922860e+00      1
2058 7.320967e+01      1
2059 6.120735e-01      1
2060 9.014339e+01      1
2061 7.944925e+00      1
2062 1.689262e-02      1
2063 6.778199e+00      1
2064 3.835887e+00      1
2065 3.924649e-01      1
2066 5.724496e+02 0.9472
2067 1.758581e+01      1
2068 1.425092e+01      1
2069 6.628461e+01      1
2070 1.201391e+00      1
2071 3.255319e+01      1
2072 2.910800e-01      1
2073 3.907788e-02      1
2074 4.545477e+00      1
2075 4.528400e+01      1
2076 9.251044e+01      1
2077 1.101060e+00      1
2078 1.907735e+01      1
2079 3.223031e+00      1
2080 2.516360e+01      1
2081 4.467138e+00      1
2082 3.835097e+00      1
2083 6.080978e+01      1
2084 2.290569e-01      1
2085 2.351427e+02      1
2086 1.773613e+01      1
2087 1.479717e+01      1
2088 1.492606e+01      1
2089 1.079557e+01      1
2090 1.738777e+01      1
2091 6.513403e+00      1
2092 3.421473e+00      1
2093 7.531114e+01      1
2094 4.114053e-02      1
2095 1.712031e+02      1
2096 2.080666e+01      1
2097 2.626187e-01      1
2098 9.375801e+01      1
2099 1.149628e+01      1
2100 1.246486e+01      1
2101 1.871554e+00      1
2102 2.448292e+02      1
2103 3.710993e+01      1
2104 1.944397e+01      1
2105 8.710845e-01      1
2106 7.184530e+01      1
2107 1.319339e+02      1
2108 8.608746e+01      1
2109 2.573472e+02      1
2110 5.210401e+01      1
2111 4.690228e+01      1
2112 5.007062e-02      1
2113 9.246495e+00      1
2114 1.138229e+01      1
2115 3.781999e+00      1
2116 5.456656e+00      1
2117 1.978844e+01      1
2118 1.504353e+01      1
2119 1.387270e+01      1
2120 3.479531e+00      1
2121 3.028522e+01      1
2122 2.714066e+01      1
2123 1.882231e+01      1
2124 1.534676e+01      1
2125 8.900544e+00      1
2126 1.390394e-01      1
2127 2.336513e+02      1
2128 6.659272e+00      1
2129 2.686656e+00      1
2130 2.310411e+01      1
2131 2.628705e+02      1
2132 2.421873e+00      1
2133 3.564202e+02      1
2134 5.724699e-01      1
2135 8.132047e+00      1
2136 3.135825e+01      1
2137 1.202293e+00      1
2138 7.537563e-01      1
2139 2.272382e+01      1
2140 8.407961e+00      1
2141 1.025212e+02      1
2142 4.748967e-01      1
2143 2.596996e-07      1
2144 2.273634e+01      1
2145 1.070225e+01      1
2146 8.491980e+00      1
2147 1.097883e+01      1
2148 5.477900e+01      1
2149 7.681525e+01      1
2150 4.190832e+00      1
2151 3.333443e+00      1
2152 1.852609e+00      1
2153 9.346815e-01      1
2154 4.113245e+00      1
2155 7.090504e+01      1
2156 2.041357e+01      1
2157 3.834920e+01      1
2158 2.346381e+00      1
2159 1.093152e+00      1
2160 1.494125e+01      1
2161 9.801101e-02      1
2162 5.532335e-02      1
2163 1.473947e+01      1
2164 3.296883e+01      1
2165 1.204713e+01      1
2166 3.639122e+01      1
2167 1.994495e+00      1
2168 2.341183e+01      1
2169 4.266020e+01      1
2170 9.010996e+01      1
2171 6.434847e+00      1
2172 4.619944e+00      1
2173 2.184367e+01      1
2174 1.273987e+02      1
2175 3.398961e+01      1
2176 2.367019e+01      1
2177 1.148154e+00      1
2178 2.669854e+01      1
2179 9.429885e+01      1
2180 2.448896e-04      1
2181 2.040226e+01      1
2182 2.934086e+00      1
2183 3.101975e+01      1
2184 2.994022e+02      1
2185 4.591664e-01      1
2186 6.898275e+01      1
2187 3.891293e+01      1
2188 9.022251e-01      1
2189 1.666524e+01      1
2190 2.476595e+01      1
2191 6.273893e+00      1
2192 1.361287e+01      1
2193 3.118322e+00      1
2194 1.865350e+01      1
2195 3.333129e+01      1
2196 1.206143e+01      1
2197 5.469327e+00      1
2198 8.601593e+00      1
2199 2.121114e+01      1
2200 9.626152e+00      1
2201 4.710203e+01      1
2202 1.368165e-01      1
2203 2.094455e+01      1
2204 3.700629e+01      1
2205 1.722642e+01      1
2206 5.615752e+01      1
2207 8.948671e-01      1
2208 5.047841e+01      1
2209 2.365912e+00      1
2210 1.057555e+00      1
2211 8.005408e+00      1
2212 7.470389e+00      1
2213 1.026803e+00      1
2214 2.869753e-01      1
2215 4.289771e+00      1
2216 1.223030e+01      1
2217 1.601377e+02      1
2218 1.258391e+01      1
2219 4.898017e+00      1
2220 1.967976e+00      1
2221 4.448772e+01      1
2222 8.723127e+01      1
2223 2.714950e+01      1
2224 1.262760e+00      1
2225 1.019385e+01      1
2226 9.813027e+00      1
2227 5.098417e+01      1
2228 2.168176e+02      1
2229 1.080682e+01      1
2230 9.782492e+01      1
2231 1.267521e+01      1
2232 8.803097e-01      1
2233 1.954135e+01      1
2234 6.391102e-01      1
2235 9.586600e+01      1
2236 1.787866e+01      1
2237 5.556491e+00      1
2238 2.161598e+02      1
2239 1.851111e+01      1
2240 1.836871e+02      1
2241 4.066340e+00      1
2242 2.107846e+01      1
2243 7.639101e+01      1
2244 7.738217e+00      1
2245 1.976422e+01      1
2246 6.150479e+01      1
2247 6.349008e+00      1
2248 8.716310e+00      1
2249 4.608553e+01      1
2250 4.472366e+01      1
2251 1.409634e+01      1
2252 3.710014e+02      1
2253 2.489057e+01      1
2254 1.511956e+01      1
2255 1.372550e+01      1
2256 1.431151e+01      1
2257 1.561138e+01      1
2258 1.388454e+01      1
2259 1.679502e+00      1
2260 2.294759e+02      1
2261 7.355817e+01      1
2262 4.666709e+01      1
2263 7.284564e-02      1
2264 2.294849e+02      1
2265 3.077296e-02      1
2266 2.808253e+01      1
2267 3.996652e+00      1
2268 1.203618e+02      1
2269 1.531105e-01      1
2270 9.081303e+01      1
2271 5.449046e-01      1
2272 2.044137e-01      1
2273 3.267838e+01      1
2274 1.145885e+01      1
2275 4.362561e+01      1
2276 9.297247e-03      1
2277 3.550933e+00      1
2278 2.604911e+01      1
2279 3.076682e+01      1
2280 1.851955e+02      1
2281 6.621822e+01      1
2282 7.707060e+01      1
2283 1.526988e+02      1
2284 1.852651e+01      1
2285 2.647936e+01      1
2286 4.039415e+00      1
2287 4.571222e-01      1
2288 1.110378e+01      1
2289 1.228060e+02      1
2290 9.577126e+01      1
2291 4.549806e+01      1
2292 2.497043e+01      1
2293 5.650551e+00      1
2294 1.779919e+01      1
2295 1.612526e+01      1
2296 5.365833e+01      1
2297 1.161689e+01      1
2298 1.175164e+01      1
2299 3.987152e-03      1
2300 9.150550e+00      1
2301 1.228645e+01      1
2302 2.291822e+01      1
2303 4.858250e+01      1
2304 1.427791e-01      1
2305 2.140569e+01      1
2306 9.118425e+00      1
2307 4.728054e+01      1
2308 1.399212e+02      1
2309 7.552104e+00      1
2310 8.679342e+01      1
2311 1.965632e+01      1
2312 1.675421e+01      1
2313 9.759931e+00      1
2314 1.648210e+01      1
2315 4.386181e-01      1
2316 2.775350e+01      1
2317 1.721462e-01      1
2318 1.251575e+01      1
2319 1.056760e+01      1
2320 2.880763e+01      1
2321 6.044433e+01      1
2322 1.163010e+00      1
2323 2.153949e+01      1
2324 1.054212e+00      1
2325 7.049834e+01      1
2326 2.083373e+01      1
2327 2.168835e+01      1
2328 1.898655e+01      1
2329 5.257684e+00      1
2330 3.219212e+00      1
2331 8.400382e+01      1
2332 2.257641e+02      1
2333 5.352345e+01      1
2334 1.882191e+02      1
2335 3.310601e+01      1
2336 1.301031e+01      1
2337 6.497901e+00      1
2338 7.090099e-01      1
2339 5.922265e-01      1
2340 2.274995e+00      1
2341 9.593577e+01      1
2342 7.769220e+01      1
2343 3.569059e+01      1
2344 6.912572e+01      1
2345 2.048530e+00      1
2346 5.184477e+01      1
2347 1.714385e+03      1
2348 6.728037e+01      1
2349 1.585871e+01      1
2350 7.039927e+00      1
2351 4.403571e+00      1
2352 4.278918e+02      1
2353 6.222461e+01      1
2354 9.219411e+00      1
2355 7.962692e+00      1
2356 3.381864e-01      1
2357 9.281675e+00      1
2358 7.493848e+00      1
2359 1.212946e+02      1
2360 7.866642e-01      1
2361 8.266587e+00      1
2362 7.967450e-02      1
2363 4.595583e+00      1
2364 1.926630e+01      1
2365 7.336160e+00      1
2366 3.060285e-01      1
2367 2.172339e+02      1
2368 4.296963e+01      1
2369 1.581262e+01      1
2370 2.740310e+01      1
2371 3.159450e+01      1
2372 2.085480e+00      1
2373 1.029123e+01      1
2374 5.949145e+00      1
2375 3.718568e+01      1
2376 4.071410e+00      1
2377 2.182559e+01      1
2378 4.810868e+00      1
2379 5.060705e+01      1
2380 1.386363e+02      1
2381 9.432963e-02      1
2382 1.759970e+00      1
2383 1.637168e+00      1
2384 2.933809e+00      1
2385 1.186532e+02      1
2386 4.567686e+00      1
2387 6.052287e+01      1
2388 3.820278e-01      1
2389 1.807352e+00      1
2390 2.966638e+01      1
2391 6.053105e+01      1
2392 1.482471e+01      1
2393 1.635390e+02      1
2394 1.103570e+00      1
2395 3.299142e+00      1
2396 1.361651e+01      1
2397 3.956093e+01      1
2398 2.159540e+01      1
2399 5.793802e+01      1
2400 1.268727e+01      1
2401 9.959063e+01      1
2402 6.564033e-01      1
2403 2.257661e+01      1
2404 3.927293e+01      1
2405 1.314343e+02      1
2406 4.648307e+02      1
2407 5.355518e+01      1
2408 6.038802e-01      1
2409 3.619784e+01      1
2410 1.035164e+01      1
2411 1.271965e+02      1
2412 8.673811e+01      1
2413 6.528102e+00      1
2414 3.940452e+01      1
2415 3.095060e+01      1
2416 1.570760e+01      1
2417 2.072913e+00      1
2418 1.420247e+01      1
2419 1.348857e+02      1
2420 9.857417e+00      1
2421 1.137848e+00      1
2422 7.146339e+01      1
2423 1.046095e+02      1
2424 1.716502e+01      1
2425 2.492010e+01      1
2426 8.255421e+01      1
2427 1.902915e+01      1
2428 7.646698e+01      1
2429 2.369387e+00      1
2430 5.702618e-01      1
2431 1.483802e+01      1
2432 2.072119e+02      1
2433 2.204516e+01      1
2434 1.952959e+01      1
2435 3.560103e+00      1
2436 1.211290e+01      1
2437 3.193451e+01      1
2438 5.562387e+01      1
2439 7.059648e+01      1
2440 2.021440e+01      1
2441 1.319534e+01      1
2442 5.943866e+00      1
2443 1.838001e+02      1
2444 1.827385e+00      1
2445 1.854848e+00      1
2446 6.748453e+01      1
2447 8.545681e+00      1
2448 1.342874e-01      1
2449 1.468843e+02      1
2450 1.061071e+02      1
2451 4.269529e-01      1
2452 1.097780e+01      1
2453 5.139881e+01      1
2454 1.724048e+01      1
2455 7.652144e-02      1
2456 3.758004e+00      1
2457 3.026102e+01      1
2458 2.621527e+01      1
2459 3.774573e+00      1
2460 5.588191e+01      1
2461 2.950776e+01      1
2462 7.539621e+00      1
2463 1.502984e+01      1
2464 5.102632e-01      1
2465 1.802597e+01      1
2466 5.441641e+01      1
2467 6.768587e-01      1
2468 4.462181e+00      1
2469 5.011968e+00      1
2470 4.125459e+00      1
2471 4.763054e+01      1
2472 2.461047e+01      1
2473 1.472394e+01      1
2474 2.135722e+01      1
2475 1.364991e+00      1
2476 5.090668e+00      1
2477 7.997001e+01      1
2478 1.169416e+01      1
2479 7.236901e+01      1
2480 3.778769e+00      1
2481 3.030060e-02      1
2482 3.315311e+02      1
2483 2.740195e+01      1
2484 1.016353e+00      1
2485 1.663869e+01      1
2486 1.533544e+01      1
2487 2.265604e+01      1
2488 7.234638e+01      1
2489 2.697720e-02      1
2490 4.841320e+01      1
2491 7.730756e+01      1
2492 1.709595e+01      1
2493 1.245584e+01      1
2494 1.912072e+01      1
2495 4.919534e+00      1
2496 8.812762e-01      1
2497 7.776409e+01      1
2498 2.900824e+02      1
2499 1.707990e+01      1
2500 1.990009e+02      1
2501 1.609920e+01      1
2502 1.441043e+02      1
2503 1.079923e+00      1
2504 7.199566e+00      1
2505 4.775648e+01      1
2506 9.212026e+00      1
2507 1.215603e+02      1
2508 7.972365e+01      1
2509 9.656768e+00      1
2510 1.056720e+01      1
2511 1.008066e+01      1
2512 8.728822e+01      1
2513 1.824942e-01      1
2514 2.763274e+01      1
2515 1.343701e+00      1
2516 1.440415e+00      1
2517 1.600906e-01      1
2518 6.369822e+00      1
2519 2.793903e-02      1
2520 4.648799e+01      1
2521 1.015436e+00      1
2522 6.012361e+00      1
2523 1.559135e+01      1
2524 1.564160e+02      1
2525 1.278618e+00      1
2526 3.325689e+01      1
2527 2.393911e+01      1
2528 5.646596e+01      1
2529 2.110896e+01      1
2530 1.866691e+00      1
2531 1.142704e+01      1
2532 5.916043e-02      1
2533 7.982897e-02      1
2534 4.473234e+01      1
2535 2.031605e+01      1
2536 3.734702e+01      1
2537 7.466925e-01      1
2538 5.496008e+01      1
2539 1.400862e+01      1
2540 2.954499e+02      1
2541 7.737355e+00      1
2542 1.791007e+00      1
2543 2.586654e+01      1
2544 6.189402e+01      1
2545 5.823848e+01      1
2546 8.155535e+01      1
2547 7.365194e+01      1
2548 8.363297e+00      1
2549 2.515410e+01      1
2550 1.933664e+02      1
2551 9.168787e+01      1
2552 7.630881e+01      1
2553 5.311321e+01      1
2554 6.223599e-02      1
2555 6.555602e-01      1
2556 2.362070e+00      1
2557 2.106771e+02      1
2558 3.733814e+00      1
2559 3.091694e+00      1
2560 1.946922e+01      1
2561 1.382600e+00      1
2562 3.288579e+01      1
2563 1.071368e+01      1
2564 9.709976e-01      1
2565 2.771393e+00      1
2566 3.084280e+01      1
2567 5.265603e+01      1
2568 4.642660e-01      1
2569 1.348031e+01      1
2570 1.141138e+01      1
2571 4.902151e+00      1
2572 7.203800e+01      1
2573 5.448364e-01      1
2574 3.966907e+01      1
2575 8.909785e-02      1
2576 1.722462e-02      1
2577 5.132349e-01      1
2578 7.598407e+01      1
2579 5.095776e+01      1
2580 1.529916e+01      1
2581 7.536075e-01      1
2582 1.653363e+01      1
2583 4.398295e+01      1
2584 2.235669e+01      1
2585 1.341033e+01      1
2586 1.807502e+02      1
2587 3.339941e-02      1
2588 2.473551e+01      1
2589 9.072351e+00      1
2590 6.897422e+00      1
2591 8.820359e+01      1
2592 7.031448e+00      1
2593 7.667291e-01      1
2594 5.360884e-01      1
2595 1.750220e+01      1
2596 3.443126e+01      1
2597 2.533747e+01      1
2598 6.926751e+00      1
2599 9.651467e-01      1
2600 1.691861e+01      1
2601 1.793359e-01      1
2602 4.424753e+01      1
2603 6.476050e+00      1
2604 2.610818e+01      1
2605 6.200694e+01      1
2606 6.165663e+01      1
2607 7.271349e-01      1
2608 7.426660e-02      1
2609 8.992281e+00      1
2610 7.741258e+01      1
2611 1.294611e+01      1
2612 6.841330e+00      1
2613 2.446083e-01      1
2614 3.642005e+01      1
2615 9.162154e-01      1
2616 2.634163e+01      1
2617 5.552337e+01      1
2618 1.061091e+02      1
2619 6.666729e-02      1
2620 5.877417e+00      1
2621 8.839129e+00      1
2622 1.749377e+00      1
2623 1.782428e+01      1
2624 2.314619e+01      1
2625 2.902517e+01      1
2626 2.791298e+00      1
2627 2.176291e+01      1
2628 5.108854e+00      1
2629 2.683619e-05      1
2630 8.605063e-01      1
2631 3.251488e+00      1
2632 7.164526e+01      1
2633 1.300715e+00      1
2634 1.442379e+00      1
2635 1.214847e+02      1
2636 3.007806e+02      1
2637 1.389885e+01      1
2638 2.011210e+01      1
2639 1.627704e+01      1
2640 3.153604e+01      1
2641 3.883024e+01      1
2642 1.253020e+01      1
2643 2.729650e+01      1
2644 4.126877e+01      1
2645 5.887480e+00      1
2646 3.085073e+01      1
2647 6.705118e+01      1
2648 2.482709e+01      1
2649 2.780791e+01      1
2650 1.266472e-02      1
2651 4.382231e-02      1
2652 2.153062e+01      1
2653 1.190278e+01      1
2654 1.915893e-03      1
2655 2.018774e+00      1
2656 5.993121e+01      1
2657 1.953456e+00      1
2658 3.274083e+01      1
2659 3.806365e+01      1
2660 3.902789e+01      1
2661 7.097877e+01      1
2662 2.421631e+00      1
2663 1.330032e+01      1
2664 3.931270e+00      1
2665 4.388083e-01      1
2666 1.403991e+01      1
2667 2.915805e+01      1
2668 3.499009e+02      1
2669 1.614444e-03      1
2670 5.248157e+01      1
2671 3.258572e+01      1
2672 3.725642e+00      1
2673 6.789691e+01      1
2674 2.818004e+01      1
2675 1.224750e+01      1
2676 4.291844e+00      1
2677 1.153096e+00      1
2678 2.821981e+01      1
2679 1.380425e+01      1
2680 6.623184e+02      1
2681 4.609337e+01      1
2682 2.902847e+01      1
2683 1.287094e+00      1
2684 3.202110e+01      1
2685 5.755041e+01      1
2686 2.883473e+00      1
2687 8.003479e+00      1
2688 2.217369e-02      1
2689 1.074909e+02      1
2690 1.858119e+01      1
2691 2.752956e+00      1
2692 1.419457e+00      1
2693 3.317617e+01      1
2694 2.170622e+01      1
2695 4.887164e+00      1
2696 4.860286e+00      1
2697 1.086973e+02      1
2698 2.566644e+01      1
2699 9.788936e+00      1
2700 1.562564e+02      1
2701 1.696217e+02      1
2702 9.562814e+01      1
2703 7.073874e-01      1
2704 4.161302e+01      1
2705 3.294132e+01      1
2706 1.002886e+02      1
2707 2.428153e+01      1
2708 2.413812e+01      1
2709 5.661240e-01      1
2710 5.703772e+02      1
2711 2.688453e+01      1
2712 5.280478e+00      1
2713 4.010433e+01      1
2714 3.412654e+01      1
2715 3.533061e+01      1
2716 6.116441e+01      1
2717 8.108056e-01      1
2718 9.348179e-03      1
2719 6.160147e+01      1
2720 7.561646e+00      1
2721 2.224858e+00      1
2722 2.846797e+01      1
2723 2.718098e+00      1
2724 2.044105e+02      1
2725 6.321853e-02      1
2726 7.744799e+00      1
2727 1.078487e+02      1
2728 1.523026e+01      1
2729 2.418654e+01      1
2730 1.821205e+01      1
2731 2.031825e-01      1
2732 1.879560e+01      1
2733 1.609551e+00      1
2734 4.768522e+01      1
2735 4.550477e+00      1
2736 9.072113e+01      1
2737 3.646032e+01      1
2738 7.214762e-01      1
2739 4.292935e+00      1
2740 6.737755e+01      1
2741 1.104229e+01      1
2742 2.994751e+01      1
2743 2.045644e+00      1
2744 1.122125e+01      1
2745 1.555424e+01      1
2746 8.179168e+01      1
2747 1.340746e+01      1
2748 2.272633e+01      1
2749 6.551856e+01      1
2750 3.143615e-03      1
2751 7.621989e+01      1
2752 2.530854e-02      1
2753 9.672776e+00      1
2754 1.890548e+02      1
2755 1.644714e+01      1
2756 2.043748e+02      1
2757 6.394866e+00      1
2758 2.149263e+01      1
2759 1.751974e+00      1
2760 1.206554e+00      1
2761 7.694183e+01      1
2762 3.418704e+00      1
2763 5.704259e+00      1
2764 7.457409e+01      1
2765 1.109116e+00      1
2766 1.563270e+01      1
2767 5.333724e+01      1
2768 5.158642e+00      1
2769 4.604018e+01      1
2770 6.763365e+00      1
2771 1.310959e+01      1
2772 1.748348e+02      1
2773 2.930856e-01      1
2774 5.400280e-02      1
2775 2.254920e+00      1
2776 3.167032e+01      1
2777 2.458896e+01      1
2778 6.606991e-01      1
2779 3.158018e+01      1
2780 5.732483e+01      1
2781 1.232512e+00      1
2782 3.181065e+00      1
2783 2.762612e+01      1
2784 4.886665e+01      1
2785 2.719983e-01      1
2786 1.839360e+02      1
2787 8.383503e-01      1
2788 2.010242e+01      1
2789 9.079197e+01      1
2790 4.647840e+01      1
2791 6.264184e+00      1
2792 1.336823e+00      1
2793 3.853197e+01      1
2794 4.756231e-01      1
2795 2.059797e+02      1
2796 1.499566e-01      1
2797 2.061765e+00      1
2798 2.014874e+00      1
2799 1.760248e+01      1
2800 8.435694e+01      1
2801 1.444901e+02      1
2802 7.645002e+01      1
2803 9.528724e+01      1
2804 3.406982e+00      1
2805 3.895299e-03      1
2806 9.643822e+00      1
2807 2.430460e+00      1
2808 2.470921e+01      1
2809 1.659705e+00      1
2810 3.041661e+00      1
2811 3.788731e+01      1
2812 9.197957e+00      1
2813 2.049238e+02      1
2814 1.863438e+00      1
2815 5.480298e+03      1
2816 1.632957e-01      1
2817 5.593619e+01      1
2818 2.514293e+00      1
2819 5.078683e+01      1
2820 8.380038e+00      1
2821 3.994905e-01      1
2822 1.039284e+01      1
2823 2.054537e+01      1
2824 8.579695e+01      1
2825 4.227297e-01      1
2826 1.176239e+00      1
2827 1.179500e+00      1
2828 4.182428e+01      1
2829 1.563843e+00      1
2830 2.662554e+01      1
2831 3.302511e-01      1
2832 3.379973e+01      1
2833 2.349297e+02      1
2834 6.614556e+01      1
2835 5.928036e+01      1
2836 2.441148e+02      1
2837 1.247913e+01      1
2838 5.184805e-01      1
2839 1.798400e-01      1
2840 4.411120e+00      1
2841 8.472628e+00      1
2842 6.656605e-01      1
2843 1.318389e+01      1
2844 1.747104e+01      1
2845 1.748019e+01      1
2846 2.158289e+01      1
2847 1.068798e+02      1
2848 2.441170e+01      1
2849 1.622085e+02      1
2850 1.640594e+01      1
2851 1.477973e-01      1
2852 2.530962e+00      1
2853 4.234032e+02      1
2854 7.817125e+01      1
2855 1.313059e+01      1
2856 4.160452e+00      1
2857 1.386912e+00      1
2858 1.375205e+01      1
2859 6.121094e-02      1
2860 2.368633e+01      1
2861 1.015835e+00      1
2862 6.272610e-01      1
2863 6.864771e+01      1
2864 3.378934e+01      1
2865 4.959222e+02      1
2866 2.303585e+01      1
2867 5.080291e+01      1
2868 2.226189e+01      1
2869 5.980679e+01      1
2870 1.077255e+02      1
2871 3.461946e-02      1
2872 5.464596e+00      1
2873 1.072884e-01      1
2874 1.934066e+01      1
2875 1.205726e+02      1
2876 7.461827e+02      1
2877 5.449762e+00      1
2878 2.593515e+01      1
2879 1.328997e+01      1
2880 9.614519e+00      1
2881 1.804648e-01      1
2882 1.726582e+01      1
2883 2.886004e+01      1
2884 9.186200e+01      1
2885 1.392663e+00      1
2886 9.527972e+00      1
2887 1.159470e+02      1
2888 2.627031e+00      1
2889 1.907960e+00      1
2890 2.794681e+00      1
2891 7.614442e+00      1
2892 3.797120e+00      1
2893 8.592357e+01      1
2894 1.510930e+00      1
2895 2.230968e+01      1
2896 6.222145e-03      1
2897 4.598054e+00      1
2898 6.512908e+01      1
2899 1.565382e+01      1
2900 1.295835e-01      1
2901 1.900724e+01      1
2902 1.816188e+00      1
2903 3.163284e-01      1
2904 7.740613e-01      1
2905 8.358812e+01      1
2906 1.518927e+02      1
2907 4.044834e+00      1
2908 9.157664e+01      1
2909 8.612517e+01      1
2910 1.495325e+00      1
2911 2.128544e+01      1
2912 4.551414e+00      1
2913 1.703706e+01      1
2914 1.652812e+02      1
2915 1.044867e+01      1
2916 4.910705e-01      1
2917 8.293611e+01      1
2918 6.135881e+01      1
2919 1.397694e+00      1
2920 1.510602e+01      1
2921 1.432308e+02      1
2922 2.785254e+01      1
2923 1.045678e+01      1
2924 5.269007e+00      1
2925 3.035607e+01      1
2926 1.140764e+01      1
2927 6.541660e+01      1
2928 3.321518e+01      1
2929 6.240267e+00      1
2930 6.199893e+01      1
2931 8.122512e+00      1
2932 2.905388e+01      1
2933 1.733461e+01      1
2934 1.418562e+01      1
2935 1.632672e+02      1
2936 1.453256e+01      1
2937 7.889910e+00      1
2938 6.236875e+00      1
2939 2.508751e+01      1
2940 3.225882e+00      1
2941 3.895726e+01      1
2942 7.883744e+01      1
2943 5.136270e-01      1
2944 5.459667e+00      1
2945 7.698932e+01      1
2946 9.641260e+01      1
2947 2.164530e+01      1
2948 2.434090e+00      1
2949 2.865960e+00      1
2950 1.830328e+01      1
2951 1.404148e+01      1
2952 2.716388e+01      1
2953 1.504007e+01      1
2954 7.663524e+01      1
2955 2.489348e+01      1
2956 7.810192e+00      1
2957 2.832502e-01      1
2958 1.314691e+01      1
2959 7.729218e+01      1
2960 2.648121e+01      1

$`MR-PRESSO results`$`Distortion Test`
$`MR-PRESSO results`$`Distortion Test`$`Outliers Indices`
[1] "No significant outliers"

$`MR-PRESSO results`$`Distortion Test`$`Distortion Coefficient`
[1] NA

$`MR-PRESSO results`$`Distortion Test`$Pvalue
[1] NA



