$`Main MR results`
       Exposure       MR Analysis Causal Estimate          Sd   T-stat
1 beta.exposure               Raw     0.009646763 0.003709444 2.600595
2 beta.exposure Outlier-corrected              NA          NA       NA
      P-value
1 0.009419171
2          NA

$`MR-PRESSO results`
$`MR-PRESSO results`$`Global Test`
$`MR-PRESSO results`$`Global Test`$RSSobs
[1] 1349.613

$`MR-PRESSO results`$`Global Test`$Pvalue
[1] 0.00432


$`MR-PRESSO results`$`Outlier Test`
           RSSobs  Pvalue
1    7.143002e-05       1
2    1.560339e-04       1
3    2.294072e-05       1
4    1.752704e-03       1
5    4.925800e-05       1
6    7.203618e-03       1
7    1.283131e-04       1
8    1.288551e-04       1
9    1.018581e-06       1
10   7.639562e-05       1
11   2.826862e-03       1
12   4.626341e-05       1
13   2.346977e-04       1
14   1.092816e-03       1
15   3.752383e-05       1
16   2.626773e-07       1
17   5.900792e-04       1
18   4.245303e-05       1
19   3.298424e-04       1
20   3.936565e-04       1
21   4.543651e-06       1
22   1.924373e-04       1
23   8.060959e-04       1
24   3.153315e-04       1
25   2.687011e-06       1
26   4.416625e-05       1
27   6.908519e-06       1
28   2.950972e-04       1
29   1.206513e-05       1
30   3.671665e-04       1
31   6.456996e-05       1
32   3.137543e-04       1
33   2.284420e-04       1
34   1.081078e-02       1
35   1.198104e-03       1
36   1.055722e-05       1
37   3.917349e-06       1
38   4.708633e-04       1
39   4.347608e-04       1
40   1.802798e-03       1
41   2.478639e-04       1
42   2.826500e-04       1
43   1.518160e-04       1
44   3.935768e-06       1
45   1.839961e-06       1
46   3.100574e-04       1
47   1.666274e-03       1
48   1.425598e-05       1
49   3.565564e-04       1
50   1.243425e-05       1
51   6.164181e-07       1
52   2.791932e-04       1
53   3.238239e-05       1
54   3.526229e-05       1
55   9.230589e-04       1
56   3.002229e-04       1
57   8.127608e-06       1
58   3.751653e-04       1
59   2.293214e-04       1
60   5.293635e-04       1
61   8.788882e-04       1
62   3.254553e-05       1
63   7.784050e-05       1
64   5.282028e-06       1
65   1.227630e-04       1
66   8.689944e-06       1
67   1.428916e-03       1
68   1.727714e-03       1
69   6.332763e-05       1
70   3.117925e-04       1
71   5.696989e-05       1
72   2.533860e-03       1
73   5.736233e-04       1
74   7.802230e-04       1
75   2.561263e-04       1
76   9.792300e-05       1
77   1.418603e-03       1
78   6.362300e-05       1
79   2.404693e-05       1
80   1.829251e-06       1
81   6.997036e-06       1
82   3.040898e-03       1
83   1.004186e-05       1
84   9.597121e-05       1
85   4.789547e-04       1
86   3.980890e-04       1
87   3.185657e-04       1
88   1.924116e-05       1
89   1.899432e-03       1
90   1.682824e-03       1
91   1.410594e-03       1
92   8.378863e-05       1
93   2.259763e-11       1
94   3.153087e-05       1
95   2.576972e-05       1
96   4.580213e-04       1
97   6.153989e-03       1
98   6.318061e-04       1
99   7.793207e-04       1
100  4.859569e-05       1
101  5.420681e-04       1
102  1.839468e-06       1
103  1.941184e-05       1
104  9.785157e-04       1
105  6.369189e-05       1
106  1.655564e-07       1
107  1.017956e-04       1
108  1.548987e-04       1
109  2.713452e-03       1
110  7.321345e-05       1
111  2.893048e-04       1
112  1.567610e-03       1
113  5.154510e-04       1
114  2.480007e-06       1
115  1.239510e-03       1
116  3.869155e-04       1
117  4.286419e-05       1
118  5.490480e-04       1
119  1.656908e-03       1
120  3.625994e-02       1
121  2.246630e-03       1
122  1.179201e-04       1
123  3.760617e-05       1
124  1.619589e-06       1
125  1.715596e-05       1
126  2.549990e-02       1
127  8.805918e-06       1
128  4.562234e-05       1
129  5.632302e-04       1
130  3.638550e-05       1
131  8.117380e-04       1
132  6.436203e-05       1
133  1.340029e-04       1
134  4.389881e-05       1
135  9.676054e-05       1
136  9.180665e-04       1
137  9.356929e-03       1
138  4.503976e-05       1
139  2.776035e-04       1
140  1.841072e-04       1
141  1.469329e-04       1
142  2.197415e-03       1
143  1.096704e-03       1
144  3.075032e-05       1
145  8.124897e-04       1
146  1.598897e-04       1
147  5.300117e-06       1
148  3.861775e-03       1
149  5.468851e-03       1
150  9.260599e-05       1
151  2.954596e-07       1
152  2.977725e-06       1
153  1.072220e-04       1
154  2.430733e-03       1
155  5.130977e-04       1
156  8.695488e-08       1
157  1.880355e-04       1
158  5.348249e-07       1
159  2.785461e-05       1
160  9.695192e-04       1
161  2.120652e-05       1
162  1.308761e-03       1
163  1.295740e-02       1
164  4.154021e-05       1
165  2.923792e-05       1
166  5.233922e-05       1
167  1.746409e-03       1
168  2.885599e-04       1
169  1.001665e-03       1
170  2.392604e-04       1
171  3.012925e-04       1
172  1.061455e-04       1
173  1.851457e-04       1
174  2.577902e-03       1
175  1.548616e-04       1
176  4.488012e-04       1
177  6.325712e-07       1
178  3.038113e-02       1
179  4.982823e-05       1
180  1.350325e-03       1
181  5.113525e-05       1
182  8.288830e-02 0.17024
183  6.185026e-05       1
184  2.125982e-05       1
185  1.670320e-04       1
186  8.838639e-05       1
187  7.316470e-04       1
188  1.778610e-04       1
189  6.527877e-04       1
190  2.345048e-04       1
191  6.941612e-06       1
192  7.660290e-05       1
193  9.832449e-07       1
194  8.711594e-04       1
195  3.950752e-04       1
196  2.736857e-03       1
197  1.587139e-03       1
198  1.713438e-04       1
199  4.249998e-03       1
200  1.324191e-04       1
201  3.431182e-04       1
202  2.745489e-05       1
203  2.801566e-05       1
204  4.955721e-04       1
205  1.160832e-06       1
206  1.053005e-03       1
207  2.260288e-05       1
208  1.654550e-06       1
209  1.579667e-04       1
210  2.148605e-06       1
211  7.072163e-07       1
212  2.595561e-03       1
213  2.645842e-04       1
214  1.942862e-03       1
215  7.223957e-04       1
216  3.320319e-03       1
217  1.202658e-07       1
218  8.275852e-04       1
219  3.713419e-03       1
220  4.953984e-04       1
221  8.041722e-05       1
222  6.343825e-06       1
223  1.882364e-04       1
224  2.862753e-05       1
225  1.948181e-07       1
226  7.591163e-05       1
227  2.436056e-04       1
228  5.079756e-05       1
229  2.765303e-07       1
230  2.548479e-04       1
231  6.412594e-04       1
232  1.566070e-04       1
233  7.261036e-04       1
234  2.463228e-03       1
235  9.501805e-04       1
236  4.279046e-05       1
237  9.179063e-04       1
238  1.414921e-04       1
239  2.006429e-04       1
240  6.758831e-05       1
241  1.002028e-04       1
242  4.883154e-05       1
243  3.474389e-04       1
244  1.267379e-05       1
245  6.486269e-05       1
246  6.927401e-05       1
247  6.821122e-07       1
248  4.023983e-04       1
249  6.821726e-04       1
250  4.720560e-04       1
251  1.238948e-04       1
252  1.715871e-04       1
253  3.900073e-04       1
254  7.615734e-04       1
255  8.317295e-04       1
256  1.309424e-04       1
257  3.590142e-04       1
258  1.297655e-03       1
259  8.297005e-05       1
260  1.093018e-03       1
261  1.035796e-04       1
262  3.683026e-04       1
263  5.435636e-05       1
264  8.079205e-06       1
265  5.427078e-04       1
266  1.592393e-04       1
267  4.218421e-04       1
268  8.147936e-06       1
269  6.827805e-04       1
270  2.345709e-06       1
271  6.638132e-05       1
272  3.742261e-03       1
273  2.284532e-04       1
274  4.579427e-05       1
275  2.175099e-04       1
276  2.811229e-05       1
277  1.939775e-04       1
278  3.886449e-04       1
279  2.013488e-03       1
280  2.436881e-03       1
281  1.908532e-03       1
282  2.334613e-06       1
283  1.044908e-05       1
284  3.025575e-04       1
285  8.751666e-07       1
286  4.271305e-05       1
287  9.781581e-05       1
288  1.794317e-04       1
289  1.142298e-04       1
290  6.288776e-07       1
291  2.009533e-04       1
292  5.504641e-04       1
293  2.549815e-04       1
294  8.862597e-06       1
295  5.000936e-05       1
296  2.379936e-04       1
297  2.004309e-05       1
298  4.152141e-07       1
299  4.172557e-04       1
300  1.703894e-04       1
301  1.719407e-04       1
302  6.965125e-06       1
303  4.394576e-06       1
304  1.856582e-03       1
305  1.553337e-03       1
306  8.313300e-06       1
307  4.690779e-04       1
308  1.538153e-04       1
309  2.099694e-05       1
310  2.248906e-02       1
311  1.233313e-03       1
312  4.225650e-02       1
313  2.435826e-02       1
314  1.981456e-04       1
315  1.228805e-04       1
316  1.119356e-03       1
317  6.177783e-03       1
318  2.622894e-04       1
319  2.325637e-05       1
320  3.260541e-03       1
321  3.163525e-05       1
322  2.879886e-04       1
323  4.145697e-03       1
324  6.163101e-02       1
325  5.406988e-04       1
326  7.789169e-03       1
327  8.905347e-05       1
328  2.936716e-05       1
329  1.521155e-04       1
330  2.086569e-02       1
331  3.335187e-05       1
332  1.897331e-02       1
333  8.832315e-03       1
334  1.913910e-04       1
335  8.314100e-06       1
336  2.830463e-04       1
337  2.718587e-04       1
338  4.176233e-05       1
339  1.179628e-06       1
340  6.445795e-03       1
341  2.793447e-04       1
342  2.328168e-03       1
343  9.567763e-06       1
344  1.393340e-04       1
345  1.070609e-05       1
346  4.891201e-05       1
347  2.311028e-05       1
348  9.663657e-05       1
349  4.222229e-02       1
350  3.976977e-04       1
351  2.189100e-05       1
352  6.193391e-03       1
353  3.710502e-04       1
354  7.109427e-04       1
355  6.464177e-08       1
356  5.018744e-04       1
357  4.026436e-06       1
358  5.785174e-05       1
359  3.104276e-07       1
360  1.318276e-04       1
361  6.462026e-05       1
362  3.890718e-04       1
363  8.181710e-04       1
364  1.520462e-05       1
365  2.124440e-04       1
366  1.285967e-04       1
367  1.405545e-05       1
368  2.913059e-04       1
369  2.731433e-05       1
370  1.545238e-04       1
371  2.062131e-03       1
372  1.399254e-04       1
373  4.377742e-04       1
374  5.080152e-06       1
375  5.954702e-05       1
376  3.845629e-06       1
377  1.346193e-03       1
378  2.289470e-03       1
379  2.874634e-05       1
380  7.319370e-04       1
381  3.581752e-05       1
382  8.570730e-06       1
383  5.737592e-04       1
384  1.599992e-05       1
385  2.551068e-03       1
386  1.019643e-05       1
387  1.035593e-04       1
388  1.332043e-04       1
389  1.311635e-04       1
390  1.562580e-04       1
391  3.577865e-04       1
392  2.528237e-04       1
393  1.977106e-04       1
394  3.805096e-05       1
395  9.790885e-03       1
396  4.082394e-04       1
397  7.238477e-04       1
398  3.603383e-04       1
399  2.760801e-04       1
400  1.815680e-03       1
401  2.544874e-06       1
402  5.559928e-05       1
403  2.803483e-05       1
404  2.729727e-05       1
405  2.226146e-06       1
406  9.712784e-04       1
407  4.862501e-05       1
408  7.219843e-04       1
409  4.890261e-05       1
410  1.321205e-05       1
411  1.313970e-05       1
412  1.412992e-03       1
413  2.353604e-06       1
414  8.618279e-05       1
415  2.473210e-06       1
416  5.129969e-04       1
417  1.942920e-04       1
418  1.136261e-04       1
419  2.421006e-03       1
420  2.707124e-04       1
421  4.500247e-05       1
422  8.986372e-07       1
423  1.652963e-05       1
424  6.344660e-04       1
425  1.544795e-03       1
426  5.662474e-03       1
427  5.667085e-05       1
428  4.303753e-03       1
429  9.479747e-05       1
430  9.071216e-05       1
431  8.523576e-04       1
432  1.054160e-03       1
433  2.165936e-03       1
434  7.876080e-04       1
435  3.410689e-04       1
436  2.330421e-06       1
437  2.472331e-04       1
438  4.694392e-04       1
439  3.265210e-04       1
440  1.353682e-04       1
441  1.362750e-03       1
442  8.072920e-05       1
443  9.388453e-05       1
444  9.948550e-05       1
445  7.239091e-05       1
446  1.344783e-05       1
447  3.499683e-05       1
448  2.437965e-03       1
449  5.831762e-04       1
450  5.564221e-04       1
451  7.565532e-04       1
452  8.302392e-04       1
453  1.012137e-03       1
454  3.024589e-04       1
455  1.696672e-08       1
456  5.990140e-05       1
457  1.202683e-05       1
458  1.150767e-03       1
459  4.962930e-04       1
460  4.876916e-05       1
461  2.141813e-04       1
462  1.133673e-04       1
463  5.415296e-04       1
464  3.665247e-05       1
465  7.075766e-05       1
466  6.768747e-05       1
467  2.011458e-04       1
468  8.221143e-04       1
469  5.116465e-04       1
470  1.481518e-08       1
471  1.156450e-04       1
472  1.786060e-05       1
473  7.291699e-04       1
474  7.803246e-04       1
475  4.093361e-04       1
476  3.722322e-04       1
477  3.680216e-05       1
478  1.610126e-04       1
479  1.989018e-04       1
480  3.372551e-04       1
481  7.655173e-04       1
482  3.593766e-04       1
483  3.362951e-05       1
484  4.435853e-04       1
485  8.332909e-06       1
486  2.847623e-04       1
487  6.701771e-05       1
488  1.745608e-03       1
489  6.769548e-05       1
490  1.054667e-04       1
491  7.490163e-07       1
492  1.737948e-03       1
493  1.806779e-06       1
494  2.456722e-03       1
495  4.239464e-07       1
496  2.610046e-04       1
497  1.296822e-04       1
498  5.527525e-06       1
499  1.406283e-04       1
500  8.780713e-05       1
501  2.033748e-03       1
502  2.680939e-04       1
503  2.416710e-03       1
504  2.424150e-06       1
505  1.060747e-03       1
506  1.844672e-04       1
507  9.222022e-04       1
508  3.933037e-05       1
509  5.990748e-04       1
510  1.185250e-04       1
511  3.292993e-04       1
512  2.035620e-04       1
513  1.832258e-04       1
514  1.878011e-03       1
515  6.744405e-04       1
516  2.082581e-03       1
517  2.189875e-04       1
518  2.016886e-05       1
519  1.318911e-04       1
520  3.481649e-04       1
521  9.539310e-06       1
522  9.004692e-04       1
523  7.283812e-06       1
524  7.416149e-04       1
525  3.834248e-05       1
526  2.727614e-04       1
527  2.602982e-05       1
528  2.502566e-05       1
529  8.543573e-04       1
530  3.971957e-04       1
531  1.729828e-03       1
532  1.861333e-03       1
533  3.472149e-04       1
534  3.040635e-04       1
535  2.925162e-06       1
536  1.163391e-03       1
537  3.090841e-05       1
538  6.760764e-05       1
539  6.899488e-04       1
540  4.272463e-03       1
541  2.841617e-04       1
542  1.544268e-03       1
543  1.856183e-03       1
544  3.719972e-05       1
545  5.345175e-05       1
546  3.270953e-03       1
547  7.741886e-05       1
548  2.397144e-05       1
549  3.003837e-04       1
550  3.855674e-04       1
551  2.491634e-05       1
552  3.598083e-04       1
553  1.652583e-04       1
554  6.700724e-04       1
555  6.480511e-04       1
556  8.164715e-04       1
557  8.355702e-04       1
558  2.119936e-07       1
559  1.439772e-08       1
560  3.838831e-05       1
561  1.828531e-05       1
562  3.955901e-04       1
563  2.655315e-08       1
564  6.617645e-04       1
565  3.985394e-04       1
566  3.893989e-05       1
567  4.188113e-06       1
568  5.881484e-06       1
569  6.500026e-06       1
570  7.091350e-05       1
571  1.183778e-06       1
572  1.593491e-04       1
573  2.790571e-04       1
574  2.653751e-04       1
575  1.148114e-03       1
576  4.906441e-04       1
577  2.468486e-05       1
578  1.069197e-04       1
579  2.217746e-04       1
580  1.877769e-05       1
581  2.990690e-04       1
582  8.442899e-05       1
583  2.206209e-04       1
584  1.596884e-02       1
585  1.039233e-03       1
586  2.793476e-04       1
587  8.766147e-05       1
588  1.501121e-04       1
589  1.439054e-03       1
590  4.679175e-07       1
591  8.959852e-05       1
592  2.368347e-04       1
593  9.980498e-05       1
594  9.010515e-04       1
595  5.053584e-04       1
596  1.661831e-03       1
597  2.989109e-04       1
598  7.159934e-05       1
599  2.744963e-06       1
600  4.998480e-04       1
601  6.998564e-05       1
602  3.674160e-03       1
603  3.478194e-04       1
604  1.639599e-04       1
605  4.278624e-05       1
606  2.148409e-05       1
607  4.316752e-04       1
608  2.878756e-03       1
609  6.327082e-05       1
610  1.966268e-06       1
611  5.615676e-05       1
612  2.967461e-05       1
613  2.711545e-04       1
614  2.807624e-04       1
615  1.263100e-02       1
616  4.535966e-04       1
617  2.703125e-05       1
618  2.992536e-04       1
619  3.207972e-06       1
620  1.748167e-05       1
621  1.047753e-03       1
622  9.040789e-05       1
623  3.130877e-04       1
624  2.503775e-03       1
625  1.066765e-03       1
626  2.125537e-03       1
627  5.947818e-05       1
628  2.920981e-05       1
629  1.910384e-04       1
630  7.789192e-06       1
631  6.632405e-05       1
632  1.770967e-03       1
633  2.072848e-04       1
634  2.025537e-06       1
635  9.133293e-06       1
636  8.693437e-06       1
637  2.769431e-05       1
638  1.443823e-05       1
639  1.316674e-04       1
640  4.064531e-09       1
641  1.186383e-04       1
642  2.665432e-05       1
643  1.356604e-04       1
644  4.385315e-04       1
645  5.954028e-04       1
646  3.468281e-05       1
647  7.685386e-04       1
648  1.603711e-04       1
649  6.223422e-05       1
650  4.902851e-05       1
651  3.969789e-03       1
652  8.431669e-05       1
653  3.439618e-04       1
654  1.091973e-03       1
655  9.585529e-05       1
656  1.449473e-05       1
657  4.106920e-04       1
658  1.367699e-04       1
659  1.290369e-06       1
660  9.059694e-04       1
661  1.844646e-04       1
662  3.743800e-04       1
663  1.320599e-04       1
664  1.594359e-05       1
665  6.542306e-04       1
666  1.552222e-05       1
667  1.222481e-04       1
668  2.049641e-04       1
669  5.356522e-04       1
670  1.585996e-04       1
671  6.154590e-04       1
672  1.678950e-03       1
673  2.693719e-04       1
674  2.524430e-06       1
675  4.010634e-05       1
676  2.235937e-05       1
677  2.311956e-04       1
678  2.960062e-04       1
679  4.141051e-04       1
680  2.660281e-05       1
681  1.027050e-04       1
682  4.614331e-06       1
683  1.276542e-03       1
684  1.545653e-05       1
685  3.610187e-06       1
686  3.770185e-04       1
687  3.523584e-04       1
688  4.411094e-04       1
689  1.203321e-03       1
690  9.240872e-04       1
691  2.010505e-05       1
692  5.059510e-04       1
693  1.002155e-04       1
694  1.431595e-05       1
695  2.773307e-04       1
696  3.764078e-04       1
697  7.646389e-04       1
698  5.976499e-06       1
699  1.492425e-04       1
700  2.655019e-05       1
701  8.070841e-04       1
702  1.070553e-03       1
703  1.000322e-03       1
704  7.807685e-06       1
705  6.915915e-05       1
706  1.236190e-06       1
707  1.866093e-04       1
708  3.858339e-05       1
709  1.040661e-04       1
710  2.949758e-05       1
711  1.143633e-03       1
712  1.559680e-04       1
713  2.425196e-03       1
714  9.417066e-05       1
715  5.865285e-04       1
716  1.975939e-03       1
717  1.104546e-06       1
718  2.570150e-04       1
719  3.480035e-04       1
720  3.257125e-07       1
721  2.729880e-04       1
722  1.201036e-04       1
723  5.660972e-05       1
724  3.106565e-05       1
725  1.848728e-04       1
726  6.035717e-04       1
727  9.673191e-06       1
728  2.847427e-04       1
729  5.540662e-04       1
730  3.192557e-04       1
731  4.401518e-04       1
732  1.560521e-04       1
733  2.730910e-04       1
734  2.838456e-07       1
735  6.388187e-06       1
736  4.284902e-05       1
737  6.793738e-04       1
738  1.213456e-05       1
739  5.768253e-04       1
740  3.304267e-05       1
741  1.403747e-04       1
742  3.904081e-09       1
743  1.368414e-04       1
744  1.048224e-03       1
745  1.650030e-03       1
746  5.034599e-04       1
747  1.030816e-03       1
748  5.093998e-05       1
749  2.569171e-05       1
750  2.409975e-04       1
751  9.004341e-05       1
752  1.919144e-08       1
753  1.835885e-03       1
754  1.102255e-04       1
755  2.030863e-03       1
756  2.342067e-03       1
757  1.928550e-05       1
758  1.011449e-05       1
759  4.964852e-04       1
760  4.091576e-05       1
761  3.241427e-04       1
762  2.117406e-04       1
763  2.704054e-04       1
764  1.742448e-03       1
765  1.442392e-03       1
766  6.139804e-05       1
767  1.736069e-04       1
768  6.152415e-05       1
769  4.091537e-05       1
770  1.517194e-06       1
771  4.896928e-05       1
772  3.963456e-06       1
773  1.738076e-03       1
774  1.182273e-03       1
775  5.487477e-06       1
776  2.107591e-04       1
777  6.347203e-05       1
778  3.106428e-03       1
779  3.088656e-04       1
780  4.291766e-04       1
781  8.710635e-05       1
782  1.746122e-03       1
783  2.511441e-03       1
784  2.793497e-04       1
785  9.680752e-05       1
786  2.571192e-04       1
787  2.475342e-04       1
788  2.372474e-04       1
789  1.158838e-06       1
790  9.797021e-06       1
791  6.572159e-05       1
792  9.443533e-05       1
793  2.093183e-03       1
794  1.221122e-04       1
795  4.745932e-05       1
796  2.993536e-04       1
797  6.412031e-05       1
798  6.524177e-04       1
799  5.263256e-06       1
800  8.119343e-03       1
801  3.200029e-05       1
802  3.093714e-05       1
803  1.616054e-03       1
804  9.538757e-06       1
805  4.824173e-04       1
806  1.183328e-04       1
807  6.608922e-04       1
808  2.642006e-04       1
809  5.617515e-04       1
810  2.122979e-06       1
811  9.958264e-05       1
812  9.908008e-07       1
813  2.999715e-03       1
814  4.186111e-05       1
815  1.293550e-04       1
816  5.154010e-03       1
817  1.883122e-04       1
818  2.594967e-03       1
819  7.593523e-04       1
820  1.811171e-04       1
821  4.454292e-03       1
822  1.389482e-03       1
823  5.579538e-05       1
824  4.600866e-03       1
825  3.110719e-03       1
826  2.376738e-04       1
827  1.800953e-03       1
828  1.975347e-04       1
829  6.285963e-02 0.19456
830  6.025381e-04       1
831  3.066185e-04       1
832  3.906921e-04       1
833  9.892448e-04       1
834  6.539232e-05       1
835  2.859309e-04       1
836  2.045575e-03       1
837  1.333843e-04       1
838  2.105877e-05       1
839  6.363801e-03       1
840  5.973759e-04       1
841  3.823464e-04       1
842  1.482189e-03       1
843  8.287516e-05       1
844  1.621510e-03       1
845  1.091872e-05       1
846  9.664936e-05       1
847  1.423840e-04       1
848  3.939710e-05       1
849  2.983176e-04       1
850  6.623332e-04       1
851  2.414737e-05       1
852  8.164406e-05       1
853  1.638603e-04       1
854  4.383841e-04       1
855  2.888539e-05       1
856  4.761737e-04       1
857  6.066703e-05       1
858  3.966792e-04       1
859  8.628169e-04       1
860  3.777849e-09       1
861  3.307361e-03       1
862  7.583672e-05       1
863  2.590792e-03       1
864  1.324502e-04       1
865  1.765198e-04       1
866  1.213669e-04       1
867  1.243732e-04       1
868  4.321906e-05       1
869  6.286226e-05       1
870  3.322977e-04       1
871  9.893070e-04       1
872  8.298547e-04       1
873  2.820947e-05       1
874  2.536605e-04       1
875  4.080450e-04       1
876  4.038846e-04       1
877  6.490529e-05       1
878  1.813372e-04       1
879  2.775948e-04       1
880  2.818088e-05       1
881  1.980426e-06       1
882  3.165286e-04       1
883  9.679589e-06       1
884  6.507428e-04       1
885  7.440638e-06       1
886  6.997739e-05       1
887  7.233901e-04       1
888  2.042602e-04       1
889  4.817584e-04       1
890  1.280624e-04       1
891  1.385401e-04       1
892  4.746452e-05       1
893  2.937446e-04       1
894  2.636475e-04       1
895  7.452910e-04       1
896  5.070728e-04       1
897  5.643001e-06       1
898  3.711891e-05       1
899  6.080375e-04       1
900  1.692433e-04       1
901  4.745202e-04       1
902  2.928442e-04       1
903  8.140165e-04       1
904  1.064739e-04       1
905  2.902751e-04       1
906  2.485237e-06       1
907  3.846341e-05       1
908  3.671106e-04       1
909  4.994524e-04       1
910  6.220418e-04       1
911  3.068011e-04       1
912  4.060861e-04       1
913  1.464224e-04       1
914  5.845001e-04       1
915  1.771841e-05       1
916  7.334688e-04       1
917  3.708706e-03       1
918  2.565639e-05       1
919  1.803996e-05       1
920  1.800332e-04       1
921  3.225135e-05       1
922  8.478312e-05       1
923  8.918589e-05       1
924  1.195813e-04       1
925  1.483402e-04       1
926  4.400935e-04       1
927  1.079452e-04       1
928  2.673323e-04       1
929  1.065027e-03       1
930  4.545773e-04       1
931  1.412796e-03       1
932  1.727769e-05       1
933  1.019526e-03       1
934  2.065093e-03       1
935  2.590011e-06       1
936  1.071078e-04       1
937  1.181984e-04       1
938  9.051867e-04       1
939  1.412615e-03       1
940  3.520673e-04       1
941  2.238423e-03       1
942  8.687809e-04       1
943  2.571643e-04       1
944  3.798782e-06       1
945  4.121439e-04       1
946  6.370959e-06       1
947  6.358666e-03       1
948  2.819108e-05       1
949  3.630402e-05       1
950  2.277330e-03       1
951  2.643498e-04       1
952  2.558048e-04       1
953  9.968542e-04       1
954  7.283995e-04       1
955  3.111594e-05       1
956  4.342447e-04       1
957  3.729178e-04       1
958  3.800284e-05       1
959  7.302316e-04       1
960  6.885879e-05       1
961  1.765577e-05       1
962  4.215398e-04       1
963  7.295990e-05       1
964  6.450355e-05       1
965  1.492497e-04       1
966  2.380026e-04       1
967  1.053495e-04       1
968  1.792413e-04       1
969  1.874181e-05       1
970  2.711843e-04       1
971  6.649041e-04       1
972  3.922581e-04       1
973  1.106307e-03       1
974  1.819896e-04       1
975  7.110350e-04       1
976  2.245015e-05       1
977  1.617885e-03       1
978  1.175321e-05       1
979  1.928813e-03       1
980  4.530331e-02       1
981  1.245893e-05       1
982  1.046580e-03       1
983  6.954234e-06       1
984  8.602492e-04       1
985  4.069111e-05       1
986  7.529818e-04       1
987  1.597373e-06       1
988  6.165356e-04       1
989  3.837145e-03       1
990  2.075043e-05       1
991  5.013493e-04       1
992  4.027388e-04       1
993  4.240133e-06       1
994  3.020697e-04       1
995  2.430938e-04       1
996  1.292435e-04       1
997  1.739681e-03       1
998  2.916412e-03       1
999  1.886424e-03       1
1000 1.615776e-04       1
1001 4.969491e-04       1
1002 1.294220e-03       1
1003 1.720159e-05       1
1004 9.690233e-05       1
1005 5.243302e-03       1
1006 4.034485e-06       1
1007 9.200553e-04       1
1008 3.326100e-03       1
1009 3.899985e-03       1
1010 2.626816e-04       1
1011 2.250980e-03       1
1012 1.747709e-04       1
1013 1.262826e-04       1
1014 1.772589e-04       1
1015 5.325958e-04       1
1016 7.463933e-04       1
1017 3.314345e-04       1
1018 5.529244e-05       1
1019 1.874330e-04       1
1020 1.177383e-04       1
1021 5.473735e-04       1
1022 1.191406e-05       1
1023 3.349684e-04       1
1024 2.421262e-04       1
1025 1.730811e-03       1
1026 2.191372e-03       1
1027 8.302970e-04       1
1028 8.046152e-04       1
1029 4.710451e-04       1
1030 2.425971e-03       1
1031 5.656376e-05       1
1032 6.312035e-05       1
1033 1.339664e-05       1
1034 9.846952e-03       1
1035 7.120171e-04       1
1036 7.405994e-05       1
1037 1.073346e-03       1
1038 2.963326e-04       1
1039 2.381956e-04       1
1040 3.684755e-04       1
1041 5.127226e-03       1
1042 4.099676e-04       1
1043 7.163756e-03       1
1044 6.937723e-04       1
1045 5.871289e-03       1
1046 4.523586e-04       1
1047 5.215656e-04       1
1048 3.005181e-04       1
1049 3.505894e-04       1
1050 8.200753e-04       1
1051 8.920847e-03       1
1052 3.814059e-03       1
1053 1.989350e-05       1
1054 1.808341e-04       1
1055 3.032143e-04       1
1056 1.011544e-03       1
1057 5.201369e-05       1
1058 5.394188e-04       1
1059 2.069752e-03       1
1060 6.841940e-04       1
1061 2.092168e-04       1
1062 2.426304e-03       1
1063 1.339646e-05       1
1064 5.581713e-05       1
1065 6.118272e-04       1
1066 5.319477e-07       1
1067 2.870108e-07       1
1068 4.441168e-04       1
1069 1.992814e-03       1
1070 2.236894e-05       1
1071 5.332309e-04       1
1072 7.770629e-04       1
1073 7.204799e-05       1
1074 4.751836e-04       1
1075 1.666852e-05       1
1076 6.642799e-04       1
1077 3.486984e-04       1
1078 8.944163e-06       1
1079 9.899969e-07       1
1080 9.701817e-04       1
1081 4.627207e-06       1
1082 5.221612e-06       1
1083 7.387241e-04       1
1084 9.700741e-04       1
1085 7.377010e-04       1
1086 4.973568e-06       1
1087 3.639152e-06       1
1088 3.693631e-04       1
1089 3.511096e-06       1
1090 3.675035e-05       1
1091 4.092174e-03       1
1092 2.517036e-05       1
1093 2.083321e-03       1
1094 1.744949e-04       1
1095 2.137976e-04       1
1096 2.186387e-05       1
1097 1.092544e-04       1
1098 7.866242e-05       1
1099 4.155506e-04       1
1100 2.854956e-04       1
1101 1.421994e-07       1
1102 1.358146e-05       1
1103 5.180885e-04       1
1104 3.690303e-05       1
1105 2.848513e-05       1
1106 1.845945e-04       1
1107 9.186404e-05       1
1108 1.848600e-03       1
1109 1.979500e-06       1
1110 2.559111e-03       1
1111 1.554996e-03       1
1112 1.219867e-03       1
1113 2.431323e-04       1
1114 5.476791e-04       1
1115 5.731171e-04       1
1116 3.010998e-04       1
1117 6.044055e-07       1
1118 7.708078e-03       1
1119 5.120718e-04       1
1120 2.515751e-04       1
1121 7.603716e-05       1
1122 3.538557e-05       1
1123 1.285730e-04       1
1124 2.952476e-04       1
1125 2.038806e-04       1
1126 5.740084e-04       1
1127 7.478527e-05       1
1128 1.484540e-03       1
1129 1.045503e-05       1
1130 3.065804e-05       1
1131 2.231423e-05       1
1132 1.611109e-04       1
1133 1.202719e-05       1
1134 1.284518e-03       1
1135 1.363388e-04       1
1136 4.722861e-04       1
1137 1.104881e-03       1
1138 6.683081e-05       1
1139 1.522188e-05       1
1140 1.344145e-04       1
1141 6.767557e-05       1
1142 8.154244e-05       1
1143 1.043703e-05       1
1144 1.423415e-04       1
1145 3.056105e-03       1
1146 7.000042e-04       1
1147 1.637765e-04       1
1148 1.643863e-04       1
1149 3.674738e-05       1
1150 5.492041e-07       1
1151 3.968978e-09       1
1152 9.691887e-04       1
1153 5.080077e-06       1
1154 6.536894e-05       1
1155 7.823096e-04       1
1156 2.566137e-04       1
1157 1.364277e-04       1
1158 4.758078e-05       1
1159 3.976101e-04       1
1160 2.272508e-04       1
1161 1.506523e-03       1
1162 1.241560e-05       1
1163 3.575177e-07       1
1164 8.846875e-04       1
1165 6.168388e-10       1
1166 3.194431e-03       1
1167 3.466151e-03       1
1168 2.491142e-03       1
1169 1.585537e-04       1
1170 1.612059e-05       1
1171 8.974648e-05       1
1172 2.547622e-04       1
1173 8.274308e-05       1
1174 1.331638e-04       1
1175 8.541070e-05       1
1176 4.112922e-06       1
1177 1.996405e-04       1
1178 5.929752e-08       1
1179 2.647713e-04       1
1180 3.839383e-04       1
1181 6.260354e-05       1
1182 2.747609e-04       1
1183 4.229368e-04       1
1184 5.738200e-04       1
1185 2.480074e-03       1
1186 7.354711e-04       1
1187 1.322729e-05       1
1188 4.398628e-04       1
1189 3.305785e-05       1
1190 3.156768e-04       1
1191 5.025092e-05       1
1192 3.078478e-03       1
1193 1.484320e-04       1
1194 2.093355e-04       1
1195 8.016768e-04       1
1196 3.640863e-05       1
1197 5.634860e-04       1
1198 2.619829e-06       1
1199 4.896244e-05       1
1200 4.649438e-04       1
1201 3.771515e-09       1
1202 4.086590e-04       1
1203 1.219483e-04       1
1204 3.637022e-04       1
1205 2.224588e-03       1
1206 8.053300e-04       1
1207 2.643994e-05       1
1208 7.991057e-06       1
1209 4.293825e-04       1
1210 1.679883e-03       1
1211 3.900270e-04       1
1212 3.109394e-04       1
1213 2.642577e-04       1
1214 8.816270e-04       1
1215 4.837366e-04       1
1216 9.143460e-05       1

$`MR-PRESSO results`$`Distortion Test`
$`MR-PRESSO results`$`Distortion Test`$`Outliers Indices`
[1] "No significant outliers"

$`MR-PRESSO results`$`Distortion Test`$`Distortion Coefficient`
[1] NA

$`MR-PRESSO results`$`Distortion Test`$Pvalue
[1] NA



