$`Main MR results`
       Exposure       MR Analysis Causal Estimate         Sd    T-stat
1 beta.exposure               Raw     -0.02407381 0.01472161 -1.635270
2 beta.exposure Outlier-corrected     -0.02693181 0.01407717 -1.913156
     P-value
1 0.10226093
2 0.05597176

$`MR-PRESSO results`
$`MR-PRESSO results`$`Global Test`
$`MR-PRESSO results`$`Global Test`$RSSobs
[1] 1276.597

$`MR-PRESSO results`$`Global Test`$Pvalue
[1] 0.01846


$`MR-PRESSO results`$`Outlier Test`
           RSSobs   Pvalue
1    1.074431e-02        1
2    7.112815e-03        1
3    6.454460e-03        1
4    1.343944e-02        1
5    9.849877e-03        1
6    6.846924e-10        1
7    9.635502e-04        1
8    1.746952e-02        1
9    2.421686e-02        1
10   3.438442e-03        1
11   2.267431e-04        1
12   3.157891e-06        1
13   7.090091e-03        1
14   5.150706e-05        1
15   2.561323e-04        1
16   6.806571e-04        1
17   9.217331e-07        1
18   6.889456e-02        1
19   1.212852e-04        1
20   2.562534e-03        1
21   1.945517e-02        1
22   4.684429e-03        1
23   1.810901e-03        1
24   3.935063e-02        1
25   9.984861e-05        1
26   6.024078e-03        1
27   7.311352e-04        1
28   1.190916e-02        1
29   8.876496e-03        1
30   1.507088e-03        1
31   6.216134e-03        1
32   1.973311e-03        1
33   1.545564e-02        1
34   3.515002e-02        1
35   6.975696e-04        1
36   3.641141e-05        1
37   1.628406e-02        1
38   3.499124e-03        1
39   3.594373e-02        1
40   9.786549e-03        1
41   2.264367e-03        1
42   1.287908e-03        1
43   1.192896e-02        1
44   2.084839e-03        1
45   3.958117e-02        1
46   7.996595e-03        1
47   3.429740e-06        1
48   1.539172e-02        1
49   1.487506e-03        1
50   1.615703e-03        1
51   1.957535e-02        1
52   1.566065e-03        1
53   1.905085e-02        1
54   1.618721e-03        1
55   6.205481e-03        1
56   8.588870e-04        1
57   2.468364e-01        1
58   6.852301e-03        1
59   6.663328e-03        1
60   3.820538e-02        1
61   1.760019e-03        1
62   2.598935e-03        1
63   9.961626e-02        1
64   1.120925e-02        1
65   2.250060e-03        1
66   2.316480e-02        1
67   1.227841e-04        1
68   4.003009e-03        1
69   6.737541e-04        1
70   7.449999e-03        1
71   5.619944e-03        1
72   7.191745e-03        1
73   1.879868e-02        1
74   4.612579e-06        1
75   3.176055e-02        1
76   1.248116e-04        1
77   6.034831e-06        1
78   5.038690e-04        1
79   8.628168e-06        1
80   3.134522e-07        1
81   3.520620e-04        1
82   6.745273e-04        1
83   6.226986e-03        1
84   7.315249e-03        1
85   1.055069e-02        1
86   3.428019e-03        1
87   1.869047e-03        1
88   1.621343e-04        1
89   1.893672e-02        1
90   4.589212e-03        1
91   2.123832e-03        1
92   8.342618e-04        1
93   9.033803e-03        1
94   2.192683e-03        1
95   1.651317e-02        1
96   2.959081e-03        1
97   5.973724e-03        1
98   1.558903e-02        1
99   2.409956e-02        1
100  1.320397e-02        1
101  1.109829e-03        1
102  2.513504e-02        1
103  4.863680e-03        1
104  2.194412e-04        1
105  4.701785e-04        1
106  1.540375e-02        1
107  1.088364e-01        1
108  1.602674e-02        1
109  2.802515e-03        1
110  8.477591e-03        1
111  3.513254e-03        1
112  7.512840e-03        1
113  2.168557e-03        1
114  1.053396e-02        1
115  1.237642e-05        1
116  1.153806e-03        1
117  1.840940e-03        1
118  2.652224e-03        1
119  2.455501e-02        1
120  5.677064e-03        1
121  7.823136e-04        1
122  5.833762e-03        1
123  2.736764e-02        1
124  2.312090e-02        1
125  1.321753e-01        1
126  5.718114e-03        1
127  5.304663e-03        1
128  1.868667e-02        1
129  3.014739e-03        1
130  3.853797e-01        1
131  2.638432e-03        1
132  8.846786e-02        1
133  1.011908e-02        1
134  1.426814e-03        1
135  2.409103e-04        1
136  2.679868e-02        1
137  2.267902e-01        1
138  2.736418e-03        1
139  1.409739e-02        1
140  7.096841e-01        1
141  3.701344e-03        1
142  3.031029e-02        1
143  2.351275e-02        1
144  3.211612e-03        1
145  8.758206e-03        1
146  1.677901e-02        1
147  2.645565e-03        1
148  3.255955e-02        1
149  2.927554e-07        1
150  5.997414e-04        1
151  8.336708e-06        1
152  4.362887e-05        1
153  3.743458e-03        1
154  8.108231e-04        1
155  1.327283e-02        1
156  5.256195e-04        1
157  5.130112e-03        1
158  8.381090e-03        1
159  1.660143e-02        1
160  1.375057e-03        1
161  4.052649e-03        1
162  1.727597e-04        1
163  3.478931e-02        1
164  2.881054e-03        1
165  4.001618e-03        1
166  2.262721e-02        1
167  1.581429e-03        1
168  4.028229e-02        1
169  1.105947e-03        1
170  4.496891e-03        1
171  4.942327e-02        1
172  5.171180e-01        1
173  2.176798e-02        1
174  1.660749e-02        1
175  5.163806e-05        1
176  4.858139e-01        1
177  6.623462e-02        1
178  1.158711e-01        1
179  2.199308e-01        1
180  1.188823e-03        1
181  6.404329e-04        1
182  8.637478e-03        1
183  8.210327e-04        1
184  2.649116e-03        1
185  1.132275e-02        1
186  2.364758e-03        1
187  1.610059e-03        1
188  2.733679e-02        1
189  1.381116e-03        1
190  1.406677e-03        1
191  1.040366e-02        1
192  4.844568e-05        1
193  2.444379e-03        1
194  3.418809e-04        1
195  7.614809e-03        1
196  3.763837e-03        1
197  2.515951e-02        1
198  2.881512e-02        1
199  2.295524e-03        1
200  1.012433e-03        1
201  8.655806e-03        1
202  1.154988e-04        1
203  3.801344e-02        1
204  9.831118e-03        1
205  5.689181e-04        1
206  4.462266e-03        1
207  1.984997e-03        1
208  5.483874e-03        1
209  1.217882e-02        1
210  1.961269e-02        1
211  4.377180e-03        1
212  2.610915e-03        1
213  1.509916e-03        1
214  1.983781e-04        1
215  3.125784e-02        1
216  4.032903e-05        1
217  2.314044e-04        1
218  4.116013e-02        1
219  6.443753e-03        1
220  8.286171e-03        1
221  4.724532e-02        1
222  2.829868e-03        1
223  2.061629e-03        1
224  1.857194e-02        1
225  6.747901e-05        1
226  1.133109e-03        1
227  2.812477e-02        1
228  1.370737e-02        1
229  8.415994e-04        1
230  1.802381e-05        1
231  5.257966e-02        1
232  1.401513e-02        1
233  1.639759e-02        1
234  1.919383e-02        1
235  4.293068e-05        1
236  1.655636e-03        1
237  2.025869e-02        1
238  5.279457e-02        1
239  9.589073e-04        1
240  1.374379e-03        1
241  3.933818e-03        1
242  4.269259e-03        1
243  5.264904e-03        1
244  1.413765e-02        1
245  1.205058e-03        1
246  6.089018e-03        1
247  3.037865e-02        1
248  7.189768e-03        1
249  3.116395e-03        1
250  7.764272e-03        1
251  1.950841e-05        1
252  1.586756e-03        1
253  4.031415e-03        1
254  9.750331e-03        1
255  4.238107e-02        1
256  2.637729e-04        1
257  1.151418e-04        1
258  2.996176e-01        1
259  6.529514e-03        1
260  7.782592e-02        1
261  4.540153e-03        1
262  9.400812e-03        1
263  8.760898e-03        1
264  1.404020e-05        1
265  6.309300e-03        1
266  1.388762e-03        1
267  3.476277e-03        1
268  7.476835e-03        1
269  7.373634e-05        1
270  6.959574e-03        1
271  7.314280e-03        1
272  1.856247e-02        1
273  7.916903e-03        1
274  3.382207e-02        1
275  5.378596e-07        1
276  4.545340e-03        1
277  2.610969e-04        1
278  6.909310e-03        1
279  1.182675e-04        1
280  5.970305e-04        1
281  6.394041e-06        1
282  5.375068e-03        1
283  1.610629e-03        1
284  3.985411e-02        1
285  4.758043e-04        1
286  3.396078e-04        1
287  1.711509e-01        1
288  2.349508e-03        1
289  3.467602e-03        1
290  1.186119e-02        1
291  3.663701e-02        1
292  1.714389e-03        1
293  4.216232e-03        1
294  4.013627e-04        1
295  2.624882e-02        1
296  8.714211e-03        1
297  9.590971e-04        1
298  3.622759e-04        1
299  4.851311e-03        1
300  3.070698e-04        1
301  2.625407e-02        1
302  2.951303e-03        1
303  3.452229e-02        1
304  3.530697e-03        1
305  1.022549e-03        1
306  3.451334e-04        1
307  1.622948e-02        1
308  1.834925e-04        1
309  2.558639e-04        1
310  7.013662e-03        1
311  1.542024e-03        1
312  1.210057e-02        1
313  9.506234e-03        1
314  4.802086e-04        1
315  8.429541e-04        1
316  1.194732e-02        1
317  8.021429e-03        1
318  3.786041e-01        1
319  5.747758e-04        1
320  9.224255e-03        1
321  1.725093e-02        1
322  8.961658e-01  0.32844
323  3.447836e-05        1
324  6.944926e-01        1
325  2.972244e-02        1
326  8.579811e-04        1
327  2.705705e-03        1
328  3.494897e-03        1
329  1.487784e-03        1
330  1.150344e-04        1
331  2.904880e-01        1
332  2.840077e-01        1
333  2.881010e-03        1
334  7.107838e-04        1
335  4.107005e-03        1
336  2.091350e-04        1
337  2.763852e-01        1
338  3.594066e-02        1
339  4.903106e-02        1
340  6.827520e-05        1
341  1.298253e-01        1
342  2.997638e-01        1
343  2.330346e-02        1
344  1.134008e-03        1
345  2.677231e-02        1
346  1.229219e-02        1
347  1.267737e-04        1
348  5.848673e-04        1
349  6.735774e-02        1
350  9.136477e-03        1
351  1.669455e-03        1
352  2.263157e-04        1
353  4.489939e-04        1
354  8.820126e-03        1
355  5.373719e-03        1
356  3.030359e-01        1
357  1.732902e-03        1
358  1.566526e-04        1
359  1.133136e-02        1
360  1.590447e-03        1
361  1.255968e-02        1
362  2.272373e-03        1
363  7.092395e-03        1
364  1.505969e-02        1
365  4.690024e-03        1
366  4.931611e-01        1
367  3.097209e-06        1
368  6.040508e-03        1
369  1.105928e-02        1
370  1.517273e-02        1
371  6.776224e-02        1
372  1.901294e-02        1
373  8.060175e-06        1
374  5.923537e-04        1
375  4.161046e-03        1
376  5.904875e-04        1
377  1.926084e-03        1
378  2.071382e-03        1
379  4.806645e-03        1
380  4.856484e-03        1
381  9.243521e-03        1
382  1.398368e-03        1
383  1.845845e-02        1
384  1.699122e-03        1
385  2.773039e-03        1
386  3.478887e-02        1
387  6.175331e-04        1
388  1.765308e-02        1
389  9.984578e-03        1
390  2.021387e-02        1
391  6.033704e-03        1
392  8.302025e-02        1
393  3.004442e-02        1
394  1.006684e-04        1
395  2.685442e-03        1
396  2.156796e-02        1
397  3.692744e-02        1
398  1.407535e-02        1
399  4.788644e-04        1
400  7.753180e-04        1
401  1.066375e-02        1
402  1.641081e-03        1
403  2.663974e-03        1
404  2.536355e-03        1
405  9.935950e-03        1
406  1.743105e-03        1
407  3.578099e-02        1
408  2.629998e-03        1
409  3.923822e-03        1
410  3.609492e-02        1
411  2.265943e-04        1
412  2.290618e-04        1
413  5.663267e-03        1
414  2.537031e-02        1
415  8.245585e-03        1
416  3.629057e-02        1
417  4.501092e-06        1
418  1.251451e-03        1
419  2.277834e-02        1
420  1.199326e-03        1
421  2.706181e-03        1
422  5.090224e-03        1
423  4.088890e-04        1
424  1.169418e-02        1
425  3.495170e-05        1
426  1.859410e-04        1
427  2.023654e-03        1
428  6.045997e-03        1
429  2.448008e-03        1
430  4.328806e-03        1
431  1.835677e-01        1
432  9.950930e-03        1
433  2.230139e-03        1
434  6.388153e-04        1
435  1.372824e-02        1
436  3.180687e-04        1
437  2.426307e-03        1
438  2.199862e-04        1
439  1.965522e-04        1
440  8.186783e-08        1
441  4.396847e-05        1
442  6.499674e-03        1
443  2.342638e-03        1
444  2.450472e-03        1
445  1.902055e-02        1
446  8.107589e-03        1
447  1.551954e-05        1
448  2.028844e-02        1
449  5.492478e-03        1
450  5.040012e-03        1
451  1.502489e-03        1
452  2.866446e-02        1
453  6.481181e-02        1
454  2.063218e-02        1
455  3.144416e-03        1
456  4.503651e-02        1
457  1.853531e-03        1
458  1.429084e-04        1
459  2.176402e-03        1
460  2.461894e-04        1
461  8.963076e-03        1
462  1.023520e-03        1
463  3.817298e-03        1
464  6.385550e-03        1
465  1.184108e-02        1
466  1.236186e-04        1
467  2.444494e-04        1
468  7.473757e-03        1
469  1.534103e-03        1
470  3.464809e-03        1
471  8.028072e-03        1
472  7.764427e-04        1
473  8.765950e-03        1
474  1.608410e-03        1
475  6.614514e-06        1
476  1.951380e-02        1
477  2.079032e-04        1
478  7.606082e-04        1
479  1.475802e-03        1
480  9.307799e-03        1
481  5.541402e-04        1
482  3.747146e-03        1
483  1.081516e-02        1
484  9.325525e-03        1
485  1.673581e-03        1
486  9.908713e-03        1
487  9.788710e-04        1
488  3.290085e-03        1
489  2.269951e-02        1
490  4.435411e-04        1
491  1.260362e-04        1
492  6.147846e-03        1
493  4.685866e-03        1
494  1.878217e-03        1
495  3.721162e-03        1
496  5.095810e-03        1
497  1.368786e-03        1
498  4.032034e-03        1
499  3.979810e-03        1
500  2.734257e-03        1
501  3.549145e-05        1
502  2.565740e-06        1
503  1.223660e-02        1
504  5.279914e-03        1
505  1.621247e-02        1
506  2.422082e-04        1
507  2.744867e-05        1
508  1.502373e-02        1
509  1.334694e-02        1
510  5.135807e-03        1
511  1.996861e-03        1
512  4.765601e-04        1
513  1.052144e-04        1
514  3.405093e-03        1
515  6.423365e-03        1
516  9.897273e-04        1
517  9.160113e-05        1
518  7.034371e-03        1
519  4.641534e-03        1
520  4.141388e-02        1
521  3.004433e-03        1
522  2.815115e-03        1
523  1.491215e-02        1
524  2.009200e-04        1
525  1.210369e-03        1
526  5.562331e-05        1
527  1.878282e-02        1
528  1.191792e-03        1
529  2.513572e-03        1
530  6.249877e-02        1
531  4.072799e-04        1
532  6.183533e-03        1
533  5.715497e-04        1
534  8.169016e-03        1
535  5.318304e-04        1
536  9.137321e-05        1
537  9.029578e-04        1
538  5.822557e-04        1
539  1.909838e-06        1
540  4.438538e-03        1
541  1.279371e-03        1
542  1.235838e-03        1
543  4.918250e-02        1
544  1.182221e-02        1
545  1.553299e-03        1
546  3.848157e-04        1
547  1.230083e-02        1
548  3.467915e-03        1
549  3.761401e-03        1
550  1.486160e-03        1
551  7.895273e-03        1
552  2.458476e-01        1
553  8.089985e-04        1
554  3.768494e-02        1
555  1.468897e-02        1
556  3.081682e-04        1
557  1.447288e-02        1
558  3.977150e-04        1
559  1.889780e-02        1
560  1.946693e-04        1
561  3.447360e-03        1
562  1.537305e-02        1
563  2.782554e-03        1
564  1.567731e-02        1
565  6.047705e-02        1
566  1.528766e-02        1
567  2.808980e-04        1
568  1.868851e-02        1
569  3.614186e-02        1
570  4.262576e-05        1
571  1.509438e-04        1
572  3.831427e-04        1
573  1.145366e-02        1
574  1.263602e-02        1
575  2.101996e-02        1
576  4.269352e-02        1
577  1.782845e-02        1
578  1.219624e-02        1
579  1.048282e-03        1
580  1.309014e-02        1
581  1.795375e-03        1
582  1.012342e-03        1
583  1.644759e-02        1
584  3.669224e-03        1
585  4.714511e-04        1
586  2.159187e-03        1
587  1.397231e-04        1
588  2.221750e-02        1
589  2.759002e-04        1
590  1.316556e-01        1
591  7.376090e-01        1
592  1.553367e-03        1
593  4.624544e-03        1
594  1.399092e-03        1
595  2.653108e-03        1
596  2.172211e-02        1
597  6.734291e-02        1
598  2.763303e-03        1
599  1.089395e-02        1
600  1.710580e-04        1
601  4.836583e-03        1
602  2.177904e-03        1
603  2.502880e-03        1
604  6.125225e-02        1
605  5.768118e-03        1
606  4.705342e-03        1
607  5.529042e-03        1
608  2.689636e-02        1
609  1.565859e-02        1
610  6.302888e-03        1
611  2.004340e-02        1
612  5.355477e-03        1
613  8.929728e-04        1
614  2.697212e-03        1
615  1.219479e-02        1
616  2.510511e-04        1
617  1.179606e-02        1
618  4.207892e-06        1
619  6.007321e-03        1
620  6.007710e-06        1
621  4.215170e-03        1
622  1.328794e-04        1
623  5.454383e-03        1
624  2.060431e-02        1
625  2.052124e-02        1
626  4.374035e-04        1
627  1.374576e-03        1
628  1.178032e-02        1
629  1.788881e-02        1
630  6.442936e-03        1
631  5.291141e-03        1
632  9.240462e-03        1
633  1.435668e-02        1
634  2.378913e-02        1
635  1.958756e-03        1
636  1.465773e-02        1
637  8.712418e-04        1
638  2.862490e-03        1
639  3.060546e-04        1
640  2.420885e-03        1
641  9.530119e-04        1
642  5.528741e-03        1
643  1.675021e-05        1
644  6.623293e-09        1
645  4.038531e-03        1
646  6.502245e-04        1
647  2.580263e-02        1
648  2.009662e-03        1
649  5.345939e-03        1
650  1.232037e-02        1
651  5.882443e-04        1
652  1.263679e-03        1
653  1.467767e-03        1
654  2.056467e-03        1
655  2.140310e-02        1
656  5.334556e-03        1
657  5.482900e-02        1
658  2.153058e-03        1
659  5.989156e-02        1
660  1.083451e-02        1
661  9.682795e-03        1
662  2.100356e+00 <0.02346
663  1.239170e-03        1
664  4.316706e-04        1
665  1.334893e-03        1
666  3.838100e-03        1
667  1.217224e-02        1
668  5.454863e-04        1
669  5.752230e-03        1
670  9.969161e-03        1
671  1.889590e-02        1
672  3.920538e-03        1
673  3.165900e-03        1
674  4.400235e-04        1
675  2.275732e-03        1
676  1.502070e-02        1
677  8.965977e-04        1
678  5.602892e-05        1
679  4.251318e-03        1
680  2.858929e-03        1
681  1.428327e-03        1
682  9.478348e-04        1
683  3.334886e-04        1
684  4.234741e-03        1
685  1.965486e-02        1
686  2.541713e-02        1
687  1.315898e-03        1
688  3.182724e-03        1
689  1.789616e-05        1
690  4.491226e-03        1
691  7.138174e-03        1
692  1.115370e-02        1
693  1.718863e-02        1
694  3.138323e-03        1
695  5.448303e-02        1
696  3.111939e-04        1
697  6.331890e-05        1
698  6.436606e-03        1
699  4.412901e-03        1
700  6.095810e-04        1
701  4.100993e-05        1
702  2.715713e-02        1
703  1.702428e-03        1
704  1.472343e-03        1
705  5.965403e-04        1
706  5.573925e-03        1
707  1.753780e-02        1
708  7.797337e-05        1
709  8.609048e-03        1
710  8.207445e-03        1
711  4.108732e-03        1
712  1.663664e-03        1
713  1.554423e-03        1
714  5.874338e-03        1
715  2.330121e-03        1
716  2.615440e-02        1
717  1.880181e-04        1
718  1.221146e-03        1
719  1.288664e-02        1
720  1.055178e-03        1
721  5.460379e-04        1
722  1.414849e-02        1
723  5.635203e-03        1
724  1.078367e-02        1
725  1.572332e-03        1
726  2.983083e-05        1
727  9.064215e-03        1
728  4.935086e-03        1
729  2.173622e-03        1
730  2.783324e-02        1
731  6.382129e-03        1
732  3.901586e-02        1
733  4.028477e-04        1
734  8.156543e-03        1
735  9.793368e-03        1
736  1.738429e-05        1
737  2.195103e-03        1
738  8.563601e-03        1
739  2.421949e-02        1
740  4.293380e-03        1
741  9.766140e-03        1
742  9.197209e-03        1
743  2.705983e-03        1
744  8.586171e-03        1
745  1.128150e-08        1
746  1.645518e-04        1
747  1.795760e-02        1
748  3.274905e-04        1
749  1.609174e-02        1
750  9.248421e-03        1
751  2.971168e-02        1
752  5.899918e-03        1
753  4.366936e-04        1
754  1.794976e-02        1
755  1.123907e-03        1
756  2.091086e-02        1
757  8.294155e-03        1
758  3.888590e-03        1
759  1.627041e-03        1
760  7.158243e-03        1
761  1.369224e-03        1
762  1.910176e-03        1
763  1.118285e-03        1
764  1.661305e-03        1
765  1.792779e-02        1
766  9.382143e-05        1
767  4.030893e-05        1
768  3.565360e-03        1
769  1.147807e-03        1
770  1.577780e-03        1
771  7.392144e-03        1
772  1.106776e-02        1
773  7.218571e-03        1
774  9.624840e-05        1
775  2.601768e-04        1
776  2.623399e-04        1
777  3.135117e-04        1
778  2.147478e-03        1
779  4.200245e-03        1
780  1.308831e-03        1
781  4.150060e-02        1
782  1.259480e-03        1
783  3.606979e-03        1
784  3.268229e-03        1
785  4.907810e-03        1
786  1.166241e-02        1
787  6.409460e-03        1
788  2.992203e-03        1
789  2.704676e-03        1
790  4.384951e-03        1
791  5.529314e-03        1
792  1.481195e-04        1
793  4.566765e-06        1
794  9.437551e-05        1
795  2.020735e-02        1
796  9.657590e-05        1
797  1.030756e-01        1
798  5.302177e-03        1
799  1.215946e-02        1
800  1.068907e-02        1
801  6.818106e-04        1
802  1.344046e-03        1
803  7.163462e-04        1
804  3.060210e-03        1
805  1.289256e-03        1
806  3.625860e-02        1
807  9.521844e-05        1
808  1.930408e-03        1
809  3.607819e-07        1
810  2.063582e-02        1
811  3.488386e-01        1
812  1.059228e-02        1
813  9.391421e-05        1
814  1.534098e-02        1
815  1.014691e-01        1
816  8.061266e-02        1
817  7.814383e-01        1
818  1.366470e-01        1
819  3.074850e-01        1
820  1.004911e-01        1
821  5.262141e-03        1
822  1.488484e-01        1
823  3.640447e-01        1
824  6.848413e-03        1
825  1.710670e-01        1
826  4.070847e-03        1
827  1.793998e-02        1
828  1.408079e-03        1
829  3.024375e-02        1
830  6.156693e-03        1
831  3.517125e-03        1
832  1.222527e-03        1
833  1.222042e-03        1
834  1.799307e-03        1
835  3.057534e-04        1
836  6.863527e-02        1
837  5.422434e-04        1
838  1.162367e-02        1
839  6.001625e-05        1
840  2.622311e-04        1
841  1.604199e-03        1
842  3.192521e-03        1
843  9.324318e-04        1
844  7.570707e-04        1
845  9.847918e-04        1
846  4.874234e-03        1
847  1.485474e-02        1
848  1.865717e-03        1
849  4.355619e-03        1
850  3.558896e-03        1
851  4.128758e-02        1
852  1.008131e-02        1
853  9.369844e-05        1
854  9.732600e-03        1
855  7.400414e-03        1
856  6.470189e-06        1
857  7.369864e-04        1
858  2.067274e-03        1
859  4.682206e-08        1
860  3.228131e-02        1
861  1.347026e-02        1
862  1.433083e-03        1
863  4.478784e-05        1
864  3.696827e-03        1
865  1.452221e-02        1
866  3.534008e-03        1
867  6.483432e-04        1
868  3.013837e-02        1
869  1.453136e-03        1
870  4.553109e-04        1
871  4.043624e-02        1
872  3.143190e-02        1
873  1.617142e-03        1
874  8.567071e-03        1
875  1.200846e-03        1
876  5.343472e-03        1
877  1.754726e-02        1
878  4.550352e-04        1
879  1.423167e-02        1
880  5.456817e-05        1
881  2.044300e-02        1
882  6.688744e-02        1
883  6.007303e-04        1
884  2.985919e-03        1
885  1.298039e-02        1
886  1.531819e-02        1
887  3.824892e-03        1
888  2.000818e-05        1
889  1.118934e-02        1
890  3.054463e-03        1
891  1.212602e-02        1
892  5.729588e-05        1
893  2.606759e-02        1
894  1.364913e-04        1
895  3.196517e-04        1
896  6.138462e-03        1
897  1.057988e-03        1
898  2.826041e-03        1
899  1.302801e-06        1
900  4.685039e-03        1
901  5.672600e-03        1
902  6.042056e-03        1
903  1.704290e-05        1
904  2.323784e-03        1
905  3.509115e-03        1
906  1.915859e-02        1
907  1.947090e-06        1
908  7.877952e-03        1
909  1.932787e-02        1
910  4.111239e-04        1
911  1.381557e-03        1
912  4.849023e-03        1
913  2.367881e-02        1
914  3.698257e-03        1
915  2.587630e-04        1
916  8.006440e-03        1
917  8.151118e-04        1
918  6.327973e-04        1
919  1.453662e-02        1
920  3.244163e-03        1
921  1.786092e-03        1
922  2.999120e-03        1
923  2.676425e-03        1
924  3.682333e-03        1
925  5.675384e-02        1
926  7.245581e-04        1
927  1.975804e-03        1
928  3.446294e-02        1
929  3.349828e-02        1
930  1.679538e+00        1
931  3.512668e-03        1
932  1.828390e-03        1
933  7.134007e-03        1
934  2.719714e-03        1
935  8.157851e-03        1
936  1.366201e+00        1
937  1.727893e-03        1
938  8.647745e-04        1
939  1.045026e-02        1
940  2.307231e-03        1
941  1.415891e-02        1
942  7.700473e-03        1
943  6.230511e-03        1
944  7.992473e-05        1
945  1.227832e-02        1
946  2.462866e-03        1
947  1.020038e-04        1
948  2.209992e-03        1
949  1.896044e-02        1
950  6.676996e-02        1
951  3.266236e-02        1
952  5.020886e-04        1
953  6.950386e-02        1
954  6.841315e-04        1
955  1.156133e-02        1
956  2.330991e-05        1
957  6.262147e-04        1
958  1.082874e-02        1
959  6.804796e-03        1
960  4.533475e-03        1
961  2.055167e-02        1
962  8.724633e-03        1
963  5.638744e-05        1
964  6.342764e-02        1
965  5.567198e-03        1
966  1.219130e-02        1
967  4.979556e-03        1
968  1.072272e-03        1
969  2.906164e-04        1
970  1.589249e-04        1
971  9.123991e-04        1
972  5.320186e-02        1
973  4.038864e-03        1
974  1.358868e-02        1
975  8.489502e-04        1
976  1.674413e-04        1
977  5.331771e-05        1
978  4.869292e-03        1
979  5.895897e-01  0.07038
980  6.755766e-03        1
981  2.879576e-06        1
982  5.113149e-03        1
983  4.595408e-03        1
984  1.233310e-02        1
985  6.897637e-02        1
986  5.764947e-03        1
987  1.825598e-03        1
988  3.705428e-05        1
989  1.568327e-04        1
990  2.023288e-02        1
991  2.265644e-05        1
992  1.185954e-02        1
993  1.933020e-02        1
994  5.142603e-03        1
995  1.662907e-04        1
996  1.296492e-03        1
997  3.773478e-03        1
998  3.790476e-03        1
999  1.880164e-03        1
1000 3.451912e-04        1
1001 4.803921e-02        1
1002 1.523272e-01        1
1003 1.785606e-06        1
1004 8.264081e-02        1
1005 4.839008e-03        1
1006 7.008752e-03        1
1007 2.649761e-02        1
1008 9.591835e-08        1
1009 8.352516e-02        1
1010 1.009113e-01        1
1011 1.787857e-04        1
1012 1.270490e-02        1
1013 7.059363e-03        1
1014 6.706590e-03        1
1015 1.163108e-03        1
1016 6.694659e-04        1
1017 5.056445e-04        1
1018 3.851417e-03        1
1019 1.034613e-03        1
1020 2.905953e-04        1
1021 1.126870e-03        1
1022 5.212255e-04        1
1023 1.232092e-02        1
1024 6.662211e-03        1
1025 2.553629e-03        1
1026 1.546612e-02        1
1027 9.083516e-04        1
1028 5.680168e-03        1
1029 1.112908e-03        1
1030 2.340331e-03        1
1031 5.054164e-06        1
1032 1.060000e-02        1
1033 6.188094e-03        1
1034 4.547789e-05        1
1035 1.484713e-01        1
1036 1.621276e-02        1
1037 9.376645e-04        1
1038 9.502272e-02        1
1039 6.578032e-01        1
1040 1.673804e-04        1
1041 6.947811e-04        1
1042 7.465007e-03        1
1043 7.034430e-04        1
1044 2.982306e-02        1
1045 2.247507e-03        1
1046 3.555633e-03        1
1047 1.573691e-03        1
1048 1.378411e-04        1
1049 2.418590e-02        1
1050 3.191592e-01        1
1051 1.882205e-02        1
1052 3.500436e-03        1
1053 1.994631e-02        1
1054 1.074086e-02        1
1055 6.029067e-05        1
1056 5.647167e-03        1
1057 7.614489e-03        1
1058 1.383638e-02        1
1059 2.565027e-02        1
1060 1.295955e-02        1
1061 6.344965e-06        1
1062 4.766214e-03        1
1063 2.589760e-03        1
1064 1.181281e-01        1
1065 5.744253e-02        1
1066 2.362563e-03        1
1067 9.758650e-03        1
1068 7.413533e-04        1
1069 9.274203e-03        1
1070 7.290130e-06        1
1071 1.061346e-03        1
1072 5.517825e-03        1
1073 1.632948e-02        1
1074 3.793724e-02        1
1075 1.446912e-02        1
1076 1.530958e-02        1
1077 9.489756e-03        1
1078 6.684758e-03        1
1079 2.826424e-01        1
1080 1.701359e-03        1
1081 1.278880e-02        1
1082 7.571237e-03        1
1083 4.355883e-03        1
1084 5.977437e-03        1
1085 6.177675e-04        1
1086 4.540393e-03        1
1087 4.173934e-03        1
1088 5.583275e-03        1
1089 2.214818e-03        1
1090 6.567180e-04        1
1091 4.331662e-04        1
1092 2.924171e-03        1
1093 4.017936e-03        1
1094 5.135094e-04        1
1095 6.065208e-03        1
1096 4.107774e-04        1
1097 2.913111e-04        1
1098 1.193852e-02        1
1099 1.577945e-02        1
1100 2.686378e-01        1
1101 1.652912e-03        1
1102 4.620188e-03        1
1103 1.221622e-03        1
1104 1.140332e-03        1
1105 3.079512e-04        1
1106 7.448483e-04        1
1107 5.466695e-04        1
1108 6.275519e-05        1
1109 2.180955e-03        1
1110 8.179571e-04        1
1111 8.835103e-04        1
1112 2.724410e-02        1
1113 1.894787e-03        1
1114 2.514922e-02        1
1115 2.116691e-01        1
1116 1.649323e-02        1
1117 3.893167e-03        1
1118 1.305576e-03        1
1119 3.121313e-03        1
1120 2.629975e-02        1
1121 3.240800e-02        1
1122 5.378481e-03        1
1123 5.215132e-02        1
1124 2.087357e-03        1
1125 6.087708e-03        1
1126 7.078827e-03        1
1127 1.894663e-03        1
1128 6.841498e-03        1
1129 3.193137e-01        1
1130 1.066195e-03        1
1131 9.922647e-04        1
1132 6.437969e-03        1
1133 9.666903e-04        1
1134 4.191959e-02        1
1135 2.548570e-04        1
1136 6.663374e-03        1
1137 1.244113e-02        1
1138 7.606542e-03        1
1139 1.186025e-02        1
1140 8.492589e-04        1
1141 9.437179e-05        1
1142 1.703806e-03        1
1143 2.441962e-03        1
1144 1.867246e-02        1
1145 4.623516e-03        1
1146 1.544376e-02        1
1147 1.260516e-03        1
1148 9.211018e-03        1
1149 3.001916e-03        1
1150 5.597071e-03        1
1151 3.394691e-02        1
1152 1.029853e-03        1
1153 9.781539e-03        1
1154 3.359498e-02        1
1155 1.565004e-02        1
1156 5.514611e-04        1
1157 1.170491e-03        1
1158 4.010746e-03        1
1159 3.733134e-03        1
1160 2.173331e-03        1
1161 1.539582e-03        1
1162 1.456902e-01        1
1163 9.588451e-03        1
1164 1.251605e-02        1
1165 7.565703e-04        1
1166 2.871807e-04        1
1167 2.589552e-03        1
1168 2.029801e-03        1
1169 1.523949e-04        1
1170 1.599116e-03        1
1171 9.450821e-04        1
1172 4.893838e-05        1
1173 1.748291e-02        1

$`MR-PRESSO results`$`Distortion Test`
$`MR-PRESSO results`$`Distortion Test`$`Outliers Indices`
[1] 662

$`MR-PRESSO results`$`Distortion Test`$`Distortion Coefficient`
beta.exposure 
     10.61201 

$`MR-PRESSO results`$`Distortion Test`$Pvalue
[1] 0.85232



