$`Main MR results`
       Exposure       MR Analysis Causal Estimate           Sd     T-stat
1 beta.exposure               Raw    5.665508e-04 0.0011076175 0.51150400
2 beta.exposure Outlier-corrected    8.876666e-05 0.0009464145 0.09379258
    P-value
1 0.6102793
2 0.9254947

$`MR-PRESSO results`
$`MR-PRESSO results`$`Global Test`
$`MR-PRESSO results`$`Global Test`$RSSobs
[1] 199.544

$`MR-PRESSO results`$`Global Test`$Pvalue
[1] "<1e-04"


$`MR-PRESSO results`$`Outlier Test`
         RSSobs  Pvalue
1  1.306709e-05       1
2  1.735933e-06       1
3  6.188563e-06       1
4  1.853116e-07       1
5  1.064183e-05       1
6  1.562545e-05  0.1335
7  2.275982e-06       1
8  9.115226e-06       1
9  9.632724e-07       1
10 2.747524e-06       1
11 7.094070e-06       1
12 1.277934e-06       1
13 2.439471e-06       1
14 6.442531e-06       1
15 5.551056e-06       1
16 3.244934e-06       1
17 2.028238e-04       1
18 1.020568e-06       1
19 3.863010e-07       1
20 9.596253e-07       1
21 7.988180e-07       1
22 2.931905e-05  0.7209
23 2.792299e-05       1
24 6.638522e-05       1
25 6.174093e-06       1
26 9.826152e-07       1
27 7.872391e-05       1
28 1.057898e-05       1
29 7.723952e-06       1
30 1.451236e-05       1
31 1.689722e-05       1
32 3.741926e-06       1
33 1.253263e-06       1
34 1.276402e-05  0.3827
35 2.994329e-08       1
36 5.018157e-06       1
37 1.294123e-06       1
38 6.755626e-07       1
39 1.512737e-08       1
40 8.781665e-07       1
41 6.947699e-07       1
42 1.273660e-08       1
43 1.074878e-06       1
44 1.012064e-06       1
45 3.137271e-06       1
46 7.694501e-07       1
47 1.110312e-06       1
48 1.351741e-05  0.2314
49 2.625420e-06       1
50 1.070239e-05       1
51 4.930753e-05       1
52 2.679835e-06       1
53 2.559657e-06       1
54 1.812931e-07       1
55 2.210147e-06       1
56 4.001207e-06       1
57 2.092680e-10       1
58 1.641849e-05  0.4272
59 2.769104e-06       1
60 1.341720e-06       1
61 3.937727e-06       1
62 1.154922e-06       1
63 1.587633e-08       1
64 1.275498e-06       1
65 1.161611e-06       1
66 7.945930e-06       1
67 9.390663e-07       1
68 1.074323e-08       1
69 3.318976e-05 <0.0089
70 5.385096e-05 <0.0089
71 7.792670e-07       1
72 1.633014e-06       1
73 2.857125e-07       1
74 9.026336e-06       1
75 1.304871e-06       1
76 2.269456e-08       1
77 1.025015e-07       1
78 9.959900e-06       1
79 3.498368e-05       1
80 2.474586e-05       1
81 3.250306e-05  0.0089
82 1.109210e-08       1
83 1.441644e-07       1
84 1.413630e-06       1
85 1.118770e-05       1
86 4.354821e-06       1
87 1.730217e-06       1
88 2.838613e-09       1
89 2.828155e-08       1

$`MR-PRESSO results`$`Distortion Test`
$`MR-PRESSO results`$`Distortion Test`$`Outliers Indices`
[1] 69 70 81

$`MR-PRESSO results`$`Distortion Test`$`Distortion Coefficient`
beta.exposure 
     538.2472 

$`MR-PRESSO results`$`Distortion Test`$Pvalue
[1] 0.0563



