$`Main MR results`
       Exposure       MR Analysis Causal Estimate         Sd    T-stat
1 beta.exposure               Raw     -0.10984509 0.08998402 -1.220718
2 beta.exposure Outlier-corrected      0.03853057 0.03257685  1.182759
    P-value
1 0.2230194
2 0.2377359

$`MR-PRESSO results`
$`MR-PRESSO results`$`Global Test`
$`MR-PRESSO results`$`Global Test`$RSSobs
[1] 3994.547

$`MR-PRESSO results`$`Global Test`$Pvalue
[1] "<4e-05"


$`MR-PRESSO results`$`Outlier Test`
          RSSobs   Pvalue
1   2.674965e-05        1
2   5.528266e-04        1
3   5.133897e-06        1
4   3.644189e-05        1
5   1.418357e-06        1
6   2.002234e-04        1
7   1.179029e-06        1
8   7.251980e-04        1
9   8.049871e-04        1
10  4.667592e-04        1
11  4.652254e-05        1
12  3.739777e-04        1
13  3.378124e-04        1
14  1.378006e-04        1
15  6.561625e-04        1
16  3.730914e-05        1
17  1.754064e-04        1
18  3.354617e-05        1
19  2.489694e-04        1
20  4.425509e-03  0.02792
21  3.150153e-10        1
22  2.580404e-04        1
23  2.156048e-03        1
24  5.159979e-04        1
25  2.015435e-05        1
26  2.772277e-04        1
27  1.309479e-04        1
28  5.089469e-05        1
29  1.031139e-03        1
30  2.193336e-04        1
31  2.738348e-06        1
32  1.393067e-03        1
33  1.188035e-03        1
34  1.375014e-03        1
35  1.033330e-03        1
36  3.079401e-04        1
37  6.593783e-04        1
38  5.410611e-03 <0.01396
39  3.563982e-03        1
40  3.018753e-03  0.23732
41  6.757736e-04        1
42  1.333037e-03        1
43  5.997602e-04        1
44  3.353379e-09        1
45  1.047748e-02        1
46  3.082574e-05        1
47  7.613570e-04        1
48  9.288152e-03        1
49  1.006069e-03        1
50  4.980795e-03  0.92136
51  1.319899e-03        1
52  8.394525e-04        1
53  7.594861e-04        1
54  4.080128e-04        1
55  2.167434e-04        1
56  4.008299e-04        1
57  3.631937e-04        1
58  1.902602e-04        1
59  1.017657e-06        1
60  3.077456e-05        1
61  5.992514e-04        1
62  1.745203e-05        1
63  8.353389e-04        1
64  8.517845e-05        1
65  2.670804e-05        1
66  2.348360e-04        1
67  7.792573e-05        1
68  2.784907e-04        1
69  6.762624e-04        1
70  3.500096e-04        1
71  1.603132e-03        1
72  8.160597e-04        1
73  7.969115e-04        1
74  9.696654e-04        1
75  2.615723e-05        1
76  1.873626e-03        1
77  3.642418e-04        1
78  4.128183e-04        1
79  1.551538e-07        1
80  1.764886e-04        1
81  1.659122e-03        1
82  2.602385e-03        1
83  1.185303e-03        1
84  1.542224e-03        1
85  1.044762e-03        1
86  1.059073e-05        1
87  3.698878e-04        1
88  7.005997e-04        1
89  2.861306e-04        1
90  2.629317e-04        1
91  5.269864e-05        1
92  5.435101e-05        1
93  4.768310e-05        1
94  2.855686e-05        1
95  1.409163e-01 <0.01396
96  1.199957e-03        1
97  2.473432e-04        1
98  3.547277e-04        1
99  4.134012e-04        1
100 3.512047e-06        1
101 3.414791e-04        1
102 1.917962e-04        1
103 7.391407e-05        1
104 3.617759e-05        1
105 9.025114e-04        1
106 1.065992e-04        1
107 1.112577e-07        1
108 7.775881e-05        1
109 2.510350e-03        1
110 8.405320e-04        1
111 5.379117e-04        1
112 7.392720e-10        1
113 3.048914e-04        1
114 2.596473e-05        1
115 4.013235e-04        1
116 5.475298e-03 <0.01396
117 9.045431e-04        1
118 4.056438e-04        1
119 1.923833e-04        1
120 7.469053e-05        1
121 2.105957e-03        1
122 2.042418e-03        1
123 3.015473e-04        1
124 5.507271e-03   0.1396
125 3.633455e-04        1
126 3.250529e-08        1
127 8.942244e-05        1
128 6.142625e-03        1
129 3.148617e-04        1
130 4.031755e-03  0.18148
131 1.526935e-05        1
132 1.361051e-04        1
133 2.273145e-03        1
134 7.646080e-04        1
135 7.728442e-04        1
136 2.142163e-04        1
137 1.443068e-05        1
138 7.537292e-05        1
139 1.081293e+00 <0.01396
140 1.730388e-04        1
141 2.915787e-05        1
142 8.893446e-04        1
143 2.920994e-04        1
144 4.889466e-05        1
145 1.381627e-04        1
146 6.115509e-04        1
147 2.396230e-04        1
148 1.688353e-03        1
149 1.059395e-04        1
150 6.420779e-04        1
151 2.274564e-05        1
152 2.977506e-03        1
153 1.156993e-03        1
154 1.329981e-03        1
155 1.117576e-06        1
156 5.454109e-04        1
157 1.360633e-04        1
158 6.111202e-04        1
159 1.633945e-03        1
160 1.360277e-03        1
161 1.143787e-03        1
162 2.727590e-04        1
163 3.795457e-05        1
164 1.860052e-03        1
165 2.952697e-04        1
166 8.407330e-04        1
167 4.890629e-04        1
168 1.450239e-05        1
169 4.196242e-06        1
170 7.823361e-05        1
171 2.416353e-03        1
172 6.003241e-04        1
173 1.288447e-09        1
174 1.128740e-03        1
175 5.757135e-04        1
176 4.332960e-03   0.0698
177 7.620822e-05        1
178 1.304904e-08        1
179 5.744098e-03  0.22336
180 9.562109e-04        1
181 1.460188e-03        1
182 1.221692e-03        1
183 6.009565e-06        1
184 2.925348e-03        1
185 5.963017e-04        1
186 1.908648e-05        1
187 9.473775e-04        1
188 3.710266e-04        1
189 4.371291e-03        1
190 1.840932e-03        1
191 1.580657e-04        1
192 1.601160e-06        1
193 2.032381e-04        1
194 9.516441e-04        1
195 4.287958e-04        1
196 4.699558e-05        1
197 2.044598e-03        1
198 1.135087e-03        1
199 3.252462e-05        1
200 4.189543e-05        1
201 5.823884e-04        1
202 1.047901e-03        1
203 3.035241e-04        1
204 1.472113e-04        1
205 2.993327e-04        1
206 1.631620e-05        1
207 3.773681e-03        1
208 3.842861e-04        1
209 5.694929e-08        1
210 1.808190e-09        1
211 4.120949e-04        1
212 1.713528e-03        1
213 2.193565e-04        1
214 1.079204e-05        1
215 3.937664e-04        1
216 2.874596e-06        1
217 8.380169e-04        1
218 2.032954e-04        1
219 7.839116e-04        1
220 5.515550e-05        1
221 6.031267e-03        1
222 8.773514e-04        1
223 1.486002e-03        1
224 3.614637e-05        1
225 4.613845e-05        1
226 3.471949e-04        1
227 7.894500e-04        1
228 3.786736e-04        1
229 8.786469e-03  0.02792
230 1.558562e-01 <0.01396
231 3.744642e-04        1
232 1.068063e-04        1
233 1.700073e-04        1
234 5.933727e-04        1
235 1.492637e-04        1
236 1.559265e-03        1
237 6.623471e-05        1
238 1.181020e-03        1
239 4.132430e-04        1
240 4.648166e-05        1
241 6.911968e-07        1
242 3.284846e-04        1
243 7.098548e-06        1
244 5.502616e-04        1
245 8.797196e-03        1
246 6.272213e-05        1
247 8.960761e-04        1
248 1.345924e-02 <0.01396
249 2.163364e-03        1
250 7.691196e-06        1
251 5.503993e-04        1
252 4.017512e-03        1
253 8.467841e-03        1
254 7.220172e-04        1
255 4.279032e-04        1
256 1.118603e-04        1
257 1.230027e-03        1
258 3.821878e-03        1
259 9.580444e-05        1
260 2.730024e-08        1
261 5.255086e-04        1
262 3.259278e-05        1
263 1.331307e-03        1
264 9.643711e-04        1
265 3.429355e-05        1
266 4.507355e-05        1
267 4.195713e-05        1
268 8.729437e-04        1
269 1.465056e-03        1
270 8.432962e-04        1
271 4.843279e-05        1
272 1.099740e-04        1
273 9.750639e-05        1
274 2.047612e-03        1
275 1.468232e-04        1
276 1.724618e-04        1
277 3.506104e-04        1
278 1.789663e-04        1
279 5.578097e-04        1
280 6.393723e-04        1
281 9.245680e-04        1
282 1.449541e-06        1
283 4.983869e-05        1
284 4.946668e-03  0.08376
285 2.116925e-03        1
286 2.172586e-04        1
287 3.903033e-05        1
288 7.170615e-04        1
289 4.748977e-03  0.71196
290 1.448940e-03        1
291 4.936696e-04        1
292 2.290351e-05        1
293 7.358360e-04        1
294 2.044329e-04        1
295 6.560579e-04        1
296 1.146210e-04        1
297 3.234108e-04        1
298 1.054081e-03        1
299 1.111530e-04        1
300 1.017931e-04        1
301 1.010344e-04        1
302 1.940834e-04        1
303 6.072928e-05        1
304 1.988369e-04        1
305 1.258611e-03        1
306 1.428862e-01 <0.01396
307 6.314047e-03        1
308 5.101979e-03        1
309 1.870412e-04        1
310 1.954495e-05        1
311 3.167264e-04        1
312 1.102671e+00 <0.01396
313 1.680273e-02        1
314 1.383647e-03        1
315 6.626186e-04        1
316 5.010434e-04        1
317 3.955537e-04        1
318 1.592328e-04        1
319 5.730182e-04        1
320 1.814884e-04        1
321 8.347901e-05        1
322 4.851533e-03        1
323 1.993328e-06        1
324 1.234344e-03        1
325 3.594843e-03        1
326 9.861797e-07        1
327 4.087433e-04        1
328 6.826842e-05        1
329 4.218166e-04        1
330 2.320584e-03        1
331 1.197438e-04        1
332 1.666892e-03        1
333 1.961800e-03        1
334 9.999218e-03        1
335 3.210052e-05        1
336 1.572801e-04        1
337 8.410696e-04        1
338 2.728306e-03        1
339 8.364453e-05        1
340 3.306900e-05        1
341 6.155516e-05        1
342 6.148727e-09        1
343 1.773645e-03        1
344 1.203452e-04        1
345 2.190292e-04        1
346 1.768311e-04        1
347 1.755383e-03        1
348 1.030604e-03        1
349 6.477643e-04        1

$`MR-PRESSO results`$`Distortion Test`
$`MR-PRESSO results`$`Distortion Test`$`Outliers Indices`
 [1]  20  38  95 116 139 229 230 248 306 312

$`MR-PRESSO results`$`Distortion Test`$`Distortion Coefficient`
beta.exposure 
    -385.0855 

$`MR-PRESSO results`$`Distortion Test`$Pvalue
[1] 0.00316



