$`Main MR results`
       Exposure       MR Analysis Causal Estimate       Sd   T-stat   P-value
1 beta.exposure               Raw        8.860398 7.932205 1.117016 0.2640692
2 beta.exposure Outlier-corrected              NA       NA       NA        NA

$`MR-PRESSO results`
$`MR-PRESSO results`$`Global Test`
$`MR-PRESSO results`$`Global Test`$RSSobs
[1] 3596.758

$`MR-PRESSO results`$`Global Test`$Pvalue
[1] 0.00013


$`MR-PRESSO results`$`Outlier Test`
           RSSobs Pvalue
1    2.785271e+01      1
2    3.108643e+01      1
3    8.148997e-03      1
4    1.966366e-02      1
5    1.045705e+00      1
6    3.206429e+01      1
7    4.138179e+01      1
8    1.254679e+01      1
9    1.820064e+00      1
10   1.563125e+00      1
11   1.379257e+01      1
12   1.432098e+01      1
13   5.537524e+01      1
14   1.111835e+03      1
15   4.479879e-01      1
16   2.204642e+01      1
17   1.918909e+01      1
18   2.115626e+02      1
19   1.774978e-01      1
20   6.034268e+00      1
21   3.192555e+00      1
22   7.199532e+00      1
23   2.465199e+00      1
24   7.448523e-01      1
25   3.287524e+01      1
26   6.378244e+01      1
27   7.657579e+00      1
28   8.564325e-01      1
29   6.992774e+01      1
30   8.645153e-01      1
31   1.042930e+02      1
32   1.051604e+01      1
33   1.754309e-02      1
34   2.246543e+01      1
35   1.608859e+01      1
36   6.901986e+00      1
37   1.044444e+01      1
38   6.280640e-01      1
39   2.241812e+00      1
40   1.381546e+02      1
41   4.020128e+00      1
42   2.372724e+00      1
43   1.406463e+00      1
44   4.358444e-01      1
45   1.780302e+01      1
46   7.692460e+01      1
47   5.675175e+01      1
48   1.751648e+01      1
49   2.568917e+02      1
50   1.354368e+01      1
51   4.430555e+00      1
52   3.613540e+01      1
53   3.883466e+01      1
54   3.182460e+00      1
55   2.021800e+01      1
56   3.303496e+01      1
57   1.129197e+02      1
58   1.750283e+01      1
59   1.398458e+01      1
60   2.558194e+00      1
61   1.012081e+02      1
62   1.437642e+02      1
63   2.036114e+01      1
64   1.134680e+01      1
65   7.176650e-04      1
66   5.558308e+00      1
67   1.549546e+02      1
68   1.478292e+02      1
69   4.733282e+01      1
70   6.671712e+01      1
71   7.935669e+01      1
72   9.581038e+01      1
73   8.168684e-01      1
74   2.903368e+02      1
75   1.431046e+01      1
76   3.132221e+01      1
77   5.425205e+01      1
78   5.189469e+00      1
79   5.456239e+01      1
80   1.284347e+02      1
81   8.984734e+00      1
82   6.127330e+00      1
83   6.614353e+01      1
84   9.445288e+01      1
85   3.248009e+01      1
86   9.692577e+01      1
87   3.633388e+00      1
88   3.913145e+01      1
89   7.999291e+00      1
90   2.015991e+02      1
91   1.093630e+01      1
92   2.672434e-01      1
93   4.867633e+00      1
94   4.341302e+01      1
95   4.857828e+00      1
96   1.872478e+01      1
97   7.587194e-01      1
98   2.032747e+00      1
99   1.087056e+00      1
100  5.716616e-01      1
101  7.905883e+01      1
102  5.380225e+01      1
103  6.061394e+00      1
104  4.712166e+01      1
105  1.171898e+01      1
106  2.136356e+00      1
107  6.997500e+01      1
108  8.300048e-01      1
109  3.433779e+02      1
110  2.900140e+02      1
111  1.162116e+01      1
112  1.384294e+02      1
113  7.671770e+01      1
114  2.352312e-01      1
115  4.016310e+00      1
116  3.815067e+00      1
117  4.708659e+01      1
118  1.087547e+01      1
119  1.464121e+02      1
120  6.388335e+01      1
121  1.248365e+01      1
122  3.690521e+01      1
123  5.046498e+01      1
124  1.902730e+00      1
125  1.301701e+01      1
126  2.066502e+00      1
127  3.847699e+00      1
128  4.114424e+00      1
129  3.521181e+00      1
130  1.711987e+01      1
131  1.531775e+01      1
132  1.233141e+01      1
133  7.134814e+01      1
134  1.054582e+01      1
135  3.067784e+01      1
136  2.150345e+01      1
137  5.266493e+01      1
138  1.390399e+01      1
139  6.483717e+01      1
140  8.227260e+01      1
141  3.074261e+01      1
142  9.909464e+00      1
143  7.852798e+01      1
144  1.296937e-01      1
145  3.969943e+01      1
146  1.458967e+01      1
147  1.487862e+01      1
148  3.489099e+01      1
149  6.809779e+01      1
150  7.767749e+02      1
151  4.305336e+01      1
152  7.247384e+01      1
153  1.428818e+01      1
154  4.924716e+01      1
155  1.163209e+02      1
156  6.619147e+01      1
157  5.274508e+00      1
158  1.327365e+01      1
159  2.454912e+02      1
160  1.353276e+00      1
161  2.795454e+02      1
162  6.459317e-01      1
163  2.058599e+01      1
164  7.738936e+01      1
165  3.342202e+00      1
166  2.989677e-01      1
167  2.353836e+01      1
168  2.371454e+00      1
169  1.586221e+00      1
170  1.332686e+01      1
171  1.211939e-01      1
172  2.479259e+01      1
173  5.470398e+00      1
174  7.261169e+00      1
175  1.695782e+01      1
176  1.087017e+00      1
177  1.400287e+01      1
178  4.332150e+00      1
179  1.257938e+00      1
180  1.168461e-01      1
181  4.000471e+00      1
182  4.603839e-02      1
183  2.195552e+01      1
184  1.961492e+01      1
185  3.807312e+01      1
186  6.332990e-01      1
187  9.957500e+00      1
188  1.218357e+00      1
189  1.118587e+01      1
190  1.948195e+01      1
191  1.452117e+01      1
192  8.730272e-01      1
193  4.801751e+01      1
194  3.489050e+00      1
195  5.241893e+01      1
196  3.268457e+01      1
197  1.908364e+00      1
198  4.506357e+00      1
199  3.461022e-01      1
200  2.333718e+01      1
201  7.801066e+00      1
202  8.187271e+01      1
203  7.220518e+00      1
204  2.081090e+01      1
205  1.291066e+01      1
206  9.403649e+00      1
207  2.255130e+01      1
208  2.453385e+01      1
209  6.657599e+01      1
210  4.170727e+01      1
211  4.419190e+01      1
212  3.139453e+01      1
213  7.169838e+01      1
214  1.756100e+01      1
215  5.675787e+01      1
216  1.244749e+00      1
217  6.521119e+01      1
218  7.607334e-01      1
219  1.945276e+01      1
220  3.756345e+01      1
221  6.936848e-01      1
222  1.438365e+00      1
223  1.017220e+02      1
224  2.138609e+01      1
225  3.303497e+00      1
226  5.491467e-03      1
227  1.099654e+02      1
228  3.385498e+00      1
229  2.550336e+00      1
230  6.714854e+00      1
231  4.359220e+01      1
232  4.136232e+00      1
233  3.669215e+01      1
234  7.980710e+00      1
235  2.639568e+01      1
236  8.708747e-01      1
237  1.745063e-01      1
238  1.635760e-01      1
239  2.231828e+00      1
240  9.467732e+02      1
241  5.238165e+01      1
242  2.187028e+02      1
243  8.330730e+01      1
244  1.079057e+02      1
245  6.807860e+01      1
246  2.236500e+01      1
247  7.300810e-01      1
248  1.461037e+01      1
249  8.060532e+00      1
250  2.418579e-01      1
251  2.129727e+01      1
252  1.026812e+02      1
253  1.766609e+00      1
254  6.094255e+01      1
255  4.891957e+01      1
256  2.814738e+00      1
257  1.711743e+01      1
258  5.156054e+00      1
259  1.273836e+01      1
260  5.558950e-01      1
261  3.552029e+01      1
262  1.469360e+01      1
263  2.112882e+01      1
264  7.973619e+00      1
265  9.494513e+00      1
266  2.760181e+00      1
267  1.650711e+01      1
268  9.273918e+01      1
269  4.669358e+01      1
270  3.415970e+01      1
271  5.977106e+01      1
272  1.976239e+01      1
273  1.968334e+02      1
274  6.784814e+01      1
275  2.665776e+00      1
276  5.023616e+01      1
277  2.106261e+01      1
278  2.858622e+01      1
279  5.213884e+01      1
280  9.625647e+01      1
281  2.306289e+00      1
282  3.447535e+01      1
283  4.343332e+00      1
284  1.673960e+01      1
285  5.848278e+00      1
286  7.826317e-01      1
287  8.149380e+01      1
288  1.162235e+01      1
289  5.772522e+00      1
290  7.176530e+01      1
291  1.359402e+02      1
292  9.948035e+00      1
293  8.329209e+01      1
294  6.089468e+00      1
295  1.166815e+01      1
296  5.386713e+00      1
297  6.664942e+01      1
298  1.153302e-03      1
299  1.083410e+02      1
300  2.918687e+01      1
301  4.303286e+00      1
302  3.454202e+00      1
303  5.286914e+01      1
304  4.863520e+01      1
305  1.408702e+02      1
306  9.793391e+01      1
307  1.841432e+02      1
308  5.681791e+02      1
309  1.067935e+00      1
310  5.101751e+00      1
311  1.110583e+01      1
312  2.615236e+01      1
313  2.781697e+01      1
314  1.371809e-02      1
315  6.603822e+00      1
316  3.295695e+01      1
317  8.902018e+01      1
318  1.451277e+02      1
319  1.466524e+01      1
320  6.186063e+01      1
321  9.060606e+01      1
322  1.778441e+00      1
323  3.460939e+00      1
324  2.997732e+00      1
325  1.483234e+02      1
326  8.871354e-01      1
327  1.649501e+02      1
328  1.468674e+01      1
329  1.255336e+01      1
330  5.846332e+01      1
331  2.028980e+01      1
332  4.147624e+01      1
333  7.772896e+00      1
334  2.080694e+00      1
335  1.955440e+01      1
336  9.401572e-02      1
337  3.023135e+01      1
338  6.158425e+01      1
339  9.291063e+00      1
340  7.564871e+00      1
341  2.446877e+01      1
342  6.791448e+00      1
343  1.387371e+02      1
344  8.898263e+00      1
345  1.520996e+02      1
346  3.346058e+01      1
347  1.345019e+00      1
348  1.418622e+01      1
349  2.260478e+01      1
350  3.244562e-01      1
351  2.963598e+00      1
352  1.541128e+01      1
353  1.509859e+00      1
354  2.886947e+01      1
355  1.578080e-01      1
356  2.669266e+01      1
357  2.631402e+00      1
358  6.824900e+00      1
359  6.126722e+01      1
360  8.234523e+00      1
361  2.224955e+00      1
362  1.580480e+00      1
363  3.672586e+01      1
364  4.998686e+00      1
365  3.794317e+01      1
366  2.481813e+01      1
367  3.702943e+02      1
368  2.049282e+02      1
369  4.289924e+01      1
370  6.419156e-01      1
371  1.895755e+00      1
372  1.605235e+01      1
373  1.664671e+01      1
374  1.583300e+02      1
375  3.990382e+00      1
376  7.752611e+00      1
377  5.418925e+00      1
378  3.900785e+00      1
379  2.185208e-01      1
380  1.054309e+02      1
381  1.561831e+00      1
382  4.187953e+01      1
383  2.293034e+01      1
384  4.573482e+01      1
385  1.920688e-01      1
386  3.041996e+01      1
387  4.983675e-01      1
388  1.442093e+01      1
389  8.061755e+00      1
390  2.676163e-01      1
391  6.743609e-01      1
392  5.773043e+01      1
393  5.102799e-01      1
394  8.063533e+00      1
395  1.435690e+00      1
396  3.960479e+01      1
397  2.821898e+01      1
398  1.948134e+01      1
399  2.357323e+00      1
400  3.663327e+01      1
401  3.801085e+01      1
402  5.734051e+01      1
403  2.438651e+01      1
404  4.321125e+01      1
405  8.662127e+01      1
406  7.278367e+00      1
407  1.166114e+01      1
408  1.435956e+02      1
409  3.934198e+00      1
410  2.651628e+00      1
411  5.809166e+00      1
412  2.597287e+02      1
413  1.927354e+02      1
414  4.480404e+01      1
415  2.315448e+01      1
416  7.106789e+00      1
417  3.942639e+01      1
418  3.631913e+01      1
419  3.763273e+02      1
420  2.815385e+01      1
421  6.432487e+01      1
422  2.895880e+00      1
423  4.431939e-04      1
424  4.843251e-01      1
425  3.098341e+01      1
426  3.556751e+00      1
427  9.210016e+00      1
428  1.597649e+02      1
429  2.915032e+01      1
430  3.784603e+00      1
431  5.864905e+00      1
432  1.021663e+01      1
433  6.505298e+00      1
434  2.044961e+01      1
435  3.314901e+01      1
436  5.796685e-02      1
437  2.024971e+00      1
438  6.011852e-01      1
439  8.473241e+01      1
440  1.953902e-02      1
441  2.719288e+01      1
442  4.537109e+00      1
443  2.587888e+00      1
444  2.611564e-01      1
445  9.608026e-03      1
446  1.418603e+01      1
447  2.274919e+01      1
448  7.493858e+00      1
449  3.413491e-01      1
450  5.309134e+01      1
451  3.573522e+01      1
452  3.056929e+00      1
453  2.940168e-03      1
454  7.454532e+01      1
455  1.996162e+01      1
456  7.450967e+00      1
457  1.868445e-01      1
458  2.287731e+01      1
459  1.583277e+02      1
460  3.520986e+01      1
461  8.891157e+01      1
462  5.548918e+01      1
463  2.803245e+00      1
464  1.191091e-02      1
465  1.353841e+01      1
466  2.409393e+00      1
467  1.577413e+00      1
468  6.682250e+00      1
469  1.146815e+01      1
470  1.330583e+01      1
471  4.774453e+01      1
472  6.539302e+01      1
473  1.199905e+02      1
474  3.621376e-01      1
475  8.628187e+00      1
476  2.255406e+01      1
477  7.685585e+00      1
478  2.463747e+00      1
479  1.673092e+03      1
480  1.652017e-01      1
481  5.615884e+00      1
482  3.898569e+01      1
483  2.583990e+00      1
484  2.489437e+02      1
485  7.177725e+01      1
486  1.252404e+01      1
487  1.633104e+02      1
488  7.928857e+01      1
489  2.406013e-01      1
490  1.083676e+01      1
491  5.697651e-01      1
492  1.095268e+01      1
493  9.118079e-01      1
494  8.391618e+00      1
495  1.931557e+00      1
496  1.905173e+01      1
497  2.610450e+00      1
498  1.353931e-02      1
499  1.095418e+01      1
500  1.377821e+02      1
501  3.422890e+02      1
502  2.927229e+01      1
503  4.921531e+00      1
504  3.416534e-04      1
505  6.318393e+02      1
506  6.924272e-01      1
507  1.224412e+01      1
508  3.716322e+01      1
509  2.181353e+01      1
510  1.982863e-01      1
511  4.594156e+01      1
512  2.740860e+01      1
513  2.067308e+01      1
514  1.165580e-02      1
515  1.010711e+01      1
516  6.289997e-02      1
517  6.444257e-01      1
518  1.081996e+02      1
519  6.901961e+01      1
520  4.722436e+01      1
521  1.607590e+01      1
522  4.206106e+01      1
523  2.496251e+02      1
524  7.117540e-01      1
525  9.866808e-01      1
526  5.429852e+00      1
527  3.402386e+01      1
528  2.387143e+01      1
529  3.922361e+00      1
530  1.058968e+03      1
531  7.706837e+02      1
532  2.571772e+00      1
533  7.824500e+01      1
534  1.559781e-01      1
535  2.343522e+01      1
536  8.721326e+01      1
537  9.039342e+01      1
538  3.634125e+01      1
539  7.592300e+00      1
540  2.482749e+00      1
541  1.008722e+01      1
542  1.554976e+00      1
543  1.122240e+01      1
544  1.307639e+01      1
545  3.523223e-01      1
546  2.988761e+02      1
547  2.612226e+00      1
548  9.418805e+01      1
549  2.471783e+00      1
550  1.808181e+00      1
551  1.375090e+01      1
552  2.128034e+01      1
553  1.241105e-01      1
554  7.827004e+01      1
555  3.817849e+02      1
556  1.207838e+01      1
557  1.351003e+01      1
558  4.937761e+01      1
559  4.253045e+01      1
560  8.279044e-01      1
561  2.279781e+01      1
562  2.212612e-02      1
563  1.594185e+01      1
564  1.047243e+01      1
565  3.149153e+01      1
566  1.468956e-03      1
567  5.455328e-06      1
568  1.417591e+02      1
569  5.350513e+00      1
570  4.272304e+01      1
571  5.108937e+00      1
572  7.398994e-01      1
573  2.316504e+00      1
574  1.020171e+02      1
575  3.575171e+02      1
576  5.043696e+01      1
577  8.604356e+00      1
578  6.678242e+01      1
579  2.789146e+01      1
580  8.270780e+01      1
581  3.343300e+01      1
582  2.753646e+01      1
583  3.820962e+01      1
584  4.353127e+01      1
585  1.064322e-01      1
586  3.288889e+01      1
587  1.857786e+02      1
588  6.417506e-02      1
589  1.313659e+00      1
590  2.953018e+01      1
591  1.377970e+02      1
592  3.944484e+02      1
593  1.915017e+02      1
594  2.316001e+01      1
595  4.367265e+01      1
596  2.510142e+02      1
597  9.355573e+01      1
598  8.414550e-02      1
599  5.617148e+00      1
600  3.334842e+01      1
601  5.326687e+01      1
602  1.342534e+01      1
603  6.673455e+01      1
604  7.833939e+01      1
605  3.651139e+00      1
606  7.211020e+01      1
607  1.625446e+02      1
608  2.678990e+00      1
609  3.786724e+00      1
610  9.470106e+00      1
611  7.442246e+01      1
612  1.608500e+01      1
613  4.534776e+00      1
614  1.172343e+01      1
615  4.244774e+01      1
616  1.626608e+01      1
617  1.400690e+02      1
618  1.046750e+02      1
619  3.152450e+01      1
620  2.657551e+00      1
621  5.960063e-01      1
622  2.376980e+01      1
623  3.577822e+02      1
624  1.862409e+02      1
625  4.796234e-02      1
626  1.278983e+02      1
627  1.181984e+02      1
628  1.215425e+02      1
629  1.467291e+01      1
630  6.742559e+01      1
631  3.372169e+00      1
632  3.566301e+01      1
633  1.407293e+02      1
634  5.491773e+00      1
635  4.049011e-01      1
636  1.010913e+02      1
637  3.191691e+01      1
638  4.304614e+01      1
639  1.944264e-04      1
640  4.745103e+01      1
641  5.341898e+00      1
642  4.031444e+00      1
643  3.446993e+01      1
644  3.676495e+01      1
645  4.010390e+01      1
646  2.074149e+00      1
647  3.578072e+00      1
648  2.366145e+00      1
649  6.150982e+00      1
650  5.406461e+00      1
651  1.629204e+01      1
652  1.880788e+00      1
653  3.912870e+01      1
654  1.848396e+01      1
655  2.913524e+01      1
656  2.189684e+02      1
657  5.132900e+01      1
658  9.255924e+01      1
659  4.462624e-01      1
660  7.070720e+01      1
661  3.613346e+01      1
662  2.140971e+00      1
663  1.057259e+02      1
664  4.500523e-02      1
665  4.396603e+01      1
666  1.524577e+00      1
667  2.898577e+00      1
668  3.490853e-01      1
669  1.776931e+01      1
670  1.556895e+01      1
671  5.629701e+00      1
672  2.622512e+01      1
673  9.092084e+01      1
674  1.059129e+02      1
675  1.226626e+01      1
676  1.573040e+02      1
677  6.404762e-02      1
678  1.247236e+01      1
679  1.107312e+01      1
680  5.326576e-01      1
681  2.026139e+00      1
682  8.037446e+01      1
683  2.200327e+00      1
684  2.828277e+01      1
685  1.058806e+02      1
686  1.145623e+00      1
687  3.139246e+00      1
688  1.978096e+00      1
689  9.078256e+00      1
690  3.009386e+02      1
691  3.764530e+00      1
692  5.424527e+01      1
693  1.827431e+01      1
694  1.802192e+01      1
695  3.575213e+00      1
696  7.626305e+00      1
697  7.417918e+00      1
698  6.387502e+00      1
699  2.693993e+01      1
700  3.302286e+02      1
701  8.005313e+01      1
702  2.459117e+01      1
703  8.215459e+01      1
704  5.123804e+01      1
705  6.249360e+01      1
706  1.627142e+02      1
707  4.756218e+01      1
708  1.683820e+02      1
709  2.612610e+00      1
710  5.350923e-01      1
711  6.935956e+01      1
712  1.717493e+01      1
713  2.098257e+01      1
714  8.789830e+01      1
715  1.675205e+01      1
716  3.239508e-01      1
717  2.670870e+01      1
718  9.536543e+00      1
719  2.306702e+01      1
720  4.817389e+01      1
721  3.692434e+00      1
722  2.060340e+01      1
723  1.808180e+00      1
724  3.339396e+02      1
725  2.325663e+01      1
726  7.957859e-03      1
727  9.963106e+01      1
728  1.017636e+01      1
729  1.611437e+01      1
730  6.055294e+01      1
731  9.080322e+00      1
732  8.129524e-02      1
733  2.597366e+01      1
734  1.335282e+01      1
735  6.257815e+00      1
736  2.138324e-03      1
737  4.136099e+01      1
738  5.126558e+00      1
739  5.206491e+00      1
740  5.148232e+01      1
741  1.148137e+01      1
742  6.918406e+01      1
743  1.981686e+01      1
744  3.654844e+01      1
745  1.585953e+01      1
746  1.963868e-04      1
747  8.523064e+01      1
748  4.509281e+01      1
749  1.159720e+00      1
750  3.409038e+00      1
751  7.162710e-01      1
752  2.898690e+01      1
753  8.408999e-01      1
754  2.049665e-03      1
755  6.300690e+00      1
756  3.750432e+00      1
757  1.523142e+01      1
758  8.823015e+00      1
759  5.896948e+00      1
760  6.115663e+01      1
761  2.098448e+00      1
762  4.777299e-02      1
763  8.077325e-01      1
764  4.968242e-02      1
765  4.221438e+01      1
766  8.806607e+01      1
767  3.618800e+00      1
768  5.077047e-01      1
769  8.268932e+00      1
770  2.631641e+01      1
771  8.622332e+00      1
772  1.481217e+00      1
773  4.616462e+01      1
774  2.308231e+02      1
775  5.241707e+01      1
776  9.225808e+00      1
777  2.071845e+01      1
778  5.972288e+00      1
779  1.712862e+02      1
780  1.808688e+01      1
781  9.282777e+01      1
782  5.007338e+01      1
783  8.015770e+00      1
784  3.127384e+00      1
785  1.512976e+00      1
786  1.828633e+00      1
787  2.374883e+02      1
788  2.349207e+01      1
789  4.807659e+02      1
790  3.866434e+00      1
791  4.152107e+01      1
792  1.389336e-01      1
793  1.342453e+01      1
794  5.828485e+01      1
795  2.993688e+01      1
796  3.574310e+01      1
797  3.367515e+01      1
798  8.198604e+00      1
799  1.184839e-02      1
800  3.487126e+00      1
801  4.421440e+01      1
802  7.133820e-01      1
803  2.106140e+01      1
804  2.615442e+02      1
805  9.874873e+00      1
806  4.560318e+02      1
807  1.075962e+00      1
808  5.483412e+00      1
809  2.555581e+02      1
810  1.471519e+01      1
811  1.468619e-01      1
812  7.019651e+02      1
813  1.461720e+01      1
814  8.680239e-01      1
815  4.343337e+01      1
816  5.330300e+01      1
817  1.501856e+01      1
818  3.255829e-01      1
819  8.764815e+00      1
820  1.027596e+01      1
821  7.110202e+00      1
822  6.803564e+01      1
823  2.497727e+01      1
824  2.571823e-01      1
825  1.454862e+01      1
826  3.078401e+01      1
827  3.255191e+01      1
828  7.818598e+01      1
829  3.244730e+00      1
830  1.316387e+02      1
831  3.833921e+00      1
832  1.790127e+00      1
833  2.077283e+01      1
834  6.533350e+00      1
835  1.764416e+02      1
836  2.357196e+00      1
837  2.976578e+01      1
838  1.439625e+02      1
839  1.546064e+01      1
840  7.945238e+00      1
841  7.445903e+00      1
842  7.613552e+00      1
843  1.103458e+01      1
844  5.750430e-02      1
845  7.141616e+00      1
846  1.223986e+02      1
847  3.269894e+01      1
848  6.522922e+01      1
849  6.475419e+00      1
850  6.492342e+00      1
851  9.844271e+01      1
852  6.785795e+00      1
853  2.302300e-01      1
854  1.700930e+00      1
855  1.989838e+02      1
856  2.077417e+02      1
857  1.066706e+02      1
858  8.888427e+00      1
859  4.638745e+00      1
860  1.534775e+01      1
861  1.194668e+01      1
862  6.963813e+01      1
863  6.990822e+01      1
864  3.900605e+01      1
865  6.235878e+00      1
866  1.300346e+02      1
867  2.077003e+01      1
868  4.392740e+00      1
869  2.938812e+00      1
870  4.135026e-01      1
871  2.089851e+00      1
872  1.315087e+02      1
873  5.686519e+00      1
874  6.810707e+01      1
875  1.068741e+02      1
876  5.516741e+00      1
877  8.437546e+01      1
878  1.222540e+01      1
879  2.642931e+00      1
880  1.185730e+02      1
881  5.571256e+00      1
882  3.703788e+01      1
883  2.232585e+00      1
884  1.761368e+00      1
885  1.363959e+01      1
886  4.292459e+01      1
887  4.249857e-01      1
888  2.143858e-01      1
889  5.571611e+00      1
890  3.342164e+00      1
891  1.187926e+01      1
892  9.466621e+01      1
893  1.084817e+02      1
894  2.056034e+02      1
895  3.203148e+01      1
896  1.251816e+00      1
897  3.591158e+01      1
898  6.986813e-03      1
899  1.639147e+01      1
900  3.449407e+00      1
901  2.099854e+00      1
902  6.064454e+01      1
903  3.927853e+00      1
904  6.565796e+01      1
905  3.533838e+01      1
906  2.295413e+01      1
907  9.343669e+01      1
908  1.559316e+01      1
909  5.095014e-01      1
910  1.952940e+01      1
911  2.122912e+01      1
912  1.384035e+01      1
913  8.232034e-05      1
914  1.018510e+00      1
915  8.185200e+00      1
916  1.926386e+02      1
917  8.817307e+00      1
918  1.978325e+00      1
919  4.141728e+01      1
920  3.368880e+01      1
921  3.749093e+01      1
922  9.839883e+00      1
923  3.345341e+01      1
924  1.788004e+01      1
925  1.179436e+02      1
926  1.239281e+02      1
927  2.351303e+01      1
928  7.885164e-01      1
929  2.752216e+00      1
930  3.911863e+01      1
931  3.697001e+01      1
932  3.775904e+02      1
933  1.219160e+00      1
934  7.249692e+00      1
935  5.804254e-01      1
936  4.293689e+01      1
937  6.665970e+00      1
938  1.963933e+00      1
939  3.648470e+01      1
940  1.616456e+00      1
941  1.672821e+02      1
942  4.300923e+00      1
943  1.293685e+02      1
944  1.842533e+02      1
945  9.662418e+01      1
946  7.809483e-02      1
947  4.206149e+00      1
948  2.335263e+01      1
949  1.757617e+00      1
950  1.782837e+00      1
951  9.337928e+00      1
952  2.131860e-01      1
953  3.786616e+01      1
954  3.763995e-01      1
955  1.556825e+02      1
956  7.440086e+00      1
957  1.609283e+01      1
958  1.065376e+02      1
959  9.223074e-01      1
960  1.739927e+00      1
961  6.024022e-02      1
962  5.030778e+00      1
963  1.513346e+00      1
964  3.282125e+01      1
965  1.768420e+01      1
966  9.018649e+01      1
967  1.606345e+01      1
968  7.646765e+00      1
969  4.087411e-01      1
970  1.292349e+02      1
971  8.841412e+00      1
972  1.181665e+01      1
973  5.004048e+01      1
974  1.144831e+02      1
975  2.180829e+00      1
976  9.007741e+01      1
977  3.886855e+01      1
978  2.565911e+01      1
979  2.534467e+00      1
980  1.419978e+02      1
981  3.647576e+01      1
982  1.952328e+01      1
983  1.567822e-03      1
984  1.244254e+01      1
985  2.697921e+01      1
986  1.132075e+01      1
987  3.364742e+02      1
988  7.298484e-04      1
989  1.280398e+01      1
990  5.152592e+01      1
991  2.421680e+00      1
992  7.805711e+01      1
993  1.261377e+00      1
994  1.028588e+00      1
995  4.951767e-01      1
996  1.358052e+00      1
997  1.069761e+02      1
998  6.559917e+00      1
999  1.140867e+01      1
1000 1.877465e+02      1
1001 2.695735e+00      1
1002 5.359367e+00      1
1003 7.933306e+00      1
1004 1.114770e+02      1
1005 6.472582e+00      1
1006 1.035607e+01      1
1007 1.099734e+02      1
1008 1.576432e+00      1
1009 5.363634e+00      1
1010 3.665096e+01      1
1011 1.225662e-01      1
1012 4.200604e+01      1
1013 3.556654e+00      1
1014 1.649789e+00      1
1015 1.660062e+01      1
1016 1.179799e+02      1
1017 1.491527e+01      1
1018 7.667215e-01      1
1019 4.914083e+01      1
1020 2.854301e+01      1
1021 1.653593e+02      1
1022 2.818859e+00      1
1023 1.601467e+01      1
1024 3.133844e+01      1
1025 4.261487e+01      1
1026 1.705451e+01      1
1027 1.027368e+02      1
1028 1.397385e+01      1
1029 2.008967e-01      1
1030 2.954787e+01      1
1031 3.371105e-04      1
1032 1.053776e+01      1
1033 1.355670e+01      1
1034 6.056840e+01      1
1035 1.232349e+01      1
1036 2.181722e+01      1
1037 9.861378e-01      1
1038 9.432572e-01      1
1039 6.417869e+01      1
1040 3.917570e+01      1
1041 2.633522e+01      1
1042 6.151606e+01      1
1043 4.809288e+01      1
1044 7.904269e+01      1
1045 1.825412e+01      1
1046 1.367123e+01      1
1047 5.026998e+00      1
1048 5.101763e+01      1
1049 1.264298e+01      1
1050 3.473566e+00      1
1051 4.202102e+01      1
1052 1.496409e+01      1
1053 1.813168e+00      1
1054 3.833723e-01      1
1055 8.437170e-01      1
1056 1.246557e-02      1
1057 1.761971e+02      1
1058 2.831736e+00      1
1059 2.577057e+01      1
1060 9.605628e+00      1
1061 4.878183e+01      1
1062 1.383326e+01      1
1063 2.646432e+01      1
1064 3.189870e+01      1
1065 7.544346e+01      1
1066 2.988225e-03      1
1067 2.330095e+01      1
1068 7.816486e-01      1
1069 1.751260e+01      1
1070 2.472699e+00      1
1071 3.758336e+00      1
1072 5.090208e+00      1
1073 1.240417e+01      1
1074 3.336553e-02      1
1075 3.714549e+00      1
1076 1.042856e+02      1
1077 3.870675e+00      1
1078 7.682421e-01      1
1079 1.230521e+02      1
1080 4.943604e-01      1
1081 7.305739e+01      1
1082 4.057227e+00      1
1083 2.146579e-01      1
1084 4.929292e-01      1
1085 2.166159e-01      1
1086 1.119003e+02      1
1087 7.046260e+00      1
1088 8.852867e+00      1
1089 9.122233e+01      1
1090 7.402689e+01      1
1091 4.614891e+01      1
1092 3.403157e+00      1
1093 1.566863e+00      1
1094 7.442093e+00      1
1095 1.719914e+01      1
1096 4.619208e+01      1
1097 9.309913e+02      1
1098 4.970530e+01      1
1099 7.101446e+00      1
1100 1.108837e+02      1
1101 5.110812e+00      1
1102 1.393246e+02      1
1103 2.626164e+01      1
1104 6.845262e-01      1
1105 1.235939e+01      1
1106 2.232150e+01      1
1107 5.803711e-01      1
1108 3.381366e+00      1
1109 2.538332e+01      1
1110 1.642518e+01      1
1111 4.525583e+01      1
1112 1.231394e+02      1
1113 1.448872e+00      1
1114 6.150851e+01      1
1115 1.161849e+02      1
1116 5.671469e+00      1
1117 3.353658e+00      1
1118 2.968514e+01      1
1119 1.353041e+01      1
1120 3.271973e+02      1
1121 1.707807e+00      1
1122 1.675669e+02      1
1123 2.519353e+01      1
1124 5.478978e+02      1
1125 1.578319e+02      1
1126 1.552010e+02      1
1127 1.194769e+02      1
1128 9.855312e+00      1
1129 5.879951e+01      1
1130 1.190874e+00      1
1131 9.655511e+01      1
1132 5.421501e+00      1
1133 6.011985e+01      1
1134 1.075684e+01      1
1135 5.611350e+01      1
1136 1.397259e+02      1
1137 1.241415e-02      1
1138 8.530756e-01      1
1139 5.078208e-02      1
1140 1.124033e+01      1
1141 3.848892e+02      1
1142 1.082018e-02      1
1143 1.419759e+02      1
1144 9.571777e+00      1
1145 9.268655e-02      1
1146 1.495046e+00      1
1147 1.792411e+01      1
1148 1.573410e+01      1
1149 3.121014e-01      1
1150 3.473620e+01      1
1151 7.920684e+00      1
1152 1.103480e+01      1
1153 3.441635e+01      1
1154 3.793935e+01      1
1155 7.451115e+00      1
1156 1.628898e+00      1
1157 4.007296e+00      1
1158 1.880504e+00      1
1159 4.611678e+00      1
1160 2.557888e+02      1
1161 5.253868e-03      1
1162 1.036166e+01      1
1163 5.377458e-01      1
1164 4.766724e+01      1
1165 8.681711e+01      1
1166 9.438269e+01      1
1167 1.316490e+01      1
1168 1.234510e+02      1
1169 4.242575e+01      1
1170 6.683950e+00      1
1171 3.664041e+02      1
1172 1.393700e+02      1
1173 4.741901e+00      1
1174 5.022356e+00      1
1175 3.070804e+01      1
1176 2.119200e-01      1
1177 2.143701e+02      1
1178 6.816383e+01      1
1179 8.084741e+01      1
1180 1.049475e+02      1
1181 1.287268e+03      1
1182 1.803356e+01      1
1183 1.759931e+00      1
1184 1.723401e+00      1
1185 2.110811e+01      1
1186 1.289172e+01      1
1187 1.352567e+02      1
1188 1.891914e-03      1
1189 8.039225e+00      1
1190 9.071431e-01      1
1191 5.613575e+01      1
1192 2.815581e+02      1
1193 1.268965e+00      1
1194 3.816864e+00      1
1195 6.154210e+01      1
1196 4.873725e+01      1
1197 2.565807e+01      1
1198 1.265873e+01      1
1199 1.661386e+02      1
1200 5.825239e+01      1
1201 9.664107e+01      1
1202 2.131252e+02      1
1203 4.301443e+01      1
1204 7.500295e+01      1
1205 4.467317e+01      1
1206 1.014953e+00      1
1207 1.920559e+02      1
1208 2.499511e+01      1
1209 1.112391e+02      1
1210 1.668218e+02      1
1211 1.761990e+01      1
1212 4.445339e+01      1
1213 5.175231e+00      1
1214 2.943667e+01      1
1215 5.347943e+01      1
1216 1.026042e+01      1
1217 1.017312e+00      1
1218 1.127397e+03      1
1219 3.872353e+02      1
1220 3.137524e+01      1
1221 2.659185e+00      1
1222 2.203061e+00      1
1223 4.024182e+02      1
1224 5.431862e+01      1
1225 1.357528e+01      1
1226 2.155938e+01      1
1227 5.984485e-02      1
1228 5.551951e+01      1
1229 1.057415e+01      1
1230 1.479675e+01      1
1231 1.338261e+00      1
1232 2.352025e+02      1
1233 2.984604e+01      1
1234 2.092193e+02      1
1235 1.521008e+02      1
1236 2.878637e+01      1
1237 2.146204e+01      1
1238 2.746396e+00      1
1239 8.514495e+01      1
1240 5.342656e+00      1
1241 1.134225e+02      1
1242 2.583009e+01      1
1243 3.278558e+00      1
1244 1.029135e+01      1
1245 1.502132e+02      1
1246 2.658433e+01      1
1247 1.351110e+01      1
1248 9.766002e+00      1
1249 4.568589e+01      1
1250 2.184264e+01      1
1251 3.295767e+01      1
1252 2.818655e+00      1
1253 2.875143e+01      1
1254 3.397723e+00      1
1255 7.106735e+01      1
1256 6.756898e+01      1
1257 1.107548e+02      1
1258 7.122551e+01      1
1259 1.077371e+01      1
1260 1.077111e+00      1
1261 3.541854e+00      1
1262 5.249951e+01      1
1263 3.147134e+01      1
1264 8.915099e-01      1
1265 1.096212e-01      1
1266 1.875396e+01      1
1267 1.142683e+03      1
1268 9.943318e+01      1
1269 4.439616e+01      1
1270 2.112780e+01      1
1271 1.163993e+01      1
1272 1.301309e+01      1
1273 1.544067e+01      1
1274 2.892519e+01      1
1275 1.363897e+02      1
1276 5.265489e+01      1
1277 1.191883e+02      1
1278 2.138127e+01      1
1279 3.325236e+00      1
1280 5.876238e+01      1
1281 3.146185e+01      1
1282 5.559513e+00      1
1283 3.120355e+01      1
1284 3.963806e+01      1
1285 1.740585e-02      1
1286 1.251603e+01      1
1287 4.716583e+00      1
1288 3.256884e-01      1
1289 5.118336e+01      1
1290 8.162638e+00      1
1291 2.161237e-02      1
1292 1.627648e+02      1
1293 9.441593e+01      1
1294 1.083977e-01      1
1295 1.516683e+02      1
1296 1.920496e+01      1
1297 1.551656e+01      1
1298 6.783702e+01      1
1299 8.523367e+00      1
1300 6.952468e+00      1
1301 3.709104e+01      1
1302 7.921639e+01      1
1303 2.208406e+00      1
1304 8.462773e+00      1
1305 2.772585e+01      1
1306 1.402228e+02      1
1307 1.605695e+01      1
1308 6.395870e+01      1
1309 1.004127e+02      1
1310 7.632236e+00      1
1311 3.206993e+01      1
1312 5.475850e+01      1
1313 3.608368e+01      1
1314 8.846809e+01      1
1315 8.129961e+01      1
1316 1.394512e+02      1
1317 1.302548e+02      1
1318 1.374957e+00      1
1319 9.892887e-01      1
1320 5.255873e+01      1
1321 4.589048e+01      1
1322 5.097365e+01      1
1323 5.947132e+00      1
1324 6.124743e+01      1
1325 3.862877e+01      1
1326 1.430456e+02      1
1327 4.450467e+01      1
1328 2.157471e+01      1
1329 1.970945e+02      1
1330 7.480125e-01      1
1331 6.891659e+01      1
1332 1.052181e+01      1
1333 1.724517e+00      1
1334 7.080482e+00      1
1335 2.666463e+02      1
1336 1.210678e+00      1
1337 6.146793e+01      1
1338 8.632741e+01      1
1339 1.693865e+01      1
1340 1.687384e-01      1
1341 1.087010e+02      1
1342 7.932334e+00      1
1343 2.555224e+01      1
1344 2.577715e+01      1
1345 4.723432e+01      1
1346 1.091645e+02      1
1347 1.253379e+02      1
1348 1.728778e+01      1
1349 6.061351e+01      1
1350 2.113875e+01      1
1351 4.514204e-02      1
1352 3.431719e+01      1
1353 8.518401e-01      1
1354 4.675871e+01      1
1355 1.605235e+01      1
1356 3.619580e+01      1
1357 3.777409e+01      1
1358 6.830265e+01      1
1359 8.440607e+00      1
1360 9.117341e+00      1
1361 1.246474e+02      1
1362 5.437251e+01      1
1363 2.042602e-01      1
1364 1.756339e+01      1
1365 5.231627e+01      1
1366 1.136135e+01      1
1367 1.996469e+02      1
1368 1.857480e+02      1
1369 3.920554e+01      1
1370 3.593937e-01      1
1371 7.275140e+00      1
1372 1.906355e+02      1
1373 1.307843e+00      1
1374 1.715409e+01      1
1375 1.351461e+02      1
1376 1.411805e+00      1
1377 2.686421e+01      1
1378 1.697233e+01      1
1379 1.691915e+01      1
1380 4.790127e+01      1
1381 1.565618e+00      1
1382 1.460193e+00      1
1383 8.982596e-02      1
1384 3.655833e+01      1
1385 1.627019e+01      1
1386 3.445615e+00      1
1387 5.241282e+01      1
1388 2.146420e+02      1
1389 6.421727e-03      1
1390 1.402040e-01      1
1391 2.449537e+02      1
1392 2.905292e+01      1
1393 6.781378e-01      1
1394 1.636517e+02      1
1395 1.607231e+01      1
1396 1.486245e+01      1
1397 3.315953e+01      1
1398 4.739849e+00      1
1399 1.017364e+02      1
1400 6.809018e+01      1
1401 2.592055e+00      1
1402 5.247263e+01      1
1403 1.853879e+02      1
1404 9.763754e-01      1
1405 1.204610e+00      1
1406 1.799727e+01      1
1407 5.909334e+01      1
1408 1.476571e+00      1
1409 4.180557e-01      1
1410 3.372370e+00      1
1411 1.436970e+01      1
1412 3.286430e+00      1
1413 2.084811e+01      1
1414 3.947139e+01      1
1415 1.320666e+01      1
1416 1.299678e+01      1
1417 8.176769e+00      1
1418 1.105719e-02      1
1419 2.719294e+00      1
1420 2.858525e+00      1
1421 1.579431e+01      1
1422 2.923078e+01      1
1423 1.108905e+00      1
1424 1.525642e+01      1
1425 7.518368e+00      1
1426 3.015512e-01      1
1427 7.545252e-01      1
1428 3.042722e-01      1
1429 4.961120e+00      1
1430 3.806382e+01      1
1431 2.995545e-01      1
1432 1.184429e+01      1
1433 7.645459e+00      1
1434 6.699743e+01      1
1435 1.212525e+01      1
1436 9.141058e+00      1
1437 3.544418e-01      1
1438 2.948960e+01      1
1439 1.513499e+01      1
1440 2.534859e+01      1
1441 1.258485e+00      1
1442 7.595271e-01      1
1443 3.653176e+00      1
1444 4.254261e+00      1
1445 1.474969e+02      1
1446 1.687596e+00      1
1447 3.523065e+00      1
1448 2.814742e+01      1
1449 1.938542e-01      1
1450 1.097795e+01      1
1451 2.709879e+00      1
1452 1.256252e+00      1
1453 1.127163e+02      1
1454 1.168836e+01      1
1455 1.379026e+02      1
1456 1.238314e+01      1
1457 4.593442e+01      1
1458 4.869583e+01      1
1459 4.798410e-03      1
1460 6.384812e+00      1
1461 2.345766e-02      1
1462 8.953528e-01      1
1463 5.845212e-01      1
1464 5.510653e+00      1
1465 5.717657e-03      1
1466 1.842011e-01      1
1467 2.866562e+01      1
1468 2.470135e+00      1
1469 3.323357e+00      1
1470 2.575526e+01      1
1471 4.926353e-02      1
1472 2.121235e+02      1
1473 6.447161e+01      1
1474 3.405968e+01      1
1475 8.353771e-02      1
1476 3.601748e+01      1
1477 4.124288e+01      1
1478 8.013003e+00      1
1479 1.722743e+01      1
1480 9.522249e+00      1
1481 2.273356e+02      1
1482 3.019417e+02      1
1483 1.990953e+01      1
1484 2.700991e+01      1
1485 9.647650e+00      1
1486 1.032142e+01      1
1487 1.618974e+01      1
1488 3.483003e+01      1
1489 1.138054e+01      1
1490 7.609152e+01      1
1491 2.584974e+02      1
1492 2.407884e+01      1
1493 1.388512e+01      1
1494 2.476892e+01      1
1495 1.148430e-03      1
1496 3.149477e+02      1
1497 5.789446e+01      1
1498 4.621634e+00      1
1499 2.511791e+01      1
1500 4.676179e+01      1
1501 7.812093e+00      1
1502 6.347373e+01      1
1503 3.353919e+01      1
1504 7.700791e+01      1
1505 5.965267e+00      1
1506 1.344232e+01      1
1507 7.930349e+02      1
1508 8.558368e+00      1
1509 3.722698e+00      1
1510 3.763329e-04      1
1511 1.740204e+01      1
1512 2.023165e+02      1
1513 1.941013e+02      1
1514 6.602335e+01      1
1515 1.785419e+01      1
1516 1.590803e+00      1
1517 1.005686e+02      1
1518 1.416385e+00      1
1519 9.887475e+01      1
1520 1.839491e-01      1
1521 3.063592e+01      1
1522 5.322114e+00      1
1523 9.617861e+00      1
1524 9.560785e-01      1
1525 4.324802e+01      1
1526 3.977773e-01      1
1527 1.140019e+02      1
1528 1.530977e+01      1
1529 1.036139e+01      1
1530 2.086154e+01      1
1531 4.466733e+01      1
1532 4.976143e+00      1
1533 4.231727e+00      1
1534 1.190731e+00      1
1535 1.754884e+01      1
1536 1.108680e-01      1
1537 1.361015e+01      1
1538 1.005369e+02      1
1539 1.327497e-01      1
1540 1.404341e+00      1
1541 4.985104e-01      1
1542 1.843064e-02      1
1543 2.397991e+01      1
1544 7.112583e+00      1
1545 1.136623e+01      1
1546 2.204382e+00      1
1547 1.462207e+00      1
1548 2.575644e+01      1
1549 1.140841e+01      1
1550 1.995087e+00      1
1551 2.348074e+01      1
1552 9.280076e+01      1
1553 2.933872e+01      1
1554 4.049956e+00      1
1555 7.400287e+01      1
1556 3.065763e+00      1
1557 9.554125e+01      1
1558 1.726730e+01      1
1559 3.192142e+01      1
1560 1.974122e+02      1
1561 3.796999e+01      1
1562 9.599947e+00      1
1563 5.510049e-01      1
1564 2.338450e+01      1
1565 8.886434e+01      1
1566 4.347568e+01      1
1567 3.232505e+02      1
1568 1.310760e-01      1
1569 2.216634e+01      1
1570 8.457522e+01      1
1571 4.642272e-01      1
1572 3.954336e+02      1
1573 4.737797e+01      1
1574 7.481194e+00      1
1575 5.256109e+00      1
1576 3.327496e-02      1
1577 4.639731e+01      1
1578 2.688473e+01      1
1579 2.387569e+01      1
1580 2.493653e+00      1
1581 1.118261e+02      1
1582 3.236276e+01      1
1583 3.777987e+00      1
1584 2.082695e+00      1
1585 1.051120e+02      1
1586 2.767507e+02      1
1587 3.031570e+00      1
1588 1.224488e+02      1
1589 3.492969e+01      1
1590 3.297488e+01      1
1591 1.518019e+01      1
1592 1.206097e+01      1
1593 9.089485e+01      1
1594 1.220205e+01      1
1595 3.408109e+01      1
1596 3.956390e+01      1
1597 2.672050e+00      1
1598 7.894921e+00      1
1599 1.251983e+00      1
1600 5.191660e-01      1
1601 2.084095e+01      1
1602 2.791871e+00      1
1603 3.035635e+00      1
1604 1.704524e+01      1
1605 1.729263e+01      1
1606 1.389352e+01      1
1607 2.973513e+01      1
1608 1.462133e+02      1
1609 3.660484e+01      1
1610 6.296043e+01      1
1611 3.672793e+01      1
1612 1.236195e+01      1
1613 5.257605e+00      1
1614 1.377771e+01      1
1615 1.884887e-01      1
1616 3.525365e-01      1
1617 1.718135e-02      1
1618 1.291057e-01      1
1619 2.676568e+00      1
1620 8.568488e+02      1
1621 6.185408e+01      1
1622 2.303335e+00      1
1623 4.146760e+00      1
1624 1.259346e+01      1
1625 7.856149e+01      1
1626 2.206914e+00      1
1627 1.846914e+01      1
1628 2.401353e+01      1
1629 4.344339e+00      1
1630 1.802295e+01      1
1631 9.570505e+00      1
1632 1.176299e+02      1
1633 2.128247e+00      1
1634 1.879528e+02      1
1635 1.168623e-02      1
1636 1.017628e+01      1
1637 1.894397e+01      1
1638 8.486922e+00      1
1639 4.460066e+00      1
1640 6.249977e-01      1
1641 8.682554e-01      1
1642 7.430888e-01      1
1643 1.070647e+01      1
1644 3.207858e+01      1
1645 8.074013e+00      1
1646 9.849852e+01      1
1647 3.363139e+01      1
1648 2.110152e+00      1
1649 8.808802e+00      1
1650 1.121695e+01      1
1651 1.029598e+02      1
1652 7.672894e+00      1
1653 4.981886e-01      1
1654 2.360982e-01      1
1655 1.266640e+01      1
1656 1.836047e+00      1
1657 1.315230e+01      1
1658 9.134254e+01      1
1659 5.243244e-01      1
1660 5.085744e+01      1
1661 6.056646e+00      1
1662 2.902140e+00      1
1663 1.045674e+01      1
1664 9.027681e-01      1
1665 2.537276e+01      1
1666 3.647230e+00      1
1667 1.811232e+01      1
1668 1.886768e+00      1
1669 1.950662e+02      1
1670 9.148973e-02      1
1671 7.648302e+00      1
1672 2.279338e+01      1
1673 1.718771e+00      1
1674 9.435196e-01      1
1675 4.978380e+01      1
1676 2.130699e+00      1
1677 3.077848e+01      1
1678 9.556063e-01      1
1679 3.166021e+00      1
1680 5.240952e+00      1
1681 1.946665e+02      1
1682 1.014735e+01      1
1683 8.924406e+01      1
1684 3.219457e+00      1
1685 2.886402e+00      1
1686 6.243462e-02      1
1687 1.760982e+00      1
1688 7.326921e-01      1
1689 1.148446e+01      1
1690 2.341967e+01      1
1691 9.081381e+01      1
1692 7.145667e+01      1
1693 2.973210e+01      1
1694 1.952359e+01      1
1695 2.140439e+01      1
1696 1.766184e+01      1
1697 1.811935e+01      1
1698 1.449271e+01      1
1699 2.635111e+01      1
1700 6.398576e+01      1
1701 5.223206e+00      1
1702 5.611940e+01      1
1703 1.540016e+01      1
1704 1.023690e+01      1
1705 5.890879e+01      1
1706 2.016430e+01      1
1707 1.163527e+02      1
1708 4.546510e+01      1
1709 6.390632e+00      1
1710 3.860790e+01      1
1711 1.412616e+01      1
1712 3.480788e+02      1
1713 2.203167e+01      1
1714 3.052632e-02      1
1715 3.674491e+01      1
1716 1.470650e+00      1
1717 2.192471e+01      1
1718 4.480462e+00      1
1719 1.161780e+01      1
1720 5.368567e+00      1
1721 7.894943e+01      1
1722 2.038152e+01      1
1723 9.467056e+01      1
1724 6.656095e-02      1
1725 3.843535e-01      1
1726 8.432070e-02      1
1727 6.184837e+01      1
1728 8.322919e+01      1
1729 1.340156e+02      1
1730 3.130970e+01      1
1731 1.689085e+01      1
1732 4.302636e-01      1
1733 8.493981e+01      1
1734 3.325828e+00      1
1735 2.164140e-03      1
1736 1.655761e+01      1
1737 1.743335e+00      1
1738 1.397271e+02      1
1739 4.037622e+01      1
1740 1.420341e+01      1
1741 1.435368e-02      1
1742 7.087618e+01      1
1743 1.805330e+01      1
1744 7.203541e+00      1
1745 5.443268e+01      1
1746 2.316169e-04      1
1747 6.427879e+00      1
1748 4.220644e+00      1
1749 9.642537e-02      1
1750 4.996855e+01      1
1751 1.754388e+02      1
1752 3.175516e+01      1
1753 3.615965e+00      1
1754 1.365343e+01      1
1755 3.603193e-02      1
1756 3.139132e+02      1
1757 5.131047e-02      1
1758 1.049500e+02      1
1759 3.082659e+01      1
1760 2.289481e+00      1
1761 9.685576e+02      1
1762 2.282474e+00      1
1763 7.101570e+01      1
1764 1.813203e+01      1
1765 8.285978e+01      1
1766 1.182817e+01      1
1767 3.123155e+01      1
1768 1.461024e+01      1
1769 4.030343e+00      1
1770 1.163094e-01      1
1771 9.937940e+01      1
1772 3.285122e+01      1
1773 6.488000e+00      1
1774 4.166622e+01      1
1775 4.857457e+01      1
1776 1.459999e+01      1
1777 3.794879e+00      1
1778 1.677033e+00      1
1779 2.357655e+00      1
1780 5.237470e+01      1
1781 3.469604e+00      1
1782 6.242945e+01      1
1783 1.322264e+01      1
1784 1.056354e+02      1
1785 1.164464e+02      1
1786 5.899547e+01      1
1787 5.283602e+01      1
1788 2.103566e+00      1
1789 2.296148e+01      1
1790 1.974439e+00      1
1791 1.089115e+00      1
1792 1.049891e-01      1
1793 1.592186e+02      1
1794 1.167204e+01      1
1795 1.921010e+01      1
1796 1.600956e+01      1
1797 1.642389e-01      1
1798 7.335165e+01      1
1799 1.738914e+01      1
1800 2.427280e+00      1
1801 8.365441e+01      1
1802 1.147348e+01      1
1803 1.004354e+02      1
1804 4.001520e+01      1
1805 2.887610e+01      1
1806 1.353151e+00      1
1807 6.457109e+00      1
1808 2.275819e+02      1
1809 2.468378e+00      1
1810 6.428632e+01      1
1811 1.895523e+01      1
1812 7.046216e+01      1
1813 6.388969e+00      1
1814 3.067060e-01      1
1815 8.841488e-02      1
1816 3.117920e+01      1
1817 1.193205e+00      1
1818 2.436998e+00      1
1819 1.967927e+01      1
1820 4.911145e+01      1
1821 1.266845e+02      1
1822 1.354619e+00      1
1823 2.852288e+01      1
1824 2.267635e+01      1
1825 1.449586e-01      1
1826 1.715378e+00      1
1827 4.421633e-02      1
1828 9.473684e+00      1
1829 8.613221e+00      1
1830 1.934631e+01      1
1831 4.871048e+01      1
1832 2.347843e-01      1
1833 2.944764e+01      1
1834 9.706100e+01      1
1835 1.466638e+01      1
1836 4.369593e-01      1
1837 9.606367e+01      1
1838 8.512197e+00      1
1839 6.980692e+00      1
1840 8.596630e-02      1
1841 4.153527e+01      1
1842 7.938437e+00      1
1843 1.280694e+00      1
1844 9.033193e+00      1
1845 7.936846e+00      1
1846 8.220376e+01      1
1847 8.858093e+00      1
1848 7.546398e+01      1
1849 6.383394e+01      1
1850 4.637254e+01      1
1851 7.031737e+01      1
1852 7.278610e+00      1
1853 3.094918e+00      1
1854 2.034801e+00      1
1855 1.930118e+01      1
1856 1.067253e+01      1
1857 3.070242e+01      1
1858 1.441929e+00      1
1859 8.727549e+00      1
1860 3.808369e-01      1
1861 3.049030e+00      1
1862 3.162791e+01      1
1863 1.874576e+00      1
1864 1.285334e+00      1
1865 1.094542e+02      1
1866 2.155302e+02      1
1867 3.248714e+00      1
1868 1.579450e+02      1
1869 1.089846e+01      1
1870 6.450441e+01      1
1871 6.709564e-02      1
1872 1.338566e+01      1
1873 2.078209e+01      1
1874 9.011870e-02      1
1875 1.759411e-03      1
1876 6.313034e+00      1
1877 7.121511e+01      1
1878 1.104440e+01      1
1879 4.358860e+01      1
1880 6.393890e+01      1
1881 8.611652e+01      1
1882 3.025872e+00      1
1883 1.294294e+00      1
1884 3.209233e-01      1
1885 2.191614e+01      1
1886 4.159146e+00      1
1887 3.692415e+01      1
1888 3.312384e+00      1
1889 9.193540e+00      1
1890 8.119529e-03      1
1891 7.648592e+00      1
1892 2.228245e+01      1
1893 1.831262e-01      1
1894 7.497113e+00      1
1895 7.739860e+01      1
1896 5.601440e+00      1
1897 1.628781e+01      1
1898 3.008735e+01      1
1899 3.479430e+01      1
1900 1.605257e+01      1
1901 1.420195e+01      1
1902 7.619335e+01      1
1903 5.198625e+00      1
1904 9.674889e+01      1
1905 7.277334e+01      1
1906 9.431292e-02      1
1907 2.959196e+01      1
1908 2.608023e+00      1
1909 2.977544e+00      1
1910 6.547670e-01      1
1911 6.038861e-03      1
1912 3.457867e+00      1
1913 2.149784e+01      1
1914 5.135165e+01      1
1915 1.033109e+02      1
1916 6.976174e+01      1
1917 4.458135e+00      1
1918 2.219863e+02      1
1919 3.624264e+02      1
1920 6.316502e-02      1
1921 3.998726e+01      1
1922 2.879369e+01      1
1923 4.333163e+01      1
1924 1.206427e+00      1
1925 3.125285e+01      1
1926 3.557703e+00      1
1927 1.322811e+01      1
1928 9.809500e+01      1
1929 1.170603e-01      1
1930 1.865544e+01      1
1931 1.021306e+01      1
1932 2.793394e+01      1
1933 1.070970e+01      1
1934 4.707047e+01      1
1935 2.864828e+01      1
1936 1.723490e+01      1
1937 3.421515e+01      1
1938 3.047339e+01      1
1939 2.549164e+02      1
1940 2.432134e+01      1
1941 3.624597e+02      1
1942 1.015403e+00      1
1943 2.377993e+01      1
1944 1.008807e+01      1
1945 4.028800e+00      1
1946 6.911111e-01      1
1947 2.001607e+01      1
1948 2.000142e+00      1
1949 1.371456e+01      1
1950 2.897021e+01      1
1951 1.688121e+01      1
1952 2.005596e+01      1
1953 1.808246e+02      1
1954 9.813847e+00      1
1955 2.282569e+02      1
1956 7.679471e+01      1
1957 5.357326e+01      1
1958 1.415115e+01      1
1959 1.531634e+01      1
1960 1.879349e-02      1
1961 7.743756e+01      1
1962 2.781724e+02      1
1963 1.489471e+01      1
1964 2.756495e+01      1
1965 3.516387e+01      1
1966 2.232331e-01      1
1967 6.286873e+01      1
1968 5.154495e+01      1
1969 1.358577e-01      1
1970 1.933897e+01      1
1971 9.011694e+01      1
1972 1.011681e+02      1
1973 6.787281e+00      1
1974 5.130129e-01      1
1975 6.443890e+01      1
1976 7.048980e+01      1
1977 1.969971e+00      1
1978 4.256014e+00      1
1979 1.431125e+02      1
1980 2.654795e+01      1
1981 3.000467e+00      1
1982 1.437078e+01      1
1983 1.024657e+02      1
1984 1.499443e+02      1
1985 6.902191e+00      1
1986 1.047522e+02      1
1987 1.903212e+01      1
1988 6.269972e-02      1
1989 5.775971e+01      1
1990 7.511704e+01      1
1991 8.349158e+01      1
1992 1.079735e+01      1
1993 7.806265e+01      1
1994 1.140045e+02      1
1995 2.098012e+01      1
1996 9.174316e+01      1
1997 8.982661e+01      1
1998 4.271674e+02      1
1999 4.008176e+01      1
2000 6.499831e+01      1
2001 3.420892e-01      1
2002 2.728875e+00      1
2003 8.839499e-01      1
2004 3.748106e+01      1
2005 8.719568e+01      1
2006 1.726816e+01      1
2007 6.038673e+00      1
2008 2.373340e+01      1
2009 2.281040e+02      1
2010 1.055144e+02      1
2011 4.014306e+00      1
2012 6.375810e+00      1
2013 1.873687e+01      1
2014 2.958634e+00      1
2015 2.046643e+00      1
2016 3.629018e+01      1
2017 4.924693e+01      1
2018 1.151637e+02      1
2019 7.428080e+00      1
2020 2.422042e+00      1
2021 1.034578e+01      1
2022 4.552504e-01      1
2023 1.824658e+01      1
2024 2.771583e+01      1
2025 2.807574e+01      1
2026 8.028162e+00      1
2027 1.818112e+00      1
2028 1.354349e+01      1
2029 3.557752e-02      1
2030 3.010008e-01      1
2031 6.382448e+01      1
2032 2.750019e+00      1
2033 2.837141e+01      1
2034 2.986585e+01      1
2035 2.391191e+01      1
2036 5.479544e+00      1
2037 6.048558e+01      1
2038 1.932813e+01      1
2039 4.019032e+01      1
2040 7.026737e-01      1
2041 9.756734e+01      1
2042 5.071885e+00      1
2043 8.105330e+00      1
2044 6.833412e+00      1
2045 4.589141e+01      1
2046 5.038770e+01      1
2047 1.027549e+01      1
2048 4.547509e+00      1
2049 5.601154e+01      1
2050 3.934077e+00      1
2051 6.234413e-01      1
2052 6.187613e+00      1
2053 1.129801e+01      1
2054 7.968700e+00      1
2055 6.480300e+01      1
2056 2.006783e+01      1
2057 3.421955e+01      1
2058 1.550168e+01      1
2059 4.739957e-01      1
2060 2.474774e+01      1
2061 1.573345e+01      1
2062 2.127157e+01      1
2063 2.565892e+02      1
2064 5.523020e+00      1
2065 1.192373e+02      1
2066 3.090999e+01      1
2067 5.086220e+01      1
2068 6.053505e+01      1
2069 1.542022e-01      1
2070 7.029616e+00      1
2071 1.002943e+02      1
2072 1.021505e-01      1
2073 4.338850e+00      1
2074 1.018779e+01      1
2075 1.708980e+02      1
2076 1.646523e+00      1
2077 7.073645e+00      1
2078 2.579006e+01      1
2079 1.309179e+01      1
2080 3.614000e+01      1
2081 4.694144e+02      1
2082 1.033938e+02      1
2083 1.238269e+02      1
2084 9.705314e+01      1
2085 3.485548e+01      1
2086 5.020834e+01      1
2087 3.467767e+01      1
2088 1.916591e+00      1
2089 3.728689e+01      1
2090 2.506338e+00      1
2091 2.687889e+01      1
2092 4.950376e+00      1
2093 1.577357e+01      1
2094 6.971920e+00      1
2095 6.195704e+00      1
2096 4.670575e+01      1
2097 1.905569e+02      1
2098 2.187791e+01      1
2099 1.768982e+00      1
2100 4.154513e+01      1
2101 3.469919e+02      1
2102 1.813961e+01      1
2103 1.454950e+02      1
2104 9.973414e-01      1
2105 5.900403e+01      1
2106 4.173237e+01      1
2107 2.369157e-02      1
2108 1.571820e+00      1
2109 1.244099e+02      1
2110 1.382540e+00      1
2111 1.120810e+01      1
2112 6.574607e+00      1
2113 1.066262e+02      1
2114 7.399589e+00      1
2115 5.762917e-01      1
2116 2.152063e+01      1
2117 2.446700e+02      1
2118 2.391976e+00      1
2119 1.479390e+00      1
2120 1.668331e+01      1
2121 1.276206e+00      1
2122 2.790378e+00      1
2123 1.689865e+01      1
2124 4.466168e+01      1
2125 7.717929e+01      1
2126 3.493692e+01      1
2127 3.665575e+01      1
2128 1.272482e+01      1
2129 9.892629e+00      1
2130 3.462735e+01      1
2131 2.464672e+01      1
2132 7.234901e+01      1
2133 3.467714e+01      1
2134 4.289529e+01      1
2135 1.975906e+01      1
2136 1.679963e+02      1
2137 3.158655e+01      1
2138 2.038441e-01      1
2139 2.868969e+00      1
2140 1.810215e+00      1
2141 3.864685e-01      1
2142 5.890108e+00      1
2143 2.097663e+02      1
2144 2.463248e+01      1
2145 4.307222e+01      1
2146 8.181254e+01      1
2147 7.300217e+00      1
2148 1.050123e+01      1
2149 3.317284e+01      1
2150 8.123493e+00      1
2151 5.739303e+01      1
2152 2.878999e+01      1
2153 1.605061e+01      1
2154 1.369787e+02      1
2155 2.582651e+02      1
2156 2.302217e+01      1
2157 4.309787e+01      1
2158 7.137119e-01      1
2159 2.070848e+00      1
2160 2.205288e+01      1
2161 6.068164e+00      1
2162 2.994474e-03      1
2163 3.163348e+02      1
2164 1.267638e+02      1
2165 1.009474e+01      1
2166 1.423877e+01      1
2167 1.115191e+02      1
2168 3.438989e+01      1
2169 2.324405e+01      1
2170 5.460727e+01      1
2171 8.212345e+00      1
2172 6.927034e+00      1
2173 7.698406e+01      1
2174 9.931619e-01      1
2175 1.765527e+01      1
2176 2.205211e+00      1
2177 1.293504e+01      1
2178 2.049608e+02      1
2179 4.627966e+00      1
2180 4.369454e-01      1
2181 9.047193e-01      1
2182 7.647154e+01      1
2183 1.533217e+00      1
2184 1.226300e+02      1
2185 3.347029e+01      1
2186 3.404725e+01      1
2187 1.180601e+02      1
2188 1.960468e+00      1
2189 3.740767e+01      1
2190 1.229569e+01      1
2191 8.295455e+01      1
2192 9.049335e+01      1
2193 7.235632e+01      1
2194 6.171540e+00      1
2195 1.903323e+01      1
2196 2.310952e+01      1
2197 6.981619e-01      1
2198 1.414332e+01      1
2199 8.665417e+00      1
2200 1.697525e+01      1
2201 4.471818e+00      1
2202 2.246416e+01      1
2203 6.897958e+01      1
2204 1.962788e+02      1
2205 3.524128e+00      1
2206 3.699755e+01      1
2207 2.660174e+01      1
2208 2.044387e+01      1
2209 5.830462e+01      1
2210 7.768928e+01      1
2211 1.677244e+00      1
2212 1.405898e+00      1
2213 1.058235e-01      1
2214 2.445535e-01      1
2215 1.716915e+01      1
2216 3.815346e+00      1
2217 1.638898e+01      1
2218 3.521305e+00      1
2219 6.683370e+00      1
2220 8.489971e+00      1
2221 1.084821e+01      1
2222 2.521694e+00      1
2223 1.357064e+00      1
2224 2.505884e+01      1
2225 9.625813e-01      1
2226 3.402115e+01      1
2227 6.621666e+01      1
2228 2.146223e-01      1
2229 2.755804e+01      1
2230 7.087581e+01      1
2231 2.787090e+00      1
2232 2.722535e+00      1
2233 1.101908e+02      1
2234 3.015510e+01      1
2235 2.020035e+00      1
2236 2.806078e+01      1
2237 1.406596e+01      1
2238 1.891865e+01      1
2239 4.041769e+00      1
2240 1.044565e+01      1
2241 1.958216e+02      1
2242 2.286615e+01      1
2243 4.345123e+01      1
2244 5.279328e-01      1
2245 1.483700e-02      1
2246 3.148814e+01      1
2247 4.568651e+01      1
2248 2.045877e+01      1
2249 4.208241e-01      1
2250 7.181636e+01      1
2251 1.187599e-02      1
2252 1.491778e+01      1
2253 2.883201e+01      1
2254 9.352442e+01      1
2255 1.729412e+01      1
2256 4.395129e-02      1
2257 6.187491e+01      1
2258 5.183690e+00      1
2259 9.732689e+01      1
2260 2.596654e+00      1
2261 3.063608e+01      1
2262 2.380480e+00      1
2263 2.077270e+00      1
2264 4.870821e+00      1
2265 5.716521e+01      1
2266 7.034060e+01      1
2267 1.422341e+02      1
2268 5.885537e+01      1
2269 7.600527e+01      1
2270 8.682946e-01      1
2271 1.758154e+00      1
2272 4.683008e+01      1
2273 4.353153e+01      1
2274 4.883535e+00      1
2275 9.698187e-04      1
2276 6.884203e-01      1
2277 3.226878e+00      1
2278 4.831524e+00      1
2279 4.278764e+01      1
2280 1.579656e+00      1
2281 8.884816e+00      1
2282 1.654783e+01      1
2283 2.462873e+01      1
2284 2.426845e+01      1
2285 9.972914e-01      1
2286 1.920861e+01      1
2287 5.674862e+01      1
2288 9.189209e+01      1
2289 8.083136e+01      1
2290 2.736866e+01      1
2291 1.179302e+01      1
2292 1.355371e+00      1
2293 1.576751e+01      1
2294 3.902625e+00      1
2295 4.151803e+00      1
2296 7.175917e+01      1
2297 8.015094e-01      1
2298 8.854558e+01      1
2299 7.685202e+00      1
2300 5.239297e-03      1
2301 7.221458e+00      1
2302 4.064516e+00      1
2303 3.390690e-01      1
2304 5.694096e+02      1
2305 1.717037e+01      1
2306 1.919534e+02      1
2307 1.922570e+02      1
2308 1.385630e+01      1
2309 2.595834e-01      1
2310 6.520061e+01      1
2311 1.433334e+00      1
2312 3.315404e+01      1
2313 2.221050e-01      1
2314 1.931349e-02      1
2315 4.798969e+00      1
2316 4.595402e+01      1
2317 9.112414e+01      1
2318 1.209120e+00      1
2319 3.027175e+00      1
2320 2.450439e+01      1
2321 4.716036e+00      1
2322 1.340498e+01      1
2323 3.555329e+00      1
2324 6.156836e+01      1
2325 3.132088e-01      1
2326 2.366633e+02      1
2327 1.825674e+01      1
2328 1.434796e+01      1
2329 1.530787e+01      1
2330 1.018954e+01      1
2331 1.697448e+01      1
2332 5.773108e+00      1
2333 3.673889e+00      1
2334 7.433940e+01      1
2335 1.234072e-02      1
2336 1.690986e+02      1
2337 2.138534e+01      1
2338 1.894129e+02      1
2339 9.520535e+01      1
2340 1.093414e+01      1
2341 1.199061e+01      1
2342 1.698238e+00      1
2343 2.430012e+02      1
2344 3.655202e+01      1
2345 1.899706e+01      1
2346 9.630955e-01      1
2347 7.273480e+01      1
2348 1.304168e+02      1
2349 8.725747e+01      1
2350 2.521125e+02      1
2351 5.294327e+01      1
2352 4.795246e+01      1
2353 3.106210e-02      1
2354 1.092919e+01      1
2355 1.178897e+01      1
2356 4.060630e+00      1
2357 5.193241e+00      1
2358 1.912047e+01      1
2359 1.554527e+01      1
2360 1.345039e+01      1
2361 3.288095e+00      1
2362 3.136914e+01      1
2363 2.662930e+01      1
2364 3.637688e+01      1
2365 8.225524e+00      1
2366 1.802228e+01      1
2367 1.490679e+01      1
2368 9.179153e+00      1
2369 1.036833e-01      1
2370 2.526606e+01      1
2371 2.310944e+02      1
2372 6.418874e+00      1
2373 2.867202e+00      1
2374 2.389833e+01      1
2375 1.640993e-01      1
2376 2.662902e+02      1
2377 2.242528e+00      1
2378 3.601096e+02      1
2379 4.784887e-01      1
2380 7.663165e+00      1
2381 3.194197e+01      1
2382 9.938003e-01      1
2383 6.552538e-01      1
2384 1.301399e-02      1
2385 2.346339e+01      1
2386 8.708441e+00      1
2387 1.565934e+00      1
2388 1.012063e+02      1
2389 3.509394e-01      1
2390 3.517489e-03      1
2391 2.223173e+01      1
2392 1.034616e+01      1
2393 9.645707e+00      1
2394 1.051274e+01      1
2395 5.553213e+01      1
2396 7.586368e+01      1
2397 3.962631e+00      1
2398 3.532131e+00      1
2399 1.722500e+00      1
2400 8.113937e-01      1
2401 4.625769e-01      1
2402 6.960653e+01      1
2403 1.979528e+01      1
2404 3.733528e+01      1
2405 2.183097e+00      1
2406 9.076545e-01      1
2407 1.529708e+01      1
2408 5.525305e+01      1
2409 2.788500e+01      1
2410 6.050434e-02      1
2411 3.459954e-02      1
2412 1.520130e+01      1
2413 3.348953e+01      1
2414 1.169978e+01      1
2415 1.702867e+02      1
2416 3.521439e+01      1
2417 1.851778e+00      1
2418 2.568320e+01      1
2419 4.350878e+01      1
2420 9.219709e+01      1
2421 6.153976e+00      1
2422 4.394280e+00      1
2423 4.953383e+00      1
2424 2.094148e+01      1
2425 1.258958e+02      1
2426 3.341043e+01      1
2427 2.311715e+01      1
2428 1.302709e+00      1
2429 2.715007e+01      1
2430 9.608188e+01      1
2431 1.201562e-03      1
2432 2.115543e+01      1
2433 2.622583e+00      1
2434 3.181286e+01      1
2435 6.360737e+01      1
2436 2.307255e+00      1
2437 3.040426e+02      1
2438 3.942021e-01      1
2439 6.796990e+01      1
2440 4.053736e+01      1
2441 1.000291e+00      1
2442 2.367727e+01      1
2443 1.732753e+01      1
2444 2.529059e+01      1
2445 5.841538e+00      1
2446 1.397773e+01      1
2447 3.302448e+00      1
2448 1.817297e+01      1
2449 3.434302e+01      1
2450 1.245222e+01      1
2451 5.688252e+00      1
2452 9.008914e+00      1
2453 2.171764e+01      1
2454 1.005002e+01      1
2455 4.641252e+01      1
2456 9.787737e-02      1
2457 2.037967e+01      1
2458 3.761242e+01      1
2459 1.683361e+01      1
2460 5.781693e+01      1
2461 4.948004e+01      1
2462 2.208562e+00      1
2463 9.478205e-01      1
2464 7.132953e+00      1
2465 7.788086e+00      1
2466 8.309165e-01      1
2467 2.081949e-01      1
2468 4.472117e+00      1
2469 1.261970e+01      1
2470 1.623304e+02      1
2471 1.197990e+01      1
2472 5.112922e+00      1
2473 4.601101e+01      1
2474 8.522791e+01      1
2475 2.309639e+01      1
2476 7.645775e-01      1
2477 2.803380e+01      1
2478 1.371748e+00      1
2479 1.050270e+01      1
2480 1.020502e+01      1
2481 5.014588e+01      1
2482 2.147168e+02      1
2483 1.130794e+01      1
2484 4.634160e+00      1
2485 9.921620e+01      1
2486 1.230313e+01      1
2487 9.827403e-01      1
2488 1.911285e+01      1
2489 8.181712e-01      1
2490 9.746481e+01      1
2491 1.749239e+01      1
2492 5.109003e+00      1
2493 2.136556e+02      1
2494 1.794680e+01      1
2495 1.817281e+02      1
2496 4.264663e+00      1
2497 2.158856e+01      1
2498 7.745476e+01      1
2499 8.096234e+00      1
2500 2.025321e+01      1
2501 8.081201e+00      1
2502 6.047119e+01      1
2503 6.737380e+00      1
2504 9.272464e+00      1
2505 1.145603e+02      1
2506 5.027221e+01      1
2507 4.591557e+01      1
2508 1.357936e+01      1
2509 3.754346e+02      1
2510 2.548359e+01      1
2511 1.597408e+01      1
2512 1.423446e+01      1
2513 1.242450e+01      1
2514 1.465126e+01      1
2515 1.629767e+01      1
2516 1.347460e+01      1
2517 1.797342e+00      1
2518 2.353734e+02      1
2519 1.142227e+00      1
2520 7.540167e+01      1
2521 4.598026e+01      1
2522 4.821663e-02      1
2523 2.270437e+02      1
2524 1.401825e-02      1
2525 2.884332e+01      1
2526 7.894363e+00      1
2527 3.565221e+00      1
2528 1.225565e+02      1
2529 2.194263e-01      1
2530 8.949872e+01      1
2531 6.601709e-01      1
2532 2.603538e-01      1
2533 3.333186e+01      1
2534 1.111269e+01      1
2535 4.456514e+01      1
2536 2.136659e-02      1
2537 3.823232e+00      1
2538 2.658139e+01      1
2539 3.023439e+01      1
2540 1.868632e+02      1
2541 1.084953e+02      1
2542 6.500758e+01      1
2543 1.871775e+01      1
2544 1.590718e+02      1
2545 1.891272e+01      1
2546 3.830739e+00      1
2547 5.366344e-01      1
2548 1.153944e+01      1
2549 1.242389e+02      1
2550 9.463027e+01      1
2551 4.639635e+01      1
2552 2.446900e+01      1
2553 5.862227e+00      1
2554 6.493019e+00      1
2555 1.829675e+01      1
2556 2.243110e+00      1
2557 1.562522e+01      1
2558 5.530659e+01      1
2559 1.131357e+01      1
2560 1.123944e+01      1
2561 2.415673e+01      1
2562 2.803760e-04      1
2563 9.481072e+00      1
2564 2.374256e+01      1
2565 4.757242e+01      1
2566 2.162981e-01      1
2567 2.096751e+01      1
2568 4.791102e+01      1
2569 1.386881e+02      1
2570 7.852638e+00      1
2571 8.571821e+01      1
2572 1.915278e+01      1
2573 1.720008e+01      1
2574 9.385944e+00      1
2575 1.601234e+01      1
2576 3.495956e-01      1
2577 2.727145e+01      1
2578 1.167117e-01      1
2579 1.320846e+01      1
2580 1.102244e+01      1
2581 5.946721e+00      1
2582 2.816109e+01      1
2583 1.644846e+02      1
2584 5.885274e+01      1
2585 1.378269e+00      1
2586 2.219096e+01      1
2587 2.096923e+00      1
2588 1.179355e+00      1
2589 6.858255e+01      1
2590 2.031518e+01      1
2591 2.115956e+01      1
2592 1.952488e+01      1
2593 5.755657e+01      1
2594 5.014193e+00      1
2595 3.418611e+00      1
2596 8.302894e+01      1
2597 2.282668e+02      1
2598 5.118239e+01      1
2599 1.901331e+02      1
2600 8.792653e+01      1
2601 1.019133e+00      1
2602 3.225466e+01      1
2603 1.727820e+00      1
2604 6.088124e+00      1
2605 3.900516e+01      1
2606 7.094878e+01      1
2607 8.213696e-01      1
2608 2.556279e+00      1
2609 9.688631e+01      1
2610 7.863663e+01      1
2611 3.646786e+01      1
2612 6.802824e+01      1
2613 2.186713e+00      1
2614 5.283714e+01      1
2615 1.730171e+03      1
2616 6.823348e+01      1
2617 1.536768e+01      1
2618 6.789725e+00      1
2619 4.595472e+00      1
2620 4.341388e+02      1
2621 6.311539e+01      1
2622 8.899231e+00      1
2623 8.252003e+00      1
2624 4.013393e-01      1
2625 8.753445e+00      1
2626 7.787094e+00      1
2627 1.202579e+02      1
2628 6.905781e-01      1
2629 8.844027e+00      1
2630 5.502698e+01      1
2631 3.526233e-02      1
2632 4.794022e+00      1
2633 1.877782e+01      1
2634 7.660269e+00      1
2635 3.771411e-01      1
2636 2.147894e+02      1
2637 2.647918e+01      1
2638 1.590423e+02      1
2639 3.326940e+01      1
2640 1.063795e+01      1
2641 6.330960e+00      1
2642 3.832063e+01      1
2643 3.696587e+00      1
2644 2.126348e+01      1
2645 5.023864e+00      1
2646 5.144281e+01      1
2647 1.367367e+02      1
2648 5.788668e-02      1
2649 1.540287e+00      1
2650 1.480721e+00      1
2651 3.124350e+00      1
2652 1.163810e+02      1
2653 4.354957e+00      1
2654 5.914274e+01      1
2655 3.223486e-01      1
2656 1.528382e+00      1
2657 2.911955e+01      1
2658 4.226007e+01      1
2659 5.976520e+01      1
2660 1.551080e+01      1
2661 8.692388e+00      1
2662 3.669112e+01      1
2663 1.646924e+02      1
2664 1.208066e+00      1
2665 3.114801e+00      1
2666 1.463675e+01      1
2667 3.891489e+01      1
2668 2.116540e+01      1
2669 5.905473e+01      1
2670 6.196234e+01      1
2671 1.307590e+01      1
2672 9.767355e+01      1
2673 7.394635e-01      1
2674 2.194730e+01      1
2675 4.112363e+01      1
2676 1.342373e+02      1
2677 5.940116e+01      1
2678 4.679767e+02      1
2679 5.423414e+01      1
2680 7.013292e-01      1
2681 3.704063e+01      1
2682 1.063008e+01      1
2683 1.293657e+02      1
2684 8.358973e+01      1
2685 3.140424e+01      1
2686 7.357313e+00      1
2687 3.884349e+01      1
2688 3.169274e+01      1
2689 6.077606e-01      1
2690 1.613503e+01      1
2691 1.855112e+00      1
2692 5.543724e+00      1
2693 1.376253e+01      1
2694 1.335565e+02      1
2695 9.226761e+00      1
2696 1.044398e+00      1
2697 7.358377e+01      1
2698 1.025603e+02      1
2699 1.798902e+01      1
2700 2.557530e+01      1
2701 8.089280e+01      1
2702 1.832729e+01      1
2703 7.550909e+01      1
2704 2.132659e+00      1
2705 7.822885e+01      1
2706 1.009047e+01      1
2707 1.522304e+01      1
2708 2.041404e+02      1
2709 2.257739e+01      1
2710 2.019025e+01      1
2711 3.179940e+00      1
2712 1.250838e+01      1
2713 3.133533e+01      1
2714 5.643281e+01      1
2715 7.254224e+01      1
2716 1.974872e+01      1
2717 1.354630e+01      1
2718 1.853724e+02      1
2719 1.646102e+00      1
2720 1.659100e+00      1
2721 6.642045e+01      1
2722 8.825359e+00      1
2723 9.265777e-02      1
2724 1.456614e+02      1
2725 1.048277e+02      1
2726 3.593644e-01      1
2727 5.231319e-01      1
2728 1.063906e+01      1
2729 5.244124e+01      1
2730 1.686580e+01      1
2731 1.563428e+01      1
2732 7.151301e+00      1
2733 1.043400e-01      1
2734 3.495821e+00      1
2735 2.970894e+01      1
2736 2.669143e+01      1
2737 3.976865e+00      1
2738 5.497126e+01      1
2739 3.036744e+01      1
2740 7.241340e+00      1
2741 1.549643e+01      1
2742 6.193418e-01      1
2743 1.861780e+01      1
2744 5.373185e+01      1
2745 7.976737e-01      1
2746 4.537337e+00      1
2747 4.416246e+00      1
2748 4.982107e+01      1
2749 2.519493e+01      1
2750 1.431410e+01      1
2751 1.955132e+00      1
2752 1.886550e+02      1
2753 2.184476e+01      1
2754 1.147052e+00      1
2755 5.325113e+00      1
2756 7.783148e+01      1
2757 7.087145e+01      1
2758 3.972254e+00      1
2759 1.242274e-02      1
2760 3.285900e+02      1
2761 2.794744e+01      1
2762 9.077630e-01      1
2763 1.624358e+01      1
2764 1.587289e+01      1
2765 2.218907e+01      1
2766 7.316407e+01      1
2767 4.895714e-02      1
2768 4.772886e+01      1
2769 3.423862e+01      1
2770 7.625354e+01      1
2771 1.666792e+01      1
2772 1.278496e+01      1
2773 1.837434e+01      1
2774 4.669550e+00      1
2775 2.125566e+01      1
2776 7.145611e-01      1
2777 2.930748e+02      1
2778 1.649718e+01      1
2779 1.970817e+02      1
2780 1.565289e+01      1
2781 1.459492e+02      1
2782 9.580375e-01      1
2783 7.600638e+00      1
2784 4.930423e+01      1
2785 9.727623e+00      1
2786 1.198900e+02      1
2787 7.885377e+01      1
2788 1.930062e-02      1
2789 9.975214e+00      1
2790 8.986980e+01      1
2791 5.618820e+01      1
2792 9.672178e+00      1
2793 8.834102e+01      1
2794 2.312161e-01      1
2795 2.842937e+01      1
2796 1.462812e+00      1
2797 1.323400e+00      1
2798 1.251083e-01      1
2799 1.532640e+00      1
2800 6.614521e+00      1
2801 4.574195e-03      1
2802 4.745908e+01      1
2803 9.165195e-01      1
2804 5.765216e+00      1
2805 1.470019e+01      1
2806 9.580574e-01      1
2807 3.388995e+01      1
2808 2.445475e+01      1
2809 2.061793e+01      1
2810 2.370678e+00      1
2811 1.680412e+00      1
2812 1.178830e+01      1
2813 9.115566e-02      1
2814 5.602503e-02      1
2815 4.409733e+01      1
2816 1.989910e+01      1
2817 3.672642e+01      1
2818 8.827705e-01      1
2819 5.402411e+01      1
2820 1.337781e+01      1
2821 6.425687e+01      1
2822 2.605507e-01      1
2823 2.975159e+02      1
2824 5.846093e+00      1
2825 1.607352e+00      1
2826 2.691857e+01      1
2827 2.021834e+01      1
2828 6.087342e+01      1
2829 5.960373e+01      1
2830 8.039472e+01      1
2831 1.259823e+01      1
2832 7.156853e+01      1
2833 7.856167e+00      1
2834 2.598787e+01      1
2835 1.975746e+02      1
2836 9.281971e+01      1
2837 7.793437e+01      1
2838 5.427130e+01      1
2839 1.066764e-01      1
2840 7.424204e-01      1
2841 2.124010e+00      1
2842 2.085462e+02      1
2843 3.935031e+00      1
2844 3.352294e+00      1
2845 1.874978e+01      1
2846 4.317784e-01      1
2847 1.148545e+00      1
2848 3.384569e+01      1
2849 1.126480e+01      1
2850 1.077272e+00      1
2851 2.997094e+00      1
2852 3.011799e+01      1
2853 5.145941e+01      1
2854 5.377928e-01      1
2855 1.385992e+01      1
2856 1.172270e+01      1
2857 5.185495e+00      1
2858 7.285352e+01      1
2859 6.801772e+01      1
2860 6.172151e-01      1
2861 4.630304e-02      1
2862 3.977586e-02      1
2863 4.421664e-01      1
2864 7.693796e+01      1
2865 5.004071e+01      1
2866 3.916868e+01      1
2867 1.463057e+01      1
2868 6.770147e-01      1
2869 1.577804e+01      1
2870 5.632342e+01      1
2871 4.312519e+01      1
2872 7.912909e-02      1
2873 1.643079e+02      1
2874 1.823058e+02      1
2875 2.307935e+01      1
2876 3.848013e+00      1
2877 1.375179e+01      1
2878 1.833745e+02      1
2879 7.288182e-02      1
2880 2.541069e+01      1
2881 1.596650e+01      1
2882 9.370675e+00      1
2883 6.649783e+00      1
2884 8.678530e+01      1
2885 7.372954e+00      1
2886 8.687499e-01      1
2887 6.175256e-01      1
2888 1.704112e+01      1
2889 3.524125e+01      1
2890 2.610041e+01      1
2891 6.629480e+00      1
2892 8.531956e-01      1
2893 5.809510e+00      1
2894 1.739954e+01      1
2895 2.665559e-01      1
2896 4.335585e+01      1
2897 6.105434e+00      1
2898 2.662369e+01      1
2899 6.039543e+01      1
2900 8.134173e-01      1
2901 1.067583e-01      1
2902 9.494343e+00      1
2903 7.575732e+01      1
2904 6.917874e+00      1
2905 1.334268e+01      1
2906 7.164220e+00      1
2907 6.440397e+00      1
2908 1.001727e-05      1
2909 1.899738e-01      1
2910 3.705523e+01      1
2911 1.131968e+00      1
2912 2.704417e+01      1
2913 5.429111e+01      1
2914 1.075581e+02      1
2915 4.069587e-02      1
2916 5.221611e+00      1
2917 6.086637e+01      1
2918 8.382086e+00      1
2919 2.000185e+00      1
2920 1.722839e+01      1
2921 2.248270e+01      1
2922 9.520592e-02      1
2923 2.975645e+01      1
2924 2.632849e+00      1
2925 2.233354e+01      1
2926 4.851678e+00      1
2927 3.350647e+01      1
2928 2.776810e-03      1
2929 9.465257e-01      1
2930 3.090115e+00      1
2931 7.080333e+01      1
2932 1.161764e+00      1
2933 1.560099e+00      1
2934 1.200180e+02      1
2935 3.054215e+02      1
2936 1.347630e+01      1
2937 2.063562e+01      1
2938 1.572176e+01      1
2939 3.265143e+01      1
2940 3.779730e+01      1
2941 5.819064e+01      1
2942 2.786455e+01      1
2943 3.716020e+00      1
2944 4.038696e+01      1
2945 6.131126e+00      1
2946 3.007783e+01      1
2947 6.593402e+01      1
2948 2.420565e+01      1
2949 2.720842e+01      1
2950 2.874859e-02      1
2951 6.712490e-02      1
2952 2.066731e+01      1
2953 1.158436e+01      1
2954 1.300613e+01      1
2955 3.045710e-03      1
2956 1.802277e+00      1
2957 6.034015e-01      1
2958 6.155431e+01      1
2959 2.156792e+00      1
2960 3.358240e+01      1
2961 7.104191e+01      1
2962 5.031034e+01      1
2963 3.984052e+01      1
2964 7.412270e+01      1
2965 2.746527e+00      1
2966 1.266169e+01      1
2967 3.658781e+00      1
2968 3.366041e-01      1
2969 1.356936e+01      1
2970 2.846021e+01      1
2971 9.250551e-01      1
2972 2.365330e+02      1
2973 3.470191e+02      1
2974 1.056710e-02      1
2975 5.394440e+01      1
2976 3.174604e+01      1
2977 3.565428e+00      1
2978 6.680950e+01      1
2979 2.875718e+01      1
2980 1.182394e+01      1
2981 3.011946e+01      1
2982 2.274624e+00      1
2983 4.078924e+00      1
2984 1.273699e+00      1
2985 2.876150e+01      1
2986 1.328462e+01      1
2987 6.699052e+02      1
2988 4.510949e+01      1
2989 1.271434e+02      1
2990 3.005413e+01      1
2991 1.140454e+00      1
2992 3.082840e+01      1
2993 5.855091e+01      1
2994 3.167163e+00      1
2995 8.477798e+00      1
2996 4.860642e-02      1
2997 1.091376e+02      1
2998 1.906995e+01      1
2999 4.939209e+01      1
3000 6.713883e+01      1
3001 1.307155e+00      1
3002 3.367260e+01      1
3003 2.227654e+01      1
3004 4.428452e+00      1
3005 5.127285e+00      1
3006 1.052255e+02      1
3007 2.515796e+01      1
3008 9.216291e+00      1
3009 1.545198e+02      1
3010 1.680252e+02      1
3011 9.377287e+01      1
3012 7.965076e-01      1
3013 5.061220e+01      1
3014 4.226253e+01      1
3015 3.347463e+01      1
3016 1.074198e+02      1
3017 2.485653e+01      1
3018 5.621639e+02      1
3019 2.610083e+01      1
3020 4.984004e+00      1
3021 4.128643e+01      1
3022 1.789353e+00      1
3023 3.337716e+01      1
3024 3.593625e+01      1
3025 6.207457e+01      1
3026 9.124216e-01      1
3027 1.400829e-03      1
3028 6.226802e+01      1
3029 7.157752e+00      1
3030 2.083650e+00      1
3031 6.333654e-01      1
3032 2.926430e+01      1
3033 2.540338e+00      1
3034 2.006872e+02      1
3035 3.779502e-02      1
3036 8.004853e+00      1
3037 1.109006e+02      1
3038 1.468403e+01      1
3039 1.000064e+02      1
3040 2.328460e+01      1
3041 1.888506e+01      1
3042 1.148452e-01      1
3043 1.926775e+01      1
3044 1.815625e+00      1
3045 4.617821e+01      1
3046 6.943608e+01      1
3047 4.796780e+00      1
3048 2.727364e+01      1
3049 9.228834e+01      1
3050 3.501460e+01      1
3051 8.309887e+00      1
3052 8.054250e-01      1
3053 4.050641e+00      1
3054 6.877160e+01      1
3055 2.361270e+01      1
3056 2.926481e+01      1
3057 1.870293e+00      1
3058 1.083437e+01      1
3059 1.594848e+01      1
3060 1.096436e+02      1
3061 8.320587e+01      1
3062 2.912424e+02      1
3063 1.296389e+01      1
3064 2.341206e+01      1
3065 6.422664e+01      1
3066 1.131649e-02      1
3067 7.723405e+01      1
3068 4.816194e-02      1
3069 1.004079e+01      1
3070 1.902824e+02      1
3071 1.702672e+01      1
3072 2.013163e+02      1
3073 6.665923e+00      1
3074 2.197100e+01      1
3075 1.616954e+00      1
3076 1.327271e+00      1
3077 7.584268e+01      1
3078 3.607119e+00      1
3079 5.468802e+00      1
3080 7.353104e+01      1
3081 8.808248e-01      1
3082 1.666669e+01      1
3083 5.412915e+01      1
3084 5.562146e+00      1
3085 4.667007e+01      1
3086 6.427135e+00      1
3087 1.352492e+01      1
3088 1.719049e+02      1
3089 1.937596e+01      1
3090 5.200874e+01      1
3091 3.514013e-01      1
3092 1.188628e-01      1
3093 2.086774e+00      1
3094 3.098586e+01      1
3095 5.420348e-01      1
3096 3.066530e+01      1
3097 5.646207e+01      1
3098 1.367519e+00      1
3099 3.484857e+00      1
3100 2.673305e+01      1
3101 4.778857e+01      1
3102 3.276337e-01      1
3103 1.852939e+02      1
3104 9.755641e-01      1
3105 1.964291e+01      1
3106 9.167446e+01      1
3107 4.559538e+01      1
3108 6.856347e+00      1
3109 3.772931e+01      1
3110 3.689348e-01      1
3111 2.084827e+02      1
3112 1.924252e-01      1
3113 2.235319e+00      1
3114 2.166723e+00      1
3115 1.715406e+01      1
3116 8.311176e+01      1
3117 1.456285e+02      1
3118 4.885282e+01      1
3119 7.892135e+01      1
3120 9.650924e+01      1
3121 3.855976e+00      1
3122 1.809601e-02      1
3123 9.940753e+00      1
3124 2.591536e+00      1
3125 2.425462e+01      1
3126 1.533910e+00      1
3127 2.840170e+00      1
3128 3.941964e+01      1
3129 9.515611e+00      1
3130 2.008177e+02      1
3131 1.702124e+00      1
3132 5.511759e+03      1
3133 2.364549e-01      1
3134 5.505893e+01      1
3135 2.852785e+00      1
3136 5.002215e+01      1
3137 8.778810e+00      1
3138 4.678927e-01      1
3139 9.995751e+00      1
3140 2.004563e+01      1
3141 8.438037e+01      1
3142 3.465119e-01      1
3143 1.037390e+00      1
3144 1.047318e+00      1
3145 4.259137e+01      1
3146 1.737487e+00      1
3147 2.848428e+02      1
3148 2.556830e+01      1
3149 2.673706e-01      1
3150 3.188870e+01      1
3151 2.309909e+02      1
3152 6.506223e+01      1
3153 5.859134e+01      1
3154 2.475575e+02      1
3155 1.159035e+01      1
3156 1.327184e+01      1
3157 2.298329e-01      1
3158 4.135775e+00      1
3159 8.156294e+00      1
3160 5.886392e-01      1
3161 1.243030e+01      1
3162 1.795484e+01      1
3163 1.791664e+01      1
3164 2.114277e+01      1
3165 1.082308e+02      1
3166 2.511154e+01      1
3167 1.605499e+02      1
3168 2.187773e+02      1
3169 1.680619e+01      1
3170 2.318385e+00      1
3171 7.945436e+01      1
3172 1.359988e+01      1
3173 3.917506e+00      1
3174 1.004088e+00      1
3175 1.290926e+01      1
3176 2.512722e-02      1
3177 2.440305e+01      1
3178 9.030292e-01      1
3179 5.352293e-01      1
3180 6.962888e+01      1
3181 3.301190e+01      1
3182 5.030717e+02      1
3183 1.227966e+02      1
3184 2.354748e+01      1
3185 5.204643e+01      1
3186 2.177316e+01      1
3187 6.096623e+01      1
3188 1.059386e+02      1
3189 1.222482e-02      1
3190 5.707403e+00      1
3191 6.871274e-02      1
3192 1.984434e+01      1
3193 1.189940e+02      1
3194 7.500754e+02      1
3195 1.527668e+01      1
3196 5.029005e+00      1
3197 2.438541e-02      1
3198 2.667837e+01      1
3199 1.272771e+01      1
3200 1.005577e+01      1
3201 2.300024e-01      1
3202 1.676227e+01      1
3203 2.812450e+01      1
3204 4.536384e+01      1
3205 8.986389e+01      1
3206 1.227509e+00      1
3207 9.216170e+00      1
3208 1.179117e+02      1
3209 2.951642e+00      1
3210 2.176129e+00      1
3211 2.612576e+00      1
3212 7.233199e+00      1
3213 3.560957e+00      1
3214 8.452645e+01      1
3215 1.657162e+00      1
3216 2.292498e+01      1
3217 2.612311e-02      1
3218 1.018961e+01      1
3219 4.293761e+00      1
3220 6.422695e+01      1
3221 1.520522e+01      1
3222 1.989790e-01      1
3223 1.960554e+01      1
3224 1.685931e+00      1
3225 4.782553e-01      1
3226 1.024213e+02      1
3227 8.845655e-01      1
3228 8.713316e-01      1
3229 3.693895e+00      1
3230 2.115965e+01      1
3231 8.260620e+01      1
3232 1.532528e+02      1
3233 4.433243e+00      1
3234 9.267616e+01      1
3235 9.350462e+00      1
3236 8.750352e+01      1
3237 1.342168e+00      1
3238 2.213823e+01      1
3239 4.883774e+00      1
3240 4.308266e+01      1
3241 1.760332e+01      1
3242 1.606018e+02      1
3243 1.013260e+01      1
3244 5.691387e-01      1
3245 2.635449e+02      1
3246 6.064896e+01      1
3247 1.570522e+00      1
3248 2.688295e+01      1
3249 1.595472e+01      1
3250 1.456025e+02      1
3251 2.732281e+01      1
3252 9.867234e+00      1
3253 5.541576e+00      1
3254 1.079580e+01      1
3255 8.887117e-01      1
3256 2.066557e+01      1
3257 1.530560e+01      1
3258 3.240052e+01      1
3259 7.433593e+00      1
3260 6.096163e+01      1
3261 8.421242e+00      1
3262 2.844678e+01      1
3263 1.777888e+01      1
3264 1.482784e+01      1
3265 1.587642e+02      1
3266 8.112560e+00      1
3267 1.501756e+01      1
3268 7.559959e+00      1
3269 6.498907e+00      1
3270 2.454601e+01      1
3271 3.051435e+00      1
3272 6.944692e-02      1
3273 3.965578e+01      1
3274 7.755704e+01      1
3275 4.358690e-01      1
3276 5.234524e+00      1
3277 7.582266e+01      1
3278 9.817773e+01      1
3279 2.331192e+01      1
3280 3.564400e+00      1
3281 1.871133e+01      1
3282 1.336180e+01      1
3283 2.773046e+01      1
3284 7.502547e+01      1
3285 2.416549e+01      1
3286 8.352974e+00      1
3287 3.878477e-01      1
3288 1.271195e+01      1
3289 7.649502e+01      1
3290 2.595894e+01      1

$`MR-PRESSO results`$`Distortion Test`
$`MR-PRESSO results`$`Distortion Test`$`Outliers Indices`
[1] "No significant outliers"

$`MR-PRESSO results`$`Distortion Test`$`Distortion Coefficient`
[1] NA

$`MR-PRESSO results`$`Distortion Test`$Pvalue
[1] NA



