$`Main MR results`
       Exposure       MR Analysis Causal Estimate          Sd    T-stat
1 beta.exposure               Raw     -0.01056836 0.003506857 -3.013626
2 beta.exposure Outlier-corrected     -0.01228287 0.003469182 -3.540567
       P-value
1 0.0026223468
2 0.0004108182

$`MR-PRESSO results`
$`MR-PRESSO results`$`Global Test`
$`MR-PRESSO results`$`Global Test`$RSSobs
[1] 2076.429

$`MR-PRESSO results`$`Global Test`$Pvalue
[1] "<1.33333333333333e-05"


$`MR-PRESSO results`$`Outlier Test`
           RSSobs              Pvalue
1    2.644216e-04                   1
2    1.163480e-04                   1
3    9.077280e-04                   1
4    1.123460e-03                   1
5    4.751814e-03                   1
6    2.391117e-04                   1
7    6.107482e-06                   1
8    7.712195e-05                   1
9    1.803902e-05                   1
10   4.130212e-04                   1
11   8.815659e-04                   1
12   2.461915e-04                   1
13   6.542317e-06                   1
14   1.056252e-03                   1
15   3.531683e-04                   1
16   6.077163e-07                   1
17   3.447332e-05                   1
18   2.818145e-05                   1
19   2.737234e-04                   1
20   2.185626e-06                   1
21   5.314985e-04                   1
22   7.798321e-04                   1
23   7.058687e-04                   1
24   1.847606e-03                   1
25   3.607228e-04                   1
26   2.190537e-04                   1
27   1.426217e-04                   1
28   1.276841e-04                   1
29   2.789798e-06                   1
30   6.560427e-04                   1
31   4.411382e-04                   1
32   5.890395e-07                   1
33   4.609960e-05                   1
34   6.105673e-04                   1
35   2.788815e-04                   1
36   6.445151e-04                   1
37   1.142403e-03                   1
38   1.502268e-04                   1
39   3.796610e-04                   1
40   4.551183e-06                   1
41   2.853771e-04                   1
42   2.105682e-06                   1
43   2.977500e-06                   1
44   1.742064e-03                   1
45   1.309122e-03                   1
46   2.141069e-04                   1
47   4.739510e-06                   1
48   1.185940e-03                   1
49   6.350679e-05                   1
50   1.154577e-04                   1
51   2.492785e-03                   1
52   1.693552e-04                   1
53   4.161886e-04                   1
54   6.675290e-04                   1
55   1.470997e-04                   1
56   9.696422e-04                   1
57   3.769755e-05                   1
58   7.042049e-04                   1
59   3.134721e-06                   1
60   2.598078e-04                   1
61   9.363627e-05                   1
62   6.353421e-06                   1
63   3.596769e-05                   1
64   4.063354e-07                   1
65   9.907775e-04                   1
66   2.146988e-04                   1
67   5.629422e-04                   1
68   4.404417e-04                   1
69   1.378707e-03                   1
70   1.523737e-03                   1
71   1.160451e-04                   1
72   4.334966e-04                   1
73   5.618966e-03  0.0211733333333333
74   1.498513e-04                   1
75   6.598375e-04                   1
76   3.982543e-04                   1
77   1.250445e-04                   1
78   7.943924e-07                   1
79   1.454862e-04                   1
80   9.071967e-05                   1
81   1.226965e-04                   1
82   1.396795e-05                   1
83   1.864500e-04                   1
84   8.154357e-05                   1
85   3.079363e-04                   1
86   6.782664e-04                   1
87   6.673117e-05                   1
88   1.803477e-04                   1
89   3.192950e-04                   1
90   1.650544e-04                   1
91   7.811574e-05                   1
92   3.880773e-05                   1
93   1.922700e-04                   1
94   1.478854e-04                   1
95   2.201609e-04                   1
96   2.051201e-03                   1
97   2.261933e-05                   1
98   3.751421e-04                   1
99   1.587904e-03                   1
100  6.340391e-06                   1
101  1.599801e-04                   1
102  7.255287e-04                   1
103  2.081920e-04                   1
104  6.754212e-05                   1
105  7.931799e-04                   1
106  9.153187e-04                   1
107  1.057550e-03                   1
108  2.984956e-05                   1
109  9.060474e-04                   1
110  3.990159e-04                   1
111  3.285866e-04                   1
112  2.225261e-03                   1
113  1.135747e-06                   1
114  2.068595e-05                   1
115  4.808461e-04                   1
116  1.616049e-03                   1
117  6.938760e-04                   1
118  2.061939e-03                   1
119  3.058541e-05                   1
120  7.571716e-05                   1
121  1.160959e-03                   1
122  7.306341e-04                   1
123  3.178086e-04                   1
124  8.814398e-05                   1
125  9.267271e-04                   1
126  1.938748e-04                   1
127  1.183859e-05                   1
128  6.191108e-05                   1
129  2.233978e-04                   1
130  1.556070e-03                   1
131  1.058409e-03                   1
132  1.120786e-06                   1
133  7.599123e-04                   1
134  7.097691e-05                   1
135  5.151943e-04                   1
136  1.707583e-04                   1
137  1.575611e-03                   1
138  1.013373e-02                   1
139  3.903699e-04                   1
140  1.266425e-03                   1
141  3.470171e-04                   1
142  1.566119e-04                   1
143  2.782379e-03                   1
144  1.450987e-05                   1
145  6.486003e-05                   1
146  2.172868e-04                   1
147  8.545975e-04                   1
148  1.327826e-03                   1
149  4.648059e-04                   1
150  2.038672e-03                   1
151  9.044469e-05                   1
152  1.050341e-03                   1
153  1.733934e-03                   1
154  5.674531e-03                   1
155  2.056966e-03                   1
156  4.381127e-07                   1
157  2.376700e-05                   1
158  9.482371e-06                   1
159  9.079901e-05                   1
160  2.853356e-03                   1
161  7.637233e-04                   1
162  6.137809e-04                   1
163  6.420703e-02                   1
164  1.547095e-03                   1
165  2.637573e-04                   1
166  8.468175e-05                   1
167  1.600838e-03                   1
168  3.421649e-05                   1
169  2.910692e-04                   1
170  8.032013e-05                   1
171  1.281802e-05                   1
172  7.817853e-03                   1
173  1.823436e-03                   1
174  1.362715e-04                   1
175  1.134616e-04                   1
176  1.519356e-03                   1
177  3.919977e-05                   1
178  4.849085e-03                   1
179  3.500156e-03                   1
180  1.541110e-02                   1
181  9.416209e-04                   1
182  4.727921e-05                   1
183  8.008847e-02                   1
184  3.838627e-03                   1
185  1.117988e-02                   1
186  2.141560e-05                   1
187  5.757172e-03                   1
188  2.198587e-04                   1
189  8.381898e-04                   1
190  4.161921e-06                   1
191  1.457748e-05                   1
192  5.656240e-04                   1
193  3.805519e-08                   1
194  2.774000e-04                   1
195  1.682509e-03                   1
196  1.709181e-03                   1
197  7.282711e-09                   1
198  3.565062e-03                   1
199  8.131073e-04                   1
200  2.506769e-02                   1
201  1.272244e-04                   1
202  6.605991e-04                   1
203  1.748973e-03                   1
204  1.129805e-04                   1
205  4.915453e-03                   1
206  8.308800e-06                   1
207  7.857804e-05                   1
208  2.013771e-04                   1
209  1.132346e-03                   1
210  6.158624e-04                   1
211  2.808707e-03                   1
212  2.389179e-04                   1
213  1.444707e-04                   1
214  5.479896e-05                   1
215  8.933334e-03                   1
216  3.748242e-04                   1
217  1.062329e-04                   1
218  1.419284e-03                   1
219  8.372151e-04                   1
220  5.165342e-04                   1
221  9.151637e-04                   1
222  1.493162e-03                   1
223  6.716030e-05                   1
224  1.819520e-02                   1
225  1.197352e-05                   1
226  5.897593e-03                   1
227  3.821872e-05                   1
228  3.100661e-03                   1
229  1.878593e-02   0.359946666666667
230  2.656224e-05                   1
231  5.488127e-03                   1
232  3.559334e-06                   1
233  4.425376e-04                   1
234  1.118814e-02                   1
235  6.813876e-05                   1
236  1.416185e-04                   1
237  3.448200e-04                   1
238  2.226364e-03                   1
239  3.842805e-03                   1
240  2.285571e-04                   1
241  1.189111e-03                   1
242  2.682799e-05                   1
243  5.221355e-05                   1
244  1.633750e-03                   1
245  2.935479e-04                   1
246  2.170330e-05                   1
247  6.362398e-04                   1
248  3.761481e-04                   1
249  4.825649e-06                   1
250  1.653875e-04                   1
251  4.238526e-05                   1
252  5.920162e-04                   1
253  7.282560e-06                   1
254  7.937113e-04                   1
255  5.063864e-09                   1
256  3.748040e-04                   1
257  5.597501e-04                   1
258  3.249370e-04                   1
259  5.810466e-05                   1
260  1.278042e-04                   1
261  1.351582e-05                   1
262  1.330772e-03                   1
263  8.546767e-04                   1
264  6.637345e-04                   1
265  4.611147e-04                   1
266  2.265875e-05                   1
267  1.200272e-04                   1
268  1.798068e-05                   1
269  1.318805e-03                   1
270  4.689558e-04                   1
271  6.367161e-05                   1
272  1.009836e-03                   1
273  1.383050e-06                   1
274  1.299335e-04                   1
275  1.034071e-03                   1
276  5.314098e-06                   1
277  6.292520e-04                   1
278  2.151733e-04                   1
279  3.079199e-04                   1
280  6.939359e-05                   1
281  9.789781e-04                   1
282  4.789812e-05                   1
283  5.103967e-05                   1
284  1.153482e-05                   1
285  1.249585e-03                   1
286  1.838446e-03                   1
287  7.838876e-04                   1
288  1.364761e-03                   1
289  6.932740e-05                   1
290  2.359807e-06                   1
291  2.094647e-03                   1
292  1.633681e-03                   1
293  1.597686e-04                   1
294  2.289457e-04                   1
295  4.470538e-06                   1
296  9.799439e-05                   1
297  1.042279e-03                   1
298  9.383134e-04                   1
299  1.609144e-05                   1
300  6.779049e-04                   1
301  1.702848e-03                   1
302  2.934483e-04                   1
303  5.112288e-04                   1
304  2.552883e-04                   1
305  8.159688e-04                   1
306  8.881961e-05                   1
307  1.018263e-03                   1
308  7.444573e-04                   1
309  1.245983e-03                   1
310  6.102604e-05                   1
311  6.383430e-07                   1
312  3.162750e-06                   1
313  1.650813e-07                   1
314  2.622741e-06                   1
315  2.741854e-06                   1
316  1.929646e-05                   1
317  1.875688e-05                   1
318  9.171012e-05                   1
319  8.783463e-04                   1
320  2.191229e-05                   1
321  1.303504e-03                   1
322  1.564599e-03                   1
323  2.228199e-04                   1
324  2.136672e-05                   1
325  7.475509e-06                   1
326  2.369897e-04                   1
327  1.537124e-03                   1
328  3.150179e-05                   1
329  2.702020e-03                   1
330  8.067073e-05                   1
331  1.110220e-03                   1
332  6.832411e-03                   1
333  2.711022e-04                   1
334  6.628429e-05                   1
335  7.952259e-05                   1
336  2.385012e-04                   1
337  1.325350e-04                   1
338  5.552830e-04                   1
339  4.551024e-04                   1
340  2.535080e-06                   1
341  8.152667e-05                   1
342  7.232578e-09                   1
343  3.651647e-09                   1
344  8.657194e-04                   1
345  2.333545e-04                   1
346  6.967295e-05                   1
347  1.854870e-04                   1
348  1.830265e-06                   1
349  2.296884e-03                   1
350  1.871879e-03                   1
351  1.277137e-03                   1
352  1.780080e-04                   1
353  2.253416e-05                   1
354  3.820801e-04                   1
355  5.738895e-04                   1
356  8.188547e-05                   1
357  5.152722e-04                   1
358  5.453232e-04                   1
359  4.136731e-07                   1
360  3.797555e-04                   1
361  3.061987e-05                   1
362  4.025295e-05                   1
363  4.272781e-05                   1
364  1.933194e-03                   1
365  9.546546e-04                   1
366  9.812592e-04                   1
367  2.853308e-04                   1
368  1.776007e-04                   1
369  5.257937e-04                   1
370  1.935580e-04                   1
371  2.906104e-08                   1
372  3.620370e-04                   1
373  2.480644e-06                   1
374  3.077066e-06                   1
375  1.488096e-07                   1
376  6.683489e-07                   1
377  3.492804e-06                   1
378  1.312435e-05                   1
379  2.392869e-04                   1
380  1.219117e-05                   1
381  6.479595e-04                   1
382  7.333451e-05                   1
383  2.528301e-04                   1
384  3.112207e-04                   1
385  5.487522e-04                   1
386  1.929622e-03                   1
387  1.273748e-04                   1
388  2.157458e-03                   1
389  2.295939e-03                   1
390  1.540559e-03                   1
391  3.021863e-03                   1
392  2.366004e-04                   1
393  6.760892e-04                   1
394  2.243288e-05                   1
395  1.165734e-03                   1
396  1.354010e-06                   1
397  6.638443e-03                   1
398  1.551230e-05                   1
399  5.257889e-05                   1
400  1.006943e-03                   1
401  9.799554e-05                   1
402  5.798409e-06                   1
403  3.845736e-08                   1
404  3.456959e-04                   1
405  3.844226e-05                   1
406  2.600727e-03                   1
407  6.609663e-04                   1
408  1.128592e-02                   1
409  2.526144e-04                   1
410  5.735698e-02                   1
411  5.750629e-04                   1
412  2.607009e-03                   1
413  1.412148e-04                   1
414  5.106772e-05                   1
415  1.790594e-03                   1
416  1.057729e-04                   1
417  8.500870e-05                   1
418  3.544171e-02                   1
419  7.697620e-05                   1
420  1.472163e-03                   1
421  2.295277e-04                   1
422  5.731961e-04                   1
423  2.619022e-04                   1
424  5.910779e-04                   1
425  2.488134e-03                   1
426  4.777938e-03                   1
427  2.167536e-04                   1
428  1.335480e-02                   1
429  3.903136e-03                   1
430  2.054301e-05                   1
431  1.898960e-06                   1
432  1.136111e-03                   1
433  5.032371e-05                   1
434  6.954934e-04                   1
435  7.595892e-04                   1
436  1.526616e-04                   1
437  1.650281e-07                   1
438  1.752755e-05                   1
439  6.042549e-06                   1
440  5.299160e-07                   1
441  9.348546e-04                   1
442  1.496262e-04                   1
443  6.592647e-04                   1
444  1.016620e-05                   1
445  4.189269e-05                   1
446  1.269765e-03                   1
447  2.390940e-04                   1
448  2.899767e-04                   1
449  6.566843e-04                   1
450  4.278989e-04                   1
451  2.826338e-03                   1
452  9.686591e-04                   1
453  8.918271e-05                   1
454  1.258810e-04                   1
455  2.650305e-04                   1
456  3.333131e-04                   1
457  1.691902e-04                   1
458  1.876105e-04                   1
459  5.015548e-04                   1
460  8.638796e-07                   1
461  2.785435e-04                   1
462  5.427571e-04                   1
463  2.541825e-09                   1
464  1.767426e-03                   1
465  7.021103e-02                   1
466  1.708034e-04                   1
467  1.667165e-05                   1
468  1.825747e-02                   1
469  4.045073e-04                   1
470  1.291941e-03                   1
471  2.194289e-05                   1
472  1.087981e-04                   1
473  1.863416e-04                   1
474  8.642637e-04                   1
475  4.008515e-03                   1
476  1.231786e-03                   1
477  2.096295e-06                   1
478  6.863843e-04                   1
479  3.752374e-04                   1
480  3.548369e-05                   1
481  2.249356e-04                   1
482  4.765651e-04                   1
483  3.164735e-05                   1
484  8.368453e-05                   1
485  1.810994e-05                   1
486  4.733896e-07                   1
487  1.713857e-04                   1
488  1.003819e-03                   1
489  2.417530e-03                   1
490  3.968571e-03                   1
491  1.390523e-04                   1
492  6.492595e-05                   1
493  2.610176e-03                   1
494  3.066800e-03                   1
495  2.796379e-05                   1
496  1.940122e-03                   1
497  2.360975e-03                   1
498  1.050809e-02                   1
499  3.621728e-05                   1
500  1.016441e-03                   1
501  5.116002e-07                   1
502  3.719861e-04                   1
503  2.689948e-04                   1
504  4.480247e-04                   1
505  1.854723e-03                   1
506  2.596664e-04                   1
507  3.786099e-05                   1
508  4.181356e-03                   1
509  1.982352e-03                   1
510  1.759274e-03                   1
511  8.742681e-04                   1
512  3.496481e-05                   1
513  5.725998e-06                   1
514  7.140304e-05                   1
515  1.911719e-03                   1
516  2.184188e-04                   1
517  1.728922e-04                   1
518  1.625338e-04                   1
519  3.275315e-04                   1
520  1.466526e-04                   1
521  1.504190e-09                   1
522  6.195580e-06                   1
523  3.901809e-04                   1
524  2.756303e-04                   1
525  2.839446e-06                   1
526  6.578570e-04                   1
527  1.874774e-05                   1
528  3.246482e-05                   1
529  1.906228e-02                   1
530  4.676408e-04                   1
531  7.358691e-04                   1
532  1.921711e-04                   1
533  9.640988e-04                   1
534  7.052591e-05                   1
535  4.398388e-05                   1
536  2.454399e-04                   1
537  7.433811e-04                   1
538  3.020259e-04                   1
539  2.330906e-04                   1
540  5.235634e-05                   1
541  3.687690e-06                   1
542  2.967019e-05                   1
543  1.333720e-03                   1
544  3.886386e-05                   1
545  3.936058e-04                   1
546  2.641715e-04                   1
547  1.003513e-03                   1
548  7.359001e-05                   1
549  2.349020e-04                   1
550  2.378555e-06                   1
551  1.414556e-04                   1
552  7.668717e-04                   1
553  7.023046e-05                   1
554  1.529467e-04                   1
555  5.960461e-04                   1
556  5.135558e-04                   1
557  1.325110e-03                   1
558  1.134245e-06                   1
559  2.205429e-04                   1
560  8.595221e-05                   1
561  5.045119e-04                   1
562  1.605653e-07                   1
563  5.334458e-04                   1
564  2.741943e-04                   1
565  6.247229e-05                   1
566  3.833139e-04                   1
567  4.980373e-05                   1
568  4.284557e-09                   1
569  4.280305e-05                   1
570  7.934155e-04                   1
571  1.915593e-03                   1
572  2.273139e-05                   1
573  3.329419e-04                   1
574  3.676735e-05                   1
575  4.370128e-05                   1
576  8.775762e-04                   1
577  3.984417e-05                   1
578  4.447745e-04                   1
579  9.135834e-05                   1
580  1.235647e-05                   1
581  2.878860e-03                   1
582  2.274647e-04                   1
583  4.424603e-05                   1
584  1.030687e-03                   1
585  4.166998e-05                   1
586  8.220745e-04                   1
587  5.667522e-04                   1
588  3.080073e-04                   1
589  8.353502e-04                   1
590  3.832042e-04                   1
591  5.824156e-07                   1
592  1.429240e-06                   1
593  4.303067e-04                   1
594  3.842206e-06                   1
595  5.372412e-04                   1
596  2.008438e-05                   1
597  4.830308e-05                   1
598  1.509825e-04                   1
599  3.442341e-04                   1
600  1.395758e-03                   1
601  1.442616e-03                   1
602  5.871905e-05                   1
603  9.007980e-07                   1
604  2.632464e-04                   1
605  1.589182e-04                   1
606  2.644749e-05                   1
607  4.831640e-04                   1
608  3.240885e-05                   1
609  5.823478e-04                   1
610  7.708680e-04                   1
611  2.346342e-05                   1
612  9.390071e-05                   1
613  2.374470e-04                   1
614  7.533609e-04                   1
615  4.494104e-05                   1
616  4.187571e-04                   1
617  3.654287e-03   0.211733333333333
618  2.041201e-04                   1
619  3.548916e-04                   1
620  6.759262e-04                   1
621  6.160919e-05                   1
622  1.432325e-03                   1
623  1.606718e-06                   1
624  1.002020e-04                   1
625  1.249127e-05                   1
626  2.328929e-04                   1
627  4.674053e-05                   1
628  1.584359e-04                   1
629  2.365424e-04                   1
630  3.872132e-05                   1
631  1.548441e-03                   1
632  2.262091e-04                   1
633  6.607776e-04                   1
634  3.318523e-05                   1
635  2.304310e-04                   1
636  3.324789e-05                   1
637  1.554645e-05                   1
638  3.400865e-03                   1
639  1.785103e-04                   1
640  4.310355e-05                   1
641  1.673055e-04                   1
642  3.892178e-04                   1
643  1.476867e-04                   1
644  1.620693e-05                   1
645  7.121641e-06                   1
646  1.656814e-05                   1
647  3.059177e-04                   1
648  1.747033e-04                   1
649  1.221839e-02                   1
650  3.471725e-04                   1
651  6.419482e-06                   1
652  1.814859e-03                   1
653  1.271609e-04                   1
654  9.168713e-05                   1
655  4.664287e-04                   1
656  4.277534e-04                   1
657  8.196205e-05                   1
658  2.218549e-04                   1
659  1.758949e-03                   1
660  1.264778e-03                   1
661  7.647561e-04                   1
662  3.022143e-04                   1
663  1.064349e-03                   1
664  3.586545e-05                   1
665  1.949150e-03                   1
666  3.929538e-06                   1
667  1.387451e-03                   1
668  3.372237e-05                   1
669  1.741567e-04                   1
670  6.693690e-04                   1
671  2.633371e-04                   1
672  6.754041e-05                   1
673  4.092212e-04                   1
674  1.887557e-04                   1
675  1.095753e-03                   1
676  5.230965e-05                   1
677  3.986048e-05                   1
678  2.123047e-04                   1
679  2.889448e-04                   1
680  7.127971e-04                   1
681  1.827608e-06                   1
682  1.265185e-03                   1
683  8.880997e-04                   1
684  4.374335e-04                   1
685  1.459731e-03                   1
686  1.351190e-03                   1
687  2.548557e-03                   1
688  1.047977e-05                   1
689  1.474263e-04                   1
690  5.637632e-06                   1
691  3.356094e-06                   1
692  1.449704e-05                   1
693  5.126811e-04                   1
694  1.099803e-04                   1
695  4.923555e-04                   1
696  4.733184e-05                   1
697  1.224624e-03                   1
698  9.085872e-05                   1
699  1.041583e-05                   1
700  4.392514e-04                   1
701  4.902338e-04                   1
702  7.121574e-05                   1
703  1.695491e-05                   1
704  3.288645e-04                   1
705  5.308843e-03                   1
706  5.108903e-05                   1
707  2.091003e-06                   1
708  3.097612e-04                   1
709  5.962282e-04                   1
710  1.223197e-03                   1
711  1.266507e-04                   1
712  1.535388e-04                   1
713  1.230320e-04                   1
714  2.399698e-04                   1
715  2.299154e-05                   1
716  9.515248e-09                   1
717  4.178368e-04                   1
718  6.953097e-06                   1
719  3.084848e-06                   1
720  3.257132e-04                   1
721  6.784552e-05                   1
722  5.737180e-05                   1
723  2.209323e-03                   1
724  1.755021e-04                   1
725  6.129920e-05                   1
726  5.472836e-04                   1
727  8.236430e-03                   1
728  5.592336e-04                   1
729  1.182853e-03                   1
730  6.661950e-04                   1
731  1.879085e-03                   1
732  4.129445e-04                   1
733  2.652468e-04                   1
734  7.356235e-04                   1
735  6.525983e-04                   1
736  1.001682e-04                   1
737  1.140208e-04                   1
738  2.104992e-07                   1
739  3.029891e-04                   1
740  6.831103e-04                   1
741  4.561448e-05                   1
742  9.209969e-04                   1
743  5.059718e-04                   1
744  3.038129e-04                   1
745  1.091416e-04                   1
746  1.618543e-04                   1
747  7.033220e-04                   1
748  5.416167e-05                   1
749  4.142069e-04                   1
750  6.942612e-04                   1
751  6.751297e-04                   1
752  2.507000e-05                   1
753  1.276864e-05                   1
754  4.447119e-05                   1
755  5.013645e-02                   1
756  2.760962e-04                   1
757  2.361765e-04                   1
758  1.753359e-05                   1
759  9.974762e-04                   1
760  1.831554e-04                   1
761  4.151979e-04                   1
762  1.879969e-03                   1
763  4.166673e-06                   1
764  1.414844e-04                   1
765  2.881469e-05                   1
766  1.450337e-04                   1
767  3.409711e-04                   1
768  1.097995e-03                   1
769  1.639240e-04                   1
770  1.468253e-04                   1
771  4.220559e-04                   1
772  4.025259e-04                   1
773  8.617173e-06                   1
774  1.040244e-04                   1
775  2.479331e-05                   1
776  3.420265e-03                   1
777  5.317637e-04                   1
778  9.829040e-06                   1
779  1.012295e-02                   1
780  5.386570e-05                   1
781  6.584679e-08                   1
782  1.082395e-04                   1
783  4.653090e-04                   1
784  1.827508e-04                   1
785  4.175548e-03                   1
786  5.259006e-04                   1
787  2.743079e-04                   1
788  2.087333e-04                   1
789  8.315661e-07                   1
790  1.549318e-04                   1
791  6.132216e-06                   1
792  1.138417e-04                   1
793  1.710594e-03                   1
794  2.339706e-03                   1
795  1.732611e-06                   1
796  1.113520e-04                   1
797  1.243186e-03                   1
798  5.969284e-03                   1
799  3.686462e-04                   1
800  1.273242e-03                   1
801  1.485704e-05                   1
802  2.809392e-05                   1
803  1.845389e-04                   1
804  4.543064e-04                   1
805  1.272923e-05                   1
806  1.448345e-04                   1
807  1.041840e-03                   1
808  1.410478e-03                   1
809  2.404111e-04                   1
810  1.754679e-05                   1
811  7.597723e-05                   1
812  2.287292e-05                   1
813  1.058394e-06                   1
814  7.026309e-04                   1
815  5.548797e-04                   1
816  1.512498e-04                   1
817  2.805359e-04                   1
818  3.655472e-04                   1
819  1.743326e-05                   1
820  8.684188e-04                   1
821  7.189606e-05                   1
822  8.270926e-04                   1
823  7.290217e-05                   1
824  2.168277e-03                   1
825  2.143116e-03                   1
826  6.173915e-05                   1
827  8.964431e-05                   1
828  6.806931e-06                   1
829  3.411876e-03                   1
830  5.706967e-04                   1
831  2.837613e-04                   1
832  1.801307e-06                   1
833  3.023027e-07                   1
834  2.075431e-04                   1
835  5.123065e-06                   1
836  9.891698e-06                   1
837  1.847802e-05                   1
838  8.792000e-08                   1
839  3.900012e-05                   1
840  2.386904e-04                   1
841  2.893725e-04                   1
842  2.789062e-04                   1
843  1.733077e-04                   1
844  4.912149e-04                   1
845  8.835316e-06                   1
846  7.117279e-05                   1
847  1.408569e-04                   1
848  3.444578e-06                   1
849  6.035890e-04                   1
850  2.760104e-07                   1
851  6.327800e-04                   1
852  1.856254e-04                   1
853  1.861813e-05                   1
854  1.710650e-04                   1
855  4.685571e-05                   1
856  1.062498e-03                   1
857  2.064157e-03                   1
858  4.454507e-04                   1
859  2.451522e-05                   1
860  1.071825e-04                   1
861  1.668090e-03                   1
862  7.291752e-04                   1
863  2.599879e-05                   1
864  2.890032e-05                   1
865  7.301067e-05                   1
866  1.582047e-04                   1
867  1.023099e-03                   1
868  1.923414e-05                   1
869  6.442982e-09                   1
870  2.420216e-05                   1
871  5.428265e-04                   1
872  1.708710e-04                   1
873  6.622079e-04                   1
874  7.207019e-06                   1
875  3.313667e-04                   1
876  3.499512e-05                   1
877  6.210815e-04                   1
878  7.894322e-04                   1
879  2.794044e-04                   1
880  5.906429e-04                   1
881  1.108440e-03                   1
882  7.664133e-04                   1
883  3.174603e-07                   1
884  3.265207e-04                   1
885  4.179029e-05                   1
886  3.882715e-04                   1
887  6.593771e-03                   1
888  4.647902e-04                   1
889  2.742444e-03                   1
890  1.158189e-05                   1
891  1.292374e-03                   1
892  1.606094e-05                   1
893  1.007686e-03                   1
894  2.471534e-04                   1
895  4.945661e-05                   1
896  6.726038e-04                   1
897  8.887573e-04                   1
898  3.754295e-06                   1
899  2.709668e-03                   1
900  1.083659e-04                   1
901  3.091196e-04                   1
902  5.440966e-05                   1
903  1.416097e-04                   1
904  1.735929e-05                   1
905  2.546274e-04                   1
906  1.759408e-04                   1
907  7.947732e-09                   1
908  2.518912e-04                   1
909  3.864416e-04                   1
910  1.226435e-04                   1
911  1.415297e-04                   1
912  7.526439e-05                   1
913  4.200110e-04                   1
914  6.943808e-05                   1
915  5.578130e-05                   1
916  4.819330e-04                   1
917  1.395682e-03                   1
918  6.692118e-08                   1
919  1.416426e-03                   1
920  1.120122e-03                   1
921  5.355653e-05                   1
922  7.259058e-04                   1
923  2.539798e-02   0.995146666666667
924  1.242429e-03                   1
925  4.808366e-05                   1
926  6.995166e-05                   1
927  1.013806e-03                   1
928  2.045205e-04                   1
929  1.998162e-04                   1
930  2.799323e-04                   1
931  7.580201e-06                   1
932  2.306049e-03                   1
933  2.133120e-06                   1
934  5.817259e-07                   1
935  4.918151e-05                   1
936  9.941619e-04                   1
937  2.607079e-03                   1
938  1.203321e-05                   1
939  8.029559e-08                   1
940  7.630243e-04                   1
941  3.862666e-04                   1
942  8.996537e-05                   1
943  1.966356e-05                   1
944  4.938824e-05                   1
945  9.944999e-04                   1
946  1.523843e-04                   1
947  1.792226e-05                   1
948  7.310198e-05                   1
949  5.309077e-04                   1
950  1.636712e-04                   1
951  1.275191e-04                   1
952  9.636881e-04                   1
953  3.381327e-05                   1
954  1.216577e-06                   1
955  3.882908e-05                   1
956  7.903655e-07                   1
957  2.633623e-03                   1
958  1.493284e-03                   1
959  3.201197e-03                   1
960  1.511460e-05                   1
961  8.870495e-04                   1
962  4.871924e-05                   1
963  1.751064e-05                   1
964  3.989917e-05                   1
965  1.355861e-04                   1
966  1.247846e-03                   1
967  6.346136e-05                   1
968  1.280890e-04                   1
969  2.135600e-04                   1
970  2.088488e-04                   1
971  9.623122e-04                   1
972  7.715615e-04                   1
973  1.981992e-04                   1
974  1.922863e-03                   1
975  2.316896e-03                   1
976  8.747242e-06                   1
977  2.732002e-05                   1
978  2.080631e-05                   1
979  7.586355e-05                   1
980  5.869984e-04                   1
981  4.695213e-05                   1
982  6.177013e-04                   1
983  1.011898e-04                   1
984  1.083063e-05                   1
985  4.043173e-06                   1
986  3.815331e-04                   1
987  1.663373e-03                   1
988  7.742029e-08                   1
989  1.116316e-02                   1
990  1.835006e-06                   1
991  6.183162e-05                   1
992  1.974509e-03                   1
993  1.867082e-04                   1
994  6.310140e-04                   1
995  1.349356e-04                   1
996  1.301167e-02                   1
997  2.626677e-04                   1
998  3.878106e-04                   1
999  1.477392e-04                   1
1000 6.127680e-03                   1
1001 1.659768e-04                   1
1002 8.269783e-05                   1
1003 8.473028e-04                   1
1004 5.286558e-05                   1
1005 2.510492e-04                   1
1006 2.168610e-05                   1
1007 1.016616e-04                   1
1008 4.267422e-05                   1
1009 5.968571e-03                   1
1010 5.249877e-05                   1
1011 4.912809e-05                   1
1012 2.217494e-03                   1
1013 1.344399e-04                   1
1014 8.150059e-04                   1
1015 2.429677e-04                   1
1016 1.470760e-04                   1
1017 1.341902e-05                   1
1018 5.070815e-05                   1
1019 2.958802e-04                   1
1020 2.499593e-04                   1
1021 1.409947e-03                   1
1022 5.276032e-04                   1
1023 7.939235e-04                   1
1024 3.865004e-04                   1
1025 3.209941e-04                   1
1026 6.852546e-05                   1
1027 8.714225e-05                   1
1028 1.102791e-04                   1
1029 9.241010e-05                   1
1030 1.433694e-04                   1
1031 3.022819e-04                   1
1032 2.295775e-05                   1
1033 4.898603e-05                   1
1034 1.216969e-05                   1
1035 3.879611e-04                   1
1036 1.076343e-03                   1
1037 3.403259e-04                   1
1038 1.493548e-02                   1
1039 7.195750e-04                   1
1040 6.077534e-04                   1
1041 1.632952e-06                   1
1042 2.184513e-05                   1
1043 6.977004e-05                   1
1044 4.808920e-04                   1
1045 5.775629e-03                   1
1046 9.638462e-04                   1
1047 1.645805e-04                   1
1048 4.282150e-06                   1
1049 2.218787e-04                   1
1050 1.849132e-05                   1
1051 4.255335e-04                   1
1052 3.015251e-05                   1
1053 1.795151e-04                   1
1054 5.336501e-05                   1
1055 5.496385e-04                   1
1056 1.710843e-04                   1
1057 1.178440e-04                   1
1058 2.895675e-04                   1
1059 2.728951e-05                   1
1060 9.910551e-05                   1
1061 3.758160e-06                   1
1062 2.748362e-04                   1
1063 3.488923e-03                   1
1064 4.771849e-03                   1
1065 2.853562e-05                   1
1066 3.996131e-04                   1
1067 1.144578e-03                   1
1068 5.064780e-06                   1
1069 1.415493e-04                   1
1070 1.157178e-05                   1
1071 1.082238e-03                   1
1072 7.549681e-05                   1
1073 1.610164e-03                   1
1074 4.756190e-03                   1
1075 2.674497e-03                   1
1076 2.232844e-04                   1
1077 2.007959e-03                   1
1078 7.367141e-04                   1
1079 1.120442e-03                   1
1080 3.337075e-04                   1
1081 1.269470e-04                   1
1082 4.645485e-04                   1
1083 7.265731e-04                   1
1084 1.102857e-04                   1
1085 3.566146e-04                   1
1086 1.973665e-04                   1
1087 3.862895e-05                   1
1088 1.106223e-03                   1
1089 3.357093e-03                   1
1090 3.476348e-03                   1
1091 2.815523e-03                   1
1092 1.224698e-03                   1
1093 2.057015e-04                   1
1094 6.314525e-06                   1
1095 1.629423e-04                   1
1096 1.570436e-04                   1
1097 5.638532e-04                   1
1098 6.305749e-03                   1
1099 1.279466e-04                   1
1100 2.907204e-04                   1
1101 9.995459e-05                   1
1102 1.595552e-04                   1
1103 2.614424e-03                   1
1104 1.299097e-03                   1
1105 2.471990e-07                   1
1106 7.463986e-05                   1
1107 5.517917e-04                   1
1108 2.020478e-03                   1
1109 2.893151e-03                   1
1110 6.230868e-04                   1
1111 5.521294e-04                   1
1112 7.316976e-03                   1
1113 1.766552e-02                   1
1114 5.465817e-03                   1
1115 2.372341e-03                   1
1116 7.272100e-03                   1
1117 9.292382e-06                   1
1118 5.849128e-04                   1
1119 5.292252e-03                   1
1120 1.450069e-03                   1
1121 2.295049e-04                   1
1122 8.111042e-04                   1
1123 4.670505e-04                   1
1124 5.794890e-05                   1
1125 7.358434e-05                   1
1126 1.212201e-05                   1
1127 6.517280e-04                   1
1128 8.495901e-05                   1
1129 6.584172e-05                   1
1130 7.388366e-04                   1
1131 2.819527e-04                   1
1132 6.462693e-05                   1
1133 1.141325e-03                   1
1134 9.122636e-04                   1
1135 7.242486e-04                   1
1136 8.036436e-04                   1
1137 9.707111e-04                   1
1138 1.442093e-04                   1
1139 5.756105e-06                   1
1140 2.407463e-04                   1
1141 4.708582e-03 <0.0211733333333333
1142 7.249688e-05                   1
1143 1.816256e-03                   1
1144 4.932530e-04                   1
1145 1.608762e-05                   1
1146 1.841030e-03                   1
1147 1.233876e-04                   1
1148 1.142446e-03                   1
1149 1.895928e-04                   1
1150 2.601920e-03                   1
1151 6.330245e-06                   1
1152 6.167799e-04                   1
1153 3.555998e-07                   1
1154 7.200716e-08                   1
1155 3.888248e-06                   1
1156 1.246925e-04                   1
1157 2.012145e-04                   1
1158 4.117451e-05                   1
1159 1.804418e-04                   1
1160 8.836521e-04                   1
1161 2.030797e-03                   1
1162 6.992358e-05                   1
1163 2.228245e-03                   1
1164 1.875131e-05                   1
1165 5.564525e-05                   1
1166 6.280706e-05                   1
1167 2.734783e-04                   1
1168 6.010441e-08                   1
1169 6.274160e-06                   1
1170 1.545480e-05                   1
1171 1.685613e-05                   1
1172 7.686518e-04                   1
1173 3.976146e-04                   1
1174 8.168077e-05                   1
1175 7.427774e-04                   1
1176 9.909051e-04                   1
1177 1.238506e-04                   1
1178 2.053490e-03                   1
1179 1.138559e-03                   1
1180 5.751776e-04                   1
1181 2.442344e-04                   1
1182 2.965208e-04                   1
1183 9.950857e-05                   1
1184 8.780969e-04                   1
1185 2.398893e-05                   1
1186 4.493199e-04                   1
1187 5.385282e-04                   1
1188 1.586339e-03                   1
1189 2.169466e-04                   1
1190 8.767644e-04                   1
1191 1.249946e-03                   1
1192 1.315699e-03                   1
1193 2.723247e-05                   1
1194 7.754251e-04                   1
1195 1.201200e-05                   1
1196 5.566033e-04                   1
1197 1.428812e-03                   1
1198 2.386792e-04                   1
1199 3.414877e-04                   1
1200 1.920588e-05                   1
1201 1.670892e-04                   1
1202 6.134133e-05                   1
1203 1.098582e-05                   1
1204 1.025292e-03                   1
1205 1.953026e-04                   1
1206 4.822469e-04                   1
1207 2.503135e-05                   1
1208 1.565501e-05                   1
1209 5.268977e-04                   1
1210 7.353618e-03             0.06352
1211 7.433725e-04                   1
1212 2.067189e-04                   1
1213 4.066202e-05                   1
1214 1.125741e-04                   1
1215 1.816860e-05                   1
1216 4.934138e-04                   1
1217 9.230906e-04                   1
1218 3.833103e-04                   1
1219 3.560505e-06                   1
1220 3.488766e-04                   1
1221 6.926544e-04                   1
1222 2.626406e-05                   1
1223 5.555483e-04                   1
1224 7.050234e-05                   1
1225 2.054916e-03                   1
1226 5.111517e-03                   1
1227 4.573708e-08                   1
1228 5.171146e-03                   1
1229 5.187402e-03  0.0211733333333333
1230 3.187743e-04                   1
1231 1.040517e-03                   1
1232 1.480646e-04                   1
1233 2.330048e-03                   1
1234 1.017524e-03                   1
1235 1.809586e-04                   1
1236 6.529879e-06                   1
1237 4.704490e-03                   1
1238 3.773905e-04                   1
1239 1.333142e-03                   1
1240 1.310105e-04                   1
1241 1.529106e-05                   1
1242 8.510285e-04                   1
1243 4.481158e-04                   1
1244 2.368230e-04                   1
1245 3.218487e-03                   1
1246 5.507439e-05                   1
1247 4.519488e-03                   1
1248 4.466235e-04                   1
1249 4.079085e-04                   1
1250 1.542359e-03                   1
1251 6.353425e-04                   1
1252 1.544599e-03                   1
1253 1.125152e-04                   1
1254 7.140460e-04                   1
1255 7.119886e-05                   1
1256 1.730895e-03                   1
1257 5.671175e-05                   1
1258 2.620310e-04                   1
1259 3.036205e-04                   1
1260 3.236987e-04                   1
1261 1.097990e-03                   1
1262 1.139494e-05                   1
1263 4.036346e-04                   1
1264 7.345176e-04                   1
1265 1.959189e-04                   1
1266 1.538340e-04                   1
1267 1.014348e-03                   1
1268 2.155790e-03                   1
1269 2.451922e-04                   1
1270 7.341431e-06                   1
1271 2.730123e-04                   1
1272 1.225714e-03                   1
1273 5.380321e-05                   1
1274 2.284781e-02                   1
1275 2.814548e-03                   1
1276 1.202766e-04                   1
1277 2.484570e-04                   1
1278 4.428808e-04                   1
1279 1.893257e-04                   1
1280 1.538856e-03                   1
1281 4.871722e-04                   1
1282 1.729385e-04                   1
1283 1.353550e-05                   1
1284 6.600498e-06                   1
1285 3.609852e-03                   1
1286 5.891687e-05                   1
1287 1.790746e-03                   1
1288 1.949626e-05                   1
1289 3.239356e-03                   1
1290 1.038279e-03                   1
1291 6.650694e-05                   1
1292 7.571271e-03                   1
1293 2.857810e-03                   1
1294 1.205707e-04                   1
1295 2.001604e-03                   1
1296 2.473013e-04                   1
1297 1.524885e-03                   1
1298 9.175245e-04                   1
1299 6.027742e-04                   1
1300 6.594786e-04                   1
1301 1.330876e-03                   1
1302 1.574034e-04                   1
1303 1.311838e-05                   1
1304 3.149790e-03                   1
1305 1.414597e-03                   1
1306 4.662912e-03                   1
1307 1.106940e-04                   1
1308 1.367600e-03                   1
1309 2.516296e-04                   1
1310 1.657805e-03                   1
1311 1.461997e-04                   1
1312 2.014499e-03                   1
1313 9.682838e-04                   1
1314 1.448519e-04                   1
1315 5.394018e-04                   1
1316 8.808395e-03                   1
1317 7.124757e-03                   1
1318 1.762475e-05                   1
1319 1.328096e-04                   1
1320 7.773401e-04                   1
1321 5.356385e-03                   1
1322 1.254916e-06                   1
1323 6.348972e-04                   1
1324 1.855940e-02                   1
1325 6.100818e-05                   1
1326 2.598175e-02                   1
1327 2.683736e-02   0.910453333333333
1328 1.264941e-05                   1
1329 1.085414e-05                   1
1330 2.185217e-04                   1
1331 3.649087e-03                   1
1332 4.854914e-05                   1
1333 1.240226e-02                   1
1334 1.082449e-03                   1
1335 2.458068e-03                   1
1336 4.330930e-05                   1
1337 8.755456e-05                   1
1338 1.785436e-04                   1
1339 4.565887e-05                   1
1340 1.292969e-03                   1
1341 6.183755e-06                   1
1342 3.348925e-05                   1
1343 7.264019e-04                   1
1344 7.848983e-04                   1
1345 6.851247e-05                   1
1346 9.788239e-04                   1
1347 4.236427e-05                   1
1348 8.337643e-05                   1
1349 1.219745e-03                   1
1350 1.445016e-02                   1
1351 3.113510e-03                   1
1352 5.241504e-04                   1
1353 7.174739e-03                   1
1354 1.449633e-03                   1
1355 1.655126e-03                   1
1356 1.754521e-02                   1
1357 2.783870e-04                   1
1358 4.382430e-03                   1
1359 2.117202e-04                   1
1360 7.496465e-05                   1
1361 7.244499e-04                   1
1362 6.227849e-03                   1
1363 2.594727e-03                   1
1364 1.463597e-04                   1
1365 5.303129e-05                   1
1366 1.845219e-03                   1
1367 2.144121e-03                   1
1368 2.512293e-06                   1
1369 1.349769e-02                   1
1370 8.914342e-05                   1
1371 2.079196e-03                   1
1372 3.376975e-04                   1
1373 2.567932e-04                   1
1374 3.382505e-05                   1
1375 2.319732e-02                   1
1376 3.703204e-04                   1
1377 1.465984e-03                   1
1378 1.161616e-02                   1
1379 3.214274e-04                   1
1380 2.333834e-03                   1
1381 3.005759e-04                   1
1382 8.383637e-05                   1
1383 2.641578e-08                   1
1384 8.041355e-03                   1
1385 5.835266e-05                   1
1386 2.260773e-03                   1
1387 8.899732e-05                   1
1388 1.040747e-04                   1
1389 1.293504e-04                   1
1390 6.541663e-05                   1
1391 1.061615e-04                   1
1392 3.498177e-03                   1
1393 3.402750e-03                   1
1394 3.221150e-04                   1
1395 1.087507e-02                   1
1396 1.116131e-03                   1
1397 4.553903e-05                   1
1398 2.012180e-04                   1
1399 6.293151e-06                   1
1400 4.235772e-06                   1
1401 4.254307e-04                   1
1402 5.786451e-06                   1
1403 3.045207e-05                   1
1404 9.496854e-06                   1
1405 4.110419e-04                   1
1406 1.053552e-02                   1
1407 3.965531e-03                   1
1408 1.028277e-03                   1
1409 5.082890e-03                   1
1410 1.589141e-03                   1
1411 1.673247e-03                   1
1412 3.860111e-04                   1
1413 2.272821e-03                   1
1414 1.036362e-03                   1
1415 1.140812e-03                   1
1416 9.987236e-04                   1
1417 2.098526e-05                   1
1418 1.106981e-04                   1
1419 3.028379e-04                   1
1420 1.104090e-04                   1
1421 5.220443e-04                   1
1422 2.218789e-03                   1
1423 1.344129e-06                   1
1424 1.156023e-03                   1
1425 8.519149e-05                   1
1426 1.369957e-04                   1
1427 8.145327e-04                   1
1428 1.007057e-02                   1
1429 3.288425e-05                   1
1430 1.310356e-05                   1
1431 4.855748e-05                   1
1432 3.584290e-05                   1
1433 1.397809e-04                   1
1434 1.568336e-03                   1
1435 1.865120e-05                   1
1436 1.051903e-04                   1
1437 3.371446e-04                   1
1438 8.015294e-03                   1
1439 1.794720e-04                   1
1440 2.108527e-04                   1
1441 3.969334e-04                   1
1442 3.242590e-05                   1
1443 4.390179e-04                   1
1444 4.335459e-04                   1
1445 3.394399e-03                   1
1446 7.853640e-03                   1
1447 3.605252e-04                   1
1448 3.977883e-04                   1
1449 7.835585e-05                   1
1450 2.536657e-03                   1
1451 4.197315e-03                   1
1452 1.752727e-03                   1
1453 5.362830e-05                   1
1454 3.963609e-04                   1
1455 2.294307e-06                   1
1456 1.895168e-02                   1
1457 1.457558e-04                   1
1458 2.196726e-04                   1
1459 1.162025e-03                   1
1460 4.037367e-06                   1
1461 8.178663e-04                   1
1462 9.344360e-04                   1
1463 1.955432e-04                   1
1464 1.704976e-05                   1
1465 4.930730e-04                   1
1466 9.289625e-05                   1
1467 2.796402e-05                   1
1468 2.566604e-03                   1
1469 5.168007e-04                   1
1470 4.219036e-04                   1
1471 2.456795e-02                   1
1472 1.957906e-03                   1
1473 5.348985e-04                   1
1474 3.101724e-04                   1
1475 4.284051e-07                   1
1476 3.654587e-03                   1
1477 1.724907e-05                   1
1478 6.753362e-04                   1
1479 2.546040e-04                   1
1480 1.266130e-03                   1
1481 8.020676e-05                   1
1482 9.834530e-05                   1
1483 2.118570e-03                   1
1484 9.666825e-03                   1
1485 1.480149e-03                   1
1486 3.132133e-04                   1
1487 5.554221e-04                   1
1488 9.562467e-04                   1
1489 1.516507e-04                   1
1490 3.062527e-04                   1
1491 1.119003e-03                   1
1492 2.918148e-03                   1
1493 7.806835e-04                   1
1494 6.719887e-04                   1
1495 2.698344e-04                   1
1496 9.817051e-05                   1
1497 1.253056e-05                   1
1498 5.328940e-04                   1
1499 4.299645e-06                   1
1500 8.001327e-06                   1
1501 6.374385e-04                   1
1502 7.252156e-05                   1
1503 2.661662e-06                   1
1504 1.073889e-04                   1
1505 3.407447e-06                   1
1506 5.852672e-05                   1
1507 2.623554e-09                   1
1508 9.998231e-04                   1
1509 4.067976e-03                   1
1510 4.834916e-04                   1
1511 5.866925e-04                   1
1512 1.064639e-05                   1
1513 2.557053e-05                   1
1514 1.157926e-04                   1
1515 1.305686e-03                   1
1516 3.439780e-04                   1
1517 4.463495e-05                   1
1518 2.696966e-04                   1
1519 2.055554e-03                   1
1520 4.906638e-04                   1
1521 3.272689e-06                   1
1522 1.152665e-03                   1
1523 7.206929e-06                   1
1524 9.675720e-04                   1
1525 4.492540e-04                   1
1526 2.174680e-04                   1
1527 5.838661e-04                   1
1528 2.053043e-05                   1
1529 5.648711e-05                   1
1530 3.546833e-04                   1
1531 8.972706e-04                   1
1532 6.038141e-05                   1
1533 6.409644e-04                   1
1534 2.834408e-04                   1
1535 9.725890e-05                   1
1536 1.244374e-03                   1
1537 2.590013e-06                   1
1538 2.096542e-03                   1
1539 3.862426e-06                   1
1540 9.203508e-04                   1
1541 8.510188e-04                   1
1542 1.505892e-04                   1
1543 6.896579e-07                   1
1544 5.221890e-06                   1
1545 6.473873e-04                   1
1546 5.847045e-04                   1
1547 8.278067e-05                   1
1548 5.961093e-05                   1
1549 1.985759e-04                   1
1550 3.412705e-06                   1
1551 2.017226e-04                   1
1552 4.750900e-04                   1
1553 5.761156e-05                   1
1554 2.526855e-04                   1
1555 7.787898e-05                   1
1556 5.920132e-05                   1
1557 3.740009e-04                   1
1558 1.276520e-05                   1
1559 6.121471e-04                   1
1560 2.016801e-03                   1
1561 2.013769e-03                   1
1562 1.560009e-03                   1
1563 1.173210e-03                   1
1564 8.587582e-04                   1
1565 2.745994e-05                   1
1566 1.195689e-04                   1
1567 2.911644e-05                   1
1568 1.471632e-03                   1
1569 3.475308e-07                   1
1570 7.670132e-05                   1
1571 4.851439e-03                   1
1572 1.514743e-04                   1
1573 1.645124e-03                   1
1574 2.303036e-04                   1
1575 5.269185e-04                   1
1576 5.088776e-05                   1
1577 1.909030e-03                   1
1578 1.251677e-03                   1
1579 3.974955e-04                   1
1580 3.403859e-05                   1
1581 2.386047e-05                   1
1582 5.755712e-04                   1
1583 1.780552e-03                   1
1584 3.661885e-04                   1
1585 2.448851e-05                   1
1586 8.121721e-04                   1
1587 1.240112e-05                   1
1588 9.458831e-04                   1

$`MR-PRESSO results`$`Distortion Test`
$`MR-PRESSO results`$`Distortion Test`$`Outliers Indices`
[1]   73 1141 1229

$`MR-PRESSO results`$`Distortion Test`$`Distortion Coefficient`
beta.exposure 
     13.95858 

$`MR-PRESSO results`$`Distortion Test`$Pvalue
[1] 0.66072



