SNP	CHR	POS	Effect_allele	Non_Effect_allele	EAF	Beta	SE	P	r2	N
rs301805	1	8481016	T	G	0.4621	-0.0279	0.0576	0.6283	3.869687681838001e-4	4914
rs4949465	1	32178489	T	C	0.8682	-0.0311	0.0861	0.7177	2.2135328191920001e-4	4914
rs10914684	1	33795572	A	G	0.3308	-0.0909	0.0611	0.1367	0.0036582989742431995	4914
rs653953	1	44083015	A	G	0.6584	0.0491	0.0614	0.4244	0.0010844278540928	4914
rs3905052	1	49463925	A	G	0.2164	0.0172	0.0713	0.8097	1.003317929472e-4	4914
rs2356392	1	49812304	T	C	0.2143	0.0097	0.0696	0.8895	3.16849034718e-5	4914
rs6665841	1	50100115	T	C	0.7838	-0.0119	0.0697	0.864	4.79937701432e-5	4914
rs12137651	1	50353130	A	G	0.2127	0.0164	0.0701	0.8151	9.007938928320002e-5	4914
rs10458563	1	50612250	A	G	0.8098	-0.0051	0.0734	0.945	8.0123263992000015e-06	4914
rs2310752	1	66392405	A	G	0.3107	-0.0438	0.0712	0.5386	8.217273620088e-4	4914
rs1923216	1	73829128	T	C	0.6147	-0.0146	0.0592	0.8054	1.009712957112e-4	4914
rs1514174	1	74993063	T	C	0.5715	-0.0367	0.0585	0.5307	6.596737231950001e-4	4914
rs12042107	1	91196176	T	C	0.4773	0.0698	0.0604	0.2478	0.0024309989730167997	4914
rs2391706	1	96153236	T	C	0.5315	-0.0086	0.0575	0.8805	3.683322638e-5	4914
rs1935571	1	96414335	T	G	0.5153	0.025	0.0574	0.6633	3.122073875000001e-4	4914
rs55646170	1	99455931	T	C	0.9167	0.0969	0.1117	0.3856	0.0014340020841342007	4914
rs11802893	NA	NA	NA	NA	NA	NA	NA	NA	NA	NA
rs55921136	1	210359333	T	C	0.7933	-0.0285	0.0724	0.6942	2.66377566195e-4	4914
rs1833040	1	216771572	T	C	0.5825	-0.0789	0.0575	0.1703	0.0030278643288749996	4914
rs12757183	1	216920373	T	C	0.8056	-0.058	0.0741	0.4338	0.0010536629299200003	4914
rs74840653	1	227281814	A	C	0.9324	0.048	0.1166	0.6805	2.9044334591999993e-4	4914
rs145589901	1	227536669	T	C	0.0685	-0.0432	0.1156	0.709	2.3816115072000006e-4	4914
rs11255908	10	8802912	T	G	0.7407	0.0231	0.0666	0.7283	2.0497401914219994e-4	4914
rs11258417	10	13533053	T	C	0.3847	-0.0144	0.0588	0.8061	9.816667499519999e-5	4914
rs10828250	NA	NA	NA	NA	NA	NA	NA	NA	NA	NA
rs7906554	10	57185263	T	C	0.5037	0.1001	0.0564	0.07603	0.0050097306521262	4914
rs2588978	10	63559609	T	C	0.4876	-0.0494	0.0589	0.4009	0.0012194295404927998	4914
rs7901348	10	63679281	T	G	0.4592	-0.1277	0.0584	0.02888	0.008099353465548801	4914
rs34853150	10	87339122	A	G	0.1549	0.0613	0.0789	0.4374	9.838082591262e-4	4914
rs146127221	10	87465134	T	C	0.0187	-0.2366	0.2283	0.3002	0.0020544845593272005	4914
rs7901883	10	103186838	A	G	0.2441	0.0164	0.0703	0.8152	9.925441100480003e-5	4914
rs12764388	10	104413385	A	G	0.1172	0.0934	0.0919	0.3098	0.0018051516152192	4914
rs6892	10	104575870	A	G	0.8222	-0.2221	0.0732	0.002409	0.014422360330431197	4914
rs12244388	NA	NA	NA	NA	NA	NA	NA	NA	NA	NA
rs12769080	10	104815345	A	G	0.0433	0.0798	0.1767	0.6517	5.275935149687999e-4	4914
rs10883842	10	104941589	T	C	0.3932	0.0034	0.06	0.9551	5.516287731199999e-6	4914
rs3896224	10	106467853	A	G	0.5754	0.0306	0.0581	0.598	4.5753328716479995e-4	4914
rs10885480	10	115378364	T	C	0.7176	-0.0384	0.0646	0.5522	5.976398757887998e-4	4914
rs9423279	NA	NA	NA	NA	NA	NA	NA	NA	NA	NA
rs4523689	11	7950797	A	G	0.602	-8e-4	0.0595	0.9892	3.0668288e-7	4914
rs11024129	11	17056417	A	C	0.2566	0.0356	0.0658	0.5884	4.8351416359679994e-4	4914
rs56213534	11	17324948	A	G	0.7043	-0.044	0.0631	0.4859	8.063885667199998e-4	4914
rs35891966	NA	NA	NA	NA	NA	NA	NA	NA	NA	NA
rs17309874	11	27667236	A	G	0.251	-0.1104	0.0674	0.1014	0.00458272378368	4914
rs6265	11	27679916	T	C	0.1906	0.0351	0.073	0.6309	3.801284063928e-4	4914
rs11030382	11	28604477	T	C	0.39	-0.0086	0.0588	0.8832	3.5190168e-5	4914
rs2958853	11	41435765	A	G	0.452	0.0712	0.0597	0.2331	0.0025113600204800003	4914
rs3851570	11	112742098	A	G	0.721	-0.0732	0.0668	0.2732	0.00215571640032	4914
rs74630094	11	112780759	T	C	0.1266	0.1494	0.0866	0.08439	0.004936033333756799	4914
rs2155646	11	112912811	T	C	0.6072	-0.0175	0.0589	0.7664	1.46086248e-4	4914
rs1245083	11	112987455	T	G	0.7679	0.093	0.0682	0.1726	0.00308301544782	4914
rs519185	11	121527052	A	C	0.5489	-0.0063	0.0588	0.9141	1.96551857502e-5	4914
rs2010921	11	132098205	A	G	0.3939	0.0229	0.0565	0.6847	2.503982130078e-4	4914
rs523528	11	132212816	T	C	0.6455	0.0312	0.0594	0.5998	4.4550406367999996e-4	4914
rs78058594	11	132280286	A	G	0.8315	-0.0099	0.0645	0.8781	2.7463921155e-5	4914
rs2640562	12	56466473	T	C	0.344	-0.0093	0.0617	0.8798	3.9035358719999995e-5	4914
rs7969559	12	69655167	A	G	0.2993	0.0548	0.0636	0.3885	0.0012595921546208	4914
rs1075177	12	114549194	A	C	0.2166	0.0169	0.0703	0.81	9.692714581679998e-5	4914
rs1109480	12	121083279	A	G	0.3641	0.0594	0.0626	0.3426	0.0016338507790968002	4914
rs71454659	12	121118104	A	G	0.144	-0.0181	0.0854	0.8319	8.076503808e-5	4914
rs7133013	12	121368468	T	C	0.1299	-0.0567	0.0909	0.5327	7.267322499822e-4	4914
rs11610148	NA	NA	NA	NA	NA	NA	NA	NA	NA	NA
rs1164598	NA	NA	NA	NA	NA	NA	NA	NA	NA	NA
rs7333559	13	100546450	A	G	0.7925	-0.1835	0.0806	0.02286	0.011074382121875	4914
rs12886628	NA	NA	NA	NA	NA	NA	NA	NA	NA	NA
rs1381274	14	98655131	T	C	0.4803	-0.0288	0.0574	0.6151	4.1407620526080004e-4	4914
rs3742365	14	104198251	T	C	0.5912	-0.0475	0.059	0.4214	0.001090592552	4914
rs1496922	15	47648808	A	G	0.2764	0.037	0.0652	0.5705	5.476083235199998e-4	4914
rs35473814	15	47680662	A	G	0.19	0.0421	0.0735	0.567	5.45547798e-4	4914
rs1435741	15	47935843	A	G	0.4321	-0.022	0.0586	0.7072	2.3753712312e-4	4914
rs2017500	15	99196112	A	G	0.503	0.0698	0.0583	0.2312	0.00243593230328	4914
rs11861214	16	746611	T	G	0.2146	0.1862	0.0692	0.007153	0.011687186206819201	4914
rs77878475	NA	NA	NA	NA	NA	NA	NA	NA	NA	NA
rs9646259	16	25378347	A	G	0.2953	0.0117	0.063	0.8523	5.69730457998e-5	4914
rs752894	16	49769636	A	G	0.6686	-0.0819	0.0624	0.1896	0.0029724644928888003	4914
rs11646575	16	69567781	A	G	0.4481	-0.0368	0.0576	0.5235	6.698244111872e-4	4914
rs3748387	16	69974546	A	G	0.6685	-0.0715	0.0626	0.2534	0.0022658284398749994	4914
rs5475	16	72094348	A	G	0.069	0.2429	0.1198	0.04261	0.007580254675980001	4914
rs114900182	NA	NA	NA	NA	NA	NA	NA	NA	NA	NA
rs4888444	16	75690279	A	G	0.9548	-0.15	0.1358	0.2695	0.0019420632000000007	4914
rs4790874	17	1995177	T	C	0.5551	-0.0379	0.0597	0.5256	7.094830897518001e-4	4914
rs11078713	17	7795972	A	G	0.5264	0.0777	0.0689	0.2592	0.0030102295007232004	4914
rs62068572	17	50064051	T	C	0.1505	0.0124	0.0814	0.8792	3.9316355120000003e-5	4914
rs1825733	17	50332599	T	C	0.151	0.0289	0.0817	0.7238	2.1414617357999995e-4	4914
rs4939821	18	46371993	T	C	0.2949	-0.137	0.0692	0.04775	0.007805426116620003	4914
rs12970816	18	50023859	A	G	0.4039	-0.0313	0.0586	0.5934	4.7174971423020003e-4	4914
rs17733784	18	53719925	T	C	0.6319	-0.0651	0.0587	0.2674	0.0019715425096878	4914
rs522180	18	77458644	T	C	0.414	0.0746	0.0546	0.1721	0.00270026015328	4914
rs71367545	18	77576337	A	G	0.2879	-0.0053	0.0583	0.9281	1.1517663486199999e-5	4914
rs76608582	NA	NA	NA	NA	NA	NA	NA	NA	NA	NA
rs62107261	2	422144	T	C	0.9452	-0.1814	0.1696	0.2848	0.003408857387763198	4914
rs7567570	2	615140	T	C	0.1801	-0.0144	0.0738	0.8455	6.12392099328e-5	4914
rs2339515	2	22564293	T	G	0.3788	-0.0124	0.0592	0.8345	7.23627034112e-5	4914
rs1004787	2	45159091	A	G	0.5478	0.0374	0.0597	0.5314	6.929881144032002e-4	4914
rs12465974	2	50144321	T	C	0.6429	0.0673	0.0604	0.2654	0.0020796650823822	4914
rs13016665	2	57995348	A	C	0.4349	0.0422	0.0592	0.476	8.753255645432e-4	4914
rs72804575	2	58039682	A	C	0.9388	-0.1909	0.1226	0.1197	0.004187611227427201	4914
rs12052206	NA	NA	NA	NA	NA	NA	NA	NA	NA	NA
rs7585579	NA	NA	NA	NA	NA	NA	NA	NA	NA	NA
rs4671357	2	60136176	T	C	0.5195	-0.0041	0.0567	0.9421	8.392215995000001e-6	4914
rs6545799	2	60526618	T	C	0.5487	-0.0103	0.0578	0.8592	5.2541774815800004e-5	4914
rs1492546	NA	NA	NA	NA	NA	NA	NA	NA	NA	NA
rs17028559	2	103900940	A	G	0.7207	0.0798	0.0647	0.2174	0.0025636647746807998	4914
rs13032215	2	103973750	A	G	0.695	-0.091	0.0835	0.2759	0.0035107299500000003	4914
rs264974	NA	NA	NA	NA	NA	NA	NA	NA	NA	NA
rs62155873	2	105969362	T	C	0.1141	-0.0919	0.0905	0.31	0.0017073846181517999	4914
rs7569725	2	137819211	T	C	0.2058	0.0446	0.0699	0.5228	6.502419229152002e-4	4914
rs1427499	2	145400317	A	G	0.2872	-0.0303	0.0639	0.6356	3.758957186688e-4	4914
rs10928235	NA	NA	NA	NA	NA	NA	NA	NA	NA	NA
rs74522214	2	145754666	A	G	0.0522	-0.0568	0.1428	0.6909	3.192374803968001e-4	4914
rs787435	2	145888369	T	C	0.2904	0.0495	0.0631	0.4326	0.00100983544992	4914
rs13393501	2	146143630	T	C	0.4902	-0.0816	0.0575	0.1558	0.0033280010237952008	4914
rs6727997	2	146346285	A	G	0.343	-0.0474	0.0644	0.4622	0.00101261922552	4914
rs1267042	NA	NA	NA	NA	NA	NA	NA	NA	NA	NA
rs11693702	NA	NA	NA	NA	NA	NA	NA	NA	NA	NA
rs6433901	2	182067423	T	C	0.7638	-0.0073	0.0678	0.9138	1.9228050904799998e-5	4914
rs6741429	NA	NA	NA	NA	NA	NA	NA	NA	NA	NA
rs4673627	2	200848896	A	G	0.5511	-0.0156	0.0579	0.7883	1.2040907186879998e-4	4914
rs12693975	2	203720745	A	G	0.8285	0.0734	0.0771	0.3416	0.0015310125567800001	4914
rs56059523	2	204123832	T	C	0.8976	0.067	0.1013	0.5087	8.252060467200005e-4	4914
rs1271272	2	207955477	A	G	0.3082	-0.0994	0.0625	0.1115	0.0042132376507872	4914
rs7572027	2	226286009	T	C	0.8085	0.0726	0.0755	0.3359	0.0016321198231799999	4914
rs6106117	20	19663592	A	G	0.459	0.0988	0.0572	0.08406	0.00484790203872	4914
rs6050333	20	25094306	T	G	0.0373	-0.1274	0.1952	0.5141	0.0011656513078392	4914
rs6119897	20	31145415	A	G	0.2463	0.1238	0.0669	0.06422	0.0056902875340727995	4914
rs77217252	NA	NA	NA	NA	NA	NA	NA	NA	NA	NA
rs762995	22	42672124	A	G	0.4717	0.0261	0.0573	0.6493	3.3951385144620006e-4	4914
rs1041878	22	42705394	T	C	0.5497	-0.0293	0.061	0.6314	4.2500390487179996e-4	4914
rs8139201	22	46443789	T	C	0.6593	-0.0535	0.0644	0.4059	0.0012858572829949999	4914
rs4479577	3	5723818	T	C	0.4611	0.0174	0.0595	0.7697	1.5046372108079995e-4	4914
rs6779302	3	16859710	T	G	0.3805	-0.0473	0.0587	0.4201	0.001054746878955	4914
rs7643392	NA	NA	NA	NA	NA	NA	NA	NA	NA	NA
rs1919621	3	34421745	A	G	0.5302	-0.0382	0.0569	0.5024	7.269582295008e-4	4914
rs62261465	3	48551897	A	G	0.0383	-0.1951	0.2175	0.3699	0.0028040317347422	4914
rs6778080	3	49317338	T	C	0.2663	-0.1439	0.0668	0.03115	0.0080917278757502	4914
rs4241405	NA	NA	NA	NA	NA	NA	NA	NA	NA	NA
rs62260755	NA	NA	NA	NA	NA	NA	NA	NA	NA	NA
rs35219849	3	50243801	T	C	0.3377	-0.0614	0.0612	0.3157	0.0016863687807032004	4914
rs1546737	3	52407041	T	C	0.3227	-0.0107	0.0614	0.8622	5.004694729579999e-5	4914
rs4676964	3	71034748	T	C	0.5027	0.077	0.0595	0.1959	0.00296441355518	4914
rs67102420	3	81241727	A	G	0.1908	-0.0065	0.0735	0.9297	1.304640792e-5	4914
rs4856463	3	83638568	T	C	0.2228	0.0806	0.0725	0.2664	0.0022498214740352004	4914
rs117898875	3	84272987	T	C	0.9694	0.138	0.206	0.5029	0.0011298287203199988	4914
rs56042112	3	84800776	T	C	0.0544	-0.1753	0.1333	0.1883	0.0031615509937152004	4914
rs76508707	3	85397049	T	C	0.4582	0.0269	0.0606	0.6567	3.592763593272e-4	4914
rs34495106	3	85651136	A	G	0.3982	-0.0777	0.0605	0.1989	0.0028935132295608004	4914
rs62261725	3	85898626	A	G	0.6874	-0.0028	0.0641	0.9651	3.3693378432e-6	4914
rs59778458	NA	NA	NA	NA	NA	NA	NA	NA	NA	NA
rs6799997	3	117520297	T	G	0.8822	-0.1895	0.0881	0.0315	0.00746381331278	4914
rs1604060	3	117772036	A	G	0.1127	0.1774	0.0905	0.04993	0.006294070805439199	4914
rs4688081	3	117915454	A	G	0.5358	-0.139	0.0638	0.02931	0.009610974867120002	4914
rs9842947	3	157412246	T	C	0.6843	0.0258	0.0624	0.6792	2.8760109119279996e-4	4914
rs4680401	3	157578673	A	G	0.2599	-0.031	0.0651	0.6335	3.6970052478e-4	4914
rs10016841	4	20213781	T	C	0.8747	-0.0396	0.0872	0.65	3.437403897312e-4	4914
rs10461104	4	27490579	A	G	0.6408	0.0466	0.061	0.4441	9.996792095232e-4	4914
rs58400863	4	31184484	A	G	0.3399	0.1131	0.0618	0.06704	0.005740055649127801	4914
rs317027	4	35425629	T	C	0.161	0.0588	0.0856	0.4916	9.3405507552e-4	4914
rs17003752	4	80322959	A	G	0.8636	-0.1951	0.0852	0.02208	0.008967503161020797	4914
rs72886316	4	92499173	T	C	0.86240000000000006	0.045	0.0852	0.5979	4.8059827199999983e-4	4914
rs72678864	4	112422145	A	G	0.1672	0.099	0.0771	0.1989	0.0027294640243199996	4914
rs17373738	NA	NA	NA	NA	NA	NA	NA	NA	NA	NA
rs10030552	NA	NA	NA	NA	NA	NA	NA	NA	NA	NA
rs1509332	4	147664762	T	C	0.3264	-0.016	0.0618	0.7955	1.1256987648e-4	4914
rs7668995	NA	NA	NA	NA	NA	NA	NA	NA	NA	NA
rs12517438	5	30842054	T	G	0.5408	-0.0552	0.0715	0.44	0.0015133755506688	4914
rs1559278	5	50794221	T	C	0.6372	0.0667	0.0603	0.2683	0.0020569546129247996	4914
rs71592686	5	60121271	T	C	0.738	0.0553	0.0665	0.4055	0.00118260010008	4914
rs6893752	5	60374912	A	G	0.2416	-0.0201	0.0671	0.7646	1.480530521088e-4	4914
rs73123076	5	80256339	T	C	0.3564	0.0606	0.06	0.312	0.0016847248226688	4914
rs4571506	5	87756918	T	C	0.4713	0.0126	0.0577	0.8278	7.91184619512e-5	4914
rs27003	5	94202167	T	C	0.3094	0.099	0.0619	0.1097	0.00418839148728	4914
rs4957528	5	106420589	A	C	0.2107	0.0494	0.0731	0.4995	8.116906287671999e-4	4914
rs329120	5	133861756	T	C	0.4269	-0.0336	0.0576	0.5593	5.524145561087998e-4	4914
rs12188904	5	157743317	A	G	0.2589	-0.0175	0.067	0.7939	1.1752085887500002e-4	4914
rs248276	5	165255985	T	C	0.4075	-0.0514	0.0616	0.4043	0.0012757694594999998	4914
rs1549213	NA	NA	NA	NA	NA	NA	NA	NA	NA	NA
rs10037007	5	170408962	A	G	0.3218	-0.0483	0.0616	0.4334	0.0010182820363128001	4914
rs156740	6	27960435	A	G	0.3792	0.0211	0.0675	0.7546	2.096114214912e-4	4914
rs17301128	NA	NA	NA	NA	NA	NA	NA	NA	NA	NA
rs880638	6	28706912	A	G	0.403	0.0064	0.0638	0.9207	1.970921472e-5	4914
rs3818987	6	37484606	T	C	0.5091	-0.0346	0.0608	0.5697	5.983817263608e-4	4914
rs7770532	6	50940775	T	C	0.6083	-0.0163	0.0625	0.7937	1.2661250243179998e-4	4914
rs12213996	6	67488356	A	G	0.3874	0.1308	0.0582	0.02465	0.008120487319027201	4914
rs4839955	6	98809679	A	C	0.5021	-0.0427	0.0647	0.5093	9.116289185822e-4	4914
rs6932158	6	101246010	T	C	0.5035	-0.0231	0.077	0.7639	2.6679192655499993e-4	4914
rs12526038	6	105346217	A	G	0.1516	0.0947	0.0807	0.2409	0.0023069055549792008	4914
rs181405880	NA	NA	NA	NA	NA	NA	NA	NA	NA	NA
rs240999	NA	NA	NA	NA	NA	NA	NA	NA	NA	NA
rs9400481	6	111850742	T	C	0.1764	-0.0414	0.076	0.5861	4.980186384768e-4	4914
rs6464024	7	1688369	T	C	0.5173	-0.0093	0.0632	0.8827	4.319322881579999e-5	4914
rs4385369	7	1852166	A	G	0.421	-0.0399	0.0632	0.5273	7.761335311799999e-4	4914
rs2705608	7	3559826	A	C	0.3469	-0.0538	0.0589	0.3608	0.0013115309104632	4914
rs2240294	NA	NA	NA	NA	NA	NA	NA	NA	NA	NA
rs12333760	7	99185406	T	C	0.8275	0.0819	0.0762	0.2829	0.001914938809875	4914
rs2401924	NA	NA	NA	NA	NA	NA	NA	NA	NA	NA
rs10233018	7	117523709	A	G	0.4945	-0.1186	0.0586	0.04312	0.00703212900942	4914
rs6951574	7	153489744	T	C	0.5758	0.0041	0.0657	0.9502	8.211831583200002e-6	4914
rs13268671	8	8713003	A	G	0.5804	0.0333	0.0605	0.5827	5.401089152352001e-4	4914
rs329994	8	9123233	A	G	0.6387	0.0351	0.0602	0.559	5.686029470862e-4	4914
rs17151637	8	10153082	T	C	0.2938	0.0771	0.0617	0.2115	0.0024667109201592	4914
rs4285446	NA	NA	NA	NA	NA	NA	NA	NA	NA	NA
rs1565735	NA	NA	NA	NA	NA	NA	NA	NA	NA	NA
rs12114218	8	59817454	T	C	0.4783	-0.066	0.0573	0.25	0.0021738976063200004	4914
rs1381660	8	76873699	A	G	0.5077	-0.0752	0.0605	0.2141	0.0028268494253568003	4914
rs1011254	8	91907491	T	C	0.2483	-0.0377	0.0668	0.5731	5.305593419437999e-4	4914
rs9643322	8	92464180	A	G	0.4351	0.0033	0.0606	0.9566	5.353262422199999e-6	4914
rs10956809	NA	NA	NA	NA	NA	NA	NA	NA	NA	NA
rs1899896	8	93201036	T	C	0.3087	0.0383	0.0632	0.5448	6.260812965918e-4	4914
rs4543592	9	3014254	T	C	0.5151	0.1064	0.0572	0.06271	0.0056553174158208	4914
rs1490320	9	31996110	T	C	0.1018	-0.1453	0.0966	0.1325	0.003860842212856801	4914
rs72733235	9	38275772	T	C	0.8337	-0.038	0.0804	0.6368	4.0040476728e-4	4914
rs7039819	9	82430418	A	G	0.5643	-0.0209	0.0605	0.7303	2.1479302684619997e-4	4914
rs10780649	9	86703561	T	G	0.4681	-0.0503	0.0607	0.4074	0.0012598957102302	4914
rs1246292	9	86747297	T	C	0.3097	-0.0283	0.0637	0.6571	3.424379949198e-4	4914
rs4837631	9	122061948	T	C	0.4501	-0.0119	0.059	0.8405	7.009977936780001e-5	4914
rs10819036	9	127890913	T	C	0.6871	-0.0088	0.065	0.8926	3.32982072192e-5	4914
rs10986732	9	128143423	A	G	0.109	0.1428	0.1066	0.1805	0.00396087021792	4914
rs1250505	9	128193456	T	G	0.4148	-0.0348	0.0624	0.5772	5.879380243967999e-4	4914
rs2416971	9	128466113	A	G	0.5926	0.0331	0.0618	0.593	5.290158143927999e-4	4914
rs3025316	9	136459543	T	C	0.8876	-0.1006	0.093	0.2795	0.0020193405292928007	4914
rs117214842	NA	NA	NA	NA	NA	NA	NA	NA	NA	NA
rs28647734	9	137977033	A	G	0.1957	-0.0467	0.0831	0.5741	6.865507582878001e-4	4914
