$`Main MR results`
       Exposure       MR Analysis Causal Estimate          Sd     T-stat
1 beta.exposure               Raw   -0.0004647407 0.004141997 -0.1122021
2 beta.exposure Outlier-corrected   -0.0020393216 0.003940962 -0.5174679
    P-value
1 0.9106863
2 0.6049475

$`MR-PRESSO results`
$`MR-PRESSO results`$`Global Test`
$`MR-PRESSO results`$`Global Test`$RSSobs
[1] 1308.27

$`MR-PRESSO results`$`Global Test`$Pvalue
[1] "<2e-05"


$`MR-PRESSO results`$`Outlier Test`
          RSSobs   Pvalue
1   2.251989e-05        1
2   1.477521e-04        1
3   1.724738e-05        1
4   6.322412e-05        1
5   1.223811e-04        1
6   3.648598e-04        1
7   2.068556e-04        1
8   4.168942e-05        1
9   2.061217e-04        1
10  3.190138e-06        1
11  4.020210e-04        1
12  2.297462e-04        1
13  2.554223e-03        1
14  1.561649e-03        1
15  3.523942e-05        1
16  4.999751e-04        1
17  7.929828e-04        1
18  1.751550e-04        1
19  3.518855e-04        1
20  1.092238e-04        1
21  3.484544e-04        1
22  7.055146e-04        1
23  2.163494e-05        1
24  4.210039e-07        1
25  2.119013e-09        1
26  1.502423e-04        1
27  3.747592e-03        1
28  3.298683e-05        1
29  1.131719e-04        1
30  2.945815e-03        1
31  1.693717e-07        1
32  1.457706e-05        1
33  2.059974e-04        1
34  3.400613e-05        1
35  4.188051e-04        1
36  2.391068e-04        1
37  9.617068e-05        1
38  2.442766e-04        1
39  2.043727e-03        1
40  8.391240e-05        1
41  5.047125e-04        1
42  5.787331e-04        1
43  1.649570e-04        1
44  2.055945e-04        1
45  2.801157e-04        1
46  8.891321e-07        1
47  1.675783e-04        1
48  6.789515e-04        1
49  5.409291e-04        1
50  3.698756e-05        1
51  4.144403e-05        1
52  2.620258e-04        1
53  4.737715e-04        1
54  8.569648e-05        1
55  5.898109e-04        1
56  3.047536e-04        1
57  2.452311e-05        1
58  1.114680e-04        1
59  2.115841e-04        1
60  7.936846e-04        1
61  1.386626e-03        1
62  8.624718e-07        1
63  3.536100e-04        1
64  9.877952e-04        1
65  2.576161e-04        1
66  1.516359e-03        1
67  1.031919e-07        1
68  5.546107e-06        1
69  1.526086e-04        1
70  4.951185e-05        1
71  3.101554e-06        1
72  6.892882e-05        1
73  8.919538e-04        1
74  1.478656e-04        1
75  2.774907e-04        1
76  3.855884e-04        1
77  1.094429e-03        1
78  2.295750e-04        1
79  8.746848e-06        1
80  1.862116e-04        1
81  5.717651e-04        1
82  4.775141e-04        1
83  4.601408e-06        1
84  4.857430e-05        1
85  1.610104e-04        1
86  2.904012e-03        1
87  2.105131e-05        1
88  1.156932e-04        1
89  8.340441e-05        1
90  4.299099e-05        1
91  1.557233e-03        1
92  1.715321e-05        1
93  3.286239e-05        1
94  3.503966e-05        1
95  3.219618e-04        1
96  1.866079e-04        1
97  1.948459e-05        1
98  1.070465e-02        1
99  1.080333e-03        1
100 3.009778e-04        1
101 1.099898e-05        1
102 2.876825e-04        1
103 1.643550e-03        1
104 8.754480e-05        1
105 8.195027e-05        1
106 6.730817e-03        1
107 9.301442e-05        1
108 4.036256e-04        1
109 3.575905e-05        1
110 2.070099e-05        1
111 1.724568e-06        1
112 1.208156e-07        1
113 7.394725e-04        1
114 1.060367e-03        1
115 2.014466e-03        1
116 1.773483e-03        1
117 9.304206e-04        1
118 1.032023e-03        1
119 1.736576e-05        1
120 2.444861e-05        1
121 9.146482e-04        1
122 1.835375e-04        1
123 1.498400e-03        1
124 1.272302e-03        1
125 7.475976e-04        1
126 1.904661e-06        1
127 8.761013e-05        1
128 5.673938e-04        1
129 5.862303e-05        1
130 2.339275e-06        1
131 1.956635e-05        1
132 2.291741e-04        1
133 1.209952e-04        1
134 1.837643e-04        1
135 1.859438e-06        1
136 4.117693e-04        1
137 4.705452e-05        1
138 1.005497e-03        1
139 2.861765e-03        1
140 1.134317e-04        1
141 1.120480e-03        1
142 2.553783e-05        1
143 1.482685e-05        1
144 4.971689e-06        1
145 8.144150e-05        1
146 7.184678e-05        1
147 1.474158e-04        1
148 2.478896e-04        1
149 1.001480e-03        1
150 4.012596e-05        1
151 6.535033e-05        1
152 1.725578e-04        1
153 3.557369e-04        1
154 6.196227e-03        1
155 3.609779e-05        1
156 3.541440e-03        1
157 5.208728e-05        1
158 8.629066e-04        1
159 1.557788e-05        1
160 1.176238e-05        1
161 2.067930e-04        1
162 3.074174e-02        1
163 1.193021e-03        1
164 1.180042e-04        1
165 2.534703e-05        1
166 2.970973e-05        1
167 3.454404e-06        1
168 2.062344e-04        1
169 7.874830e-04        1
170 1.905177e-04        1
171 2.843913e-05        1
172 3.100519e-03        1
173 1.611191e-05        1
174 1.902955e-05        1
175 5.326061e-06        1
176 7.083899e-05        1
177 1.433023e-04        1
178 3.114003e-04        1
179 8.427658e-05        1
180 5.404455e-04        1
181 1.651321e-04        1
182 8.457517e-04        1
183 1.861619e-04        1
184 2.967293e-05        1
185 3.645102e-04        1
186 1.129964e-04        1
187 5.846132e-04        1
188 5.535137e-05        1
189 1.798383e-04        1
190 5.991808e-04        1
191 5.180014e-04        1
192 6.391780e-05        1
193 2.965745e-05        1
194 1.980757e-03        1
195 1.487540e-04        1
196 4.093953e-07        1
197 6.237570e-04        1
198 1.383072e-03        1
199 8.131544e-04        1
200 1.957591e-03        1
201 1.825891e-06        1
202 2.397994e-04        1
203 4.022985e-04        1
204 4.266647e-04        1
205 9.134315e-05        1
206 9.096734e-04        1
207 7.164415e-05        1
208 1.439304e-03        1
209 2.270972e-04        1
210 1.946564e-04        1
211 1.021920e-03        1
212 1.136646e-05        1
213 2.292662e-04        1
214 1.010615e-04        1
215 1.183332e-05        1
216 1.454694e-05        1
217 7.226935e-04        1
218 3.195161e-04        1
219 1.120057e-03        1
220 1.810680e-04        1
221 5.956841e-04        1
222 2.057066e-05        1
223 3.654393e-05        1
224 1.799152e-04        1
225 6.491553e-06        1
226 2.556356e-08        1
227 9.188250e-04        1
228 5.991115e-06        1
229 1.854406e-03        1
230 1.711399e-04        1
231 3.439841e-06        1
232 4.796741e-06        1
233 7.488993e-05        1
234 1.592362e-05        1
235 1.649095e-03        1
236 3.023154e-03        1
237 9.158576e-06        1
238 5.457706e-04        1
239 2.044492e-04        1
240 1.417733e-04        1
241 1.216660e-02        1
242 3.630610e-04        1
243 1.159971e-05        1
244 2.281153e-05        1
245 1.806533e-05        1
246 2.742692e-04        1
247 3.555413e-04        1
248 2.810530e-09        1
249 4.041518e-06        1
250 1.633536e-05        1
251 2.351536e-04        1
252 2.055075e-05        1
253 1.557910e-03        1
254 5.283272e-04        1
255 8.732168e-06        1
256 9.468797e-04        1
257 1.927244e-03        1
258 1.812729e-05        1
259 3.486532e-04        1
260 1.572471e-09        1
261 2.288285e-05        1
262 6.362739e-04        1
263 2.071377e-03        1
264 6.949366e-04        1
265 3.016935e-03        1
266 6.806131e-04        1
267 8.663561e-04        1
268 1.093290e-07        1
269 1.366002e-02        1
270 2.353561e-02        1
271 1.386016e-04        1
272 4.186851e-03        1
273 3.076915e-05        1
274 1.372447e-04        1
275 1.143864e-06        1
276 1.669962e-04        1
277 3.750382e-04        1
278 2.633395e-03        1
279 7.980164e-03        1
280 1.095083e-10        1
281 3.747695e-04        1
282 2.352505e-04        1
283 5.424572e-03        1
284 9.442324e-06        1
285 1.095119e-03        1
286 9.265505e-05        1
287 5.298513e-06        1
288 8.444391e-05        1
289 2.705626e-07        1
290 7.166451e-05        1
291 1.384668e-04        1
292 1.405615e-04        1
293 2.061852e-04        1
294 1.374011e-03        1
295 3.040904e-07        1
296 3.736854e-05        1
297 2.115538e-04        1
298 5.113071e-05        1
299 9.660342e-04        1
300 4.658028e-05        1
301 3.114897e-02        1
302 4.792535e-04        1
303 4.952188e-04        1
304 8.755136e-05        1
305 1.723852e-04        1
306 5.604815e-06        1
307 1.012275e-04        1
308 1.464548e-03        1
309 1.998313e-04        1
310 1.413667e-06        1
311 1.927836e-03        1
312 4.321819e-05        1
313 3.599034e-04        1
314 3.832075e-04        1
315 1.270796e-04        1
316 6.531951e-04        1
317 2.182040e-03        1
318 4.395934e-03        1
319 1.766828e-04        1
320 2.051802e-04        1
321 3.054794e-06        1
322 8.212073e-05        1
323 8.894798e-05        1
324 1.870958e-04        1
325 1.230033e-04        1
326 5.060880e-06        1
327 3.640332e-03  0.56492
328 5.237288e-04        1
329 4.264126e-04        1
330 1.840304e-03        1
331 4.269131e-03        1
332 1.421524e-03        1
333 2.301384e-03        1
334 1.351335e-04        1
335 7.217462e-04        1
336 1.306254e-03        1
337 1.653383e-04        1
338 1.286539e-04        1
339 4.127137e-05        1
340 2.162046e-05        1
341 3.983326e-04        1
342 6.019399e-05        1
343 4.185538e-05        1
344 2.026652e-04        1
345 4.061452e-04        1
346 1.086654e-03        1
347 2.717638e-03        1
348 1.672582e-04        1
349 5.178483e-04        1
350 3.757319e-03        1
351 2.211317e-04        1
352 1.177608e-03        1
353 8.965429e-04        1
354 1.118461e-06        1
355 2.841484e-06        1
356 3.446547e-04        1
357 3.222710e-04        1
358 7.129961e-06        1
359 1.240236e-04        1
360 7.585963e-04        1
361 8.724355e-04        1
362 4.551858e-04        1
363 2.206752e-04        1
364 1.730492e-04        1
365 2.979509e-04        1
366 4.863261e-06        1
367 9.993367e-04        1
368 6.749509e-03        1
369 1.130474e-05        1
370 1.091342e-04        1
371 1.039351e-03        1
372 9.713560e-04        1
373 1.306320e-05        1
374 1.121879e-05        1
375 4.259921e-05        1
376 2.289552e-04        1
377 2.212447e-05        1
378 5.074857e-04        1
379 8.976532e-04        1
380 4.352841e-04        1
381 1.404419e-04        1
382 2.144277e-04        1
383 2.129987e-04        1
384 2.464298e-05        1
385 5.517965e-05        1
386 3.739189e-03        1
387 8.463971e-04        1
388 2.149682e-04        1
389 5.227733e-04        1
390 1.285493e-05        1
391 3.395796e-09        1
392 2.869506e-05        1
393 1.243912e-04        1
394 1.662439e-03        1
395 1.298399e-04        1
396 2.503721e-04        1
397 9.719764e-05        1
398 5.647885e-03        1
399 3.350527e-04        1
400 1.463028e-04        1
401 2.282144e-03        1
402 8.378222e-05        1
403 4.952461e-04        1
404 1.262286e-05        1
405 4.999794e-04        1
406 6.024719e-04        1
407 6.149442e-08        1
408 2.102908e-04        1
409 2.846840e-04        1
410 1.406378e-05        1
411 1.941761e-03        1
412 2.077829e-07        1
413 7.728327e-04        1
414 1.287186e-04        1
415 1.332327e-03        1
416 5.565277e-07        1
417 2.863252e-05        1
418 9.163579e-04        1
419 6.603910e-03        1
420 1.501438e-04        1
421 1.557837e-06        1
422 1.014742e-04        1
423 6.687550e-04        1
424 3.358934e-04        1
425 2.425292e-03        1
426 7.148081e-05        1
427 2.971703e-04        1
428 2.510663e-04        1
429 3.252148e-07        1
430 2.678388e-04        1
431 7.872573e-04        1
432 8.238722e-04        1
433 5.458328e-04        1
434 4.114052e-04        1
435 8.030837e-05        1
436 6.130408e-06        1
437 3.923883e-05        1
438 2.619330e-04        1
439 1.785953e-04        1
440 3.530231e-04        1
441 1.071567e-04        1
442 7.565969e-06        1
443 9.406893e-04        1
444 2.735541e-03        1
445 1.621652e-03        1
446 1.503736e-03        1
447 1.250420e-07        1
448 5.054896e-04        1
449 1.863284e-05        1
450 2.973372e-04        1
451 7.886151e-05        1
452 7.924131e-04        1
453 4.101175e-04        1
454 1.552042e-04        1
455 1.409672e-05        1
456 6.729436e-04        1
457 3.334443e-04        1
458 7.725205e-04        1
459 2.323063e-04        1
460 5.401521e-04        1
461 3.364565e-06        1
462 4.822059e-05        1
463 3.225612e-03        1
464 5.793794e-04        1
465 1.452471e-04        1
466 1.093373e-03        1
467 2.839609e-03        1
468 4.442107e-05        1
469 1.916701e-03        1
470 3.735018e-05        1
471 7.806718e-06        1
472 1.034919e-03        1
473 1.040521e-03        1
474 2.679942e-04        1
475 3.219984e-03        1
476 1.158055e-02        1
477 1.643877e-03        1
478 4.647499e-04        1
479 3.635494e-04        1
480 6.231662e-04        1
481 1.419235e-03        1
482 8.157486e-06        1
483 3.999051e-04        1
484 1.705264e-04        1
485 1.103510e-03        1
486 2.296630e-04        1
487 3.190133e-04        1
488 1.134598e-04        1
489 3.532142e-05        1
490 2.669061e-04        1
491 1.761244e-03        1
492 1.126585e-03        1
493 5.434972e-04        1
494 1.004591e-05        1
495 2.097601e-06        1
496 3.260507e-04        1
497 1.677998e-04        1
498 2.992498e-04        1
499 6.523249e-04        1
500 2.124616e-04        1
501 1.811759e-06        1
502 7.124453e-05        1
503 4.637359e-06        1
504 1.081035e-04        1
505 2.156236e-04        1
506 9.907993e-04        1
507 7.681199e-05        1
508 7.237745e-06        1
509 8.761064e-06        1
510 5.139899e-04        1
511 9.029515e-04        1
512 1.046742e-05        1
513 7.518791e-05        1
514 6.638204e-05        1
515 3.213708e-05        1
516 7.016902e-05        1
517 1.476624e-04        1
518 5.100644e-07        1
519 3.253584e-04        1
520 4.645861e-06        1
521 2.090093e-04        1
522 1.209470e-03        1
523 8.955010e-05        1
524 3.588403e-03        1
525 1.028703e-03        1
526 1.410272e-04        1
527 2.707285e-03        1
528 9.250469e-06        1
529 3.374472e-04        1
530 1.491597e-05        1
531 4.224577e-06        1
532 1.221862e-03        1
533 7.648020e-05        1
534 1.361194e-03        1
535 3.558758e-05        1
536 9.324266e-05        1
537 4.670093e-05        1
538 8.800716e-05        1
539 9.717434e-05        1
540 1.238364e-08        1
541 4.609159e-04        1
542 4.778753e-04        1
543 9.217400e-04        1
544 1.658695e-03        1
545 2.946287e-04        1
546 1.696449e-03        1
547 2.545909e-04        1
548 9.423116e-07        1
549 8.629113e-05        1
550 2.081010e-05        1
551 6.330413e-04        1
552 1.400842e-05        1
553 5.110223e-04        1
554 1.065780e-05        1
555 7.372678e-04        1
556 1.344877e-03        1
557 3.164535e-04        1
558 1.867008e-04        1
559 5.732804e-04        1
560 9.945295e-06        1
561 8.384819e-05        1
562 1.819695e-08        1
563 2.004956e-04        1
564 1.134007e-04        1
565 1.386175e-04        1
566 3.310136e-04        1
567 6.747666e-05        1
568 1.126650e-05        1
569 1.527079e-04        1
570 3.918867e-05        1
571 1.081689e-03        1
572 1.587118e-06        1
573 2.553261e-04        1
574 7.693858e-06        1
575 1.485289e-03        1
576 2.826529e-06        1
577 4.775263e-04        1
578 1.156386e-04        1
579 5.421519e-05        1
580 8.129635e-06        1
581 2.481933e-04        1
582 6.237543e-04        1
583 5.106197e-05        1
584 2.609370e-04        1
585 6.631892e-04        1
586 2.051399e-05        1
587 9.483772e-05        1
588 3.132834e-04        1
589 1.288380e-04        1
590 1.648703e-04        1
591 1.197367e-05        1
592 6.585182e-05        1
593 4.347445e-04        1
594 1.100321e-05        1
595 6.047919e-06        1
596 7.234210e-04        1
597 7.303994e-05        1
598 2.846183e-05        1
599 2.813502e-03        1
600 2.735498e-06        1
601 9.715313e-05        1
602 1.439162e-03        1
603 2.178369e-04        1
604 1.878064e-05        1
605 4.518142e-04        1
606 1.243432e-04        1
607 2.090446e-04        1
608 1.048559e-03        1
609 4.539233e-04        1
610 2.105731e-03        1
611 1.245540e-04        1
612 2.875688e-05        1
613 7.991013e-04        1
614 1.839378e-04        1
615 2.855472e-04        1
616 7.287697e-07        1
617 4.022217e-04        1
618 1.000934e-04        1
619 7.540222e-04        1
620 2.328093e-04        1
621 8.266142e-06        1
622 6.949376e-04        1
623 2.283615e-05        1
624 5.440181e-04        1
625 9.694099e-05        1
626 1.258163e-03        1
627 2.773601e-04        1
628 2.752763e-05        1
629 1.940878e-04        1
630 8.553452e-03        1
631 3.740647e-04        1
632 1.521038e-03        1
633 4.488634e-04        1
634 1.175107e-03        1
635 2.512795e-04        1
636 7.519632e-04        1
637 9.965363e-05        1
638 2.724729e-05        1
639 1.797156e-06        1
640 2.449563e-05        1
641 1.267007e-03        1
642 1.565241e-03        1
643 5.419846e-04        1
644 3.406060e-04        1
645 1.066233e-05        1
646 2.492726e-03        1
647 1.624506e-04        1
648 1.122830e-05        1
649 1.671946e-04        1
650 4.325970e-04        1
651 6.075494e-05        1
652 2.339316e-06        1
653 2.266514e-04        1
654 1.599254e-04        1
655 5.953772e-05        1
656 1.091213e-04        1
657 3.182460e-04        1
658 2.089252e-05        1
659 3.479400e-04        1
660 1.030674e-04        1
661 8.923338e-04        1
662 2.225734e-04        1
663 2.992163e-03        1
664 2.520575e-03        1
665 8.574623e-05        1
666 4.223379e-04        1
667 4.302827e-06        1
668 7.687338e-05        1
669 3.613428e-04        1
670 4.247875e-07        1
671 2.773319e-04        1
672 8.306190e-03        1
673 1.385550e-03        1
674 3.514516e-06        1
675 2.290941e-03        1
676 6.397345e-03        1
677 1.428698e-04        1
678 5.460392e-04        1
679 3.579719e-03        1
680 1.827272e-03        1
681 3.375130e-04        1
682 5.929423e-05        1
683 4.230703e-06        1
684 1.119095e-02        1
685 1.324342e-03        1
686 3.460759e-04        1
687 6.448501e-06        1
688 9.522154e-04        1
689 3.538866e-04        1
690 5.992966e-05        1
691 2.624821e-05        1
692 2.757397e-05        1
693 6.161266e-05        1
694 5.567979e-04        1
695 1.381866e-03        1
696 1.288731e-04        1
697 1.608305e-03        1
698 2.381076e-04        1
699 7.228879e-07        1
700 4.199515e-04        1
701 1.199965e-04        1
702 4.725805e-04        1
703 1.262608e-05        1
704 7.486241e-05        1
705 6.056511e-05        1
706 2.553107e-04        1
707 1.753973e-04        1
708 9.131181e-05        1
709 2.527896e-05        1
710 1.626809e-03        1
711 1.204428e-06        1
712 1.329940e-05        1
713 1.451805e-03        1
714 1.989858e-05        1
715 3.628031e-05        1
716 3.031544e-06        1
717 2.254692e-03        1
718 7.482447e-05        1
719 3.334821e-04        1
720 6.508998e-05        1
721 2.188779e-06        1
722 8.557498e-04        1
723 6.941582e-05        1
724 5.955956e-04        1
725 3.310687e-03        1
726 1.224959e-04        1
727 5.346185e-06        1
728 2.171209e-04        1
729 4.540260e-05        1
730 9.215668e-04        1
731 9.707619e-06        1
732 1.184819e-07        1
733 5.690182e-05        1
734 4.472535e-04        1
735 3.896998e-04        1
736 3.518987e-04        1
737 1.036148e-03        1
738 3.550115e-05        1
739 3.144070e-04        1
740 1.336455e-03        1
741 6.639897e-04        1
742 3.433648e-06        1
743 1.050526e-03        1
744 5.111933e-05        1
745 1.647082e-04        1
746 3.252478e-04        1
747 9.196125e-05        1
748 3.028109e-07        1
749 1.064371e-03        1
750 1.525126e-04        1
751 1.078382e-03        1
752 1.119117e-03        1
753 9.906179e-05        1
754 4.184472e-04        1
755 4.311067e-04        1
756 2.918211e-03  0.89608
757 7.267959e-04        1
758 5.597441e-04        1
759 1.384744e-04        1
760 7.379762e-07        1
761 4.516109e-04        1
762 1.041956e-03        1
763 2.779198e-04        1
764 4.222604e-07        1
765 7.649785e-04        1
766 6.482455e-04        1
767 1.133635e-03        1
768 4.873378e-03 <0.01948
769 1.768436e-04        1
770 2.607658e-05        1
771 1.686238e-03        1
772 6.158835e-05        1
773 6.392997e-08        1
774 2.062169e-04        1
775 2.452784e-04        1
776 7.280598e-06        1
777 3.142177e-03        1
778 6.173379e-05        1
779 1.091963e-04        1
780 7.497634e-05        1
781 7.762737e-04        1
782 1.761887e-03        1
783 1.496369e-03        1
784 2.429773e-04        1
785 5.075381e-04        1
786 4.459002e-08        1
787 1.895964e-04        1
788 2.466764e-03        1
789 2.434382e-03        1
790 4.021165e-04        1
791 9.748684e-05        1
792 7.023704e-04        1
793 4.846647e-06        1
794 3.607235e-05        1
795 1.262233e-04        1
796 1.691592e-04        1
797 7.090820e-05        1
798 2.638004e-04        1
799 2.348339e-04        1
800 3.006397e-03        1
801 3.291057e-05        1
802 3.679430e-05        1
803 4.828206e-04        1
804 8.779762e-04        1
805 1.194950e-03        1
806 5.142733e-05        1
807 3.118772e-05        1
808 1.491615e-03        1
809 1.192788e-02        1
810 4.645472e-04        1
811 2.768570e-04        1
812 4.428463e-04        1
813 9.399140e-08        1
814 1.467047e-05        1
815 1.922618e-04        1
816 4.206480e-04        1
817 1.249915e-05        1
818 3.376592e-04        1
819 2.556248e-07        1
820 9.425156e-06        1
821 1.503319e-01 <0.01948
822 1.033423e-04        1
823 8.888227e-03  0.25324
824 4.346066e-04        1
825 3.126135e-04        1
826 1.729902e-08        1
827 2.158241e-03        1
828 2.312584e-04        1
829 3.086397e-05        1
830 6.899950e-05        1
831 4.991909e-04        1
832 5.421620e-05        1
833 8.922331e-05        1
834 1.010710e-04        1
835 4.739072e-03        1
836 1.592279e-03        1
837 4.019448e-04        1
838 1.357638e-04        1
839 7.170163e-03        1
840 2.642876e-04        1
841 1.073878e-05        1
842 2.326691e-03        1
843 2.588146e-09        1
844 1.034695e-03        1
845 4.321031e-06        1
846 1.000892e-02        1
847 3.264094e-04        1
848 1.334225e-05        1
849 6.566131e-04        1
850 4.791174e-05        1
851 6.824216e-04        1
852 6.274825e-04        1
853 7.436857e-05        1
854 1.622902e-04        1
855 9.997196e-05        1
856 3.436361e-03        1
857 1.036011e-03        1
858 6.209873e-05        1
859 2.461763e-06        1
860 3.269980e-05        1
861 9.879215e-04        1
862 2.730354e-04        1
863 6.534330e-04        1
864 2.747465e-04        1
865 6.571592e-03        1
866 3.791613e-06        1
867 2.348785e-04        1
868 8.590235e-04        1
869 6.041433e-04        1
870 3.086106e-03        1
871 1.395024e-05        1
872 2.836446e-04        1
873 6.847691e-05        1
874 3.430105e-05        1
875 2.940339e-04        1
876 3.959901e-04        1
877 1.214965e-04        1
878 4.043341e-03        1
879 4.292308e-05        1
880 1.528096e-04        1
881 2.258117e-04        1
882 4.075456e-05        1
883 5.214944e-05        1
884 1.138946e-04        1
885 6.825198e-04        1
886 3.048116e-04        1
887 3.880433e-06        1
888 9.128938e-05        1
889 1.091953e-04        1
890 7.191553e-04        1
891 1.192222e-05        1
892 2.913816e-04        1
893 1.207031e-03        1
894 4.024755e-06        1
895 3.270639e-04        1
896 1.380865e-03        1
897 1.365406e-04        1
898 2.697342e-05        1
899 6.842879e-03        1
900 1.834626e-04        1
901 3.664191e-04        1
902 3.619094e-03        1
903 1.303364e-03        1
904 1.689634e-03        1
905 7.269575e-04        1
906 7.235244e-07        1
907 7.814437e-04        1
908 4.665330e-03  0.01948
909 1.282185e-04        1
910 1.290498e-04        1
911 2.760588e-06        1
912 8.013860e-05        1
913 3.257871e-03        1
914 6.142006e-05        1
915 1.031539e-04        1
916 1.429389e-04        1
917 2.420286e-04        1
918 2.223792e-03        1
919 3.757449e-05        1
920 9.034697e-04        1
921 6.225872e-04        1
922 2.069947e-04        1
923 5.742745e-05        1
924 4.185491e-06        1
925 1.380816e-04        1
926 4.477204e-05        1
927 8.223569e-05        1
928 4.046176e-05        1
929 9.905761e-06        1
930 8.331715e-04        1
931 7.277148e-08        1
932 2.844817e-04        1
933 2.862844e-04        1
934 1.737793e-04        1
935 6.165117e-05        1
936 1.324389e-05        1
937 7.873216e-07        1
938 1.404076e-05        1
939 2.451722e-05        1
940 1.894658e-05        1
941 1.016351e-05        1
942 6.558597e-06        1
943 1.888905e-03        1
944 1.884413e-05        1
945 1.927894e-04        1
946 2.428775e-04        1
947 2.650264e-04        1
948 1.163435e-03        1
949 1.882745e-04        1
950 2.775911e-04        1
951 4.970286e-05        1
952 8.917369e-04        1
953 2.623695e-04        1
954 3.106417e-04        1
955 2.809291e-05        1
956 6.329895e-05        1
957 6.252759e-04        1
958 1.954990e-05        1
959 1.299053e-03        1
960 8.042795e-09        1
961 4.050051e-05        1
962 1.628628e-04        1
963 3.572214e-04        1
964 2.381147e-04        1
965 7.800703e-05        1
966 2.214957e-04        1
967 6.433040e-04        1
968 8.341918e-04        1
969 5.419582e-05        1
970 1.872977e-03        1
971 1.379728e-04        1
972 5.001846e-04        1
973 4.978052e-04        1
974 3.861296e-05        1

$`MR-PRESSO results`$`Distortion Test`
$`MR-PRESSO results`$`Distortion Test`$`Outliers Indices`
[1] 768 821 908

$`MR-PRESSO results`$`Distortion Test`$`Distortion Coefficient`
beta.exposure 
     77.21101 

$`MR-PRESSO results`$`Distortion Test`$Pvalue
[1] 0.82134



