$`Main MR results`
       Exposure       MR Analysis Causal Estimate         Sd    T-stat
1 beta.exposure               Raw      0.02771624 0.07767057 0.3568435
2 beta.exposure Outlier-corrected              NA         NA        NA
    P-value
1 0.7221604
2        NA

$`MR-PRESSO results`
$`MR-PRESSO results`$`Global Test`
$`MR-PRESSO results`$`Global Test`$RSSobs
[1] 105.9249

$`MR-PRESSO results`$`Global Test`$Pvalue
[1] 0.0326


$`MR-PRESSO results`$`Outlier Test`
         RSSobs Pvalue
1  9.625512e-06      1
2  2.409561e-06      1
3  2.559620e-05      1
4  7.264757e-04  0.168
5  2.145019e-04      1
6  2.775221e-05      1
7  2.907515e-07      1
8  2.817717e-04      1
9  1.541798e-05      1
10 2.193795e-05      1
11 1.212026e-05      1
12 5.275888e-05      1
13 3.906870e-06      1
14 2.021654e-05      1
15 3.129460e-04      1
16 1.287598e-05      1
17 3.352387e-05      1
18 2.560721e-04      1
19 6.427649e-05      1
20 4.171472e-04      1
21 4.498019e-04      1
22 4.850155e-06      1
23 4.478930e-05      1
24 4.609984e-04      1
25 4.027787e-06      1
26 1.335321e-04      1
27 6.319191e-06      1
28 3.178857e-04      1
29 1.480519e-05      1
30 2.998025e-04      1
31 8.886443e-06      1
32 3.411504e-04      1
33 5.448815e-05      1
34 5.383294e-05      1
35 8.368262e-05      1
36 4.679675e-06      1
37 6.333313e-04  0.944
38 2.539862e-05      1
39 4.351183e-05      1
40 5.195228e-06      1
41 1.144061e-04      1
42 8.282923e-05      1
43 3.077357e-06      1
44 6.399543e-05      1
45 3.615504e-05      1
46 8.509926e-07      1
47 7.718176e-05      1
48 2.562332e-06      1
49 7.054989e-05      1
50 1.509258e-04      1
51 1.571070e-04      1
52 1.080853e-04      1
53 1.826741e-04      1
54 2.741203e-04      1
55 1.188082e-04      1
56 3.553110e-05      1
57 1.883338e-05      1
58 3.424172e-05      1
59 2.293249e-04      1
60 3.033032e-06      1
61 2.881239e-04      1
62 8.795140e-05      1
63 3.513321e-05      1
64 4.409696e-04      1
65 6.336043e-05      1
66 2.808613e-04      1
67 8.778600e-05      1
68 4.722169e-06      1
69 3.179932e-04      1
70 1.482674e-05      1
71 2.212872e-03      1
72 2.908272e-04      1
73 2.992449e-05      1
74 2.041111e-04      1
75 2.323171e-05      1
76 1.451976e-05      1
77 3.799642e-04      1
78 1.279344e-05      1
79 1.498516e-04      1
80 3.005726e-04      1

$`MR-PRESSO results`$`Distortion Test`
$`MR-PRESSO results`$`Distortion Test`$`Outliers Indices`
[1] "No significant outliers"

$`MR-PRESSO results`$`Distortion Test`$`Distortion Coefficient`
[1] NA

$`MR-PRESSO results`$`Distortion Test`$Pvalue
[1] NA



