$`Main MR results`
       Exposure       MR Analysis Causal Estimate          Sd   T-stat
1 beta.exposure               Raw     0.004976280 0.003549895 1.401810
2 beta.exposure Outlier-corrected     0.004286472 0.002942375 1.456807
    P-value
1 0.1612217
2 0.1454228

$`MR-PRESSO results`
$`MR-PRESSO results`$`Global Test`
$`MR-PRESSO results`$`Global Test`$RSSobs
[1] 1958.039

$`MR-PRESSO results`$`Global Test`$Pvalue
[1] "<2e-05"


$`MR-PRESSO results`$`Outlier Test`
           RSSobs   Pvalue
1    2.423053e-05        1
2    6.044444e-04        1
3    2.632136e-04        1
4    1.727627e-03        1
5    2.633857e-04        1
6    7.963506e-08        1
7    2.594203e-05        1
8    8.852553e-08        1
9    8.320277e-05        1
10   1.094440e-03        1
11   9.680975e-06        1
12   1.845959e-06        1
13   6.329791e-05        1
14   2.292795e-03        1
15   4.121157e-04        1
16   1.108831e-03        1
17   9.402935e-04        1
18   1.384283e-04        1
19   2.307234e-03        1
20   1.458824e-03        1
21   6.604466e-04        1
22   2.291711e-06        1
23   4.826096e-05        1
24   6.039152e-06        1
25   1.405368e-04        1
26   3.595581e-04        1
27   1.732071e-06        1
28   1.387715e-04        1
29   2.594189e-04        1
30   1.038551e-03        1
31   3.221490e-04        1
32   8.854763e-04        1
33   1.469420e-03        1
34   1.889647e-05        1
35   3.512859e-04        1
36   4.541058e-04        1
37   6.078578e-04        1
38   6.332043e-05        1
39   5.654599e-03  0.22374
40   1.224011e-03        1
41   1.987167e-04        1
42   3.151754e-04        1
43   9.662335e-05        1
44   9.223108e-07        1
45   3.847036e-06        1
46   4.192188e-06        1
47   1.350793e-05        1
48   1.804791e-05        1
49   2.941027e-06        1
50   8.341114e-07        1
51   9.876309e-04        1
52   3.693900e-04        1
53   5.108493e-04        1
54   5.386128e-04        1
55   6.962260e-04        1
56   8.893905e-04        1
57   4.388561e-05        1
58   4.120559e-04        1
59   7.978693e-02        1
60   1.698173e-05        1
61   2.544981e-05        1
62   1.209202e-05        1
63   5.980522e-04        1
64   7.555269e-04        1
65   4.718684e-03        1
66   3.292807e-05        1
67   3.030851e-05        1
68   9.361627e-04        1
69   2.371652e-04        1
70   6.768917e-04        1
71   1.799746e-04        1
72   2.405967e-05        1
73   2.781616e-05        1
74   1.782291e-04        1
75   1.748499e-04        1
76   2.504476e-05        1
77   6.783812e-06        1
78   7.364465e-05        1
79   2.153875e-04        1
80   1.021434e-05        1
81   2.141287e-04        1
82   1.043592e-06        1
83   1.589372e-04        1
84   4.313854e-07        1
85   3.574958e-05        1
86   2.686229e-03        1
87   1.248080e-03        1
88   2.372925e-03        1
89   8.403551e-05        1
90   2.176658e-04        1
91   4.586357e-06        1
92   1.394496e-04        1
93   2.058868e-05        1
94   2.415243e-03        1
95   1.821704e-03        1
96   5.840095e-04        1
97   1.604547e-03        1
98   1.310890e-04        1
99   1.401967e-05        1
100  5.616887e-04        1
101  1.650923e-05        1
102  6.652357e-04        1
103  4.228214e-04        1
104  8.009579e-06        1
105  1.485240e-06        1
106  3.408608e-04        1
107  3.147396e-05        1
108  5.896911e-03        1
109  1.712186e-04        1
110  8.721767e-06        1
111  7.001602e-07        1
112  1.191347e-02        1
113  8.208062e-04        1
114  8.545397e-04        1
115  3.665589e-03        1
116  7.333378e-04        1
117  8.785606e-03        1
118  1.710499e-04        1
119  6.381127e-04        1
120  9.380827e-04        1
121  2.161472e-04        1
122  4.411095e-04        1
123  1.947518e-03        1
124  1.827839e-04        1
125  8.204595e-05        1
126  2.913581e-02        1
127  2.646964e-04        1
128  1.669705e-07        1
129  6.811417e-06        1
130  6.422455e-07        1
131  1.110404e-04        1
132  8.659195e-04        1
133  1.028204e-02        1
134  7.315677e-04        1
135  1.360423e-03        1
136  1.106506e-04        1
137  5.686363e-06        1
138  4.333552e-03        1
139  9.395707e-04        1
140  2.799939e-04        1
141  1.849113e-03        1
142  2.712436e-05        1
143  2.146862e-03        1
144  1.201911e-03        1
145  4.898075e-04        1
146  6.664435e-03        1
147  4.612582e-03        1
148  1.729565e-04        1
149  5.478317e-05        1
150  1.444943e-05        1
151  3.047188e-05        1
152  5.686472e-03        1
153  2.622974e-10        1
154  8.897150e-05        1
155  2.600128e-03        1
156  2.015111e-05        1
157  5.306341e-05        1
158  1.041104e-05        1
159  5.942392e-07        1
160  4.622443e-04        1
161  2.531936e-03        1
162  7.369429e-04        1
163  4.557704e-03        1
164  4.184175e-03        1
165  1.505608e-04        1
166  9.833406e-04        1
167  1.914108e-03        1
168  1.806174e-05        1
169  8.726334e-05        1
170  2.228302e-05        1
171  9.083009e-05        1
172  8.741795e-04        1
173  3.245289e-04        1
174  6.685469e-05        1
175  2.446531e-03        1
176  2.293170e-04        1
177  6.978179e-03        1
178  1.062436e-04        1
179  1.235705e-05        1
180  6.925275e-04        1
181  5.571167e-04        1
182  8.136260e-04        1
183  9.342482e-04        1
184  4.078321e-03        1
185  2.404385e-05        1
186  2.197305e-02        1
187  1.156630e-03        1
188  1.088421e-05        1
189  4.078997e-08        1
190  2.250234e-02        1
191  8.747863e-03        1
192  1.741735e-04        1
193  2.194216e-03        1
194  5.164382e-05        1
195  9.264260e-08        1
196  1.494640e-05        1
197  4.316397e-05        1
198  1.017800e-06        1
199  7.098543e-06        1
200  2.839846e-06        1
201  5.006789e-04        1
202  7.727507e-04        1
203  4.514976e-04        1
204  1.590827e-03        1
205  1.921209e-03        1
206  4.479877e-04        1
207  6.812331e-04        1
208  2.706787e-05        1
209  3.233881e-04        1
210  5.478183e-06        1
211  3.005183e-05        1
212  6.612388e-05        1
213  3.324237e-05        1
214  5.193635e-05        1
215  1.784663e-04        1
216  2.573709e-04        1
217  4.351103e-05        1
218  3.966705e-07        1
219  1.319636e-04        1
220  6.957817e-04        1
221  8.631954e-05        1
222  3.004056e-05        1
223  5.829612e-03        1
224  7.611761e-04        1
225  1.175072e-04        1
226  1.088337e-03        1
227  3.686453e-04        1
228  1.443961e-05        1
229  1.831643e-04        1
230  1.771060e-04        1
231  8.720874e-06        1
232  4.546571e-05        1
233  1.491694e-03        1
234  2.175915e-10        1
235  3.210683e-05        1
236  7.132096e-04        1
237  5.610311e-04        1
238  7.016258e-05        1
239  2.390007e-05        1
240  3.720525e-04        1
241  1.250115e-02        1
242  1.932075e-04        1
243  7.464628e-06        1
244  4.124694e-04        1
245  7.306401e-05        1
246  2.431878e-04        1
247  3.349372e-04        1
248  4.951675e-04        1
249  7.314470e-04        1
250  1.462738e-03        1
251  6.810357e-03        1
252  8.808314e-04        1
253  1.630237e-04        1
254  1.433791e-03        1
255  1.419146e-06        1
256  2.526471e-04        1
257  3.116501e-04        1
258  2.509278e-03        1
259  3.270061e-03        1
260  1.641355e-03        1
261  8.098159e-05        1
262  1.207069e-05        1
263  1.058473e-03        1
264  4.344462e-04        1
265  4.557762e-05        1
266  1.285320e-02        1
267  5.393051e-04        1
268  7.917286e-04        1
269  2.955262e-04        1
270  1.580555e-04        1
271  6.842993e-04        1
272  1.400689e-05        1
273  3.432334e-06        1
274  1.986557e-04        1
275  5.684712e-05        1
276  1.076245e-05        1
277  2.722380e-03        1
278  7.791139e-05        1
279  3.453484e-04        1
280  6.645055e-04        1
281  4.293942e-04        1
282  9.400452e-05        1
283  3.046736e-04        1
284  2.669053e-05        1
285  1.112788e-03        1
286  1.904688e-04        1
287  8.678239e-05        1
288  6.511428e-06        1
289  5.384940e-05        1
290  2.303450e-04        1
291  5.826769e-04        1
292  1.398065e-04        1
293  1.469376e-04        1
294  2.710545e-03        1
295  1.382691e-04        1
296  5.352363e-04        1
297  2.395401e-03        1
298  3.105216e-04        1
299  1.594072e-05        1
300  3.852172e-04        1
301  5.466791e-06        1
302  3.652581e-05        1
303  4.395466e-04        1
304  9.628103e-07        1
305  7.125581e-05        1
306  1.325343e-06        1
307  5.748262e-04        1
308  1.151407e-04        1
309  4.015916e-04        1
310  1.621455e-04        1
311  1.671847e-05        1
312  2.668406e-04        1
313  4.101749e-04        1
314  8.555351e-06        1
315  1.087956e-05        1
316  4.244405e-05        1
317  2.844546e-04        1
318  2.248704e-04        1
319  1.449133e-04        1
320  1.439058e-03        1
321  8.393344e-04        1
322  1.470584e-04        1
323  4.336547e-06        1
324  4.518499e-04        1
325  1.540213e-04        1
326  9.433911e-05        1
327  2.987603e-04        1
328  1.181778e-04        1
329  4.341308e-03        1
330  8.037732e-06        1
331  4.398386e-04        1
332  6.664007e-04        1
333  7.243806e-05        1
334  9.547566e-04        1
335  1.557777e-03        1
336  2.953120e-03        1
337  3.323477e-03        1
338  7.107343e-03        1
339  1.964894e-03        1
340  4.583960e-05        1
341  1.284331e-02        1
342  1.232294e-04        1
343  1.383775e-04        1
344  1.188305e-03        1
345  1.257279e-02        1
346  1.157399e-03        1
347  4.196277e-04        1
348  3.185140e-03        1
349  1.630740e-03        1
350  4.082650e-04        1
351  2.753253e-03        1
352  6.098223e-04        1
353  1.074632e-02        1
354  2.040560e-04        1
355  2.840791e-03        1
356  1.661515e-04        1
357  1.750670e-02        1
358  2.862655e-05        1
359  5.370693e-04        1
360  1.497551e-03        1
361  1.001881e-05        1
362  1.625693e-04        1
363  1.110369e-03        1
364  1.107607e-04        1
365  1.331834e-03        1
366  3.599871e-03        1
367  9.425265e-03        1
368  1.356402e-03        1
369  9.967942e-04        1
370  1.280856e-03        1
371  4.457892e-06        1
372  2.302610e-04        1
373  1.167498e-04        1
374  4.297650e-06        1
375  2.014854e-05        1
376  5.142504e-05        1
377  1.293632e-03        1
378  1.860030e-03        1
379  4.435539e-04        1
380  2.706924e-04        1
381  3.178360e-07        1
382  4.167658e-02        1
383  1.137110e-04        1
384  2.296305e-04        1
385  9.853774e-03        1
386  3.671156e-09        1
387  2.961876e-04        1
388  2.154690e-05        1
389  3.831144e-04        1
390  1.896327e-05        1
391  2.658436e-05        1
392  2.967089e-05        1
393  5.280695e-04        1
394  1.615567e-03        1
395  7.482311e-04        1
396  1.767537e-02        1
397  1.098618e-04        1
398  5.569396e-04        1
399  2.061733e-05        1
400  3.046143e-05        1
401  3.896119e-03        1
402  5.292777e-03        1
403  4.631566e-04        1
404  3.121981e-04        1
405  5.301396e-06        1
406  3.730881e-03        1
407  5.580057e-05        1
408  1.533265e-04        1
409  2.918879e-06        1
410  4.356148e-05        1
411  1.240300e-04        1
412  2.122949e-04        1
413  1.402586e-03        1
414  1.837757e-03        1
415  6.258766e-05        1
416  2.018543e-04        1
417  5.952752e-04        1
418  9.473878e-03  0.02486
419  7.038077e-05        1
420  5.526795e-04        1
421  2.905359e-04        1
422  1.505361e-04        1
423  6.704399e-04        1
424  3.131241e-04        1
425  1.080330e-03        1
426  6.870276e-05        1
427  6.838662e-06        1
428  4.607542e-05        1
429  4.426873e-07        1
430  1.078559e-03        1
431  6.533345e-03        1
432  2.118187e-05        1
433  3.955789e-04        1
434  1.104627e-04        1
435  5.197598e-05        1
436  4.041182e-07        1
437  7.740878e-05        1
438  2.496959e-04        1
439  3.708337e-03        1
440  5.993599e-03        1
441  1.813905e-03        1
442  8.378576e-05        1
443  8.101126e-04        1
444  1.129765e-05        1
445  4.583968e-05        1
446  1.048058e-05        1
447  2.469417e-04        1
448  6.853858e-04        1
449  4.025429e-05        1
450  1.537695e-03        1
451  1.122718e-04        1
452  6.214249e-05        1
453  5.521390e-05        1
454  1.571548e-07        1
455  1.550650e-02        1
456  3.054117e-02        1
457  2.119181e-04        1
458  5.914817e-06        1
459  5.869867e-04        1
460  1.175032e-06        1
461  4.529182e-05        1
462  9.200280e-04        1
463  1.216651e-03        1
464  3.306623e-04        1
465  5.353982e-05        1
466  1.098286e-02        1
467  3.163525e-04        1
468  2.103919e-04        1
469  3.521616e-04        1
470  2.097707e-03        1
471  2.114174e-05        1
472  3.590513e-04        1
473  4.732742e-04        1
474  2.470273e-04        1
475  1.286096e-04        1
476  2.084148e-04        1
477  3.951291e-04        1
478  4.476109e-05        1
479  3.237415e-04        1
480  1.402550e-07        1
481  3.007544e-04        1
482  2.138127e-07        1
483  9.268394e-06        1
484  2.623707e-03        1
485  5.168029e-03        1
486  2.013792e-04        1
487  5.227682e-03        1
488  6.675047e-04        1
489  8.435077e-05        1
490  3.432054e-04        1
491  2.404682e-04        1
492  5.121480e-05        1
493  4.843716e-06        1
494  1.649604e-03        1
495  1.094085e-04        1
496  2.678353e-04        1
497  4.206106e-04        1
498  2.570741e-04        1
499  1.134635e-04        1
500  9.247447e-06        1
501  5.665409e-03        1
502  4.378710e-05        1
503  6.355375e-04        1
504  1.544517e-04        1
505  1.603465e-03        1
506  9.495497e-05        1
507  3.211103e-04        1
508  5.089530e-05        1
509  1.280976e-04        1
510  6.098468e-10        1
511  5.366451e-06        1
512  4.575002e-04        1
513  2.208408e-04        1
514  7.763594e-05        1
515  2.865020e-04        1
516  1.122565e-03        1
517  2.063404e-05        1
518  6.914789e-04        1
519  2.326123e-04        1
520  2.717219e-05        1
521  2.620619e-04        1
522  1.882624e-03        1
523  7.584740e-04        1
524  4.327987e-05        1
525  1.454276e-04        1
526  8.235112e-04        1
527  1.533451e-04        1
528  8.189909e-07        1
529  2.781473e-04        1
530  1.283118e-04        1
531  1.175872e-04        1
532  2.850046e-05        1
533  3.942672e-04        1
534  9.662487e-08        1
535  1.092566e-03        1
536  1.308521e-03        1
537  8.538722e-05        1
538  8.836123e-05        1
539  1.429839e-03        1
540  2.553579e-04        1
541  7.195202e-04        1
542  4.844663e-06        1
543  2.419119e-03        1
544  3.511675e-04        1
545  5.861339e-06        1
546  1.413124e-06        1
547  2.155859e-04        1
548  4.392320e-04        1
549  3.961566e-04        1
550  1.006727e-04        1
551  6.114368e-05        1
552  1.144375e-04        1
553  6.884491e-05        1
554  3.289087e-04        1
555  1.489101e-06        1
556  1.909612e-04        1
557  1.186887e-04        1
558  1.866081e-04        1
559  4.422040e-04        1
560  3.941153e-05        1
561  1.341885e-04        1
562  1.033020e-05        1
563  3.958932e-04        1
564  2.573246e-04        1
565  7.780288e-07        1
566  3.807197e-04        1
567  1.842308e-04        1
568  1.066561e-03        1
569  1.197530e-04        1
570  2.129673e-04        1
571  5.329453e-05        1
572  1.302716e-04        1
573  7.022657e-05        1
574  7.842942e-04        1
575  1.728383e-03        1
576  8.727399e-04        1
577  2.296078e-03        1
578  6.058292e-06        1
579  5.777051e-06        1
580  1.284404e-04        1
581  2.947343e-04        1
582  1.511955e-03        1
583  1.119063e-03        1
584  3.181785e-03        1
585  6.077593e-06        1
586  4.633944e-03        1
587  5.726218e-05        1
588  1.198687e-04        1
589  7.730810e-04        1
590  4.337964e-05        1
591  1.510636e-03        1
592  1.103703e-06        1
593  6.178796e-05        1
594  1.299538e-03        1
595  4.650115e-05        1
596  1.762356e-04        1
597  1.036612e-03        1
598  1.435902e-05        1
599  3.750446e-04        1
600  9.374725e-07        1
601  1.666611e-03        1
602  3.870398e-04        1
603  3.309001e-06        1
604  1.178402e-04        1
605  1.228934e-03        1
606  1.151182e-03        1
607  8.235115e-04        1
608  1.181657e-03        1
609  8.902247e-04        1
610  1.638081e-04        1
611  9.359919e-05        1
612  2.335792e-04        1
613  5.919998e-04        1
614  7.771028e-04        1
615  8.763422e-07        1
616  1.491294e-04        1
617  2.318786e-03        1
618  2.278357e-04        1
619  3.483261e-05        1
620  2.341023e-04        1
621  5.920590e-04        1
622  1.228264e-03        1
623  5.747644e-06        1
624  3.970867e-03        1
625  2.509624e-04        1
626  4.028617e-04        1
627  1.261630e-04        1
628  5.573742e-04        1
629  3.305506e-02        1
630  7.790505e-04        1
631  3.081477e-04        1
632  1.285962e-03        1
633  1.923817e-04        1
634  1.703142e-03        1
635  8.999037e-05        1
636  1.281759e-04        1
637  3.596290e-04        1
638  2.315016e-03        1
639  6.246268e-04        1
640  6.727928e-04        1
641  5.274225e-03        1
642  9.563674e-05        1
643  2.197185e-05        1
644  3.726564e-09        1
645  2.688624e-04        1
646  6.278553e-03        1
647  3.488141e-03        1
648  3.148951e-05        1
649  7.055666e-04        1
650  1.052777e-03        1
651  6.032965e-04        1
652  2.520616e-05        1
653  1.537188e-05        1
654  1.750381e-05        1
655  9.706418e-04        1
656  8.698729e-05        1
657  3.911878e-05        1
658  1.558109e-03        1
659  6.740942e-03        1
660  5.057643e-04        1
661  1.685177e-04        1
662  3.424665e-03        1
663  1.660040e-04        1
664  1.886313e-04        1
665  7.335036e-03        1
666  2.983744e-04        1
667  1.956766e-02        1
668  5.575330e-04        1
669  1.991756e-05        1
670  9.412939e-08        1
671  6.665515e-05        1
672  1.058980e-05        1
673  2.877130e-05        1
674  3.628472e-04        1
675  2.902618e-04        1
676  8.833635e-04        1
677  2.717785e-11        1
678  1.623722e-05        1
679  2.994164e-04        1
680  1.282006e-03        1
681  5.841829e-04        1
682  3.994086e-05        1
683  2.893452e-04        1
684  4.190322e-04        1
685  1.071117e-06        1
686  4.538357e-04        1
687  3.325225e-05        1
688  2.884040e-05        1
689  6.399631e-07        1
690  5.456427e-03        1
691  3.668263e-04        1
692  1.434364e-03        1
693  6.732319e-05        1
694  1.796949e-04        1
695  1.960180e-04        1
696  2.319812e-04        1
697  2.009748e-04        1
698  4.840637e-05        1
699  2.212164e-03        1
700  9.474951e-04        1
701  1.533517e-03        1
702  1.127674e-04        1
703  8.211587e-02        1
704  2.317151e-04        1
705  2.313575e-03        1
706  1.931765e-05        1
707  1.974739e-03        1
708  6.001313e-01 <0.02486
709  4.537977e-04        1
710  2.133078e-04        1
711  4.702078e-05        1
712  8.010357e-04        1
713  4.877285e-05        1
714  2.493091e-04        1
715  3.046550e-04        1
716  3.701844e-04        1
717  1.551677e-07        1
718  5.388881e-04        1
719  2.720902e-04        1
720  2.998848e-03        1
721  6.326033e-05        1
722  2.731009e-04        1
723  9.465768e-04        1
724  8.918086e-05        1
725  2.541685e-04        1
726  4.595701e-05        1
727  1.950524e-05        1
728  7.295698e-04        1
729  1.725296e-04        1
730  1.333309e-04        1
731  1.026465e-05        1
732  5.651909e-04        1
733  4.808832e-05        1
734  1.535692e-03        1
735  5.819969e-05        1
736  3.421521e-04        1
737  7.337507e-05        1
738  2.147181e-04        1
739  3.943524e-07        1
740  4.929682e-05        1
741  8.033460e-04        1
742  1.210710e-03        1
743  9.765414e-07        1
744  2.952971e-05        1
745  2.253272e-05        1
746  7.543866e-06        1
747  6.853525e-05        1
748  7.819925e-05        1
749  5.674128e-07        1
750  2.106370e-04        1
751  2.476663e-04        1
752  5.063696e-03        1
753  2.016173e-05        1
754  7.240654e-05        1
755  8.754907e-06        1
756  1.837853e-04        1
757  6.282520e-07        1
758  3.873965e-06        1
759  2.100200e-05        1
760  4.657874e-05        1
761  6.301492e-04        1
762  2.265996e-04        1
763  3.642192e-05        1
764  3.314004e-06        1
765  5.422155e-07        1
766  4.974804e-04        1
767  1.259259e-04        1
768  1.246926e-04        1
769  1.986464e-04        1
770  1.120475e-04        1
771  1.126894e-05        1
772  1.650963e-05        1
773  2.122454e-04        1
774  1.754856e-03        1
775  9.505496e-05        1
776  4.156832e-07        1
777  1.617915e-04        1
778  1.549195e-04        1
779  1.163683e-03        1
780  1.049721e-03        1
781  4.881171e-04        1
782  4.027913e-04        1
783  1.569434e-04        1
784  5.418294e-04        1
785  2.857546e-04        1
786  1.968374e-04        1
787  2.142458e-10        1
788  7.884885e-04        1
789  1.722581e-03        1
790  6.563312e-04        1
791  2.111963e-03        1
792  7.995742e-05        1
793  1.509293e-04        1
794  3.689653e-03        1
795  4.281518e-04        1
796  1.252789e-03        1
797  7.626630e-03        1
798  7.509708e-04        1
799  4.004386e-04        1
800  7.832802e-04        1
801  4.754575e-04        1
802  1.188831e-02        1
803  3.362854e-04        1
804  1.273969e-03        1
805  3.718784e-04        1
806  1.064969e-05        1
807  6.041406e-03        1
808  1.624004e-03        1
809  1.739853e-03        1
810  3.034159e-03        1
811  1.906238e-05        1
812  3.171814e-03        1
813  4.133779e-05        1
814  5.480065e-03  0.47234
815  4.839582e-04        1
816  3.595263e-05        1
817  2.298420e-04        1
818  4.331685e-05        1
819  6.557330e-06        1
820  9.104578e-04        1
821  2.002490e-04        1
822  3.439257e-05        1
823  1.259217e-03        1
824  7.086005e-04        1
825  8.717713e-08        1
826  8.929822e-06        1
827  4.065498e-04        1
828  3.737016e-05        1
829  1.895918e-05        1
830  5.152396e-04        1
831  2.514101e-04        1
832  2.237235e-04        1
833  2.437403e-04        1
834  3.787963e-03        1
835  1.105481e-03        1
836  1.167758e-05        1
837  5.399558e-05        1
838  3.430488e-04        1
839  5.926409e-05        1
840  7.252021e-05        1
841  1.441951e-03        1
842  5.558925e-04        1
843  4.748440e-04        1
844  2.797822e-04        1
845  9.583085e-03        1
846  1.485633e-04        1
847  9.790953e-04        1
848  4.790972e-05        1
849  7.711997e-06        1
850  7.246819e-05        1
851  8.529372e-04        1
852  3.130235e-05        1
853  3.137031e-05        1
854  2.185573e-03        1
855  2.786510e-06        1
856  1.693280e-04        1
857  1.408098e-04        1
858  1.243302e-04        1
859  2.354989e-03        1
860  2.496633e-05        1
861  1.430327e-04        1
862  5.692300e-04        1
863  6.534933e-05        1
864  4.125941e-04        1
865  1.878319e-04        1
866  5.001012e-03        1
867  1.432605e-05        1
868  2.669525e-04        1
869  2.879852e-04        1
870  2.712362e-04        1
871  2.755159e-03        1
872  2.957422e-05        1
873  1.726649e-04        1
874  1.019331e-03        1
875  6.913288e-03        1
876  2.793414e-05        1
877  6.632304e-06        1
878  8.039569e-04        1
879  3.164812e-04        1
880  1.005620e-05        1
881  7.043806e-03        1
882  3.012935e-03        1
883  4.381810e-03        1
884  5.411308e-05        1
885  6.511935e-07        1
886  4.299132e-05        1
887  1.154421e-04        1
888  5.456008e-04        1
889  6.714542e-04        1
890  3.501081e-03        1
891  7.790629e-04        1
892  7.421631e-05        1
893  5.978392e-04        1
894  3.581092e-04        1
895  1.737268e-04        1
896  1.939209e-05        1
897  1.535751e-03        1
898  5.679136e-04        1
899  3.533169e-04        1
900  3.702052e-04        1
901  1.489762e-04        1
902  1.324308e-05        1
903  1.005076e-04        1
904  8.999934e-05        1
905  1.720845e-03        1
906  6.879242e-06        1
907  3.546107e-04        1
908  1.027275e-03        1
909  1.209559e-02  0.07458
910  7.702390e-04        1
911  6.766806e-04        1
912  6.307900e-04        1
913  6.690193e-04        1
914  7.167658e-05        1
915  5.133465e-06        1
916  2.211473e-05        1
917  1.060912e-04        1
918  1.120062e-03        1
919  1.544450e-04        1
920  4.717634e-04        1
921  2.486542e-04        1
922  1.079309e-08        1
923  2.911818e-04        1
924  7.076394e-05        1
925  2.238867e-03        1
926  2.874374e-04        1
927  5.633457e-05        1
928  1.491581e-06        1
929  1.780009e-05        1
930  3.763524e-04        1
931  1.043301e-03        1
932  9.007311e-04        1
933  1.393130e-04        1
934  9.005520e-05        1
935  4.035488e-04        1
936  1.148832e-03        1
937  3.063785e-04        1
938  7.411404e-05        1
939  4.731440e-03        1
940  1.502505e-05        1
941  1.238012e-03        1
942  1.234679e-05        1
943  1.991801e-04        1
944  1.536340e-05        1
945  1.569148e-06        1
946  9.412325e-04        1
947  1.009811e-06        1
948  1.152477e-03        1
949  7.818451e-04        1
950  2.805538e-04        1
951  3.935354e-04        1
952  1.868299e-05        1
953  1.763060e-06        1
954  5.116021e-07        1
955  4.785814e-05        1
956  1.460920e-03        1
957  5.562443e-04        1
958  6.125265e-06        1
959  3.585241e-07        1
960  3.962567e-04        1
961  1.286283e-05        1
962  1.091961e-04        1
963  6.286327e-06        1
964  3.071129e-05        1
965  1.179006e-03        1
966  1.668224e-04        1
967  1.767934e-05        1
968  1.479545e-03        1
969  1.790677e-04        1
970  1.198181e-04        1
971  1.354472e-04        1
972  1.897120e-04        1
973  3.047555e-04        1
974  5.912902e-04        1
975  5.090562e-04        1
976  7.715545e-04        1
977  3.282997e-03        1
978  1.105105e-03        1
979  9.478249e-04        1
980  1.358762e-03        1
981  6.139147e-05        1
982  3.854224e-05        1
983  9.166374e-05        1
984  4.998475e-05        1
985  3.010292e-06        1
986  2.953895e-05        1
987  5.819343e-03        1
988  7.342559e-07        1
989  3.354735e-04        1
990  4.241191e-05        1
991  1.254297e-04        1
992  2.509957e-04        1
993  1.581045e-03        1
994  5.350662e-04        1
995  1.327097e-03        1
996  5.754381e-05        1
997  3.585311e-04        1
998  1.846163e-03        1
999  1.899564e-04        1
1000 9.680303e-05        1
1001 2.418411e-04        1
1002 1.457760e-05        1
1003 9.068186e-07        1
1004 6.707892e-04        1
1005 3.665549e-04        1
1006 1.733142e-03        1
1007 2.290597e-03        1
1008 5.080216e-04        1
1009 1.279952e-05        1
1010 3.523061e-03        1
1011 2.809015e-04        1
1012 9.293655e-05        1
1013 3.136214e-05        1
1014 9.941635e-05        1
1015 6.658016e-05        1
1016 7.056516e-04        1
1017 1.422608e-02        1
1018 4.840830e-03        1
1019 8.108790e-05        1
1020 1.988908e-05        1
1021 2.194159e-03        1
1022 7.317562e-06        1
1023 3.215946e-05        1
1024 2.901154e-04        1
1025 3.481037e-04        1
1026 2.447834e-05        1
1027 1.808069e-04        1
1028 8.361460e-03        1
1029 4.155439e-03        1
1030 4.613009e-04        1
1031 2.927401e-03        1
1032 1.461886e-03        1
1033 3.860336e-04        1
1034 1.295131e-05        1
1035 3.808309e-04        1
1036 5.037153e-04        1
1037 3.282890e-04        1
1038 5.424697e-05        1
1039 1.622102e-03        1
1040 2.279189e-02        1
1041 3.431775e-05        1
1042 1.482712e-03        1
1043 1.936419e-04        1
1044 4.840492e-04        1
1045 7.954893e-05        1
1046 1.779678e-04        1
1047 3.371080e-03        1
1048 1.333888e-04        1
1049 2.197388e-07        1
1050 3.771292e-04        1
1051 2.658018e-04        1
1052 3.802269e-07        1
1053 7.165030e-03        1
1054 1.218436e-04        1
1055 1.080986e-05        1
1056 2.876637e-06        1
1057 8.614116e-04        1
1058 9.158033e-06        1
1059 2.106226e-04        1
1060 7.609965e-04        1
1061 1.458821e-04        1
1062 1.001298e-03        1
1063 3.598479e-04        1
1064 5.091417e-03        1
1065 1.015763e-04        1
1066 2.947371e-05        1
1067 4.265398e-04        1
1068 2.080589e-03        1
1069 1.458685e-05        1
1070 1.684477e-04        1
1071 5.916102e-07        1
1072 7.714037e-03        1
1073 3.698020e-04        1
1074 6.291063e-04        1
1075 1.755854e-04        1
1076 1.698484e-04        1
1077 6.941185e-05        1
1078 2.026763e-04        1
1079 3.368584e-03        1
1080 9.904260e-04        1
1081 1.129819e-04        1
1082 1.790556e-04        1
1083 4.992111e-04        1
1084 4.007898e-04        1
1085 1.722858e-04        1
1086 2.401798e-04        1
1087 1.297718e-05        1
1088 1.344171e-03        1
1089 2.367711e-02        1
1090 1.638988e-02        1
1091 1.136623e-04        1
1092 1.048005e-05        1
1093 1.177179e-04        1
1094 5.741455e-05        1
1095 2.606940e-04        1
1096 3.541770e-03        1
1097 2.257324e-04        1
1098 3.610016e-06        1
1099 2.523196e-05        1
1100 1.292699e-04        1
1101 1.019751e-04        1
1102 3.001920e-03        1
1103 1.327410e-05        1
1104 2.849596e-04        1
1105 1.050151e-05        1
1106 3.702651e-05        1
1107 2.094976e-03        1
1108 3.177349e-05        1
1109 2.622451e-04        1
1110 1.107996e-04        1
1111 7.975465e-04        1
1112 3.369688e-05        1
1113 3.049943e-04        1
1114 7.837003e-04        1
1115 1.779450e-04        1
1116 1.114535e-04        1
1117 3.495245e-05        1
1118 1.290530e-04        1
1119 2.670127e-05        1
1120 3.365062e-05        1
1121 5.188175e-06        1
1122 4.051217e-03        1
1123 1.335983e-04        1
1124 3.842828e-05        1
1125 1.924781e-06        1
1126 4.498907e-04        1
1127 1.159860e-03        1
1128 1.215239e-03        1
1129 2.721655e-04        1
1130 2.715413e-05        1
1131 3.447074e-04        1
1132 4.648965e-05        1
1133 1.049413e-04        1
1134 1.666344e-04        1
1135 2.449565e-03        1
1136 8.069708e-04        1
1137 1.679077e-03        1
1138 2.203741e-05        1
1139 1.904744e-06        1
1140 9.520053e-04        1
1141 1.612142e-04        1
1142 5.293035e-03        1
1143 1.690234e-04        1
1144 3.885350e-05        1
1145 2.570859e-05        1
1146 1.165405e-03        1
1147 8.773464e-04        1
1148 4.852520e-04        1
1149 3.828976e-04        1
1150 6.699734e-03        1
1151 1.484084e-07        1
1152 2.001232e-04        1
1153 1.967720e-05        1
1154 4.563931e-06        1
1155 2.551227e-03  0.07458
1156 4.262195e-06        1
1157 1.090029e-03        1
1158 5.312073e-05        1
1159 6.034327e-04        1
1160 1.163974e-04        1
1161 2.648748e-05        1
1162 4.482622e-06        1
1163 3.046428e-04        1
1164 1.267327e-05        1
1165 4.123908e-04        1
1166 1.731429e-06        1
1167 3.633875e-03        1
1168 1.324679e-04        1
1169 1.546668e-05        1
1170 4.964474e-05        1
1171 5.007148e-04        1
1172 2.255655e-04        1
1173 7.155623e-04        1
1174 4.507185e-06        1
1175 3.742263e-03        1
1176 5.087133e-06        1
1177 5.388281e-05        1
1178 6.491615e-04        1
1179 6.041728e-06        1
1180 4.937097e-06        1
1181 3.765546e-04        1
1182 4.604921e-04        1
1183 1.586220e-07        1
1184 5.245824e-03        1
1185 1.049113e-03        1
1186 3.189799e-03        1
1187 1.525418e-04        1
1188 3.047818e-05        1
1189 2.746465e-05        1
1190 9.019291e-06        1
1191 1.051265e-03        1
1192 1.150518e-04        1
1193 4.699282e-06        1
1194 2.926304e-05        1
1195 7.974551e-06        1
1196 4.260061e-04        1
1197 5.461329e-04        1
1198 1.822257e-07        1
1199 3.890696e-03        1
1200 4.578638e-04        1
1201 1.239043e-04        1
1202 9.456760e-04        1
1203 6.834488e-05        1
1204 7.743711e-04        1
1205 1.034756e-05        1
1206 2.293297e-05        1
1207 1.025543e-04        1
1208 5.294986e-04        1
1209 4.327319e-04        1
1210 1.564978e-03        1
1211 1.487660e-03        1
1212 1.217673e-03        1
1213 5.331420e-04        1
1214 2.332305e-04        1
1215 1.268070e-03        1
1216 6.028959e-04        1
1217 1.884232e-04        1
1218 9.915554e-04        1
1219 5.649869e-04        1
1220 1.371440e-06        1
1221 2.463987e-04        1
1222 4.806291e-06        1
1223 5.055875e-06        1
1224 5.159130e-04        1
1225 2.429421e-06        1
1226 1.546568e-03        1
1227 3.775582e-06        1
1228 8.586519e-04        1
1229 1.622257e-04        1
1230 5.225155e-04        1
1231 2.626557e-05        1
1232 2.448257e-03        1
1233 2.018236e-04        1
1234 4.584856e-04        1
1235 1.722815e-09        1
1236 1.247055e-05        1
1237 2.554908e-04        1
1238 1.626887e-05        1
1239 1.618413e-04        1
1240 4.874593e-04        1
1241 3.650949e-04        1
1242 2.389062e-05        1
1243 1.025219e-04        1

$`MR-PRESSO results`$`Distortion Test`
$`MR-PRESSO results`$`Distortion Test`$`Outliers Indices`
[1] 418 708

$`MR-PRESSO results`$`Distortion Test`$`Distortion Coefficient`
beta.exposure 
     16.09267 

$`MR-PRESSO results`$`Distortion Test`$Pvalue
[1] 0.78196



