$`Main MR results`
       Exposure       MR Analysis Causal Estimate         Sd   T-stat
1 beta.exposure               Raw       0.1025360 0.05459792 1.878021
2 beta.exposure Outlier-corrected       0.1166415 0.05311783 2.195901
     P-value
1 0.06125724
2 0.02879458

$`MR-PRESSO results`
$`MR-PRESSO results`$`Global Test`
$`MR-PRESSO results`$`Global Test`$RSSobs
[1] 430.5966

$`MR-PRESSO results`$`Global Test`$Pvalue
[1] 0.00012


$`MR-PRESSO results`$`Outlier Test`
          RSSobs   Pvalue
1   1.772844e-04        1
2   2.135626e-08        1
3   2.727427e-05        1
4   2.738564e-05        1
5   3.791596e-04        1
6   9.614056e-07        1
7   1.805203e-05        1
8   8.235172e-05        1
9   3.745155e-06        1
10  5.808561e-05        1
11  4.001476e-05        1
12  7.524633e-06        1
13  2.857658e-05        1
14  4.393068e-04        1
15  5.470051e-04        1
16  3.751666e-04        1
17  2.578364e-04        1
18  1.009304e-06        1
19  3.632066e-04        1
20  1.200629e-04        1
21  1.333459e-04        1
22  1.201891e-06        1
23  4.212081e-05        1
24  1.347930e-03        1
25  1.805949e-04        1
26  8.279999e-05        1
27  1.595843e-03        1
28  1.742735e-04        1
29  7.751110e-05        1
30  3.422465e-04        1
31  7.571575e-06        1
32  6.788361e-05        1
33  3.115552e-05        1
34  6.765719e-05        1
35  9.439302e-06        1
36  2.162911e-07        1
37  1.246853e-05        1
38  2.714084e-06        1
39  1.298023e-04        1
40  3.606876e-09        1
41  5.441485e-05        1
42  2.236279e-04        1
43  1.566272e-04        1
44  4.713635e-04        1
45  1.806676e-04        1
46  2.325028e-04        1
47  1.216547e-06        1
48  1.191465e-05        1
49  1.329035e-05        1
50  1.648545e-05        1
51  1.378341e-04        1
52  9.913236e-06        1
53  1.030885e-06        1
54  1.094819e-04        1
55  1.446250e-04        1
56  2.176206e-04        1
57  5.131475e-05        1
58  9.523315e-05        1
59  4.016946e-05        1
60  1.258342e-04        1
61  3.189891e-05        1
62  8.400035e-05        1
63  6.503668e-05        1
64  1.766201e-05        1
65  4.358461e-04        1
66  1.282927e-05        1
67  1.201960e-04        1
68  9.497749e-07        1
69  1.168161e-04        1
70  9.106772e-13        1
71  1.831068e-05        1
72  1.510326e-04        1
73  5.755700e-06        1
74  1.464892e-05        1
75  9.119491e-05        1
76  5.488766e-05        1
77  3.473241e-05        1
78  4.819399e-09        1
79  7.441272e-04        1
80  8.801994e-04        1
81  5.260594e-04        1
82  6.292388e-04        1
83  5.347784e-04        1
84  2.043482e-05        1
85  2.183861e-04        1
86  6.642202e-06        1
87  3.021368e-04        1
88  8.496207e-06        1
89  3.786962e-05        1
90  7.741954e-05        1
91  4.144736e-05        1
92  2.615997e-04        1
93  5.360557e-05        1
94  2.214698e-07        1
95  3.276353e-04        1
96  1.701098e-05        1
97  1.903197e-05        1
98  7.862814e-04        1
99  2.456715e-05        1
100 2.071211e-04        1
101 2.943660e-03        1
102 3.440905e-05        1
103 2.544861e-04        1
104 1.104430e-03        1
105 9.096615e-05        1
106 1.744649e-05        1
107 3.601814e-06        1
108 7.453521e-04        1
109 1.213686e-04        1
110 2.043905e-06        1
111 3.392516e-05        1
112 3.398238e-05        1
113 5.165050e-05        1
114 1.539007e-05        1
115 9.373457e-07        1
116 1.292885e-03        1
117 6.011381e-06        1
118 1.451809e-03  0.91632
119 1.705813e-07        1
120 1.464190e-04        1
121 1.706109e-05        1
122 8.836927e-05        1
123 2.914810e-06        1
124 3.503128e-08        1
125 6.837146e-05        1
126 1.637060e-06        1
127 1.243208e-05        1
128 2.455809e-05        1
129 8.477086e-04  0.25232
130 1.636702e-05        1
131 1.271047e-04        1
132 3.917264e-07        1
133 8.988916e-06        1
134 1.778106e-05        1
135 1.191100e-04        1
136 8.963920e-05        1
137 4.942307e-04        1
138 8.628664e-04        1
139 5.937670e-05        1
140 4.367207e-05        1
141 2.191556e-06        1
142 1.455027e-05        1
143 4.264359e-05        1
144 9.542388e-05        1
145 6.200911e-05        1
146 2.167179e-04        1
147 2.204471e-04        1
148 7.413393e-07        1
149 6.661433e-05        1
150 8.156470e-05        1
151 2.487757e-05        1
152 9.811663e-06        1
153 7.145141e-07        1
154 6.396769e-06        1
155 6.949137e-05        1
156 4.241259e-04        1
157 3.034269e-05        1
158 7.474928e-07        1
159 7.729228e-05        1
160 2.696498e-04        1
161 1.794348e-08        1
162 1.396041e-05        1
163 6.276857e-05        1
164 5.352067e-06        1
165 3.347734e-05        1
166 1.130350e-07        1
167 1.626956e-04        1
168 2.939003e-05        1
169 4.936228e-05        1
170 6.036938e-04        1
171 1.419101e-04        1
172 8.507311e-05        1
173 6.715645e-05        1
174 5.618770e-04        1
175 4.803240e-06        1
176 9.717426e-05        1
177 5.596367e-04        1
178 9.207531e-05        1
179 1.735988e-05        1
180 9.924555e-04        1
181 2.836771e-04        1
182 9.412691e-06        1
183 5.811640e-05        1
184 5.133448e-04        1
185 4.178529e-04        1
186 5.467879e-06        1
187 4.718215e-05        1
188 2.273898e-06        1
189 5.354671e-05        1
190 2.617827e-05        1
191 1.777567e-04        1
192 6.638799e-05        1
193 2.104920e-04        1
194 6.878251e-06        1
195 1.727851e-03        1
196 7.930314e-05        1
197 6.796405e-05        1
198 3.009593e-08        1
199 3.849728e-04        1
200 1.074220e-04        1
201 1.609406e-04        1
202 1.344145e-04        1
203 6.761540e-05        1
204 6.652318e-10        1
205 7.741582e-06        1
206 2.413659e-04        1
207 1.916238e-04        1
208 2.253995e-06        1
209 3.244041e-06        1
210 9.971697e-05        1
211 1.010429e-04        1
212 1.402969e-04        1
213 7.351314e-04        1
214 4.053307e-04        1
215 9.300573e-04  0.27888
216 8.159045e-05        1
217 1.784311e-04        1
218 5.117700e-08        1
219 4.481538e-08        1
220 6.874273e-06        1
221 2.147461e-07        1
222 7.877673e-06        1
223 1.185772e-08        1
224 1.648905e-04        1
225 2.656055e-05        1
226 5.280406e-05        1
227 8.497789e-05        1
228 7.428704e-07        1
229 4.485972e-05        1
230 1.679436e-05        1
231 7.341331e-06        1
232 9.105383e-06        1
233 8.064361e-06        1
234 3.257773e-05        1
235 7.871278e-08        1
236 2.687618e-05        1
237 7.654835e-04        1
238 2.419003e-05        1
239 9.705131e-05        1
240 2.493267e-05        1
241 1.510231e-04        1
242 8.727656e-06        1
243 1.879367e-04        1
244 8.415112e-07        1
245 1.053101e-06        1
246 3.785728e-03        1
247 3.801814e-04        1
248 8.416717e-06        1
249 1.185419e-05        1
250 3.638536e-03 <0.01328
251 2.099200e-05        1
252 1.916980e-04        1
253 1.435477e-05        1
254 3.283390e-04        1
255 5.822265e-05        1
256 5.016472e-05        1
257 9.199583e-04        1
258 7.547952e-05        1
259 2.674400e-04        1
260 4.844567e-05        1
261 3.853258e-09        1
262 1.131673e-05        1
263 4.793140e-06        1
264 4.943766e-04        1
265 2.687108e-04        1
266 6.184045e-05        1
267 9.858000e-04        1
268 8.085829e-05        1
269 1.654734e-04        1
270 1.061749e-07        1
271 4.201325e-04        1
272 4.941160e-05        1
273 6.096893e-05        1
274 1.150139e-04        1
275 7.451380e-06        1
276 9.767003e-05        1
277 9.225886e-05        1
278 2.153277e-05        1
279 5.751022e-05        1
280 4.190742e-05        1
281 5.621119e-04        1
282 7.740629e-07        1
283 8.906824e-06        1
284 2.322951e-05        1
285 2.846781e-04        1
286 6.735996e-05        1
287 1.749524e-04        1
288 1.577872e-05        1
289 7.251368e-05        1
290 3.781384e-04        1
291 7.602600e-04        1
292 1.433223e-04        1
293 3.260469e-06        1
294 1.017173e-04        1
295 1.495504e-03        1
296 5.966169e-04        1
297 1.806909e-05        1
298 3.686778e-05        1
299 7.117337e-05        1
300 2.105261e-07        1
301 7.884631e-05        1
302 1.586212e-03        1
303 1.209345e-04        1
304 1.752523e-05        1
305 2.247264e-05        1
306 1.691318e-04        1
307 1.447596e-04        1
308 4.906178e-05        1
309 4.146379e-04        1
310 2.756123e-05        1
311 1.477789e-04        1
312 1.093701e-06        1
313 1.075819e-03        1
314 5.905715e-06        1
315 5.163889e-04        1
316 5.989878e-04        1
317 9.701951e-05        1
318 3.715133e-05        1
319 6.675779e-05        1
320 2.229062e-04        1
321 6.512968e-06        1
322 1.739172e-04        1
323 1.724523e-04        1
324 1.380474e-06        1
325 2.492373e-05        1
326 1.339290e-04        1
327 3.151712e-05        1
328 1.730128e-04        1
329 2.396607e-04        1
330 2.458141e-04        1
331 1.328637e-04        1
332 1.694304e-04        1

$`MR-PRESSO results`$`Distortion Test`
$`MR-PRESSO results`$`Distortion Test`$`Outliers Indices`
[1] 250

$`MR-PRESSO results`$`Distortion Test`$`Distortion Coefficient`
beta.exposure 
    -12.09299 

$`MR-PRESSO results`$`Distortion Test`$Pvalue
[1] 0.81716



