$`Main MR results`
       Exposure       MR Analysis Causal Estimate         Sd   T-stat
1 beta.exposure               Raw       0.2203275 0.09400372 2.343816
2 beta.exposure Outlier-corrected       0.2507025 0.08820059 2.842412
     P-value
1 0.02088346
2 0.00534620

$`MR-PRESSO results`
$`MR-PRESSO results`$`Global Test`
$`MR-PRESSO results`$`Global Test`$RSSobs
[1] 205.5381

$`MR-PRESSO results`$`Global Test`$Pvalue
[1] "<1e-04"


$`MR-PRESSO results`$`Outlier Test`
          RSSobs  Pvalue
1   4.210180e-05       1
2   4.740213e-04       1
3   1.716329e-05       1
4   5.001485e-04       1
5   4.435152e-04       1
6   1.783292e-04       1
7   1.980274e-04       1
8   1.402774e-04       1
9   4.837510e-05       1
10  2.075470e-04       1
11  2.344879e-04       1
12  1.594227e-04       1
13  1.904848e-04       1
14  6.432137e-05       1
15  2.688222e-04       1
16  2.948321e-05       1
17  1.114671e-04       1
18  4.342086e-06       1
19  9.399698e-05       1
20  5.557195e-08       1
21  3.117437e-05       1
22  1.936371e-04       1
23  6.208893e-04       1
24  7.472657e-04       1
25  4.161658e-04       1
26  5.140043e-04       1
27  4.218024e-04       1
28  1.808687e-04       1
29  2.502960e-04       1
30  2.356768e-05       1
31  3.107512e-04       1
32  8.148454e-05       1
33  3.208893e-05       1
34  1.556809e-04       1
35  3.134263e-07       1
36  1.997621e-05       1
37  6.776321e-06       1
38  9.198260e-07       1
39  1.334808e-03  0.3996
40  1.778773e-04       1
41  6.447949e-09       1
42  3.150179e-06       1
43  3.779832e-05       1
44  2.750283e-05       1
45  1.582934e-04       1
46  3.234117e-07       1
47  6.026091e-04  0.5106
48  4.469054e-06       1
49  9.235501e-05       1
50  6.005456e-06       1
51  9.112220e-05       1
52  1.800998e-05       1
53  5.508422e-05       1
54  2.264400e-04       1
55  5.218860e-06       1
56  2.314391e-06       1
57  4.904778e-05       1
58  4.912363e-04       1
59  7.735990e-05       1
60  4.483749e-04       1
61  1.540109e-05       1
62  8.774301e-04       1
63  4.021661e-04       1
64  6.769646e-05       1
65  7.962802e-06       1
66  4.857294e-05       1
67  2.677454e-04       1
68  3.830943e-07       1
69  1.529138e-03       1
70  1.994778e-04       1
71  1.566477e-04       1
72  9.828728e-06       1
73  6.727078e-04  0.5328
74  3.485204e-04       1
75  1.021891e-03  0.0555
76  2.152597e-04       1
77  5.515873e-06       1
78  7.608650e-07       1
79  1.398113e-05       1
80  4.463430e-06       1
81  2.396100e-07       1
82  1.721877e-05       1
83  1.597806e-05       1
84  1.268641e-04       1
85  1.860833e-05       1
86  3.875774e-03 <0.0111
87  1.590937e-04       1
88  5.511953e-06       1
89  7.866083e-04       1
90  3.227961e-04       1
91  3.320062e-04       1
92  8.443338e-04       1
93  2.591181e-06       1
94  3.709661e-04       1
95  4.148738e-05       1
96  8.576984e-05       1
97  4.049442e-05       1
98  2.312213e-05       1
99  9.549822e-05       1
100 1.969866e-05       1
101 4.338435e-06       1
102 1.612902e-04       1
103 1.802394e-04       1
104 3.566042e-04       1
105 1.206559e-03       1
106 7.078979e-07       1
107 6.880619e-04       1
108 7.141793e-05       1
109 1.261942e-04       1
110 1.354722e-04       1
111 1.776594e-04       1

$`MR-PRESSO results`$`Distortion Test`
$`MR-PRESSO results`$`Distortion Test`$`Outliers Indices`
[1] 86

$`MR-PRESSO results`$`Distortion Test`$`Distortion Coefficient`
beta.exposure 
    -12.11595 

$`MR-PRESSO results`$`Distortion Test`$Pvalue
[1] 0.7516



