$`Main MR results`
       Exposure       MR Analysis Causal Estimate          Sd   T-stat
1 beta.exposure               Raw     0.005253876 0.003017823 1.740949
2 beta.exposure Outlier-corrected     0.004695786 0.002702780 1.737391
     P-value
1 0.08183248
2 0.08245843

$`MR-PRESSO results`
$`MR-PRESSO results`$`Global Test`
$`MR-PRESSO results`$`Global Test`$RSSobs
[1] 3089.729

$`MR-PRESSO results`$`Global Test`$Pvalue
[1] "<1e-05"


$`MR-PRESSO results`$`Outlier Test`
           RSSobs   Pvalue
1    2.456665e-05        1
2    1.223019e-03        1
3    6.498170e-08        1
4    6.059644e-04        1
5    8.140876e-03        1
6    2.140532e-04        1
7    1.065690e-05        1
8    2.615006e-04        1
9    1.730975e-03        1
10   1.504879e-03        1
11   2.608513e-04        1
12   9.153382e-04        1
13   5.434669e-04        1
14   5.859110e-08        1
15   2.644339e-05        1
16   5.556011e-08        1
17   4.987280e-05        1
18   3.833149e-04        1
19   6.756414e-05        1
20   1.098430e-03        1
21   7.772704e-04        1
22   9.438494e-06        1
23   3.693294e-06        1
24   2.470860e-04        1
25   1.719806e-06        1
26   6.396457e-05        1
27   4.137637e-04        1
28   2.287358e-03        1
29   7.647328e-04        1
30   1.892386e-04        1
31   1.599989e-06        1
32   4.876841e-04        1
33   1.123930e-03        1
34   9.436860e-04        1
35   3.545725e-03        1
36   1.370177e-04        1
37   4.492567e-03        1
38   8.279368e-04        1
39   1.373704e-03        1
40   2.310905e-03        1
41   1.083608e-04        1
42   1.771612e-04        1
43   1.462091e-03        1
44   5.690234e-04        1
45   1.278051e-03        1
46   6.621956e-04        1
47   4.959296e-04        1
48   1.097828e-03        1
49   4.995325e-04        1
50   2.159993e-06        1
51   5.336245e-05        1
52   2.139550e-04        1
53   8.011119e-06        1
54   2.258424e-04        1
55   9.963068e-05        1
56   4.774792e-05        1
57   6.912769e-05        1
58   1.596885e-04        1
59   6.246213e-06        1
60   1.387776e-04        1
61   3.615214e-04        1
62   1.212708e-03        1
63   7.790935e-02        1
64   2.723644e-06        1
65   1.823097e-06        1
66   1.376744e-04        1
67   2.576188e-04        1
68   1.036015e-03        1
69   1.947181e-04        1
70   1.230513e-04        1
71   1.652374e-06        1
72   7.215854e-04        1
73   1.078372e-03        1
74   4.654192e-04        1
75   3.200115e-04        1
76   2.389633e-04        1
77   1.465576e-03        1
78   1.999557e-05        1
79   4.928812e-04        1
80   8.930166e-04        1
81   7.744471e-05        1
82   1.855230e-04        1
83   3.498805e-04        1
84   4.558962e-04        1
85   6.060395e-04        1
86   4.329783e-05        1
87   6.412535e-05        1
88   5.227216e-04        1
89   1.519323e-05        1
90   3.132478e-04        1
91   1.221436e-03        1
92   3.114298e-04        1
93   1.131828e-06        1
94   5.085534e-04        1
95   4.013614e-06        1
96   4.387521e-06        1
97   2.903505e-04        1
98   1.378357e-05        1
99   2.996193e-04        1
100  5.992118e-04        1
101  4.075907e-05        1
102  8.361539e-04        1
103  1.859475e-05        1
104  3.995316e-05        1
105  2.021297e-03        1
106  9.080970e-07        1
107  1.258252e-03        1
108  9.851958e-04        1
109  3.668883e-04        1
110  5.078753e-04        1
111  6.937708e-04        1
112  8.859900e-04        1
113  4.255923e-05        1
114  4.104221e-04        1
115  2.478395e-03        1
116  3.463725e-04        1
117  6.599974e-05        1
118  1.042995e-04        1
119  1.007125e-04        1
120  3.570086e-05        1
121  7.985661e-02        1
122  1.148248e-04        1
123  6.587630e-04        1
124  1.648454e-05        1
125  1.244230e-03        1
126  2.596073e-05        1
127  1.176806e-05        1
128  5.997775e-04        1
129  7.577660e-04        1
130  4.712150e-03        1
131  3.860719e-05        1
132  3.198776e-05        1
133  2.244506e-03        1
134  3.256483e-05        1
135  3.067027e-05        1
136  9.388000e-04        1
137  2.360992e-04        1
138  2.367658e-05        1
139  2.815286e-05        1
140  1.791739e-04        1
141  4.653525e-04        1
142  7.964527e-04        1
143  3.643111e-04        1
144  1.420540e-03        1
145  2.559975e-05        1
146  7.043870e-06        1
147  7.429293e-05        1
148  9.995918e-06        1
149  2.129984e-04        1
150  1.138893e-06        1
151  2.406844e-03        1
152  1.601859e-04        1
153  1.407946e-05        1
154  4.962221e-07        1
155  4.307767e-06        1
156  3.498851e-05        1
157  1.874574e-04        1
158  8.458846e-05        1
159  3.121338e-04        1
160  2.189612e-04        1
161  3.528709e-04        1
162  4.429910e-06        1
163  2.242723e-03        1
164  2.788348e-04        1
165  5.169871e-04        1
166  4.111911e-05        1
167  1.383094e-04        1
168  2.333254e-06        1
169  1.813184e-03        1
170  2.728771e-04        1
171  8.682617e-06        1
172  2.419122e-03        1
173  9.667489e-05        1
174  1.818645e-03        1
175  5.865719e-04        1
176  3.806076e-03        1
177  1.613995e-03        1
178  9.722634e-04        1
179  1.303427e-04        1
180  1.428409e-05        1
181  5.634913e-04        1
182  1.693474e-05        1
183  1.069989e-04        1
184  9.925389e-05        1
185  6.120838e-04        1
186  3.045523e-04        1
187  7.836914e-05        1
188  2.012004e-04        1
189  6.686789e-04        1
190  1.654172e-02        1
191  7.480336e-06        1
192  1.379955e-06        1
193  1.489779e-03        1
194  5.917536e-03        1
195  1.891630e-02        1
196  1.720270e-04        1
197  3.488404e-05        1
198  8.403956e-06        1
199  6.483126e-07        1
200  1.958791e-03        1
201  1.017362e-02        1
202  1.190007e-02        1
203  8.279220e-04        1
204  2.627522e-03        1
205  5.423117e-04        1
206  4.808940e-03        1
207  3.673597e-03        1
208  4.216861e-03        1
209  1.693251e-04        1
210  1.050899e-03        1
211  6.355338e-04        1
212  1.249658e-03        1
213  1.119646e-04        1
214  2.172264e-04        1
215  4.438979e-04        1
216  1.955350e-03        1
217  8.308809e-05        1
218  2.917615e-02        1
219  2.666168e-04        1
220  6.051863e-08        1
221  3.203437e-08        1
222  2.910259e-03        1
223  2.309937e-04        1
224  6.439964e-06        1
225  2.744574e-04        1
226  1.789092e-05        1
227  6.840845e-04        1
228  7.156536e-07        1
229  2.947729e-03        1
230  6.040747e-05        1
231  2.960485e-04        1
232  5.909704e-04        1
233  1.120193e-04        1
234  8.716014e-04        1
235  7.557517e-04        1
236  3.490527e-06        1
237  1.124815e-02        1
238  1.007362e-02        1
239  9.467425e-04        1
240  2.833253e-04        1
241  9.626918e-02        1
242  2.497508e-04        1
243  1.841789e-03        1
244  2.625518e-05        1
245  8.053812e-06        1
246  2.592108e-02        1
247  2.152545e-03        1
248  5.832963e-03        1
249  2.792835e-04        1
250  4.317071e-02        1
251  5.061160e-04        1
252  4.878420e-04        1
253  3.760646e-03        1
254  4.604786e-03        1
255  6.578313e-05        1
256  5.972960e-05        1
257  1.716242e-04        1
258  5.400036e-05        1
259  1.406032e-05        1
260  2.998132e-05        1
261  5.707976e-03        1
262  6.163383e-09        1
263  2.647022e-04        1
264  3.367308e-05        1
265  8.826206e-05        1
266  2.604079e-03        1
267  2.044002e-05        1
268  5.239155e-05        1
269  2.924280e-03        1
270  6.226565e-05        1
271  1.074343e-05        1
272  4.918928e-07        1
273  2.361710e-05        1
274  5.058202e-06        1
275  2.526602e-03        1
276  5.971982e-03        1
277  1.227923e-03        1
278  7.340987e-04        1
279  4.571024e-03        1
280  8.141708e-05        1
281  4.190030e-03        1
282  3.026112e-04        1
283  1.495433e-04        1
284  9.978011e-07        1
285  9.792604e-04        1
286  1.765375e-05        1
287  8.643589e-05        1
288  5.281143e-05        1
289  2.279928e-05        1
290  9.237422e-05        1
291  8.805794e-04        1
292  5.437721e-05        1
293  4.504421e-03        1
294  5.059582e-04        1
295  3.259354e-04        1
296  6.628104e-05        1
297  2.947906e-04        1
298  2.442137e-03        1
299  2.298456e-02        1
300  2.306463e-04        1
301  7.000260e-03        1
302  1.087680e-04        1
303  1.204940e-05        1
304  8.189002e-04        1
305  1.200662e-02        1
306  1.782809e-03        1
307  4.097077e-03        1
308  3.612762e-02        1
309  2.360110e-05        1
310  9.150218e-05        1
311  3.401567e-04        1
312  2.192638e-02        1
313  1.049657e-03        1
314  2.998199e-02        1
315  2.412064e-02        1
316  8.411805e-06        1
317  6.344206e-03        1
318  3.178116e-04        1
319  5.777651e-04        1
320  3.876989e-03        1
321  5.562847e-06        1
322  1.500204e-03        1
323  1.110430e-05        1
324  6.085246e-08        1
325  2.697510e-03        1
326  1.634191e-06        1
327  7.478905e-04        1
328  3.142350e-06        1
329  4.863081e-07        1
330  5.016529e-04        1
331  1.658180e-02        1
332  2.255138e-02        1
333  1.673929e-01        1
334  8.773550e-03        1
335  1.702925e-04        1
336  1.244594e-04        1
337  9.000371e-04        1
338  1.157739e-03        1
339  8.973581e-04        1
340  1.831715e-04        1
341  4.876889e-03        1
342  1.180834e-07        1
343  1.336631e-03        1
344  4.559216e-05        1
345  8.476434e-04        1
346  1.752885e-04        1
347  1.087138e-06        1
348  7.474028e-06        1
349  2.987896e-06        1
350  3.392848e-04        1
351  5.027966e-04        1
352  7.760029e-04        1
353  4.528644e-04        1
354  1.657186e-03        1
355  1.585520e-03        1
356  1.152857e-05        1
357  1.916057e-03        1
358  4.463278e-04        1
359  6.794359e-04        1
360  1.795422e-02        1
361  2.746844e-05        1
362  3.274407e-04        1
363  1.534350e-03        1
364  5.306256e-06        1
365  6.549690e-05        1
366  3.264068e-05        1
367  5.121187e-05        1
368  1.251007e-03        1
369  1.795069e-04        1
370  1.022024e-05        1
371  2.662670e-05        1
372  4.305345e-05        1
373  2.816882e-07        1
374  1.311338e-04        1
375  6.924330e-04        1
376  8.726628e-05        1
377  3.556160e-03        1
378  3.044603e-05        1
379  6.562050e-06        1
380  5.795847e-03        1
381  7.665808e-04        1
382  3.498599e-04        1
383  1.162180e-04        1
384  6.140238e-04        1
385  1.085671e-03        1
386  3.673022e-04        1
387  1.405066e-05        1
388  1.816969e-04        1
389  1.797216e-04        1
390  4.263432e-04        1
391  5.431054e-03        1
392  5.272980e-08        1
393  1.131782e-07        1
394  5.979621e-04        1
395  8.113514e-05        1
396  8.933553e-06        1
397  4.873760e-03        1
398  6.118558e-05        1
399  3.372353e-03        1
400  4.495530e-05        1
401  1.487242e-03        1
402  8.453223e-10        1
403  7.171491e-04        1
404  5.591089e-04        1
405  5.257487e-08        1
406  2.427475e-05        1
407  1.253013e-02        1
408  2.703830e-04        1
409  1.922229e-04        1
410  1.105622e-04        1
411  9.740095e-06        1
412  4.898280e-04        1
413  7.688647e-06        1
414  2.526890e-05        1
415  4.433001e-06        1
416  1.964880e-03        1
417  1.192675e-03        1
418  2.448134e-04        1
419  4.927481e-04        1
420  7.291093e-04        1
421  1.467031e-03        1
422  1.543051e-03        1
423  8.783886e-04        1
424  3.286229e-06        1
425  1.427624e-03        1
426  8.572914e-04        1
427  2.538446e-04        1
428  3.257415e-03        1
429  3.129110e-04        1
430  2.504563e-03        1
431  1.757056e-04        1
432  1.727296e-05        1
433  3.275442e-03        1
434  2.813755e-05        1
435  1.647170e-03        1
436  6.757464e-05        1
437  3.743241e-03        1
438  1.273295e-04        1
439  2.621192e-04        1
440  8.454307e-05        1
441  8.411416e-05        1
442  8.466155e-04        1
443  2.057788e-03        1
444  9.698839e-04        1
445  1.057531e-05        1
446  1.250863e-02  0.70336
447  4.346293e-06        1
448  3.753020e-05        1
449  3.243608e-04        1
450  3.391628e-04        1
451  6.972264e-04        1
452  4.129302e-04        1
453  4.654917e-05        1
454  1.947412e-04        1
455  1.283652e-02        1
456  5.362914e-04        1
457  1.134146e-03        1
458  5.214864e-05        1
459  7.895883e-04        1
460  2.972449e-04        1
461  1.571076e-04        1
462  6.823137e-04        1
463  4.494791e-04        1
464  1.685962e-05        1
465  6.006044e-06        1
466  3.937947e-05        1
467  1.431310e-05        1
468  3.608945e-06        1
469  1.649526e-04        1
470  3.404753e-04        1
471  1.180887e-04        1
472  1.997264e-04        1
473  1.119010e-05        1
474  2.735056e-03        1
475  7.879615e-05        1
476  3.427414e-04        1
477  8.743942e-05        1
478  6.661215e-04        1
479  1.663863e-03        1
480  4.259913e-04        1
481  9.657798e-04        1
482  2.097657e-05        1
483  2.042989e-03        1
484  9.265383e-05        1
485  3.033686e-04        1
486  3.587070e-03        1
487  2.626598e-05        1
488  1.109221e-03        1
489  2.039259e-04        1
490  1.467117e-03        1
491  1.876499e-04        1
492  1.490929e-04        1
493  7.814759e-04        1
494  4.546218e-09        1
495  5.892197e-05        1
496  5.435805e-05        1
497  2.290989e-04        1
498  5.809999e-04        1
499  7.113440e-04        1
500  3.467858e-04        1
501  1.466038e-03        1
502  2.294917e-04        1
503  1.482925e-04        1
504  2.699074e-03        1
505  1.392126e-04        1
506  5.382540e-04        1
507  2.398699e-03        1
508  3.076995e-04        1
509  1.566594e-05        1
510  3.212772e-03        1
511  3.154541e-04        1
512  1.746945e-03        1
513  1.981880e-02        1
514  1.731264e-05        1
515  5.683662e-06        1
516  6.103731e-03        1
517  1.148886e-03        1
518  8.465963e-04        1
519  3.568004e-05        1
520  1.428047e-04        1
521  4.379413e-04        1
522  7.345231e-04        1
523  1.061306e-06        1
524  3.553073e-04        1
525  6.101457e-04        1
526  1.291067e-02        1
527  7.091965e-04        1
528  7.061312e-05        1
529  1.746494e-04        1
530  5.729618e-04        1
531  1.137184e-04        1
532  1.609958e-04        1
533  4.663070e-04        1
534  5.248814e-06        1
535  3.796746e-04        1
536  1.616522e-05        1
537  2.657918e-04        1
538  4.069577e-04        1
539  1.243019e-04        1
540  8.265065e-06        1
541  1.121082e-05        1
542  1.786767e-03        1
543  4.171897e-05        1
544  2.859678e-04        1
545  1.195643e-04        1
546  2.235057e-04        1
547  1.438003e-04        1
548  1.244335e-06        1
549  1.183187e-04        1
550  8.421389e-04        1
551  1.906196e-04        1
552  1.462328e-04        1
553  4.589687e-06        1
554  4.504092e-04        1
555  2.390918e-04        1
556  5.017478e-03        1
557  9.369655e-05        1
558  3.003518e-04        1
559  4.305546e-06        1
560  1.173975e-04        1
561  4.345940e-03        1
562  8.575624e-06        1
563  8.060000e-04        1
564  6.636647e-04        1
565  2.655352e-04        1
566  7.154434e-05        1
567  9.567687e-04        1
568  1.917247e-04        1
569  6.194844e-02        1
570  1.069755e-01        1
571  6.910593e-05        1
572  1.564660e-03        1
573  2.793678e-02        1
574  2.393752e-03        1
575  1.021855e-02        1
576  2.962215e-03        1
577  3.305970e-03        1
578  3.034440e-03        1
579  7.135061e-04        1
580  3.154379e-03        1
581  4.434714e-04        1
582  8.468742e-07        1
583  3.176051e-03        1
584  5.766745e-03        1
585  4.490663e-05        1
586  6.365201e-03        1
587  1.281368e-02        1
588  4.944162e-03        1
589  1.224419e-04        1
590  1.445132e-02        1
591  1.373638e-04        1
592  6.117402e-05        1
593  1.117088e-02        1
594  3.078146e-03        1
595  2.622054e-03        1
596  3.396721e-03        1
597  1.254907e-02        1
598  1.209282e-03        1
599  3.393459e-02        1
600  1.161566e-03        1
601  2.623132e-04        1
602  5.909358e-03        1
603  4.231520e-04        1
604  1.394522e-02        1
605  3.195185e-03        1
606  4.490928e-03        1
607  1.623717e-03        1
608  1.629836e-04        1
609  4.346719e-04        1
610  3.494766e-06        1
611  2.742204e-03        1
612  6.061840e-04        1
613  1.076938e-02        1
614  2.028022e-04        1
615  2.847476e-03        1
616  7.052791e-04        1
617  1.825515e-05        1
618  1.616267e-04        1
619  2.817067e-05        1
620  5.400337e-04        1
621  2.723596e-02        1
622  1.486152e-03        1
623  1.542735e-03        1
624  1.035311e-05        1
625  7.328314e-05        1
626  1.713732e-02        1
627  2.145063e-03        1
628  1.574529e-03        1
629  2.052843e-02        1
630  1.210278e-03        1
631  1.117164e-03        1
632  1.697967e-02        1
633  1.119950e-04        1
634  5.472910e-03        1
635  2.205172e-03        1
636  1.334931e-03        1
637  1.226847e-05        1
638  3.607428e-03        1
639  1.503994e-02        1
640  1.098154e-04        1
641  1.351521e-03        1
642  3.195539e-03        1
643  1.459273e-03        1
644  3.537510e-03        1
645  6.184285e-03        1
646  9.941296e-04        1
647  1.770831e-05        1
648  2.973020e-04        1
649  1.277550e-03        1
650  4.842736e-05        1
651  5.971188e-05        1
652  5.093123e-06        1
653  2.313814e-04        1
654  1.144682e-04        1
655  3.819294e-06        1
656  6.936248e-02  0.13188
657  2.058867e-05        1
658  5.227617e-05        1
659  1.289786e-03        1
660  1.846079e-03        1
661  4.481468e-04        1
662  3.421800e-06        1
663  2.722456e-04        1
664  1.897401e-04        1
665  4.608863e-07        1
666  4.173442e-02        1
667  5.176973e-03        1
668  1.152668e-04        1
669  2.281005e-04        1
670  9.897356e-03        1
671  1.657993e-05        1
672  6.195553e-10        1
673  2.171163e-04        1
674  1.822727e-03        1
675  2.949561e-04        1
676  3.816911e-04        1
677  7.628959e-04        1
678  3.183933e-04        1
679  1.854682e-05        1
680  6.534384e-04        1
681  8.672496e-07        1
682  6.751667e-07        1
683  2.595990e-05        1
684  5.506995e-04        1
685  1.027805e-03        1
686  9.135251e-04        1
687  5.261700e-04        1
688  6.901611e-05        1
689  4.010478e-05        1
690  7.461967e-04        1
691  1.765243e-02        1
692  1.084005e-04        1
693  5.583243e-04        1
694  2.028129e-05        1
695  3.901479e-03        1
696  2.290191e-03        1
697  5.301311e-03        1
698  7.760344e-03        1
699  4.611361e-04        1
700  2.229573e-04        1
701  8.054717e-04        1
702  3.183033e-05        1
703  3.474493e-06        1
704  3.109025e-04        1
705  2.121448e-03        1
706  1.808761e-04        1
707  5.234995e-04        1
708  5.534394e-06        1
709  3.723683e-03        1
710  5.497219e-05        1
711  1.544807e-04        1
712  1.659114e-03        1
713  2.806210e-06        1
714  4.225184e-05        1
715  2.181578e-03        1
716  3.813782e-03        1
717  1.304445e-05        1
718  8.004618e-04        1
719  1.255002e-04        1
720  4.242955e-06        1
721  2.150653e-04        1
722  1.405613e-03        1
723  1.782255e-04        1
724  7.730154e-03        1
725  6.117468e-05        1
726  1.069401e-03        1
727  1.627809e-03        1
728  3.050314e-04        1
729  2.027566e-04        1
730  2.057016e-05        1
731  5.908923e-04        1
732  9.482929e-03 <0.02198
733  4.951928e-04        1
734  6.950396e-05        1
735  4.115557e-06        1
736  2.916794e-04        1
737  5.263909e-06        1
738  1.517168e-04        1
739  6.750145e-04        1
740  1.694641e-05        1
741  2.302345e-08        1
742  4.902666e-07        1
743  1.153535e-04        1
744  1.405657e-03        1
745  1.084347e-03        1
746  6.785082e-05        1
747  1.540113e-04        1
748  7.074272e-06        1
749  2.850747e-04        1
750  4.680180e-05        1
751  3.555998e-07        1
752  9.149875e-06        1
753  6.695688e-05        1
754  1.081070e-03        1
755  8.974116e-05        1
756  6.515881e-03        1
757  2.076375e-05        1
758  1.054402e-03        1
759  2.141970e-03        1
760  1.097342e-04        1
761  4.730434e-07        1
762  4.856811e-05        1
763  7.670673e-05        1
764  2.523997e-04        1
765  3.719576e-03        1
766  6.005323e-03        1
767  1.920521e-05        1
768  1.818687e-03        1
769  8.289661e-05        1
770  8.073110e-04        1
771  6.467147e-04        1
772  1.094711e-05        1
773  2.596413e-04        1
774  2.124482e-03        1
775  4.773308e-05        1
776  3.166320e-04        1
777  1.017008e-05        1
778  1.604969e-04        1
779  5.418101e-03        1
780  9.780730e-04        1
781  2.489597e-04        1
782  6.825593e-04        1
783  1.091435e-03        1
784  1.535021e-03        1
785  9.904121e-05        1
786  6.140392e-05        1
787  5.465515e-05        1
788  1.038224e-04        1
789  1.858896e-04        1
790  1.157449e-07        1
791  8.514318e-06        1
792  1.552391e-02        1
793  2.759403e-04        1
794  4.556836e-05        1
795  9.280799e-04        1
796  3.057051e-02        1
797  1.979333e-05        1
798  1.932986e-06        1
799  2.106860e-04        1
800  6.169306e-06        1
801  5.889169e-04        1
802  5.572961e-04        1
803  2.385499e-04        1
804  7.596668e-04        1
805  2.754840e-04        1
806  4.476763e-05        1
807  1.027879e-03        1
808  2.608493e-03        1
809  9.263715e-04        1
810  9.214792e-03        1
811  3.715169e-04        1
812  6.261645e-04        1
813  2.845265e-04        1
814  1.212576e-03        1
815  3.325352e-04        1
816  9.771492e-05        1
817  5.263229e-05        1
818  1.633235e-05        1
819  1.102471e-02        1
820  3.459798e-05        1
821  2.067851e-05        1
822  2.063554e-04        1
823  3.555014e-04        1
824  4.063628e-02        1
825  9.628008e-04        1
826  2.094458e-03        1
827  2.061177e-05        1
828  9.367944e-06        1
829  3.603015e-04        1
830  1.858528e-05        1
831  1.270898e-03        1
832  2.069852e-04        1
833  2.734232e-05        1
834  2.795129e-04        1
835  1.299795e-05        1
836  1.525437e-03        1
837  9.167145e-05        1
838  4.750661e-04        1
839  2.454087e-04        1
840  5.244419e-04        1
841  1.294094e-04        1
842  2.094898e-04        1
843  7.901965e-05        1
844  3.973977e-04        1
845  4.546608e-05        1
846  3.181421e-04        1
847  1.652516e-07        1
848  3.483597e-05        1
849  2.946236e-05        1
850  2.992503e-04        1
851  6.246697e-05        1
852  1.635075e-07        1
853  9.621709e-06        1
854  1.097759e-04        1
855  5.353292e-04        1
856  2.617896e-03        1
857  5.173124e-03        1
858  2.025325e-04        1
859  5.203139e-03        1
860  4.848506e-04        1
861  6.649428e-04        1
862  4.440825e-06        1
863  8.296216e-05        1
864  7.121041e-03        1
865  2.387012e-04        1
866  5.179614e-05        1
867  5.314166e-06        1
868  1.653078e-03        1
869  1.101316e-04        1
870  4.146512e-04        1
871  2.828149e-04        1
872  2.592278e-04        1
873  1.145230e-04        1
874  9.495502e-06        1
875  1.092875e-04        1
876  5.655342e-03        1
877  4.321542e-04        1
878  4.888005e-03        1
879  1.578586e-04        1
880  1.553093e-04        1
881  1.809608e-03        1
882  9.374819e-05        1
883  3.198426e-04        1
884  5.152666e-05        1
885  1.288326e-04        1
886  4.765443e-05        1
887  5.844251e-10        1
888  4.899793e-06        1
889  4.593380e-04        1
890  1.418834e-02        1
891  2.197443e-04        1
892  1.126584e-03        1
893  2.120759e-05        1
894  6.937484e-04        1
895  4.928773e-05        1
896  1.052017e-03        1
897  2.310988e-04        1
898  2.682809e-05        1
899  2.608634e-04        1
900  3.665059e-05        1
901  1.886352e-03        1
902  1.106890e-04        1
903  3.832855e-05        1
904  7.601879e-04        1
905  4.280785e-05        1
906  1.296056e-03        1
907  1.442551e-04        1
908  3.076301e-04        1
909  1.579046e-05        1
910  8.261659e-04        1
911  1.520604e-04        1
912  7.599462e-07        1
913  1.198978e-03        1
914  2.793816e-04        1
915  3.098497e-04        1
916  1.306878e-04        1
917  1.184634e-04        1
918  2.797241e-05        1
919  4.178188e-05        1
920  1.171673e-03        1
921  7.231996e-05        1
922  4.535991e-03        1
923  2.203962e-04        1
924  3.992600e-04        1
925  1.987889e-04        1
926  1.189426e-07        1
927  1.312334e-03        1
928  1.578438e-04        1
929  1.219722e-04        1
930  1.762192e-06        1
931  8.601485e-05        1
932  3.491183e-04        1
933  8.905632e-05        1
934  1.134793e-03        1
935  1.298941e-03        1
936  1.078561e-03        1
937  1.539176e-03        1
938  1.426374e-03        1
939  3.279751e-06        1
940  2.539616e-04        1
941  2.486347e-04        1
942  1.261768e-05        1
943  7.984653e-03        1
944  1.721567e-03        1
945  1.229646e-04        1
946  1.652762e-03        1
947  9.196037e-05        1
948  7.168453e-04        1
949  2.411005e-03        1
950  3.490711e-04        1
951  9.999459e-05        1
952  3.523730e-04        1
953  5.597582e-06        1
954  1.319831e-06        1
955  2.166051e-04        1
956  4.369454e-04        1
957  3.991901e-04        1
958  9.931201e-05        1
959  9.966567e-05        1
960  1.668329e-05        1
961  6.061631e-05        1
962  1.153480e-04        1
963  6.947137e-05        1
964  1.574332e-06        1
965  1.890569e-04        1
966  6.693387e-07        1
967  1.177758e-04        1
968  1.876786e-04        1
969  1.427762e-05        1
970  4.408033e-04        1
971  2.012644e-06        1
972  3.855850e-05        1
973  1.354426e-04        1
974  1.504065e-06        1
975  1.004492e-05        1
976  7.613785e-04        1
977  1.308522e-04        1
978  3.974092e-04        1
979  2.560192e-04        1
980  7.111041e-04        1
981  2.661115e-05        1
982  7.089156e-07        1
983  3.789219e-04        1
984  1.831003e-04        1
985  6.834189e-05        1
986  1.205223e-04        1
987  2.141887e-04        1
988  5.402118e-05        1
989  1.289454e-04        1
990  6.930357e-05        1
991  7.861230e-04        1
992  5.004965e-05        1
993  7.861063e-05        1
994  1.494755e-04        1
995  3.159636e-04        1
996  1.731252e-03        1
997  2.520610e-03        1
998  5.132089e-04        1
999  8.754503e-04        1
1000 5.978025e-04        1
1001 2.299184e-03        1
1002 6.266291e-06        1
1003 1.126441e-04        1
1004 5.939546e-06        1
1005 1.056995e-03        1
1006 3.103564e-04        1
1007 2.932758e-04        1
1008 1.209551e-04        1
1009 3.581872e-04        1
1010 1.414809e-03        1
1011 2.492976e-04        1
1012 5.856256e-03        1
1013 4.587678e-03        1
1014 1.515085e-03        1
1015 3.908328e-04        1
1016 7.102483e-04        1
1017 1.123564e-03        1
1018 5.051572e-05        1
1019 2.101355e-04        1
1020 1.238186e-03        1
1021 5.243552e-05        1
1022 3.185465e-03        1
1023 6.260847e-06        1
1024 4.639476e-03        1
1025 6.005387e-07        1
1026 5.609952e-05        1
1027 3.852209e-04        1
1028 1.207181e-04        1
1029 1.133692e-03        1
1030 7.752241e-04        1
1031 4.394167e-05        1
1032 1.507780e-03        1
1033 1.897135e-07        1
1034 1.267465e-06        1
1035 2.343715e-05        1
1036 6.110605e-05        1
1037 5.093110e-04        1
1038 2.541320e-05        1
1039 1.294243e-03        1
1040 5.040384e-06        1
1041 2.583579e-03        1
1042 1.266163e-03        1
1043 4.570855e-05        1
1044 1.422845e-03        1
1045 2.864486e-04        1
1046 1.772044e-04        1
1047 6.466368e-05        1
1048 7.755701e-04        1
1049 6.226592e-04        1
1050 4.496385e-04        1
1051 1.033599e-03        1
1052 4.799313e-06        1
1053 7.618246e-06        1
1054 1.409648e-05        1
1055 3.733931e-04        1
1056 8.599647e-07        1
1057 6.573858e-04        1
1058 3.848834e-04        1
1059 9.162605e-07        1
1060 6.293626e-04        1
1061 5.074402e-06        1
1062 5.112867e-05        1
1063 3.170551e-06        1
1064 1.167798e-04        1
1065 1.231412e-03        1
1066 1.147294e-03        1
1067 8.262362e-04        1
1068 3.043638e-04        1
1069 8.870079e-04        1
1070 1.646510e-04        1
1071 9.468659e-05        1
1072 7.254581e-06        1
1073 2.350620e-04        1
1074 8.741584e-04        1
1075 6.349590e-06        1
1076 1.948640e-03        1
1077 2.303604e-03        1
1078 7.750953e-04        1
1079 1.394408e-03        1
1080 7.110693e-07        1
1081 1.482747e-04        1
1082 2.313835e-03        1
1083 1.724024e-03        1
1084 1.859147e-04        1
1085 1.307099e-04        1
1086 1.335893e-04        1
1087 3.561404e-05        1
1088 1.841159e-04        1
1089 2.032956e-05        1
1090 3.102981e-05        1
1091 5.953309e-04        1
1092 8.387854e-04        1
1093 8.022459e-05        1
1094 1.230687e-03        1
1095 5.962100e-06        1
1096 2.676175e-04        1
1097 2.153964e-04        1
1098 3.963492e-03        1
1099 9.710195e-05        1
1100 3.915216e-05        1
1101 1.270211e-04        1
1102 4.248076e-05        1
1103 6.659812e-07        1
1104 1.481377e-04        1
1105 3.069263e-06        1
1106 1.976473e-03        1
1107 5.557722e-04        1
1108 3.297691e-02        1
1109 3.424560e-05        1
1110 4.525395e-05        1
1111 6.931490e-04        1
1112 7.673833e-03        1
1113 1.217373e-04        1
1114 4.600695e-05        1
1115 1.969919e-03        1
1116 1.653692e-04        1
1117 7.815067e-04        1
1118 3.048040e-04        1
1119 6.874440e-05        1
1120 1.913422e-04        1
1121 1.698273e-03        1
1122 8.920413e-05        1
1123 3.582531e-04        1
1124 1.721735e-03        1
1125 1.752818e-03        1
1126 3.019274e-04        1
1127 2.306311e-03        1
1128 7.071040e-04        1
1129 6.574331e-05        1
1130 6.698252e-04        1
1131 1.132263e-03        1
1132 5.247869e-03        1
1133 3.890155e-05        1
1134 3.353738e-05        1
1135 9.636453e-05        1
1136 1.723069e-04        1
1137 1.253929e-03        1
1138 9.411936e-07        1
1139 2.123056e-05        1
1140 1.123314e-05        1
1141 2.017872e-10        1
1142 2.700164e-04        1
1143 4.429336e-04        1
1144 5.732500e-04        1
1145 3.493450e-03        1
1146 3.104525e-05        1
1147 7.072243e-04        1
1148 1.055022e-03        1
1149 5.991232e-04        1
1150 3.037025e-03        1
1151 2.576324e-05        1
1152 1.497977e-05        1
1153 3.323736e-03        1
1154 1.098594e-02        1
1155 9.679385e-04        1
1156 8.635968e-05        1
1157 1.389341e-04        1
1158 3.858802e-05        1
1159 1.555234e-03        1
1160 3.157112e-05        1
1161 6.725662e-03        1
1162 5.033835e-04        1
1163 2.559127e-05        1
1164 1.664426e-04        1
1165 8.951932e-07        1
1166 3.415956e-03        1
1167 1.650926e-04        1
1168 1.727304e-04        1
1169 1.895387e-04        1
1170 7.348505e-03        1
1171 4.629798e-03        1
1172 8.152995e-07        1
1173 3.597794e-04        1
1174 5.555673e-04        1
1175 1.959298e-05        1
1176 6.893190e-08        1
1177 6.796165e-05        1
1178 2.831942e-05        1
1179 3.456415e-05        1
1180 1.491519e-04        1
1181 3.646658e-04        1
1182 1.475346e-04        1
1183 1.960494e-04        1
1184 2.890931e-04        1
1185 8.147139e-03        1
1186 3.595191e-04        1
1187 8.856867e-04        1
1188 1.007197e-03        1
1189 7.538236e-06        1
1190 3.761062e-09        1
1191 1.589093e-05        1
1192 3.007426e-04        1
1193 1.288194e-03        1
1194 5.819376e-04        1
1195 3.576672e-04        1
1196 7.339908e-04        1
1197 4.044759e-05        1
1198 2.881194e-04        1
1199 4.175321e-04        1
1200 1.719918e-04        1
1201 1.157224e-06        1
1202 4.521438e-04        1
1203 3.258473e-05        1
1204 1.252046e-04        1
1205 2.923043e-05        1
1206 5.874804e-07        1
1207 5.462329e-03        1
1208 3.686015e-04        1
1209 1.437877e-03        1
1210 6.805263e-05        1
1211 4.605733e-04        1
1212 1.782975e-04        1
1213 1.947034e-04        1
1214 1.561716e-03        1
1215 4.764464e-05        1
1216 2.208871e-03        1
1217 9.512627e-04        1
1218 1.529694e-03        1
1219 3.006826e-04        1
1220 5.060642e-04        1
1221 1.366631e-06        1
1222 4.368198e-04        1
1223 2.338109e-07        1
1224 1.262988e-03        1
1225 2.456081e-06        1
1226 5.234139e-04        1
1227 2.301788e-03        1
1228 1.903882e-05        1
1229 1.971804e-03        1
1230 5.999867e-01 <0.02198
1231 4.551643e-04        1
1232 3.490169e-05        1
1233 4.644355e-05        1
1234 2.773490e-04        1
1235 6.121951e-04        1
1236 8.055018e-04        1
1237 3.792253e-05        1
1238 4.936860e-05        1
1239 1.993264e-03        1
1240 2.512050e-04        1
1241 3.058201e-04        1
1242 3.679931e-04        1
1243 1.217471e-07        1
1244 5.362086e-04        1
1245 8.371598e-03        1
1246 2.709557e-04        1
1247 2.991774e-03        1
1248 6.381371e-05        1
1249 3.459728e-03        1
1250 1.480349e-04        1
1251 9.435239e-04        1
1252 4.538742e-05        1
1253 4.423327e-06        1
1254 1.921725e-05        1
1255 7.277384e-04        1
1256 4.592255e-06        1
1257 4.574710e-06        1
1258 3.569727e-03        1
1259 1.735953e-04        1
1260 7.316074e-04        1
1261 1.001405e-05        1
1262 6.786045e-04        1
1263 3.930913e-04        1
1264 5.634345e-04        1
1265 3.279822e-04        1
1266 4.755285e-05        1
1267 1.532902e-03        1
1268 6.435152e-04        1
1269 5.761032e-05        1
1270 1.012312e-07        1
1271 3.437351e-04        1
1272 7.434355e-05        1
1273 4.891333e-05        1
1274 9.733436e-05        1
1275 3.158129e-07        1
1276 4.874410e-05        1
1277 8.053135e-04        1
1278 1.213291e-03        1
1279 8.992159e-07        1
1280 1.120036e-04        1
1281 7.324684e-04        1
1282 2.905508e-05        1
1283 2.212192e-05        1
1284 7.341515e-06        1
1285 6.748791e-05        1
1286 7.912589e-05        1
1287 1.407410e-04        1
1288 2.393526e-04        1
1289 3.291537e-04        1
1290 4.983873e-07        1
1291 3.848899e-06        1
1292 2.122305e-04        1
1293 5.655845e-04        1
1294 1.318450e-04        1
1295 1.473361e-04        1
1296 2.033275e-04        1
1297 6.682466e-05        1
1298 5.056463e-03        1
1299 5.672483e-04        1
1300 2.060280e-05        1
1301 6.113008e-06        1
1302 3.419974e-03        1
1303 7.316626e-05        1
1304 9.130779e-06        1
1305 3.970069e-05        1
1306 3.631299e-03        1
1307 1.827957e-04        1
1308 5.755921e-07        1
1309 3.602624e-06        1
1310 1.121709e-04        1
1311 2.058304e-05        1
1312 8.022703e-05        1
1313 8.526273e-04        1
1314 9.596038e-04        1
1315 2.278898e-04        1
1316 3.704840e-05        1
1317 2.959481e-06        1
1318 2.805653e-04        1
1319 1.352977e-04        1
1320 2.252250e-05        1
1321 2.154311e-04        1
1322 4.810056e-07        1
1323 4.948637e-04        1
1324 6.625922e-04        1
1325 1.244818e-04        1
1326 7.805067e-06        1
1327 2.772294e-04        1
1328 1.231152e-04        1
1329 7.229992e-04        1
1330 1.971280e-04        1
1331 1.113132e-04        1
1332 1.098664e-05        1
1333 2.440186e-02        1
1334 1.685092e-05        1
1335 2.111907e-04        1
1336 1.751367e-03        1
1337 9.422826e-05        1
1338 5.935022e-05        1
1339 5.132972e-04        1
1340 8.788834e-05        1
1341 1.171252e-03        1
1342 4.939350e-07        1
1343 1.609568e-04        1
1344 1.667306e-05        1
1345 1.537763e-04        1
1346 1.289929e-03        1
1347 1.166034e-03        1
1348 4.110351e-04        1
1349 9.388441e-06        1
1350 1.467936e-05        1
1351 1.045954e-03        1
1352 4.864439e-04        1
1353 4.008680e-04        1
1354 1.579949e-04        1
1355 1.055607e-03        1
1356 2.301156e-03        1
1357 2.876102e-04        1
1358 2.762673e-03        1
1359 1.977913e-04        1
1360 1.438397e-03        1
1361 2.195270e-05        1
1362 1.143839e-02        1
1363 6.085818e-04        1
1364 2.057571e-04        1
1365 9.527329e-06        1
1366 3.615185e-09        1
1367 5.145471e-05        1
1368 3.237285e-06        1
1369 2.004242e-04        1
1370 2.547610e-04        1
1371 1.726086e-03        1
1372 9.313612e-04        1
1373 6.580576e-04        1
1374 9.707009e-04        1
1375 2.067446e-05        1
1376 2.117221e-03        1
1377 5.043554e-03        1
1378 8.097062e-05        1
1379 3.694859e-03        1
1380 5.458955e-04        1
1381 4.300507e-04        1
1382 3.382297e-04        1
1383 1.256837e-03        1
1384 7.618561e-03        1
1385 7.539812e-04        1
1386 6.666233e-03        1
1387 4.019021e-04        1
1388 7.857598e-04        1
1389 4.771219e-04        1
1390 1.190128e-02        1
1391 4.188936e-04        1
1392 1.072234e-04        1
1393 3.383499e-04        1
1394 1.271450e-03        1
1395 3.696083e-04        1
1396 1.129726e-05        1
1397 6.031476e-03        1
1398 6.696721e-04        1
1399 5.535175e-04        1
1400 1.742964e-03        1
1401 2.180987e-04        1
1402 6.720581e-05        1
1403 1.963025e-05        1
1404 3.178482e-03        1
1405 3.551906e-05        1
1406 4.192283e-05        1
1407 4.816221e-04        1
1408 3.539675e-05        1
1409 2.315767e-04        1
1410 2.576226e-04        1
1411 9.048347e-04        1
1412 2.014156e-04        1
1413 3.354132e-05        1
1414 1.255392e-03        1
1415 7.066123e-04        1
1416 1.078787e-07        1
1417 3.211113e-04        1
1418 9.156417e-06        1
1419 7.484635e-04        1
1420 4.040551e-04        1
1421 1.016590e-03        1
1422 3.653449e-05        1
1423 7.775423e-08        1
1424 1.875658e-05        1
1425 1.451557e-04        1
1426 4.857625e-05        1
1427 2.494024e-04        1
1428 2.225616e-04        1
1429 2.003545e-03        1
1430 8.013412e-04        1
1431 1.816537e-05        1
1432 2.947926e-05        1
1433 3.964643e-04        1
1434 8.117692e-04        1
1435 9.466992e-04        1
1436 4.320006e-04        1
1437 2.448791e-04        1
1438 4.189903e-04        1
1439 3.453944e-06        1
1440 3.793372e-03        1
1441 4.033422e-05        1
1442 1.109969e-03        1
1443 1.137931e-05        1
1444 1.712363e-05        1
1445 5.515048e-05        1
1446 3.934379e-04        1
1447 3.398621e-04        1
1448 9.212738e-04        1
1449 5.873912e-05        1
1450 4.063635e-04        1
1451 7.317186e-05        1
1452 1.437502e-03        1
1453 5.577025e-04        1
1454 4.763528e-04        1
1455 2.819189e-04        1
1456 9.600735e-03        1
1457 1.478745e-06        1
1458 1.497904e-04        1
1459 9.748199e-04        1
1460 4.852097e-05        1
1461 7.488786e-06        1
1462 6.982555e-05        1
1463 6.285335e-04        1
1464 3.208916e-05        1
1465 3.275334e-04        1
1466 3.186003e-05        1
1467 2.988551e-06        1
1468 1.381117e-04        1
1469 1.272418e-04        1
1470 4.072362e-05        1
1471 1.741589e-03        1
1472 2.117718e-03        1
1473 1.434678e-03        1
1474 2.578519e-03        1
1475 4.121118e-04        1
1476 5.260487e-03        1
1477 2.358774e-03        1
1478 4.489296e-05        1
1479 1.276528e-04        1
1480 5.108571e-04        1
1481 1.275920e-05        1
1482 3.761241e-04        1
1483 1.416911e-04        1
1484 5.383109e-03        1
1485 5.653563e-04        1
1486 2.351909e-03        1
1487 6.602839e-05        1
1488 1.636470e-04        1
1489 1.404695e-03        1
1490 3.968497e-04        1
1491 5.193205e-05        1
1492 4.144638e-04        1
1493 2.788618e-03        1
1494 1.474495e-05        1
1495 1.062844e-03        1
1496 4.639955e-04        1
1497 2.622827e-03        1
1498 5.409668e-05        1
1499 2.761039e-04        1
1500 7.759616e-06        1
1501 1.754834e-04        1
1502 6.396370e-06        1
1503 3.760121e-07        1
1504 5.656160e-03        1
1505 4.894990e-04        1
1506 1.025711e-03        1
1507 3.181919e-04        1
1508 2.888683e-04        1
1509 1.314623e-04        1
1510 6.419633e-04        1
1511 1.905597e-03        1
1512 2.012614e-04        1
1513 6.475736e-05        1
1514 1.900791e-03        1
1515 2.756404e-05        1
1516 1.136211e-04        1
1517 2.101514e-03        1
1518 5.898459e-06        1
1519 8.088113e-04        1
1520 3.146600e-04        1
1521 4.409687e-05        1
1522 1.388692e-03        1
1523 1.029150e-05        1
1524 5.867788e-05        1
1525 1.312136e-03        1
1526 7.032849e-03        1
1527 1.060082e-03        1
1528 3.004615e-03        1
1529 2.427765e-04        1
1530 2.304657e-04        1
1531 9.851853e-05        1
1532 3.186670e-05        1
1533 1.042665e-03        1
1534 7.546779e-04        1
1535 4.388051e-03        1
1536 2.151028e-02        1
1537 5.480829e-05        1
1538 2.599574e-03        1
1539 5.900047e-07        1
1540 3.242867e-06        1
1541 5.250805e-03        1
1542 4.353125e-05        1
1543 1.659995e-04        1
1544 7.804578e-08        1
1545 1.898855e-04        1
1546 1.615909e-05        1
1547 5.433695e-04        1
1548 1.354939e-04        1
1549 6.695385e-04        1
1550 3.495299e-03        1
1551 7.762035e-04        1
1552 3.875674e-06        1
1553 7.342883e-05        1
1554 1.502883e-06        1
1555 2.090614e-04        1
1556 3.360409e-05        1
1557 2.186570e-06        1
1558 2.676787e-04        1
1559 1.102281e-06        1
1560 1.547973e-05        1
1561 1.745250e-04        1
1562 1.899873e-05        1
1563 5.700449e-04        1
1564 3.517708e-04        1
1565 3.721927e-04        1
1566 1.497457e-04        1
1567 1.350270e-05        1
1568 5.492156e-04        1
1569 8.218586e-06        1
1570 1.012801e-04        1
1571 1.379926e-04        1
1572 9.122347e-05        1
1573 2.174709e-04        1
1574 1.724201e-03        1
1575 3.308180e-05        1
1576 3.588127e-05        1
1577 1.108616e-06        1
1578 2.588118e-04        1
1579 3.904486e-04        1
1580 3.522197e-04        1
1581 2.597189e-05        1
1582 1.022754e-03        1
1583 8.888053e-05        1
1584 1.210290e-02  0.24178
1585 7.676128e-04        1
1586 8.784039e-04        1
1587 4.442800e-04        1
1588 2.455392e-04        1
1589 6.288208e-04        1
1590 1.277403e-04        1
1591 8.143818e-05        1
1592 5.256696e-05        1
1593 1.733008e-03        1
1594 8.770889e-05        1
1595 1.197556e-04        1
1596 4.381435e-04        1
1597 3.251846e-04        1
1598 6.665249e-04        1
1599 9.474301e-04        1
1600 2.734101e-05        1
1601 7.230157e-05        1
1602 4.922721e-06        1
1603 2.168935e-05        1
1604 1.069783e-04        1
1605 8.070607e-04        1
1606 1.534903e-04        1
1607 4.736886e-04        1
1608 2.470632e-04        1
1609 1.253577e-05        1
1610 1.474899e-04        1
1611 3.439609e-03        1
1612 1.063425e-04        1
1613 1.534471e-04        1
1614 6.206530e-04        1
1615 4.891002e-04        1
1616 1.072516e-03        1
1617 2.932687e-04        1
1618 1.010086e-04        1
1619 7.150376e-05        1
1620 2.242465e-03        1
1621 2.332780e-04        1
1622 2.891001e-04        1
1623 6.031945e-04        1
1624 5.581640e-05        1
1625 1.399854e-06        1
1626 1.747726e-05        1
1627 3.778952e-04        1
1628 1.045731e-03        1
1629 1.299619e-05        1
1630 8.285098e-04        1
1631 9.056573e-04        1
1632 1.383865e-04        1
1633 8.926555e-05        1
1634 1.440499e-04        1
1635 6.264135e-05        1
1636 8.855580e-05        1
1637 4.057604e-04        1
1638 1.152773e-03        1
1639 3.585524e-05        1
1640 2.327746e-04        1
1641 8.455277e-06        1
1642 1.618980e-05        1
1643 2.124613e-04        1
1644 4.741303e-03        1
1645 1.470829e-05        1
1646 1.434652e-03        1
1647 1.241897e-03        1
1648 4.782706e-05        1
1649 1.975426e-04        1
1650 3.471301e-04        1
1651 4.899592e-05        1
1652 1.425403e-06        1
1653 6.884184e-04        1
1654 9.434886e-04        1
1655 9.330739e-07        1
1656 1.202069e-03        1
1657 1.962687e-05        1
1658 5.584216e-05        1
1659 1.149926e-03        1
1660 5.330419e-05        1
1661 7.851242e-04        1
1662 1.028596e-03        1
1663 1.405501e-04        1
1664 2.820601e-04        1
1665 5.220251e-04        1
1666 5.398147e-04        1
1667 3.910352e-04        1
1668 1.839874e-05        1
1669 1.856805e-06        1
1670 3.504973e-04        1
1671 5.702202e-07        1
1672 4.846530e-05        1
1673 1.463453e-03        1
1674 5.545352e-04        1
1675 5.953325e-06        1
1676 4.208359e-07        1
1677 3.942171e-04        1
1678 1.336579e-05        1
1679 5.693527e-05        1
1680 8.076432e-05        1
1681 9.599244e-05        1
1682 1.099153e-04        1
1683 6.856235e-03        1
1684 5.310822e-07        1
1685 1.773325e-04        1
1686 6.483207e-06        1
1687 1.096708e-03        1
1688 1.173218e-03        1
1689 3.340636e-04        1
1690 1.739416e-05        1
1691 1.484210e-03        1
1692 1.805675e-04        1
1693 1.184959e-04        1
1694 1.345748e-04        1
1695 1.908035e-04        1
1696 3.100832e-04        1
1697 2.125095e-04        1
1698 4.763022e-05        1
1699 4.822135e-05        1
1700 1.404511e-03        1
1701 1.092659e-05        1
1702 9.418260e-05        1
1703 5.938045e-04        1
1704 5.063103e-04        1
1705 7.732874e-04        1
1706 3.751324e-05        1
1707 2.700069e-04        1
1708 1.078411e-03        1
1709 3.278891e-03        1
1710 1.847836e-04        1
1711 7.265580e-06        1
1712 1.125201e-05        1
1713 1.107609e-03        1
1714 9.691555e-04        1
1715 2.150705e-04        1
1716 4.403180e-04        1
1717 9.500945e-04        1
1718 5.241877e-06        1
1719 1.353035e-03        1
1720 1.925589e-05        1
1721 1.148409e-05        1
1722 6.288121e-05        1
1723 4.126793e-03        1
1724 9.844733e-04        1
1725 3.917070e-05        1
1726 3.065054e-03        1
1727 9.262028e-05        1
1728 1.348276e-05        1
1729 4.946982e-05        1
1730 2.383972e-03        1
1731 3.170115e-06        1
1732 8.217923e-06        1
1733 1.250637e-02        1
1734 1.009511e-03        1
1735 2.807266e-06        1
1736 2.869652e-05        1
1737 5.796848e-03        1
1738 1.843255e-04        1
1739 8.182894e-07        1
1740 1.503411e-03        1
1741 3.368903e-04        1
1742 4.355099e-05        1
1743 6.574852e-04        1
1744 2.841145e-03        1
1745 1.263663e-04        1
1746 4.730344e-04        1
1747 4.868971e-05        1
1748 1.397901e-03        1
1749 2.522689e-04        1
1750 5.578000e-03        1
1751 9.277172e-04        1
1752 9.812353e-05        1
1753 9.954612e-05        1
1754 1.911937e-05        1
1755 1.572106e-03        1
1756 5.370335e-04        1
1757 1.320347e-03        1
1758 5.819054e-05        1
1759 1.082599e-04        1
1760 1.103521e-05        1
1761 3.750151e-03        1
1762 3.564456e-04        1
1763 3.470137e-06        1
1764 3.322564e-03        1
1765 4.309686e-03        1
1766 1.836280e-03        1
1767 1.745649e-04        1
1768 1.921943e-04        1
1769 8.540643e-05        1
1770 1.815687e-04        1
1771 1.732399e-03        1
1772 9.793103e-05        1
1773 1.383482e-04        1
1774 2.440881e-04        1
1775 1.488145e-05        1
1776 8.389629e-07        1
1777 5.956071e-04        1
1778 6.688042e-04        1
1779 1.925778e-03        1
1780 3.758136e-06        1
1781 3.643438e-04        1
1782 1.736852e-03        1
1783 2.284785e-03        1
1784 5.128164e-04        1
1785 4.540752e-04        1
1786 1.366737e-04        1
1787 2.494476e-05        1
1788 1.238967e-05        1
1789 3.533114e-03        1
1790 2.794694e-04        1
1791 9.211302e-05        1
1792 3.178622e-05        1
1793 1.001544e-04        1
1794 6.580861e-05        1
1795 7.090843e-04        1
1796 1.420449e-02        1
1797 7.938344e-05        1
1798 1.957030e-05        1
1799 3.769436e-03        1
1800 4.927170e-04        1
1801 7.078513e-06        1
1802 8.059428e-05        1
1803 3.872246e-04        1
1804 3.142613e-05        1
1805 2.885198e-04        1
1806 6.035776e-04        1
1807 3.415547e-04        1
1808 3.231778e-04        1
1809 3.128266e-04        1
1810 4.675486e-03        1
1811 7.075948e-03        1
1812 1.250891e-03        1
1813 2.756112e-04        1
1814 1.794166e-04        1
1815 8.375212e-03        1
1816 2.937360e-03        1
1817 1.466493e-03        1
1818 3.874181e-04        1
1819 1.327299e-05        1
1820 3.825476e-04        1
1821 7.596755e-03        1
1822 5.055336e-04        1
1823 3.307040e-04        1
1824 5.303403e-05        1
1825 1.628171e-03        1
1826 2.275769e-02        1
1827 3.519831e-05        1
1828 1.478071e-03        1
1829 5.867865e-04        1
1830 1.945311e-04        1
1831 4.582371e-03        1
1832 5.971519e-06        1
1833 4.308422e-03        1
1834 7.900756e-04        1
1835 2.224415e-03        1
1836 1.740128e-04        1
1837 2.270955e-05        1
1838 3.354956e-03        1
1839 1.344718e-04        1
1840 2.617084e-07        1
1841 1.107667e-04        1
1842 2.025467e-03        1
1843 1.752893e-04        1
1844 2.106351e-04        1
1845 3.800601e-04        1
1846 2.645153e-04        1
1847 2.664154e-07        1
1848 7.044749e-03        1
1849 1.375852e-03        1
1850 7.194853e-03        1
1851 5.860315e-04        1
1852 1.234618e-04        1
1853 8.226813e-03        1
1854 2.517047e-05        1
1855 1.787767e-02        1
1856 4.091168e-04        1
1857 4.163685e-03        1
1858 2.633055e-06        1
1859 8.634775e-04        1
1860 8.789622e-06        1
1861 2.115399e-04        1
1862 2.774578e-03        1
1863 7.590375e-04        1
1864 3.758064e-05        1
1865 5.359389e-04        1
1866 5.727610e-06        1
1867 1.466215e-04        1
1868 8.675721e-04        1
1869 1.847829e-02        1
1870 1.863256e-03        1
1871 9.984883e-04        1
1872 2.881816e-04        1
1873 3.573306e-04        1
1874 9.920736e-07        1
1875 1.833881e-03        1
1876 7.196479e-04        1
1877 3.006438e-05        1
1878 2.031263e-04        1
1879 1.102864e-04        1
1880 5.109143e-03        1
1881 5.269984e-04        1
1882 1.294175e-04        1
1883 1.121636e-03        1
1884 1.472455e-03        1
1885 2.087996e-03        1
1886 7.103852e-04        1
1887 1.030136e-04        1
1888 1.576467e-03        1
1889 2.898879e-05        1
1890 4.218288e-04        1
1891 2.061755e-04        1
1892 1.153026e-03        1
1893 2.915181e-04        1
1894 2.325914e-03        1
1895 1.492861e-05        1
1896 1.449195e-05        1
1897 9.409069e-05        1
1898 7.338909e-07        1
1899 2.941497e-03        1
1900 7.688403e-03        1
1901 3.663823e-04        1
1902 6.333456e-04        1
1903 4.496071e-06        1
1904 1.087313e-05        1
1905 9.971388e-04        1
1906 3.091270e-05        1
1907 5.583231e-07        1
1908 4.072521e-03        1
1909 1.336870e-03        1
1910 4.091765e-04        1
1911 2.044069e-04        1
1912 1.224700e-02        1
1913 3.571313e-05        1
1914 1.153151e-04        1
1915 8.480837e-05        1
1916 3.358243e-03        1
1917 9.866854e-04        1
1918 4.143064e-04        1
1919 1.145554e-04        1
1920 5.849369e-05        1
1921 1.801430e-04        1
1922 5.027831e-04        1
1923 1.057493e-03        1
1924 3.975629e-04        1
1925 4.979024e-04        1
1926 1.734130e-04        1
1927 2.809697e-03        1
1928 6.657564e-05        1
1929 2.377604e-04        1
1930 1.363471e-05        1
1931 1.047579e-05        1
1932 7.460722e-04        1
1933 1.339815e-03        1
1934 6.567384e-04        1
1935 2.373163e-02        1
1936 1.117118e-04        1
1937 3.147893e-04        1
1938 1.640378e-02        1
1939 1.199940e-03        1
1940 1.470888e-04        1
1941 1.023696e-05        1
1942 1.186122e-04        1
1943 9.377560e-04        1
1944 5.868620e-05        1
1945 2.591949e-04        1
1946 8.645371e-05        1
1947 7.170891e-04        1
1948 2.756562e-04        1
1949 3.547583e-03        1
1950 3.449600e-05        1
1951 2.236447e-04        1
1952 1.214452e-03        1
1953 3.803063e-06        1
1954 2.567835e-05        1
1955 1.282090e-04        1
1956 1.008296e-04        1
1957 2.998316e-03        1
1958 2.363755e-02        1
1959 3.018769e-03        1
1960 5.390644e-06        1
1961 2.672743e-04        1
1962 9.837557e-06        1
1963 4.506044e-06        1
1964 5.950451e-05        1
1965 3.309755e-06        1
1966 5.465693e-04        1
1967 1.283543e-05        1
1968 1.201631e-03        1
1969 9.665187e-06        1
1970 1.448396e-03        1
1971 3.640462e-05        1
1972 1.376634e-04        1
1973 1.078847e-03        1
1974 2.091054e-03        1
1975 3.216207e-05        1
1976 1.018633e-04        1
1977 2.188680e-09        1
1978 2.646784e-04        1
1979 1.114971e-04        1
1980 8.013814e-04        1
1981 4.031138e-03        1
1982 3.408477e-05        1
1983 7.758018e-04        1
1984 1.763402e-04        1
1985 1.123381e-04        1
1986 3.548606e-05        1
1987 1.259390e-04        1
1988 1.360144e-05        1
1989 1.139823e-04        1
1990 1.169109e-04        1
1991 2.536349e-05        1
1992 1.257165e-03        1
1993 3.489798e-04        1
1994 1.153064e-05        1
1995 3.420776e-05        1
1996 1.722186e-05        1
1997 5.411576e-06        1
1998 4.043237e-03        1
1999 1.111211e-03        1
2000 1.691683e-03        1
2001 9.279627e-04        1
2002 1.038800e-04        1
2003 4.518763e-04        1
2004 6.669981e-04        1
2005 1.812510e-03        1
2006 1.345693e-04        1
2007 3.794129e-05        1
2008 2.144648e-06        1
2009 4.505596e-05        1
2010 3.042691e-04        1
2011 8.659135e-04        1
2012 1.965481e-03        1
2013 4.822726e-03        1
2014 1.156904e-03        1
2015 9.682432e-05        1
2016 3.529262e-03        1
2017 2.762433e-05        1
2018 3.476824e-04        1
2019 6.668247e-03        1
2020 8.794285e-05        1
2021 1.061328e-04        1
2022 1.621820e-04        1
2023 2.442622e-03        1
2024 2.071480e-03        1
2025 6.474636e-06        1
2026 6.169051e-05        1
2027 1.248770e-03        1
2028 8.050387e-04        1
2029 1.673437e-03        1
2030 1.452589e-04        1
2031 2.255203e-05        1
2032 1.059867e-02        1
2033 2.370360e-06        1
2034 8.605814e-04        1
2035 9.470957e-04        1
2036 3.259338e-05        1
2037 8.193324e-05        1
2038 1.603039e-04        1
2039 1.571915e-03        1
2040 3.696293e-04        1
2041 1.702715e-04        1
2042 2.570803e-04        1
2043 3.956886e-05        1
2044 2.528767e-05        1
2045 1.846240e-02        1
2046 1.168065e-03        1
2047 4.832952e-04        1
2048 3.806883e-04        1
2049 6.680382e-03        1
2050 6.175620e-06        1
2051 4.823230e-04        1
2052 3.532291e-08        1
2053 4.748507e-05        1
2054 7.022576e-04        1
2055 1.230935e-07        1
2056 4.704720e-05        1
2057 8.295578e-04        1
2058 4.909911e-06        1
2059 2.014441e-04        1
2060 1.209165e-03        1
2061 5.330771e-05        1
2062 6.845235e-04        1
2063 1.998478e-05        1
2064 2.201902e-04        1
2065 2.155911e-04        1
2066 3.917348e-06        1
2067 6.462398e-05        1
2068 2.554407e-03  0.28574
2069 4.048858e-06        1
2070 1.092217e-03        1
2071 4.115299e-04        1
2072 6.015926e-04        1
2073 2.558854e-04        1
2074 2.685092e-05        1
2075 4.272689e-06        1
2076 8.603599e-04        1
2077 6.174069e-05        1
2078 9.257168e-05        1
2079 1.247141e-03        1
2080 2.242362e-05        1
2081 3.058953e-04        1
2082 7.609638e-05        1
2083 1.297084e-05        1
2084 9.117242e-05        1
2085 3.395972e-06        1
2086 1.668619e-06        1
2087 2.488336e-06        1
2088 8.057532e-04        1
2089 1.837963e-06        1
2090 3.627789e-03        1
2091 8.734573e-05        1
2092 1.334376e-04        1
2093 5.022105e-05        1
2094 4.984605e-04        1
2095 3.916101e-04        1
2096 2.994450e-03        1
2097 4.924641e-06        1
2098 2.916433e-04        1
2099 5.438535e-05        1
2100 1.763700e-03        1
2101 6.515641e-04        1
2102 6.221044e-06        1
2103 4.769621e-06        1
2104 3.752086e-04        1
2105 4.589323e-04        1
2106 1.526975e-04        1
2107 7.149918e-04        1
2108 2.885779e-04        1
2109 1.863006e-07        1
2110 2.487306e-03        1
2111 5.255043e-03        1
2112 1.956180e-04        1
2113 1.038509e-03        1
2114 3.202443e-03        1
2115 1.542970e-04        1
2116 7.700361e-03        1
2117 5.751702e-03        1
2118 3.004757e-05        1
2119 2.935605e-05        1
2120 2.479015e-04        1
2121 2.789009e-05        1
2122 5.721798e-04        1
2123 3.759627e-05        1
2124 1.054131e-03        1
2125 1.161206e-04        1
2126 2.070467e-04        1
2127 4.499810e-06        1
2128 2.877235e-05        1
2129 2.633391e-06        1
2130 3.742893e-04        1
2131 1.084859e-03        1
2132 4.244492e-04        1
2133 5.437968e-04        1
2134 3.874867e-03        1
2135 4.555601e-04        1
2136 1.230227e-04        1
2137 6.449585e-05        1
2138 9.484133e-04        1
2139 6.764556e-05        1
2140 4.047058e-06        1
2141 7.771252e-04        1
2142 4.943882e-04        1
2143 5.526457e-04        1
2144 1.060230e-05        1
2145 2.373579e-04        1
2146 2.329414e-05        1
2147 1.013264e-04        1
2148 4.795934e-05        1
2149 5.276737e-04        1
2150 4.347979e-04        1
2151 1.853958e-04        1
2152 5.217074e-05        1
2153 1.492534e-03        1
2154 5.926085e-05        1
2155 1.214779e-03        1
2156 1.214728e-04        1
2157 1.303879e-03        1
2158 2.794363e-04        1
2159 1.005763e-04        1
2160 5.348682e-04        1
2161 1.272841e-03        1
2162 5.993137e-04        1
2163 4.142196e-06        1
2164 1.900521e-04        1
2165 9.946292e-04        1
2166 5.679940e-04        1
2167 1.500124e-06        1
2168 2.438592e-04        1
2169 4.632016e-06        1
2170 5.946421e-05        1
2171 5.136656e-04        1
2172 2.906045e-06        1
2173 1.549079e-03        1
2174 3.569447e-06        1
2175 8.563850e-04        1
2176 2.543208e-04        1
2177 1.613693e-04        1
2178 5.201120e-04        1
2179 2.587011e-05        1
2180 2.461348e-03        1
2181 2.028423e-04        1
2182 7.475989e-06        1
2183 4.603692e-04        1
2184 6.871417e-09        1
2185 1.610820e-03        1
2186 1.399176e-06        1
2187 1.275892e-05        1
2188 1.700262e-03        1
2189 2.542902e-04        1
2190 1.655424e-05        1
2191 1.152055e-03        1
2192 2.235888e-03        1
2193 1.608081e-04        1
2194 1.648320e-03        1
2195 4.840450e-04        1
2196 3.629423e-04        1
2197 2.431264e-05        1
2198 1.036664e-04        1

$`MR-PRESSO results`$`Distortion Test`
$`MR-PRESSO results`$`Distortion Test`$`Outliers Indices`
[1]  732 1230

$`MR-PRESSO results`$`Distortion Test`$`Distortion Coefficient`
beta.exposure 
     11.88492 

$`MR-PRESSO results`$`Distortion Test`$Pvalue
[1] 0.81422



