$`Main MR results`
       Exposure       MR Analysis Causal Estimate         Sd    T-stat
1 beta.exposure               Raw      -0.3339566 0.06384835 -5.230466
2 beta.exposure Outlier-corrected              NA         NA        NA
      P-value
1 2.21338e-07
2          NA

$`MR-PRESSO results`
$`MR-PRESSO results`$`Global Test`
$`MR-PRESSO results`$`Global Test`$RSSobs
[1] 843.8611

$`MR-PRESSO results`$`Global Test`$Pvalue
[1] 0.00236


$`MR-PRESSO results`$`Outlier Test`
          RSSobs  Pvalue
1   4.897691e-07       1
2   1.923232e-04       1
3   3.713561e-06       1
4   1.815951e-05       1
5   1.264300e-05       1
6   2.251617e-03       1
7   6.995097e-05       1
8   9.273553e-04       1
9   1.225474e-04       1
10  6.035224e-05       1
11  3.644309e-05       1
12  1.416656e-03       1
13  1.648865e-07       1
14  8.911865e-04       1
15  1.771882e-05       1
16  2.485749e-04       1
17  5.757975e-04       1
18  2.042223e-04       1
19  3.007719e-06       1
20  6.466503e-04       1
21  4.184716e-04       1
22  1.270605e-05       1
23  1.016758e-04       1
24  9.473367e-05       1
25  4.623916e-04       1
26  7.765628e-05       1
27  1.643962e-03       1
28  1.980824e-09       1
29  1.550758e-03       1
30  5.766850e-04       1
31  6.146816e-05       1
32  2.974456e-05       1
33  3.079631e-03       1
34  9.538819e-04       1
35  8.562789e-05       1
36  1.488218e-04       1
37  1.819344e-04       1
38  3.851138e-04       1
39  2.389766e-05       1
40  2.493585e-04       1
41  4.306799e-04       1
42  3.668516e-04       1
43  3.160266e-04       1
44  1.217405e-03       1
45  3.520089e-05       1
46  2.436184e-03       1
47  1.333666e-03       1
48  3.257622e-04       1
49  1.857065e-05       1
50  1.154071e-04       1
51  4.337740e-04       1
52  2.900193e-04       1
53  6.722992e-04       1
54  1.037697e-03       1
55  4.291351e-04       1
56  3.325236e-05       1
57  1.330971e-05       1
58  1.409602e-04       1
59  1.174205e-05       1
60  3.782278e-05       1
61  1.981801e-04       1
62  1.671306e-04       1
63  4.226837e-04       1
64  1.344922e-05       1
65  6.013425e-06       1
66  9.535614e-04       1
67  2.286034e-04       1
68  2.452537e-05       1
69  6.505394e-05       1
70  1.908458e-04       1
71  1.314394e-04       1
72  5.727031e-04       1
73  3.011361e-05       1
74  6.450869e-05       1
75  6.943217e-04       1
76  1.118192e-04       1
77  5.014858e-05       1
78  5.399881e-05       1
79  4.831985e-03       1
80  7.924649e-06       1
81  4.009939e-04       1
82  9.991210e-04       1
83  3.086588e-03       1
84  3.418771e-03       1
85  1.594955e-03       1
86  5.463353e-03       1
87  2.793166e-03       1
88  4.711500e-04       1
89  2.307352e-04       1
90  8.759595e-05       1
91  1.007825e-04       1
92  8.150858e-05       1
93  1.074409e-05       1
94  4.015705e-04       1
95  2.752247e-04       1
96  8.353110e-04       1
97  5.387549e-04       1
98  5.910681e-05       1
99  6.355746e-04       1
100 1.174458e-03       1
101 6.607930e-06       1
102 5.866528e-06       1
103 3.235733e-05       1
104 6.430391e-04       1
105 8.120061e-05       1
106 8.779909e-04       1
107 1.927216e-03       1
108 8.965418e-05       1
109 3.549244e-04       1
110 1.313412e-04       1
111 1.793131e-05       1
112 1.496328e-03       1
113 6.443737e-04       1
114 1.066531e-03       1
115 7.977432e-05       1
116 6.548551e-04       1
117 2.024802e-05       1
118 1.200687e-04       1
119 8.031426e-04       1
120 3.042974e-05       1
121 6.799865e-04       1
122 1.018163e-04       1
123 1.369362e-04       1
124 3.751693e-04       1
125 1.680347e-05       1
126 1.787939e-02       1
127 4.486083e-03       1
128 4.565246e-05       1
129 4.560108e-04       1
130 4.487969e-05       1
131 5.638870e-04       1
132 3.226470e-06       1
133 1.569369e-04       1
134 9.896393e-04       1
135 6.714187e-05       1
136 1.260512e-05       1
137 5.005315e-04       1
138 3.427915e-04       1
139 3.464393e-05       1
140 3.495943e-06       1
141 2.667151e-04       1
142 1.961157e-05       1
143 2.935220e-05       1
144 3.759817e-04       1
145 6.055430e-04       1
146 1.472823e-05       1
147 8.885638e-07       1
148 2.739199e-04       1
149 2.237738e-05       1
150 2.887606e-05       1
151 2.025676e-04       1
152 1.627252e-04       1
153 5.119462e-04       1
154 4.834696e-04       1
155 2.508219e-04       1
156 2.624924e-05       1
157 1.364294e-03       1
158 9.330237e-05       1
159 8.514201e-05       1
160 1.983115e-03       1
161 4.662791e-04       1
162 2.804142e-05       1
163 1.214670e-03       1
164 3.754827e-04       1
165 1.815333e-05       1
166 1.755926e-04       1
167 1.908587e-04       1
168 1.078116e-03       1
169 3.384984e-04       1
170 2.033902e-06       1
171 4.654729e-07       1
172 4.326472e-05       1
173 3.659908e-05       1
174 8.311261e-05       1
175 8.172026e-04       1
176 4.734087e-04       1
177 5.342834e-05       1
178 8.893771e-05       1
179 2.837406e-04       1
180 1.825155e-04       1
181 1.715122e-04       1
182 8.372721e-05       1
183 4.481401e-04       1
184 1.848705e-03       1
185 8.255720e-04       1
186 1.018019e-03       1
187 6.110051e-05       1
188 3.268003e-05       1
189 9.738663e-05       1
190 8.652932e-05       1
191 3.020972e-04       1
192 9.091722e-05       1
193 6.440661e-04       1
194 1.969856e-05       1
195 3.829081e-05       1
196 1.253944e-04       1
197 1.268465e-04       1
198 5.749116e-04       1
199 3.756880e-07       1
200 4.962553e-04       1
201 4.545041e-05       1
202 2.719029e-04       1
203 1.336276e-03       1
204 1.041728e-04       1
205 1.173208e-04       1
206 1.507145e-04       1
207 4.721586e-05       1
208 8.853585e-06       1
209 4.639085e-04       1
210 6.384884e-04       1
211 6.513521e-03       1
212 3.793931e-05       1
213 1.709565e-05       1
214 2.108802e-05       1
215 3.266158e-05       1
216 8.303918e-06       1
217 4.770334e-06       1
218 1.404515e-04       1
219 4.547360e-04       1
220 1.599446e-05       1
221 1.921284e-05       1
222 4.967202e-04       1
223 8.336055e-04       1
224 9.404467e-05       1
225 6.671538e-04       1
226 5.536483e-04       1
227 1.170270e-04       1
228 1.001904e-04       1
229 3.912782e-05       1
230 3.434830e-04       1
231 5.140715e-05       1
232 3.171108e-05       1
233 9.186001e-05       1
234 1.818536e-03       1
235 2.747828e-04       1
236 8.891097e-05       1
237 2.770191e-03       1
238 1.747637e-04       1
239 1.564193e-03       1
240 3.007253e-03       1
241 2.055040e-03       1
242 4.151207e-05       1
243 2.658948e-05       1
244 2.014138e-05       1
245 1.307484e-04       1
246 4.255467e-04       1
247 1.556855e-04       1
248 3.037117e-04       1
249 1.217430e-05       1
250 2.458722e-04       1
251 6.563854e-05       1
252 6.016952e-04       1
253 3.516471e-05       1
254 3.374261e-04       1
255 6.341037e-05       1
256 2.921369e-04       1
257 1.730323e-03       1
258 1.936713e-03       1
259 1.442767e-04       1
260 1.403136e-03       1
261 8.911693e-06       1
262 5.945062e-04       1
263 5.533846e-04       1
264 1.791697e-04       1
265 1.715944e-04       1
266 1.461358e-03       1
267 4.158039e-04       1
268 1.635555e-03       1
269 4.339796e-05       1
270 6.963455e-05       1
271 5.369142e-04       1
272 2.335724e-04       1
273 3.500335e-04       1
274 2.992765e-04       1
275 1.127244e-03       1
276 2.855025e-04       1
277 2.735891e-04       1
278 1.311456e-04       1
279 3.697082e-04       1
280 5.670705e-04       1
281 4.901992e-04       1
282 1.780136e-04       1
283 9.929661e-05       1
284 3.305609e-04       1
285 2.189251e-04       1
286 7.576719e-05       1
287 1.278763e-04       1
288 8.939519e-04       1
289 1.813188e-05       1
290 1.478477e-05       1
291 3.561597e-05       1
292 7.829871e-04       1
293 2.986215e-04       1
294 2.070038e-04       1
295 4.656365e-04       1
296 1.832860e-04       1
297 5.408203e-05       1
298 6.140154e-05       1
299 1.481431e-05       1
300 6.814356e-04       1
301 1.226371e-04       1
302 5.985760e-04       1
303 3.609610e-05       1
304 1.768193e-05       1
305 2.514462e-04       1
306 6.004582e-04       1
307 2.436485e-05       1
308 2.677731e-04       1
309 2.872606e-04       1
310 1.021642e-04       1
311 7.825949e-04       1
312 4.776205e-04       1
313 2.972219e-04       1
314 6.781051e-05       1
315 2.726019e-05       1
316 3.444523e-04       1
317 3.692653e-04       1
318 4.295450e-04       1
319 1.099869e-03       1
320 1.399824e-03       1
321 1.572061e-04       1
322 6.295297e-05       1
323 1.084948e-04       1
324 1.354363e-03       1
325 1.232825e-04       1
326 1.330380e-07       1
327 4.565846e-04       1
328 8.292829e-05       1
329 1.098081e-04       1
330 1.907202e-04       1
331 1.237491e-03       1
332 2.709011e-04       1
333 4.881576e-04       1
334 1.391672e-07       1
335 1.421847e-03       1
336 1.019553e-04       1
337 8.381455e-05       1
338 1.113081e-04       1
339 2.724840e-05       1
340 2.862108e-05       1
341 5.096405e-04       1
342 3.298176e-04       1
343 3.550743e-04       1
344 1.697470e-04       1
345 4.080892e-03 0.40768
346 5.219576e-04       1
347 4.467042e-04       1
348 8.634654e-04       1
349 8.288640e-04       1
350 2.468689e-03       1
351 1.471450e-04       1
352 5.524843e-05       1
353 2.107421e-03       1
354 2.619231e-03       1
355 2.024402e-05       1
356 1.018079e-04       1
357 1.199278e-05       1
358 3.315216e-05       1
359 8.829464e-05       1
360 5.029568e-04       1
361 4.715377e-04       1
362 1.499253e-05       1
363 2.073680e-04       1
364 1.607124e-04       1
365 2.511121e-05       1
366 2.849277e-05       1
367 1.717543e-04       1
368 7.531891e-04       1
369 8.786304e-06       1
370 1.715928e-04       1
371 2.690015e-05       1
372 1.064871e-03       1
373 5.740448e-04       1
374 4.273919e-04       1
375 1.463208e-04       1
376 1.387395e-03       1
377 9.713394e-05       1
378 3.030277e-04       1
379 1.824806e-03       1
380 4.335016e-04       1
381 1.013798e-03       1
382 1.523713e-05       1
383 4.578332e-03       1
384 1.819419e-03       1
385 2.381865e-03       1
386 2.361586e-04       1
387 1.093372e-04       1
388 1.056020e-03       1
389 7.079474e-05       1
390 3.594305e-04       1
391 9.959572e-03       1
392 4.585288e-04       1
393 3.828394e-04       1
394 7.784282e-06       1
395 1.687434e-05       1
396 6.657969e-05       1
397 4.630957e-05       1
398 2.792790e-05       1
399 6.174212e-04       1
400 1.331391e-05       1
401 1.356691e-08       1
402 4.604081e-05       1
403 1.498919e-04       1
404 4.738647e-04       1
405 6.622767e-04       1
406 3.382439e-04       1
407 2.446652e-04       1
408 5.015261e-04       1
409 2.224388e-05       1
410 1.592511e-05       1
411 6.049998e-04       1
412 2.890497e-05       1
413 6.851566e-05       1
414 4.632718e-05       1
415 1.309023e-03       1
416 5.828293e-05       1
417 7.492359e-06       1
418 7.197422e-05       1
419 2.906109e-05       1
420 5.483084e-04       1
421 9.107301e-06       1
422 2.648392e-06       1
423 6.041775e-04       1
424 1.486618e-03       1
425 1.341567e-06       1
426 8.636915e-05       1
427 8.572604e-04       1
428 1.807975e-04       1
429 7.044124e-06       1
430 4.946392e-04       1
431 2.238832e-04       1
432 1.657103e-05       1
433 1.167137e-03       1
434 4.495182e-06       1
435 5.012920e-04       1
436 4.486509e-04       1
437 1.191958e-03       1
438 1.157970e-04       1
439 2.004502e-06       1
440 3.221583e-05       1
441 1.225761e-06       1
442 8.082612e-04       1
443 6.172329e-05       1
444 9.542611e-04       1
445 2.447663e-08       1
446 1.625049e-04       1
447 4.578867e-04       1
448 8.084230e-05       1
449 1.221554e-05       1
450 6.974731e-04       1
451 1.558593e-05       1
452 9.998016e-04       1
453 6.136346e-05       1
454 4.393120e-04       1
455 2.009490e-05       1
456 6.463153e-05       1
457 5.210028e-05       1
458 7.317153e-07       1
459 6.669867e-04       1
460 5.640029e-04       1
461 1.215747e-05       1
462 9.574625e-05       1
463 4.400432e-04       1
464 4.132098e-05       1
465 4.801500e-03       1
466 7.675532e-07       1
467 8.642300e-05       1
468 1.296418e-05       1
469 3.893240e-03       1
470 3.628798e-04       1
471 1.493402e-04       1
472 4.742264e-04       1
473 1.889290e-06       1
474 3.708388e-07       1
475 1.370984e-04       1
476 1.321375e-03       1
477 2.820248e-04       1
478 1.971265e-04       1
479 1.624542e-03       1
480 3.784809e-06       1
481 1.584539e-04       1
482 1.255700e-04       1
483 6.838795e-05       1
484 1.386534e-04       1
485 1.325824e-05       1
486 2.547834e-04       1
487 5.002740e-04       1
488 4.560775e-04       1
489 3.588075e-05       1
490 8.749407e-04       1
491 1.004079e-04       1
492 4.449772e-05       1
493 3.758682e-05       1
494 1.415482e-04       1
495 6.167064e-05       1
496 1.556183e-04       1
497 6.468950e-04       1
498 2.252161e-04       1
499 9.513649e-06       1
500 6.308034e-05       1
501 4.186596e-03       1
502 2.764388e-05       1
503 1.381634e-05       1
504 6.220247e-04       1
505 6.093425e-04       1
506 4.068665e-04       1
507 4.593712e-06       1
508 8.896390e-05       1
509 3.736382e-04       1
510 1.864550e-03       1
511 2.130953e-04       1
512 2.387688e-04       1
513 2.560114e-05       1
514 8.189768e-04       1
515 2.660411e-07       1
516 4.330754e-05       1
517 4.569433e-05       1
518 2.705417e-04       1
519 6.030183e-04       1
520 1.242403e-05       1
521 2.066938e-05       1
522 1.685976e-04       1
523 1.581342e-04       1
524 3.121707e-04       1
525 2.809813e-04       1
526 5.708055e-05       1
527 9.252636e-04       1
528 1.089089e-03       1
529 1.034148e-03       1
530 5.902500e-05       1
531 1.659686e-04       1
532 5.383036e-04       1
533 7.604744e-06       1
534 2.745152e-04       1
535 4.288807e-04       1
536 4.643238e-04       1
537 4.180090e-05       1
538 4.738749e-04       1
539 1.890424e-04       1
540 1.740744e-05       1
541 5.469026e-05       1
542 8.789325e-05       1
543 3.514002e-05       1
544 7.728874e-07       1
545 3.120791e-05       1
546 1.505819e-03       1
547 1.334229e-03       1
548 5.536206e-06       1
549 5.182121e-04       1
550 1.306383e-03       1
551 7.429652e-06       1
552 3.996175e-03       1
553 1.342293e-06       1
554 1.413619e-04       1
555 1.061298e-03       1
556 1.273853e-03       1
557 1.605504e-03       1
558 5.594323e-04       1
559 1.631216e-05       1
560 5.303446e-06       1
561 1.165109e-07       1
562 1.860389e-03       1
563 2.516632e-04       1
564 3.334588e-04       1
565 1.668053e-04       1
566 2.066517e-05       1
567 1.278381e-04       1
568 5.841881e-04       1
569 1.047019e-04       1
570 3.130331e-04       1
571 1.166630e-05       1
572 5.719035e-05       1
573 7.405653e-07       1
574 8.480169e-04       1
575 8.122403e-05       1
576 2.590635e-05       1
577 1.085246e-04       1
578 6.465495e-04       1
579 1.851634e-03       1
580 8.251672e-04       1
581 1.989376e-04       1
582 2.869554e-04       1
583 3.368089e-04       1
584 6.173347e-04       1
585 2.057265e-05       1
586 1.249843e-04       1
587 1.226244e-08       1
588 4.360154e-04       1
589 3.687631e-03       1
590 9.010248e-05       1
591 1.048025e-03       1
592 6.141766e-04       1
593 9.255945e-10       1
594 1.031421e-03       1
595 2.246019e-04       1
596 3.261737e-06       1
597 2.356602e-04       1
598 7.467790e-05       1
599 1.000600e-04       1
600 2.392661e-05       1
601 2.001066e-04       1
602 1.117070e-03       1
603 1.433022e-04       1
604 6.343802e-04       1
605 1.383439e-03       1
606 1.801623e-04       1
607 3.664815e-05       1
608 3.851561e-03       1
609 4.491280e-03       1
610 8.881393e-06       1
611 8.644833e-04       1
612 2.564273e-04       1
613 5.920455e-04       1
614 6.343128e-04       1
615 5.036936e-05       1
616 1.469729e-03       1
617 4.352157e-04       1
618 4.767665e-04       1
619 1.102996e-03       1
620 1.600363e-04       1
621 1.867484e-04       1
622 1.460861e-04       1
623 3.365252e-04       1
624 1.512392e-04       1
625 3.450250e-04       1
626 5.416442e-04       1
627 3.740843e-04       1
628 5.035671e-04       1
629 3.397450e-03       1
630 3.902488e-05       1
631 4.526195e-04       1
632 3.808406e-04       1
633 9.564509e-03       1
634 1.042060e-03       1
635 3.114832e-04       1
636 2.350337e-04       1
637 4.149378e-04       1
638 3.250989e-04       1
639 1.783605e-05       1
640 3.051319e-06       1
641 1.187033e-03       1
642 1.149624e-06       1
643 3.850071e-05       1
644 5.960371e-06       1
645 3.659614e-05       1
646 2.623652e-04       1
647 3.866065e-05       1
648 8.003281e-04       1
649 8.250715e-05       1
650 8.400759e-05       1
651 1.795411e-04       1
652 1.997798e-05       1
653 3.407228e-05       1
654 1.234352e-04       1
655 9.165955e-05       1
656 9.742215e-06       1
657 1.979795e-05       1
658 5.327645e-04       1
659 9.475694e-05       1
660 5.336690e-04       1
661 6.801987e-05       1
662 2.409657e-04       1
663 1.989201e-04       1
664 2.287730e-04       1
665 1.999994e-03       1
666 8.130459e-05       1
667 5.092667e-06       1
668 5.959886e-07       1
669 5.877244e-04       1
670 8.048329e-06       1
671 4.135117e-04       1
672 1.734555e-05       1
673 3.092140e-05       1
674 2.520619e-04       1
675 1.087291e-04       1
676 5.838349e-06       1
677 7.907393e-05       1
678 2.105706e-04       1
679 1.665506e-06       1
680 5.315258e-04       1
681 3.566861e-04       1
682 9.160058e-04       1
683 6.359030e-07       1
684 1.185169e-03       1
685 3.238676e-08       1
686 2.403972e-04       1
687 5.731086e-05       1
688 1.606958e-04       1
689 1.315739e-04       1
690 6.127902e-07       1
691 2.987446e-04       1
692 3.391375e-05       1
693 5.372198e-04       1
694 8.410577e-05       1
695 3.960340e-04       1
696 5.128220e-05       1
697 5.965031e-05       1
698 1.861204e-05       1
699 8.243934e-04       1
700 1.667448e-04       1
701 3.672961e-03       1
702 8.080300e-04       1
703 3.701755e-04       1
704 5.830404e-05       1
705 1.131790e-04       1
706 8.716938e-04       1
707 2.086919e-04       1
708 1.353906e-03       1
709 1.550650e-04       1
710 2.601299e-05       1
711 2.010831e-04       1
712 1.209494e-06       1
713 1.482885e-04       1
714 6.662528e-06       1
715 4.964178e-05       1
716 2.747583e-04       1
717 4.931451e-05       1
718 5.659314e-04       1
719 2.078330e-04       1
720 2.555658e-04       1
721 1.154569e-03       1
722 3.161891e-04       1
723 1.284132e-04       1
724 9.593713e-08       1
725 6.018591e-04       1
726 1.771614e-03       1
727 9.574588e-07       1
728 3.889442e-05       1

$`MR-PRESSO results`$`Distortion Test`
$`MR-PRESSO results`$`Distortion Test`$`Outliers Indices`
[1] "No significant outliers"

$`MR-PRESSO results`$`Distortion Test`$`Distortion Coefficient`
[1] NA

$`MR-PRESSO results`$`Distortion Test`$Pvalue
[1] NA



