$`Main MR results`
       Exposure       MR Analysis Causal Estimate        Sd      T-stat
1 beta.exposure               Raw    -0.142072617 0.1900250 -0.74765226
2 beta.exposure Outlier-corrected    -0.006048789 0.1148422 -0.05267045
    P-value
1 0.4564072
2 0.9581006

$`MR-PRESSO results`
$`MR-PRESSO results`$`Global Test`
$`MR-PRESSO results`$`Global Test`$RSSobs
[1] 266.4145

$`MR-PRESSO results`$`Global Test`$Pvalue
[1] "<1e-04"


$`MR-PRESSO results`$`Outlier Test`
          RSSobs  Pvalue
1   5.680112e-04       1
2   1.019253e-05       1
3   5.238308e-04       1
4   9.342821e-03       1
5   1.357480e-02       1
6   1.968575e-04       1
7   5.340462e-05       1
8   1.335127e-05       1
9   6.171308e-07       1
10  3.971462e-05       1
11  8.499198e-03       1
12  8.366283e-03       1
13  5.853222e-03       1
14  7.903341e-03       1
15  2.072627e-03       1
16  3.151665e-03       1
17  1.336801e-03       1
18  3.702660e-04       1
19  2.696247e-02       1
20  1.375023e-02       1
21  3.179223e-04       1
22  2.406271e-03       1
23  1.125633e-02       1
24  3.401600e-04       1
25  8.597700e-06       1
26  1.205275e-03       1
27  4.340221e-03       1
28  4.559354e-04       1
29  1.582497e-05       1
30  2.464024e-02       1
31  6.273666e-03       1
32  1.085768e-05       1
33  9.284730e-03       1
34  4.761461e-03       1
35  5.054456e-04       1
36  4.279625e-03       1
37  3.142960e-03       1
38  1.434374e-04       1
39  1.368076e-03       1
40  4.072872e-06       1
41  2.502983e-05       1
42  4.724808e-01       1
43  5.112511e-01 <0.0102
44  7.789725e-03       1
45  6.162434e-05       1
46  3.276434e-04       1
47  1.252334e-04       1
48  2.808134e-02  0.0204
49  7.763693e-05       1
50  1.563153e-03       1
51  3.025552e-04       1
52  1.928845e-04       1
53  2.047212e-03       1
54  1.388416e-03       1
55  8.264994e-07       1
56  6.464099e-04       1
57  1.852380e-03       1
58  2.947753e-05       1
59  2.141046e-04       1
60  5.508031e-05       1
61  1.117290e-02       1
62  6.183741e-06       1
63  6.227622e-04       1
64  1.918706e-04       1
65  2.036188e-03       1
66  9.149245e-03       1
67  1.044548e-03       1
68  2.153397e-03       1
69  3.741573e-04       1
70  1.930382e-03       1
71  4.697107e-03       1
72  8.168451e-05       1
73  2.342929e-03       1
74  1.482054e-03       1
75  4.297850e-03       1
76  1.128954e-03       1
77  7.963017e-05       1
78  6.357085e-04       1
79  3.677884e-06       1
80  3.451604e-04       1
81  2.328830e-04       1
82  1.461277e-03       1
83  6.470127e-03       1
84  2.106790e-03       1
85  5.572692e-03       1
86  1.371382e-04       1
87  1.303155e-03       1
88  5.249962e-03       1
89  1.537739e-04       1
90  1.455679e-02       1
91  5.269090e-04       1
92  4.547398e-03       1
93  6.320694e-05       1
94  5.305049e-04       1
95  1.446740e-04       1
96  1.347161e-02       1
97  5.688877e-03       1
98  8.073125e-04       1
99  7.660042e-04       1
100 8.573980e-03       1
101 2.560449e-06       1
102 3.719318e-03       1

$`MR-PRESSO results`$`Distortion Test`
$`MR-PRESSO results`$`Distortion Test`$`Outliers Indices`
[1] 43 48

$`MR-PRESSO results`$`Distortion Test`$`Distortion Coefficient`
beta.exposure 
    -2248.778 

$`MR-PRESSO results`$`Distortion Test`$Pvalue
[1] 0.0224



