$`Main MR results`
       Exposure       MR Analysis Causal Estimate         Sd    T-stat
1 beta.exposure               Raw      0.03263573 0.09869485 0.3306731
2 beta.exposure Outlier-corrected              NA         NA        NA
    P-value
1 0.7416196
2        NA

$`MR-PRESSO results`
$`MR-PRESSO results`$`Global Test`
$`MR-PRESSO results`$`Global Test`$RSSobs
[1] 127.6693

$`MR-PRESSO results`$`Global Test`$Pvalue
[1] 0.0208


$`MR-PRESSO results`$`Outlier Test`
         RSSobs Pvalue
1  5.498537e-05      1
2  7.909247e-05      1
3  2.829339e-04      1
4  3.525581e-06      1
5  1.383969e-07      1
6  3.304171e-04      1
7  8.450268e-03 0.0768
8  1.012321e-05      1
9  1.005621e-05      1
10 1.318354e-04      1
11 3.006743e-05      1
12 4.784357e-05      1
13 8.056986e-05      1
14 1.685320e-04      1
15 1.874108e-06      1
16 4.284870e-05      1
17 4.269953e-04      1
18 8.199933e-06      1
19 8.502266e-05      1
20 3.439487e-04      1
21 9.247033e-05      1
22 7.641121e-05      1
23 3.176729e-06      1
24 2.639361e-04      1
25 4.490546e-04      1
26 1.607287e-04      1
27 1.550554e-04      1
28 2.190846e-03      1
29 6.785696e-05      1
30 6.491596e-04      1
31 2.108692e-03      1
32 2.690596e-05      1
33 1.425348e-06      1
34 8.855049e-06      1
35 4.334734e-05      1
36 4.788903e-06      1
37 2.001272e-04      1
38 8.673310e-04 0.0768
39 1.987928e-05      1
40 1.851744e-04      1
41 1.342745e-04      1
42 1.464963e-05      1
43 2.848908e-05      1
44 2.689994e-05      1
45 2.097141e-04      1
46 9.122785e-05      1
47 4.492389e-05      1
48 5.903869e-05      1
49 4.511152e-06      1
50 8.030124e-05      1
51 1.568353e-04      1
52 3.154200e-05      1
53 2.784455e-04      1
54 3.049864e-04      1
55 3.385584e-05      1
56 3.019541e-04      1
57 4.005543e-07      1
58 3.139157e-05      1
59 4.253238e-05      1
60 2.142493e-04      1
61 5.045439e-08      1
62 1.363100e-05      1
63 7.179644e-06      1
64 1.114281e-03 0.1152
65 3.122848e-05      1
66 2.326932e-04      1
67 3.084466e-04      1
68 1.992837e-05      1
69 2.643533e-04      1
70 5.085168e-05      1
71 1.336570e-04      1
72 2.034015e-04      1
73 1.141080e-04      1
74 4.294095e-04      1
75 2.664079e-05      1
76 1.082257e-06      1
77 5.128169e-06      1
78 1.368055e-04      1
79 7.385387e-04      1
80 5.368944e-05      1
81 4.050910e-04      1
82 8.440429e-05      1
83 4.599205e-05      1
84 3.210556e-05      1
85 3.374589e-05      1
86 3.650662e-05      1
87 5.871551e-04 0.7296
88 6.357095e-07      1
89 4.165146e-06      1
90 3.302688e-05      1
91 1.673312e-05      1
92 9.985864e-06      1
93 2.189229e-05      1
94 1.449952e-06      1
95 5.438884e-06      1
96 7.449910e-06      1

$`MR-PRESSO results`$`Distortion Test`
$`MR-PRESSO results`$`Distortion Test`$`Outliers Indices`
[1] "No significant outliers"

$`MR-PRESSO results`$`Distortion Test`$`Distortion Coefficient`
[1] NA

$`MR-PRESSO results`$`Distortion Test`$Pvalue
[1] NA



