$`Main MR results`
       Exposure       MR Analysis Causal Estimate         Sd    T-stat
1 beta.exposure               Raw     -0.01832133 0.01161418 -1.577497
2 beta.exposure Outlier-corrected     -0.01314908 0.01128983 -1.164684
    P-value
1 0.1148506
2 0.2442959

$`MR-PRESSO results`
$`MR-PRESSO results`$`Global Test`
$`MR-PRESSO results`$`Global Test`$RSSobs
[1] 2003.471

$`MR-PRESSO results`$`Global Test`$Pvalue
[1] 0.01597


$`MR-PRESSO results`$`Outlier Test`
           RSSobs   Pvalue
1    1.169440e-05        1
2    3.909937e-05        1
3    1.059625e-05        1
4    3.797393e-05        1
5    4.313363e-06        1
6    2.261371e-04        1
7    4.728834e-05        1
8    1.926991e-05        1
9    2.553587e-06        1
10   1.116759e-04        1
11   4.868332e-05        1
12   3.185295e-05        1
13   7.657417e-07        1
14   3.162993e-07        1
15   8.487246e-07        1
16   2.391365e-05        1
17   1.208176e-06        1
18   1.307640e-06        1
19   5.924506e-05        1
20   9.767932e-06        1
21   3.876318e-06        1
22   2.879412e-05        1
23   4.170627e-05        1
24   5.261465e-05        1
25   6.718437e-05        1
26   3.553035e-05        1
27   8.230654e-05        1
28   4.807465e-05        1
29   1.919530e-05        1
30   2.266931e-05        1
31   3.075947e-05        1
32   5.730658e-05        1
33   1.143868e-04        1
34   2.274603e-06        1
35   7.431253e-05        1
36   4.168564e-06        1
37   1.192654e-04        1
38   1.517824e-05        1
39   8.577489e-05        1
40   9.619493e-05        1
41   1.654515e-04        1
42   1.338926e-04        1
43   5.342863e-05        1
44   6.851282e-05        1
45   2.970201e-06        1
46   6.952443e-05        1
47   4.064986e-08        1
48   1.402713e-04        1
49   4.423325e-06        1
50   1.753613e-04        1
51   2.751130e-06        1
52   2.840195e-05        1
53   3.507660e-05        1
54   6.555922e-06        1
55   1.638058e-05        1
56   8.950594e-06        1
57   3.070122e-07        1
58   2.084658e-06        1
59   5.710686e-05        1
60   1.747798e-05        1
61   3.369513e-06        1
62   1.239466e-05        1
63   2.423065e-04        1
64   2.907056e-05        1
65   3.122880e-05        1
66   3.123477e-05        1
67   1.081564e-06        1
68   1.437676e-07        1
69   1.565315e-07        1
70   2.238680e-05        1
71   5.210619e-06        1
72   3.658185e-07        1
73   1.239688e-04        1
74   2.487591e-04        1
75   6.938772e-06        1
76   1.951910e-06        1
77   7.610554e-05        1
78   8.261263e-05        1
79   1.514394e-05        1
80   1.318473e-04        1
81   1.065737e-04        1
82   7.963646e-05        1
83   2.193193e-06        1
84   1.567879e-04        1
85   4.584080e-06        1
86   1.031542e-04        1
87   1.787982e-05        1
88   1.287667e-05        1
89   9.516572e-07        1
90   2.192924e-05        1
91   7.167522e-05        1
92   3.511915e-05        1
93   2.487202e-05        1
94   8.478001e-07        1
95   4.557257e-05        1
96   2.636230e-06        1
97   7.731501e-10        1
98   3.161849e-05        1
99   7.678426e-05        1
100  4.080800e-05        1
101  1.228926e-05        1
102  2.727145e-05        1
103  2.228638e-06        1
104  3.898415e-06        1
105  9.802870e-07        1
106  3.149208e-10        1
107  6.807131e-05        1
108  4.920350e-05        1
109  1.103399e-04        1
110  7.633739e-05        1
111  2.487082e-05        1
112  3.556249e-05        1
113  7.137153e-06        1
114  1.364735e-05        1
115  1.226318e-04        1
116  1.413873e-05        1
117  1.790635e-05        1
118  4.810978e-06        1
119  5.958527e-06        1
120  1.466315e-05        1
121  6.821324e-05        1
122  2.113827e-05        1
123  4.862996e-05        1
124  1.298171e-05        1
125  3.728840e-05        1
126  9.181862e-05        1
127  4.482159e-06        1
128  3.469210e-06        1
129  3.166149e-06        1
130  7.987408e-05        1
131  3.824132e-05        1
132  4.409780e-06        1
133  6.262298e-06        1
134  3.033651e-06        1
135  1.030964e-08        1
136  1.474261e-06        1
137  2.163223e-05        1
138  2.413178e-06        1
139  2.952326e-05        1
140  5.631732e-06        1
141  3.028252e-05        1
142  3.838613e-06        1
143  2.913438e-05        1
144  4.460430e-06        1
145  1.061182e-04        1
146  4.237672e-05        1
147  1.007013e-05        1
148  3.960280e-06        1
149  2.130934e-04        1
150  1.402085e-05        1
151  4.769397e-05        1
152  2.775784e-06        1
153  4.077997e-06        1
154  2.731773e-05        1
155  8.322577e-06        1
156  4.138780e-05        1
157  6.529470e-07        1
158  4.815346e-05        1
159  2.157093e-05        1
160  9.265344e-05        1
161  1.555605e-06        1
162  1.400702e-05        1
163  4.476534e-06        1
164  2.004572e-05        1
165  3.089732e-05        1
166  1.099065e-05        1
167  1.831292e-05        1
168  5.076138e-06        1
169  1.192918e-04        1
170  3.977540e-04        1
171  9.044296e-05        1
172  1.119188e-07        1
173  9.685374e-05        1
174  2.065782e-10        1
175  9.020159e-07        1
176  2.906785e-05        1
177  3.310935e-05        1
178  1.321364e-05        1
179  2.092956e-05        1
180  4.663203e-05        1
181  1.529701e-05        1
182  5.824546e-06        1
183  2.195264e-10        1
184  4.885171e-06        1
185  3.880286e-06        1
186  1.105503e-05        1
187  6.417271e-07        1
188  5.852805e-05        1
189  2.722055e-05        1
190  3.186105e-04        1
191  2.983440e-05        1
192  3.351857e-06        1
193  1.216362e-07        1
194  2.192567e-04        1
195  1.209142e-06        1
196  1.256171e-05        1
197  1.207944e-06        1
198  1.186817e-06        1
199  9.200459e-06        1
200  3.641981e-05        1
201  1.239009e-04        1
202  1.303967e-04        1
203  1.297248e-04        1
204  4.025580e-05        1
205  8.202214e-07        1
206  1.581716e-09        1
207  1.279779e-05        1
208  1.587210e-06        1
209  1.108049e-07        1
210  1.186998e-05        1
211  1.248093e-05        1
212  7.285771e-06        1
213  4.783744e-07        1
214  3.772469e-06        1
215  7.454857e-05        1
216  1.383330e-05        1
217  1.304262e-05        1
218  1.270035e-05        1
219  9.755671e-06        1
220  1.935332e-04        1
221  4.127875e-05        1
222  1.276211e-06        1
223  2.736176e-06        1
224  1.858873e-04        1
225  5.620576e-05        1
226  3.587030e-06        1
227  8.723153e-06        1
228  3.779718e-06        1
229  4.098824e-05        1
230  5.450411e-06        1
231  7.008360e-06        1
232  1.566732e-05        1
233  1.738452e-05        1
234  1.587588e-04        1
235  2.853520e-05        1
236  4.003130e-05        1
237  4.352043e-06        1
238  1.473657e-06        1
239  1.163711e-05        1
240  4.446211e-06        1
241  6.964770e-06        1
242  1.063584e-04        1
243  1.042311e-05        1
244  1.645040e-05        1
245  6.123200e-05        1
246  9.780084e-06        1
247  1.486287e-07        1
248  2.618285e-05        1
249  1.518972e-04        1
250  5.229276e-05        1
251  1.875251e-06        1
252  1.886903e-05        1
253  2.289825e-04        1
254  3.560193e-05        1
255  8.878463e-07        1
256  8.244399e-05        1
257  2.209055e-06        1
258  1.308755e-05        1
259  8.694388e-05        1
260  2.464949e-05        1
261  3.438186e-05        1
262  5.428923e-05        1
263  1.484088e-04        1
264  7.821725e-07        1
265  3.806050e-05        1
266  6.067397e-05        1
267  2.926178e-05        1
268  3.408466e-04        1
269  1.110465e-04        1
270  3.142464e-05        1
271  1.616514e-04        1
272  4.917542e-06        1
273  2.911573e-05        1
274  6.124555e-06        1
275  2.958396e-06        1
276  2.708414e-05        1
277  5.301727e-05        1
278  5.571743e-06        1
279  1.153895e-04        1
280  1.543471e-05        1
281  2.580256e-08        1
282  4.312981e-04        1
283  2.553019e-04        1
284  3.274365e-05        1
285  5.894309e-07        1
286  2.869786e-06        1
287  5.869316e-05        1
288  2.252078e-06        1
289  1.340025e-05        1
290  1.249815e-04        1
291  1.555288e-06        1
292  4.799631e-06        1
293  9.723053e-05        1
294  4.652241e-06        1
295  1.023034e-07        1
296  2.263042e-06        1
297  1.308793e-05        1
298  1.033651e-05        1
299  2.432882e-04        1
300  2.769314e-05        1
301  1.852236e-05        1
302  6.012280e-06        1
303  2.400273e-05        1
304  1.094591e-05        1
305  2.795996e-05        1
306  7.346123e-06        1
307  2.361780e-06        1
308  1.763562e-07        1
309  3.499165e-05        1
310  6.652552e-07        1
311  1.320202e-05        1
312  1.820509e-05        1
313  7.448617e-05        1
314  1.678507e-04        1
315  1.418125e-05        1
316  1.208979e-05        1
317  9.900399e-05        1
318  3.382696e-05        1
319  1.888190e-05        1
320  3.511140e-05        1
321  6.786819e-04        1
322  1.282901e-05        1
323  3.144111e-06        1
324  2.762549e-06        1
325  5.502684e-06        1
326  9.513890e-05        1
327  3.693606e-05        1
328  5.752071e-05        1
329  1.567433e-05        1
330  8.480515e-07        1
331  1.207987e-06        1
332  3.316555e-05        1
333  4.887198e-05        1
334  4.609898e-05        1
335  2.209444e-05        1
336  1.021136e-05        1
337  1.404485e-04        1
338  1.152546e-04        1
339  2.341050e-06        1
340  2.624517e-06        1
341  6.463117e-06        1
342  6.186574e-05        1
343  8.800723e-04        1
344  2.829817e-05        1
345  4.335995e-07        1
346  6.249472e-05        1
347  1.974762e-05        1
348  1.100504e-06        1
349  1.335875e-05        1
350  6.380326e-05        1
351  1.195474e-07        1
352  4.951063e-05        1
353  1.007457e-04        1
354  4.892820e-04        1
355  3.166662e-05        1
356  8.058049e-06        1
357  2.813117e-05        1
358  7.588437e-05        1
359  9.113114e-08        1
360  7.982219e-06        1
361  5.978763e-04        1
362  2.286649e-04        1
363  5.328727e-06        1
364  8.254055e-06        1
365  1.431435e-05        1
366  2.406084e-05        1
367  9.049995e-07        1
368  5.666939e-05        1
369  2.048565e-05        1
370  9.052302e-08        1
371  6.642964e-05        1
372  1.497148e-04        1
373  5.005747e-05        1
374  6.907247e-06        1
375  4.735183e-05        1
376  3.821706e-05        1
377  1.341255e-05        1
378  8.607392e-05        1
379  8.077136e-05        1
380  2.488201e-06        1
381  5.224692e-05        1
382  3.430653e-06        1
383  2.381464e-07        1
384  2.496415e-05        1
385  2.000268e-05        1
386  1.673112e-05        1
387  4.800402e-05        1
388  3.576075e-05        1
389  1.828299e-05        1
390  3.072973e-04        1
391  4.340820e-06        1
392  8.427839e-06        1
393  1.686796e-05        1
394  1.745300e-06        1
395  1.695943e-04        1
396  5.905439e-05        1
397  1.685515e-06        1
398  4.249346e-05        1
399  8.501432e-06        1
400  6.296340e-06        1
401  5.224924e-06        1
402  3.529020e-05        1
403  2.726411e-04        1
404  1.247351e-05        1
405  4.855158e-06        1
406  1.592552e-05        1
407  7.162198e-07        1
408  2.679795e-04        1
409  4.357511e-06        1
410  1.342149e-06        1
411  2.287427e-05        1
412  2.825907e-05        1
413  5.815721e-05        1
414  7.185586e-07        1
415  1.030167e-04        1
416  7.471638e-07        1
417  3.783139e-04        1
418  3.583525e-05        1
419  3.670669e-05        1
420  3.123260e-05        1
421  1.798507e-05        1
422  3.167861e-06        1
423  3.473555e-04        1
424  2.958036e-05        1
425  2.812438e-04        1
426  1.700143e-05        1
427  5.767762e-05        1
428  1.157151e-05        1
429  9.471973e-05        1
430  1.070611e-05        1
431  1.715172e-05        1
432  1.323801e-06        1
433  7.593808e-07        1
434  1.969120e-07        1
435  4.817810e-06        1
436  1.014766e-04        1
437  7.832807e-05        1
438  1.467134e-05        1
439  3.291142e-05        1
440  5.645315e-06        1
441  2.107657e-05        1
442  3.097836e-05        1
443  6.414495e-06        1
444  1.004485e-04        1
445  1.708199e-04        1
446  5.059957e-06        1
447  3.477565e-06        1
448  6.170793e-05        1
449  1.092585e-05        1
450  6.404605e-07        1
451  8.978067e-05        1
452  4.385340e-05        1
453  2.366002e-06        1
454  2.550756e-05        1
455  6.282874e-05        1
456  3.206646e-05        1
457  3.034796e-04        1
458  3.313484e-05        1
459  9.010402e-05        1
460  1.864537e-05        1
461  3.102503e-05        1
462  1.499349e-06        1
463  4.140915e-05        1
464  2.640960e-07        1
465  1.768219e-05        1
466  4.025527e-05        1
467  1.860581e-07        1
468  3.910791e-05        1
469  5.645436e-06        1
470  2.632242e-04        1
471  1.171920e-06        1
472  5.816904e-05        1
473  1.727828e-04        1
474  1.268989e-04        1
475  3.284516e-08        1
476  1.181346e-04        1
477  4.627309e-05        1
478  1.688404e-05        1
479  1.958382e-04        1
480  3.095787e-04        1
481  2.419807e-06        1
482  2.154872e-07        1
483  1.308444e-04        1
484  4.483057e-04        1
485  2.413573e-04        1
486  3.120646e-05        1
487  4.433601e-06        1
488  4.253171e-05        1
489  6.708887e-06        1
490  4.840112e-05        1
491  1.417862e-04        1
492  4.809740e-08        1
493  2.272154e-05        1
494  3.819444e-05        1
495  1.953606e-06        1
496  1.301808e-04        1
497  2.392166e-05        1
498  1.018044e-05        1
499  7.858790e-05        1
500  1.593045e-05        1
501  1.393350e-04        1
502  7.613968e-06        1
503  2.980880e-06        1
504  8.234864e-06        1
505  3.765424e-07        1
506  4.907478e-06        1
507  7.662466e-05        1
508  2.165363e-07        1
509  4.202800e-05        1
510  3.277831e-09        1
511  3.465423e-05        1
512  5.570898e-07        1
513  8.404673e-08        1
514  9.972508e-05        1
515  5.634396e-11        1
516  2.965325e-06        1
517  1.642169e-05        1
518  1.439346e-04        1
519  1.311430e-05        1
520  3.404080e-05        1
521  1.035699e-07        1
522  6.790819e-05        1
523  1.821338e-05        1
524  8.161057e-06        1
525  1.869989e-08        1
526  4.771159e-06        1
527  2.665927e-05        1
528  1.498894e-06        1
529  1.640347e-05        1
530  1.622788e-06        1
531  5.186786e-06        1
532  1.853161e-05        1
533  1.732352e-06        1
534  1.511834e-07        1
535  8.376396e-05        1
536  3.313689e-05        1
537  1.572582e-04        1
538  6.562143e-07        1
539  1.138269e-04        1
540  6.622495e-06        1
541  3.296669e-05        1
542  1.938388e-04        1
543  3.731997e-05        1
544  4.915908e-05        1
545  1.091505e-05        1
546  2.283274e-07        1
547  1.170727e-05        1
548  3.673313e-06        1
549  5.873361e-05        1
550  1.815910e-05        1
551  4.287535e-05        1
552  4.186564e-05        1
553  6.077089e-05        1
554  1.573223e-05        1
555  4.135018e-06        1
556  1.115138e-04        1
557  4.012064e-05        1
558  5.097833e-06        1
559  2.816175e-05        1
560  1.092111e-05        1
561  7.492432e-05        1
562  8.334596e-05        1
563  6.285376e-05        1
564  1.853303e-05        1
565  6.212536e-06        1
566  1.923720e-04        1
567  1.131638e-04        1
568  5.641076e-07        1
569  1.283894e-05        1
570  7.930127e-05        1
571  1.264060e-04        1
572  1.403923e-04        1
573  4.327067e-05        1
574  2.851897e-05        1
575  5.153574e-07        1
576  3.357009e-05        1
577  1.025696e-05        1
578  9.342678e-07        1
579  6.689115e-06        1
580  2.407635e-06        1
581  1.182713e-05        1
582  1.373471e-05        1
583  1.261765e-05        1
584  2.506921e-05        1
585  1.714650e-05        1
586  1.553143e-05        1
587  1.270828e-05        1
588  1.596929e-05        1
589  5.650936e-05        1
590  5.890743e-06        1
591  1.192765e-06        1
592  2.411849e-05        1
593  1.996457e-06        1
594  1.160855e-06        1
595  7.909810e-07        1
596  3.622835e-07        1
597  1.281610e-05        1
598  5.870706e-06        1
599  7.648371e-06        1
600  1.060590e-06        1
601  4.139231e-05        1
602  1.085209e-05        1
603  3.097165e-05        1
604  2.940598e-06        1
605  2.555345e-05        1
606  1.673131e-07        1
607  1.526886e-08        1
608  4.220520e-05        1
609  6.713771e-05        1
610  3.653254e-05        1
611  1.051113e-05        1
612  5.469722e-05        1
613  9.915664e-07        1
614  4.089705e-06        1
615  3.871965e-07        1
616  8.167093e-05        1
617  8.779050e-06        1
618  2.474184e-07        1
619  3.461895e-05        1
620  3.261304e-04        1
621  1.322017e-05        1
622  1.059343e-04        1
623  2.000768e-05        1
624  1.831970e-04        1
625  7.944725e-07        1
626  1.257654e-04        1
627  3.951426e-05        1
628  5.829415e-06        1
629  6.711158e-05        1
630  8.644894e-06        1
631  2.858906e-05        1
632  9.619697e-06        1
633  2.351302e-05        1
634  8.022734e-05        1
635  1.179153e-04        1
636  3.087191e-04        1
637  1.404979e-05        1
638  3.435959e-05        1
639  5.103543e-05        1
640  7.681918e-05        1
641  4.430691e-06        1
642  2.680411e-05        1
643  1.217162e-05        1
644  3.555484e-04        1
645  2.276012e-05        1
646  7.589220e-05        1
647  1.169708e-05        1
648  1.064959e-04        1
649  9.839979e-06        1
650  4.742835e-05        1
651  1.367646e-05        1
652  9.926869e-06        1
653  6.400026e-06        1
654  3.251049e-05        1
655  8.104717e-09        1
656  5.259137e-06        1
657  1.341433e-05        1
658  1.090638e-05        1
659  4.709877e-04        1
660  6.805781e-05        1
661  1.138576e-04        1
662  8.434931e-05        1
663  8.117212e-05        1
664  6.714545e-04        1
665  2.794467e-06        1
666  1.617943e-07        1
667  5.192679e-06        1
668  8.492122e-06        1
669  2.392160e-06        1
670  1.680985e-04        1
671  2.143322e-05        1
672  6.213395e-05        1
673  1.023428e-04        1
674  2.597984e-04        1
675  2.787142e-08        1
676  3.341065e-05        1
677  8.740735e-08        1
678  8.037763e-05        1
679  3.387589e-06        1
680  3.682176e-05        1
681  3.264713e-08        1
682  4.637735e-05        1
683  1.424729e-07        1
684  4.033384e-05        1
685  2.189626e-04        1
686  1.047335e-04        1
687  1.061918e-05        1
688  2.319195e-08        1
689  1.296543e-05        1
690  1.121082e-05        1
691  3.742006e-05        1
692  2.020811e-04        1
693  1.334118e-05        1
694  1.652525e-04        1
695  5.768361e-05        1
696  2.162486e-04        1
697  1.326892e-06        1
698  9.564822e-05        1
699  2.109384e-04        1
700  9.579095e-05        1
701  2.442395e-08        1
702  1.260328e-04        1
703  1.758459e-05        1
704  4.960416e-05        1
705  9.856929e-05        1
706  2.140336e-04        1
707  6.606472e-05        1
708  1.578643e-07        1
709  5.367242e-05        1
710  8.410724e-05        1
711  4.042538e-04        1
712  2.901321e-05        1
713  4.829048e-04        1
714  4.985407e-06        1
715  6.172855e-06        1
716  4.935384e-05        1
717  3.556032e-04        1
718  8.302335e-06        1
719  4.962008e-06        1
720  1.219170e-06        1
721  6.545932e-05        1
722  1.397336e-04        1
723  3.155065e-06        1
724  2.562827e-05        1
725  1.758637e-04        1
726  5.446347e-04        1
727  3.506523e-05        1
728  2.399670e-04        1
729  2.821458e-06        1
730  6.000590e-05        1
731  8.645905e-05        1
732  5.638873e-05        1
733  1.232073e-06        1
734  9.779720e-05        1
735  2.270898e-05        1
736  1.812668e-05        1
737  8.392884e-06        1
738  7.937957e-06        1
739  1.583844e-06        1
740  7.090077e-06        1
741  9.224788e-06        1
742  4.429801e-06        1
743  1.171624e-04        1
744  1.815721e-06        1
745  6.469687e-04        1
746  8.509585e-05        1
747  2.659444e-05        1
748  8.772318e-05        1
749  3.261181e-05        1
750  8.416752e-07        1
751  5.565867e-05        1
752  1.007760e-07        1
753  1.807535e-05        1
754  1.944687e-04        1
755  3.912134e-05        1
756  3.219497e-05        1
757  2.031757e-06        1
758  4.042901e-04        1
759  6.609672e-08        1
760  3.122340e-06        1
761  4.133750e-08        1
762  4.002331e-05        1
763  2.479866e-05        1
764  1.961472e-05        1
765  2.953875e-07        1
766  2.647573e-07        1
767  1.566845e-06        1
768  3.326072e-06        1
769  1.183513e-06        1
770  1.250153e-05        1
771  3.709696e-05        1
772  5.753991e-06        1
773  3.381744e-05        1
774  5.159331e-05        1
775  7.137942e-06        1
776  2.925923e-06        1
777  7.650233e-05        1
778  6.023687e-05        1
779  1.028607e-04        1
780  1.673233e-04        1
781  1.142953e-06        1
782  1.215211e-05        1
783  7.350257e-05        1
784  5.350674e-06        1
785  3.651547e-04        1
786  1.189300e-05        1
787  4.478276e-05        1
788  6.020714e-05        1
789  1.501624e-07        1
790  9.821586e-05        1
791  1.952712e-05        1
792  3.385455e-06        1
793  2.340888e-07        1
794  6.479054e-05        1
795  1.341165e-05        1
796  2.267776e-05        1
797  4.559055e-07        1
798  1.256875e-04        1
799  2.910180e-06        1
800  2.695799e-06        1
801  4.741656e-05        1
802  2.330165e-05        1
803  1.151008e-05        1
804  2.116541e-04        1
805  4.462793e-05        1
806  1.676926e-04        1
807  3.565478e-06        1
808  1.561996e-06        1
809  1.274828e-06        1
810  3.590255e-05        1
811  2.866396e-05        1
812  1.187132e-06        1
813  9.532854e-05        1
814  1.628051e-04        1
815  4.710849e-06        1
816  6.020832e-06        1
817  2.332447e-05        1
818  9.148129e-05        1
819  7.508410e-06        1
820  9.231770e-05        1
821  1.982762e-05        1
822  4.247165e-05        1
823  7.176424e-05        1
824  3.993087e-05        1
825  8.844718e-05        1
826  8.361104e-06        1
827  1.073702e-06        1
828  7.915381e-06        1
829  1.668377e-04        1
830  1.017488e-07        1
831  1.164177e-04        1
832  1.505138e-06        1
833  2.567539e-06        1
834  1.138738e-05        1
835  5.020442e-05        1
836  1.166758e-04        1
837  3.242083e-05        1
838  3.480238e-04        1
839  4.660679e-03 <0.01869
840  5.170979e-05        1
841  3.976232e-06        1
842  1.335188e-06        1
843  3.079006e-05        1
844  4.477494e-06        1
845  1.738187e-04        1
846  3.471574e-05        1
847  1.259556e-04        1
848  4.524236e-06        1
849  1.282879e-05        1
850  1.589630e-05        1
851  2.798121e-05        1
852  1.036155e-04        1
853  5.940792e-07        1
854  7.484443e-06        1
855  3.701780e-05        1
856  1.264404e-05        1
857  1.158798e-05        1
858  1.086112e-04        1
859  3.382281e-06        1
860  5.750946e-06        1
861  1.129930e-06        1
862  3.000984e-06        1
863  1.779347e-06        1
864  2.743641e-05        1
865  3.684602e-05        1
866  3.413233e-06        1
867  5.105306e-05        1
868  1.617773e-04        1
869  2.252045e-07        1
870  1.170872e-04        1
871  5.996047e-06        1
872  9.102254e-07        1
873  5.309474e-06        1
874  3.256164e-05        1
875  2.899181e-06        1
876  5.752316e-06        1
877  2.501118e-06        1
878  2.722397e-05        1
879  1.675797e-04        1
880  2.421084e-05        1
881  2.481810e-04        1
882  3.354536e-07        1
883  3.346245e-05        1
884  3.983829e-05        1
885  1.168363e-06        1
886  1.826705e-05        1
887  4.599427e-05        1
888  2.617708e-05        1
889  1.301946e-05        1
890  2.300105e-06        1
891  7.030060e-05        1
892  1.625860e-05        1
893  7.461070e-05        1
894  5.229515e-05        1
895  3.508747e-06        1
896  2.186666e-06        1
897  1.011155e-05        1
898  2.810610e-06        1
899  6.403873e-06        1
900  4.566909e-06        1
901  1.452429e-04        1
902  5.462180e-06        1
903  3.859818e-05        1
904  4.534959e-08        1
905  1.143743e-05        1
906  2.368198e-05        1
907  3.173502e-05        1
908  7.468153e-05        1
909  8.478472e-06        1
910  9.941088e-06        1
911  1.091803e-05        1
912  1.082915e-05        1
913  4.514444e-06        1
914  1.665029e-05        1
915  8.363173e-05        1
916  2.655522e-04        1
917  1.457416e-04        1
918  6.758910e-07        1
919  2.813657e-06        1
920  7.798904e-06        1
921  3.604495e-05        1
922  2.128608e-05        1
923  1.626410e-04        1
924  7.679498e-06        1
925  1.304692e-05        1
926  1.590962e-05        1
927  4.386158e-05        1
928  2.034790e-04        1
929  2.556886e-07        1
930  3.082298e-04        1
931  1.390699e-05        1
932  2.903173e-04        1
933  5.745394e-05        1
934  4.502874e-06        1
935  1.546360e-05        1
936  2.405826e-10        1
937  9.790601e-06        1
938  4.036962e-05        1
939  5.649920e-06        1
940  4.173781e-07        1
941  8.894780e-07        1
942  3.787964e-07        1
943  2.527748e-07        1
944  7.119109e-09        1
945  4.382432e-08        1
946  1.809251e-05        1
947  1.294275e-05        1
948  1.920522e-05        1
949  5.588721e-05        1
950  1.806900e-06        1
951  8.296447e-05        1
952  1.031147e-04        1
953  3.200557e-05        1
954  1.776448e-05        1
955  4.435383e-05        1
956  3.107150e-05        1
957  8.152515e-06        1
958  1.522970e-05        1
959  4.357539e-06        1
960  2.536020e-05        1
961  2.521724e-05        1
962  3.421256e-06        1
963  3.545544e-05        1
964  3.528162e-07        1
965  1.790132e-04        1
966  3.957417e-06        1
967  1.417684e-04        1
968  1.277797e-06        1
969  3.378615e-06        1
970  1.421603e-06        1
971  3.216577e-05        1
972  2.191509e-05        1
973  5.515216e-05        1
974  4.877032e-06        1
975  9.318559e-05        1
976  2.388906e-06        1
977  2.094816e-05        1
978  8.427928e-07        1
979  2.300286e-05        1
980  1.591188e-06        1
981  8.332682e-05        1
982  1.205716e-05        1
983  2.882889e-05        1
984  9.270551e-05        1
985  1.069012e-05        1
986  1.659975e-06        1
987  1.385105e-06        1
988  8.962008e-06        1
989  1.137915e-06        1
990  2.229371e-05        1
991  5.589799e-06        1
992  1.400948e-05        1
993  3.024488e-05        1
994  1.649659e-04        1
995  7.864032e-05        1
996  1.700081e-05        1
997  1.118581e-05        1
998  4.183523e-06        1
999  4.705403e-05        1
1000 5.472954e-05        1
1001 1.061463e-06        1
1002 1.855869e-05        1
1003 3.778280e-07        1
1004 3.986783e-05        1
1005 1.029299e-04        1
1006 1.773232e-04        1
1007 3.769290e-05        1
1008 6.417879e-06        1
1009 3.595516e-05        1
1010 3.483294e-05        1
1011 5.972340e-06        1
1012 3.295269e-07        1
1013 7.122706e-05        1
1014 9.462609e-06        1
1015 3.814893e-04        1
1016 1.577021e-06        1
1017 4.678411e-07        1
1018 1.834111e-04        1
1019 1.520379e-05        1
1020 1.105287e-04        1
1021 7.950050e-08        1
1022 3.558444e-05        1
1023 2.035740e-05        1
1024 4.912526e-06        1
1025 3.984775e-07        1
1026 7.132053e-06        1
1027 9.741013e-07        1
1028 3.406017e-05        1
1029 8.361934e-06        1
1030 1.587065e-05        1
1031 1.733175e-05        1
1032 1.172959e-05        1
1033 1.269873e-05        1
1034 1.167062e-05        1
1035 4.877783e-06        1
1036 9.582178e-06        1
1037 8.892185e-06        1
1038 2.089284e-05        1
1039 5.770825e-08        1
1040 1.421320e-04        1
1041 1.078936e-04        1
1042 1.270758e-05        1
1043 5.763252e-05        1
1044 3.163350e-05        1
1045 1.014192e-04        1
1046 1.459458e-05        1
1047 7.015040e-05        1
1048 9.428124e-07        1
1049 1.374744e-06        1
1050 1.144368e-04        1
1051 1.616942e-06        1
1052 2.178778e-05        1
1053 6.019686e-05        1
1054 3.885729e-06        1
1055 1.245525e-05        1
1056 9.076467e-06        1
1057 1.619724e-05        1
1058 5.651009e-05        1
1059 5.584099e-05        1
1060 5.417403e-05        1
1061 4.900619e-05        1
1062 6.797876e-06        1
1063 4.911316e-05        1
1064 4.384371e-05        1
1065 1.924512e-05        1
1066 3.371432e-04        1
1067 8.230124e-08        1
1068 1.268584e-05        1
1069 7.321080e-06        1
1070 9.706874e-06        1
1071 5.989722e-06        1
1072 3.816435e-05        1
1073 3.084485e-05        1
1074 1.873251e-07        1
1075 7.791330e-05        1
1076 4.474374e-06        1
1077 3.968721e-05        1
1078 7.600115e-06        1
1079 1.422615e-05        1
1080 1.107553e-04        1
1081 3.884158e-05        1
1082 5.732495e-06        1
1083 1.257239e-05        1
1084 2.639054e-05        1
1085 1.578296e-05        1
1086 5.459639e-05        1
1087 2.202883e-06        1
1088 3.346203e-05        1
1089 3.991727e-05        1
1090 9.985223e-05        1
1091 2.322715e-05        1
1092 3.202882e-04        1
1093 2.601509e-05        1
1094 7.242652e-07        1
1095 1.312225e-06        1
1096 9.863122e-05        1
1097 8.199744e-05        1
1098 3.371510e-05        1
1099 3.482437e-06        1
1100 1.790867e-05        1
1101 1.125860e-04        1
1102 1.374989e-04        1
1103 3.794876e-06        1
1104 2.125445e-05        1
1105 7.877358e-05        1
1106 1.914068e-07        1
1107 1.218744e-06        1
1108 2.158489e-06        1
1109 2.708389e-05        1
1110 2.566769e-05        1
1111 1.090941e-04        1
1112 5.521984e-09        1
1113 8.267452e-05        1
1114 6.840352e-05        1
1115 5.275799e-07        1
1116 3.839464e-09        1
1117 3.994033e-06        1
1118 5.847878e-06        1
1119 2.193755e-05        1
1120 1.743306e-07        1
1121 6.456587e-06        1
1122 2.144331e-07        1
1123 8.981323e-04        1
1124 1.162114e-06        1
1125 8.189387e-05        1
1126 1.080787e-05        1
1127 8.479829e-05        1
1128 9.345481e-05        1
1129 1.070281e-04        1
1130 4.206935e-05        1
1131 1.166960e-04        1
1132 1.230761e-04        1
1133 1.285533e-05        1
1134 1.188961e-05        1
1135 3.156850e-05        1
1136 3.196821e-05        1
1137 1.221410e-04        1
1138 5.836972e-06        1
1139 2.211706e-05        1
1140 4.485667e-05        1
1141 1.204043e-04        1
1142 1.562559e-06        1
1143 3.559839e-06        1
1144 1.493563e-04        1
1145 2.340810e-05        1
1146 2.212951e-05        1
1147 2.616907e-05        1
1148 1.565691e-04        1
1149 2.808353e-04        1
1150 8.976484e-07        1
1151 1.957189e-05        1
1152 4.511868e-05        1
1153 3.674812e-08        1
1154 1.442593e-06        1
1155 2.042214e-06        1
1156 2.143264e-06        1
1157 7.753308e-05        1
1158 3.611667e-05        1
1159 7.409920e-06        1
1160 4.275097e-06        1
1161 2.521358e-07        1
1162 8.618129e-05        1
1163 5.277991e-05        1
1164 2.959535e-07        1
1165 4.174716e-05        1
1166 1.024924e-04        1
1167 1.284078e-05        1
1168 8.628398e-07        1
1169 8.902532e-05        1
1170 8.995488e-05        1
1171 3.889132e-06        1
1172 1.381993e-05        1
1173 1.617666e-07        1
1174 7.743374e-05        1
1175 1.764957e-05        1
1176 1.290754e-04        1
1177 7.835602e-06        1
1178 7.874266e-05        1
1179 5.844728e-07        1
1180 1.935361e-05        1
1181 3.673013e-05        1
1182 1.112565e-05        1
1183 8.281634e-07        1
1184 5.347138e-05        1
1185 7.313243e-06        1
1186 1.229959e-05        1
1187 1.432714e-05        1
1188 1.759803e-05        1
1189 1.761225e-04        1
1190 9.962753e-06        1
1191 8.435376e-06        1
1192 9.711588e-05        1
1193 3.425770e-05        1
1194 4.020900e-06        1
1195 5.325747e-06        1
1196 6.441668e-05        1
1197 3.490922e-05        1
1198 7.240124e-05        1
1199 9.274455e-06        1
1200 1.164317e-07        1
1201 3.110602e-05        1
1202 8.688209e-05        1
1203 3.467147e-05        1
1204 5.571646e-06        1
1205 1.662294e-05        1
1206 7.985253e-05        1
1207 4.658307e-06        1
1208 4.115347e-05        1
1209 6.666686e-05        1
1210 2.428896e-06        1
1211 1.234438e-05        1
1212 3.643252e-05        1
1213 7.153237e-05        1
1214 1.247705e-04        1
1215 7.751558e-05        1
1216 2.017035e-06        1
1217 4.967736e-06        1
1218 2.454156e-04        1
1219 5.281071e-05        1
1220 3.589142e-06        1
1221 3.236180e-06        1
1222 7.270935e-08        1
1223 1.999799e-05        1
1224 5.331879e-05        1
1225 7.432595e-06        1
1226 7.068708e-05        1
1227 3.459148e-05        1
1228 1.629736e-06        1
1229 1.037060e-04        1
1230 9.097387e-07        1
1231 1.105476e-04        1
1232 1.682830e-05        1
1233 7.183395e-06        1
1234 3.768035e-08        1
1235 6.164063e-08        1
1236 5.030916e-06        1
1237 4.549501e-06        1
1238 4.216037e-06        1
1239 5.330870e-05        1
1240 3.288694e-07        1
1241 8.309861e-05        1
1242 3.008964e-05        1
1243 5.145958e-05        1
1244 4.276466e-06        1
1245 1.831164e-05        1
1246 3.308520e-05        1
1247 6.909125e-05        1
1248 3.340259e-04        1
1249 1.844450e-05        1
1250 4.703241e-07        1
1251 2.400283e-05        1
1252 6.752744e-05        1
1253 2.841998e-06        1
1254 1.634336e-06        1
1255 9.924387e-05        1
1256 1.562660e-05        1
1257 2.144216e-05        1
1258 2.149654e-07        1
1259 2.047750e-05        1
1260 1.101633e-09        1
1261 3.582349e-05        1
1262 5.506348e-05        1
1263 4.210095e-05        1
1264 4.745689e-05        1
1265 9.619099e-05        1
1266 6.881084e-06        1
1267 1.397512e-07        1
1268 2.157850e-05        1
1269 2.101617e-05        1
1270 1.509071e-05        1
1271 1.291111e-05        1
1272 1.720069e-05        1
1273 1.462384e-04        1
1274 1.113437e-05        1
1275 3.857908e-05        1
1276 2.715908e-06        1
1277 1.260736e-05        1
1278 2.834141e-05        1
1279 1.773004e-06        1
1280 1.022873e-04        1
1281 1.017963e-04        1
1282 2.213679e-05        1
1283 1.969881e-04        1
1284 9.309718e-05        1
1285 1.778432e-05        1
1286 5.086295e-06        1
1287 8.709172e-06        1
1288 9.228260e-05        1
1289 2.722804e-05        1
1290 1.570079e-05        1
1291 2.636935e-05        1
1292 4.218332e-06        1
1293 7.886666e-05        1
1294 2.847624e-05        1
1295 1.139625e-04        1
1296 8.938433e-06        1
1297 3.000966e-05        1
1298 2.273015e-05        1
1299 3.983944e-05        1
1300 4.961188e-07        1
1301 1.018734e-04        1
1302 8.845883e-05        1
1303 5.041371e-06        1
1304 9.363472e-05        1
1305 1.102961e-05        1
1306 1.800532e-06        1
1307 1.344400e-05        1
1308 4.614665e-06        1
1309 2.451468e-05        1
1310 3.068721e-05        1
1311 2.247416e-04        1
1312 4.436900e-05        1
1313 1.616306e-06        1
1314 3.046702e-09        1
1315 2.829065e-05        1
1316 4.237806e-05        1
1317 2.607900e-07        1
1318 3.083737e-04        1
1319 8.945496e-05        1
1320 9.825167e-05        1
1321 2.359698e-06        1
1322 2.098855e-06        1
1323 1.963823e-05        1
1324 1.841967e-05        1
1325 4.286703e-06        1
1326 3.049303e-07        1
1327 8.642334e-07        1
1328 7.091159e-05        1
1329 4.548122e-05        1
1330 5.199308e-05        1
1331 1.966625e-05        1
1332 1.806698e-05        1
1333 6.207332e-05        1
1334 2.060298e-06        1
1335 4.327278e-05        1
1336 6.217305e-05        1
1337 7.005090e-06        1
1338 7.640944e-08        1
1339 8.588607e-05        1
1340 1.013522e-05        1
1341 1.203289e-04        1
1342 2.874531e-06        1
1343 4.238213e-05        1
1344 1.155491e-05        1
1345 8.585638e-05        1
1346 2.953961e-05        1
1347 1.338518e-05        1
1348 2.751984e-05        1
1349 2.016078e-05        1
1350 1.751609e-05        1
1351 1.863081e-05        1
1352 1.807626e-06        1
1353 3.775842e-05        1
1354 9.626180e-05        1
1355 7.891391e-05        1
1356 1.138214e-04        1
1357 1.240644e-08        1
1358 1.439435e-05        1
1359 1.074995e-04        1
1360 3.334530e-05        1
1361 8.399321e-06        1
1362 1.274286e-05        1
1363 3.342592e-06        1
1364 2.865038e-05        1
1365 5.751389e-05        1
1366 1.559613e-04        1
1367 2.560510e-06        1
1368 3.144752e-05        1
1369 9.404376e-06        1
1370 1.768551e-04        1
1371 2.660746e-05        1
1372 1.466167e-05        1
1373 3.908228e-04        1
1374 5.425961e-07        1
1375 3.812356e-06        1
1376 7.891553e-06        1
1377 9.081380e-05        1
1378 3.677631e-04        1
1379 2.474238e-05        1
1380 1.920026e-04        1
1381 1.092441e-04        1
1382 2.584827e-05        1
1383 1.610447e-07        1
1384 7.314195e-06        1
1385 2.472136e-06        1
1386 9.706826e-06        1
1387 2.040765e-04        1
1388 9.359066e-05        1
1389 1.822168e-05        1
1390 5.243685e-07        1
1391 5.825141e-05        1
1392 2.779220e-06        1
1393 8.181546e-06        1
1394 5.759627e-05        1
1395 1.356590e-05        1
1396 1.435792e-04        1
1397 5.099477e-06        1
1398 3.451998e-05        1
1399 2.437809e-06        1
1400 8.896621e-05        1
1401 1.603734e-04        1
1402 1.340447e-05        1
1403 2.308055e-05        1
1404 4.488851e-06        1
1405 1.666823e-05        1
1406 1.298225e-06        1
1407 2.383446e-05        1
1408 5.170356e-06        1
1409 6.764878e-05        1
1410 8.095987e-05        1
1411 6.327293e-05        1
1412 4.658441e-05        1
1413 5.337253e-08        1
1414 5.421299e-05        1
1415 6.417582e-06        1
1416 1.767842e-08        1
1417 9.701145e-06        1
1418 6.136660e-05        1
1419 1.628620e-05        1
1420 3.630146e-05        1
1421 1.465056e-05        1
1422 7.686715e-05        1
1423 2.963390e-06        1
1424 2.207747e-06        1
1425 6.695142e-05        1
1426 2.016731e-05        1
1427 1.626527e-04        1
1428 8.450362e-06        1
1429 4.091815e-05        1
1430 1.503304e-04        1
1431 6.307558e-05        1
1432 1.875553e-05        1
1433 3.827415e-06        1
1434 7.285039e-05        1
1435 2.031787e-05        1
1436 5.944074e-05        1
1437 1.239844e-05        1
1438 9.213720e-06        1
1439 1.618029e-06        1
1440 2.605612e-05        1
1441 3.062872e-07        1
1442 1.941910e-06        1
1443 8.583211e-05        1
1444 1.772069e-06        1
1445 2.391549e-05        1
1446 1.331573e-05        1
1447 3.205013e-05        1
1448 1.575911e-04        1
1449 4.394362e-07        1
1450 2.315479e-05        1
1451 1.124786e-04        1
1452 7.690780e-11        1
1453 5.694039e-06        1
1454 1.285126e-04        1
1455 6.684229e-06        1
1456 4.331295e-05        1
1457 8.423327e-06        1
1458 1.007421e-06        1
1459 7.608742e-05        1
1460 1.033232e-05        1
1461 8.299424e-05        1
1462 4.187952e-05        1
1463 4.720418e-06        1
1464 6.520741e-04        1
1465 1.131700e-05        1
1466 1.903687e-05        1
1467 2.680988e-05        1
1468 5.515220e-06        1
1469 3.491455e-06        1
1470 3.398075e-05        1
1471 4.467233e-05        1
1472 5.383875e-05        1
1473 9.201348e-05        1
1474 1.140054e-06        1
1475 2.295126e-05        1
1476 2.285835e-05        1
1477 1.422526e-05        1
1478 5.253918e-06        1
1479 4.970331e-04        1
1480 1.170716e-04        1
1481 3.738836e-08        1
1482 1.517987e-04        1
1483 1.418810e-05        1
1484 4.758380e-05        1
1485 9.881494e-05        1
1486 1.275285e-06        1
1487 2.589410e-06        1
1488 1.184467e-05        1
1489 6.065204e-05        1
1490 8.125920e-07        1
1491 1.665280e-04        1
1492 9.021347e-05        1
1493 5.128938e-06        1
1494 7.536548e-06        1
1495 1.515203e-05        1
1496 2.078309e-05        1
1497 9.527003e-06        1
1498 1.685891e-05        1
1499 2.392161e-05        1
1500 2.830112e-05        1
1501 6.264457e-06        1
1502 4.226602e-05        1
1503 8.315519e-06        1
1504 1.064150e-06        1
1505 4.114128e-07        1
1506 1.378920e-05        1
1507 1.867765e-04        1
1508 3.134485e-07        1
1509 6.347357e-06        1
1510 3.094239e-05        1
1511 1.143833e-04        1
1512 5.066990e-06        1
1513 1.423738e-05        1
1514 9.812801e-07        1
1515 7.135574e-06        1
1516 9.132414e-05        1
1517 2.376051e-04        1
1518 5.681068e-06        1
1519 2.767834e-08        1
1520 2.311046e-04        1
1521 5.028592e-06        1
1522 6.121313e-06        1
1523 6.331129e-06        1
1524 1.549120e-05        1
1525 3.510126e-05        1
1526 5.413601e-05        1
1527 1.731395e-05        1
1528 1.734246e-05        1
1529 8.325844e-08        1
1530 3.074157e-05        1
1531 2.350441e-06        1
1532 2.281762e-07        1
1533 8.058286e-05        1
1534 1.040232e-04        1
1535 3.155993e-04        1
1536 3.278955e-05        1
1537 5.123138e-07        1
1538 3.975295e-06        1
1539 4.293742e-05        1
1540 6.802107e-05        1
1541 1.582189e-05        1
1542 5.329924e-06        1
1543 3.160161e-05        1
1544 3.773173e-07        1
1545 1.246009e-04        1
1546 2.261905e-05        1
1547 3.095415e-05        1
1548 5.036044e-05        1
1549 7.170426e-06        1
1550 4.823092e-05        1
1551 6.020536e-05        1
1552 1.727280e-05        1
1553 4.938133e-06        1
1554 8.770272e-06        1
1555 3.126494e-06        1
1556 3.408573e-03        1
1557 5.018743e-06        1
1558 1.280828e-04        1
1559 1.493624e-05        1
1560 3.697472e-05        1
1561 6.672472e-06        1
1562 3.608632e-07        1
1563 1.748525e-06        1
1564 6.439000e-05        1
1565 7.999225e-06        1
1566 8.698431e-06        1
1567 1.462106e-04        1
1568 7.072707e-06        1
1569 4.381479e-08        1
1570 1.686691e-04        1
1571 2.619127e-05        1
1572 3.752738e-05        1
1573 4.136261e-07        1
1574 9.914630e-06        1
1575 1.598805e-05        1
1576 1.315653e-05        1
1577 1.820876e-05        1
1578 1.311506e-06        1
1579 2.583859e-05        1
1580 4.751890e-06        1
1581 3.898946e-05        1
1582 4.068804e-05        1
1583 8.835297e-09        1
1584 1.064635e-05        1
1585 1.159647e-04        1
1586 1.802219e-06        1
1587 2.498068e-05        1
1588 6.665941e-05        1
1589 2.904603e-05        1
1590 7.264992e-08        1
1591 2.332308e-07        1
1592 2.715438e-05        1
1593 2.137160e-05        1
1594 4.894562e-07        1
1595 5.601190e-06        1
1596 2.093130e-04        1
1597 2.592034e-05        1
1598 2.160832e-09        1
1599 2.756592e-04        1
1600 6.448482e-04        1
1601 1.802696e-05        1
1602 1.774050e-05        1
1603 1.434249e-05        1
1604 5.125670e-07        1
1605 1.852235e-04        1
1606 1.615488e-06        1
1607 2.312612e-06        1
1608 3.920190e-07        1
1609 6.675512e-07        1
1610 5.638492e-05        1
1611 5.714070e-06        1
1612 2.806266e-05        1
1613 6.205871e-06        1
1614 9.109400e-06        1
1615 2.942855e-05        1
1616 2.089554e-07        1
1617 4.489294e-07        1
1618 3.667255e-07        1
1619 1.640784e-05        1
1620 7.297515e-06        1
1621 5.382752e-06        1
1622 5.609527e-05        1
1623 1.504118e-07        1
1624 5.597249e-05        1
1625 9.572464e-07        1
1626 3.789491e-06        1
1627 4.852904e-05        1
1628 1.387512e-05        1
1629 6.685745e-05        1
1630 2.698449e-05        1
1631 5.480134e-05        1
1632 5.630565e-06        1
1633 1.169993e-06        1
1634 8.568974e-06        1
1635 1.132124e-04        1
1636 1.940855e-05        1
1637 7.309925e-06        1
1638 1.222306e-05        1
1639 7.721328e-07        1
1640 1.138234e-04        1
1641 2.230648e-04        1
1642 3.561349e-05        1
1643 3.296304e-05        1
1644 1.969178e-05        1
1645 6.730158e-05        1
1646 1.436940e-04        1
1647 2.956032e-06        1
1648 5.197026e-05        1
1649 7.064391e-06        1
1650 5.563033e-05        1
1651 9.532232e-05        1
1652 1.926825e-05        1
1653 3.260147e-06        1
1654 3.541183e-06        1
1655 3.429793e-06        1
1656 4.426729e-05        1
1657 1.889077e-05        1
1658 3.200001e-05        1
1659 2.059231e-05        1
1660 3.740051e-06        1
1661 9.248285e-06        1
1662 3.821038e-05        1
1663 1.492463e-04        1
1664 5.402891e-06        1
1665 4.125527e-05        1
1666 4.281494e-05        1
1667 1.666393e-05        1
1668 1.776522e-05        1
1669 1.099548e-03        1
1670 8.660896e-06        1
1671 4.077167e-07        1
1672 4.293441e-04        1
1673 5.594684e-07        1
1674 3.604554e-05        1
1675 2.620162e-05        1
1676 1.872229e-06        1
1677 3.788273e-04        1
1678 1.228597e-05        1
1679 3.084292e-05        1
1680 2.372846e-05        1
1681 2.054227e-04        1
1682 7.524715e-05        1
1683 1.952436e-06        1
1684 7.680142e-06        1
1685 1.235357e-04        1
1686 1.800910e-05        1
1687 4.779613e-05        1
1688 7.753315e-05        1
1689 5.841842e-06        1
1690 1.264688e-06        1
1691 7.293236e-05        1
1692 1.112920e-05        1
1693 4.665438e-06        1
1694 1.296898e-04        1
1695 4.761297e-05        1
1696 1.755433e-06        1
1697 3.196672e-06        1
1698 1.976289e-05        1
1699 1.533431e-05        1
1700 3.269374e-04        1
1701 8.112691e-08        1
1702 6.798676e-06        1
1703 6.571725e-06        1
1704 6.714633e-06        1
1705 4.382543e-05        1
1706 1.140800e-06        1
1707 4.896760e-04        1
1708 9.869849e-06        1
1709 1.414464e-06        1
1710 1.576533e-05        1
1711 2.270918e-07        1
1712 1.567146e-04        1
1713 9.819941e-07        1
1714 1.088642e-04        1
1715 2.515050e-05        1
1716 7.391805e-06        1
1717 2.605091e-05        1
1718 3.517530e-06        1
1719 5.272657e-05        1
1720 3.731825e-05        1
1721 2.924292e-07        1
1722 2.573122e-04        1
1723 3.816592e-05        1
1724 3.073458e-05        1
1725 8.109860e-07        1
1726 1.140597e-05        1
1727 1.938041e-04        1
1728 1.707577e-04        1
1729 1.575199e-04        1
1730 2.911642e-04        1
1731 2.063022e-05        1
1732 1.262511e-05        1
1733 8.177382e-05        1
1734 4.120720e-07        1
1735 4.612362e-05        1
1736 1.232890e-06        1
1737 1.385054e-04        1
1738 4.210144e-06        1
1739 6.657937e-06        1
1740 1.678255e-06        1
1741 4.364297e-05        1
1742 5.335677e-06        1
1743 4.107428e-05        1
1744 1.427515e-04        1
1745 4.338863e-05        1
1746 4.566740e-05        1
1747 9.735352e-06        1
1748 2.982836e-06        1
1749 7.825660e-06        1
1750 1.793758e-05        1
1751 1.710150e-05        1
1752 4.325464e-05        1
1753 1.631990e-05        1
1754 2.765515e-06        1
1755 1.213139e-06        1
1756 1.806149e-06        1
1757 1.102385e-04        1
1758 1.581793e-04        1
1759 1.777527e-05        1
1760 1.057432e-05        1
1761 8.768263e-06        1
1762 7.220200e-05        1
1763 3.817703e-04        1
1764 2.629448e-05        1
1765 1.155068e-05        1
1766 1.471721e-05        1
1767 1.168259e-04        1
1768 1.953298e-04        1
1769 5.776178e-06        1
1770 1.596850e-05        1
1771 4.661470e-04        1
1772 7.936972e-06        1
1773 4.201490e-06        1
1774 2.047715e-05        1
1775 1.422203e-04        1
1776 1.710361e-05        1
1777 3.669465e-05        1
1778 1.242207e-05        1
1779 4.685827e-05        1
1780 2.319776e-08        1
1781 5.927180e-07        1
1782 1.549179e-04        1
1783 4.374192e-05        1
1784 5.059632e-05        1
1785 1.066831e-05        1
1786 6.533939e-06        1
1787 3.119350e-05        1
1788 1.262863e-05        1
1789 1.398421e-05        1
1790 1.353771e-06        1
1791 2.243799e-06        1
1792 1.030966e-04        1
1793 2.585704e-05        1
1794 1.020708e-04        1
1795 1.616642e-07        1
1796 3.183756e-05        1
1797 1.154445e-04        1
1798 1.899710e-04        1
1799 3.291611e-06        1
1800 4.458612e-05        1
1801 6.303062e-06        1
1802 5.073514e-05        1
1803 5.575195e-05        1
1804 5.306761e-05        1
1805 1.262203e-06        1
1806 1.566198e-05        1
1807 1.612914e-03        1
1808 3.475184e-06        1
1809 1.598739e-05        1
1810 1.563043e-05        1
1811 5.197175e-06        1
1812 1.170805e-05        1
1813 2.599171e-06        1
1814 4.387986e-06        1
1815 5.825175e-05        1
1816 7.590581e-06        1
1817 2.157679e-05        1
1818 1.065996e-05        1
1819 2.064758e-05        1
1820 9.795021e-06        1
1821 7.613947e-06        1
1822 9.939730e-06        1
1823 2.487306e-06        1
1824 3.351034e-05        1
1825 2.232194e-05        1
1826 7.211955e-06        1
1827 1.461788e-06        1
1828 1.452168e-05        1
1829 8.930812e-05        1
1830 5.602559e-05        1
1831 1.315676e-05        1
1832 2.028727e-07        1
1833 3.905574e-05        1
1834 1.485044e-04        1
1835 4.218120e-06        1
1836 6.729533e-07        1
1837 4.223031e-07        1
1838 3.167067e-06        1
1839 2.301210e-05        1
1840 2.842432e-05        1
1841 1.120555e-04        1
1842 8.522327e-05        1
1843 1.188359e-06        1
1844 7.839597e-07        1
1845 1.018201e-05        1
1846 2.674229e-08        1
1847 9.371248e-06        1
1848 3.086154e-05        1
1849 4.599564e-05        1
1850 1.339140e-05        1
1851 8.013486e-05        1
1852 6.863619e-06        1
1853 1.737779e-05        1
1854 1.328971e-06        1
1855 2.687882e-05        1
1856 7.407255e-06        1
1857 4.648088e-05        1
1858 5.039484e-05        1
1859 4.374399e-06        1
1860 3.683736e-05        1
1861 1.729564e-05        1
1862 5.408875e-06        1
1863 6.146780e-06        1
1864 6.366776e-07        1
1865 2.014523e-07        1
1866 2.384223e-08        1
1867 1.107527e-05        1
1868 2.785099e-06        1
1869 4.451733e-06        1

$`MR-PRESSO results`$`Distortion Test`
$`MR-PRESSO results`$`Distortion Test`$`Outliers Indices`
[1] 839

$`MR-PRESSO results`$`Distortion Test`$`Distortion Coefficient`
beta.exposure 
    -39.33549 

$`MR-PRESSO results`$`Distortion Test`$Pvalue
[1] 0.45367



