$`Main MR results`
       Exposure       MR Analysis Causal Estimate          Sd     T-stat
1 beta.exposure               Raw   -0.0012308411 0.001491668 -0.8251443
2 beta.exposure Outlier-corrected   -0.0009853102 0.001479590 -0.6659348
    P-value
1 0.4093736
2 0.5055183

$`MR-PRESSO results`
$`MR-PRESSO results`$`Global Test`
$`MR-PRESSO results`$`Global Test`$RSSobs
[1] 2818.816

$`MR-PRESSO results`$`Global Test`$Pvalue
[1] "<1e-05"


$`MR-PRESSO results`$`Outlier Test`
           RSSobs   Pvalue
1    2.915769e-05        1
2    4.974801e-05        1
3    3.216813e-05        1
4    8.859435e-05        1
5    4.778234e-04        1
6    9.370442e-05        1
7    6.509275e-04        1
8    7.639135e-05        1
9    1.361466e-04        1
10   1.012688e-04        1
11   7.626105e-05        1
12   3.013292e-04        1
13   4.712608e-05        1
14   6.225276e-04        1
15   1.767164e-05        1
16   1.034572e-04        1
17   6.072888e-06        1
18   3.928467e-05        1
19   2.237541e-04        1
20   3.395679e-07        1
21   4.775590e-05        1
22   8.687639e-04        1
23   3.619588e-04        1
24   1.353924e-04        1
25   1.717513e-04        1
26   5.318798e-04        1
27   2.035694e-05        1
28   3.152569e-05        1
29   4.990401e-06        1
30   6.303365e-06        1
31   1.614647e-04        1
32   3.012629e-04        1
33   7.388522e-07        1
34   2.084687e-05        1
35   9.248374e-06        1
36   2.425067e-06        1
37   2.529736e-04        1
38   1.807884e-05        1
39   4.061590e-04        1
40   9.253190e-05        1
41   3.125856e-04        1
42   2.561303e-05        1
43   1.195246e-05        1
44   1.780241e-05        1
45   9.218497e-05        1
46   1.066199e-04        1
47   9.767832e-06        1
48   6.530498e-04        1
49   3.564739e-06        1
50   1.298328e-04        1
51   2.293622e-05        1
52   1.738454e-05        1
53   2.136326e-05        1
54   2.897977e-05        1
55   6.633912e-05        1
56   4.497067e-04        1
57   2.557790e-04        1
58   7.959848e-05        1
59   4.659332e-06        1
60   8.133180e-06        1
61   3.903829e-05        1
62   3.411148e-04        1
63   1.569902e-04        1
64   6.077556e-04        1
65   1.317056e-04        1
66   8.828674e-06        1
67   4.833145e-04        1
68   6.830152e-07        1
69   6.001775e-05        1
70   5.666158e-05        1
71   2.650527e-04        1
72   3.602153e-06        1
73   1.685724e-05        1
74   1.568265e-04        1
75   1.160932e-05        1
76   1.773786e-05        1
77   4.293625e-05        1
78   5.884279e-07        1
79   4.338289e-06        1
80   7.921774e-04        1
81   2.459532e-05        1
82   2.275402e-04        1
83   1.251684e-03        1
84   4.060215e-05        1
85   1.467427e-05        1
86   1.590855e-05        1
87   7.504112e-05        1
88   3.579944e-04        1
89   5.284823e-05        1
90   7.648453e-07        1
91   6.334432e-05        1
92   1.670779e-05        1
93   1.672430e-05        1
94   3.001087e-05        1
95   1.532162e-04        1
96   5.060388e-05        1
97   1.011403e-06        1
98   2.512132e-07        1
99   3.279180e-04        1
100  4.300950e-07        1
101  1.938856e-04        1
102  4.691753e-04        1
103  3.298384e-04        1
104  2.841581e-05        1
105  6.791838e-04        1
106  1.123085e-04        1
107  9.597869e-06        1
108  6.065032e-05        1
109  2.975369e-04        1
110  3.575734e-05        1
111  2.887913e-04        1
112  1.088726e-06        1
113  4.130099e-05        1
114  3.201608e-05        1
115  2.637331e-05        1
116  1.708387e-05        1
117  3.893404e-05        1
118  5.192399e-04        1
119  2.341320e-05        1
120  7.630844e-06        1
121  1.362542e-05        1
122  1.244862e-05        1
123  1.216420e-05        1
124  3.289002e-08        1
125  6.128895e-05        1
126  1.777323e-04        1
127  6.178495e-10        1
128  9.833864e-05        1
129  6.483974e-06        1
130  4.534300e-07        1
131  1.019906e-04        1
132  1.469476e-04        1
133  6.252139e-05        1
134  4.063893e-06        1
135  9.159260e-05        1
136  3.421201e-05        1
137  3.226672e-05        1
138  1.884073e-05        1
139  8.676748e-04        1
140  7.387270e-07        1
141  7.835239e-07        1
142  1.123999e-04        1
143  1.901548e-06        1
144  1.173838e-04        1
145  2.527522e-04        1
146  1.443167e-04        1
147  8.349072e-05        1
148  5.411385e-05        1
149  5.399282e-06        1
150  5.636967e-06        1
151  2.256359e-05        1
152  2.148747e-05        1
153  4.164792e-05        1
154  5.196076e-05        1
155  2.983751e-04        1
156  3.772069e-06        1
157  1.907058e-04        1
158  4.313086e-05        1
159  9.267209e-05        1
160  6.415004e-05        1
161  3.731838e-05        1
162  5.383980e-05        1
163  2.431270e-04        1
164  1.169953e-03        1
165  7.013812e-06        1
166  2.993975e-04        1
167  2.450681e-04        1
168  9.210356e-04        1
169  3.161587e-04        1
170  8.647563e-05        1
171  6.210827e-06        1
172  2.102696e-04        1
173  1.610931e-04        1
174  1.675897e-06        1
175  1.830125e-05        1
176  6.028208e-04        1
177  8.298384e-08        1
178  1.656696e-05        1
179  1.554478e-05        1
180  8.618462e-05        1
181  7.274422e-05        1
182  5.293257e-05        1
183  3.337940e-06        1
184  1.892827e-04        1
185  2.697258e-05        1
186  3.572585e-04        1
187  8.970732e-05        1
188  2.545071e-04        1
189  1.820724e-06        1
190  3.131079e-04        1
191  6.070072e-05        1
192  1.615464e-04        1
193  2.412595e-04        1
194  6.233162e-05        1
195  8.524208e-05        1
196  7.857378e-04        1
197  5.801971e-05        1
198  2.259620e-05        1
199  1.737616e-06        1
200  1.048487e-04        1
201  1.177168e-03   0.3519
202  2.396195e-07        1
203  5.297970e-05        1
204  7.618082e-05        1
205  3.087300e-05        1
206  1.673998e-04        1
207  9.814002e-05        1
208  2.759025e-04        1
209  7.476103e-04        1
210  1.301040e-07        1
211  1.579452e-03        1
212  2.859438e-04        1
213  2.149426e-04        1
214  2.369747e-05        1
215  7.026013e-05        1
216  2.755641e-04        1
217  1.135347e-04        1
218  1.789882e-05        1
219  4.527931e-04        1
220  1.069877e-04        1
221  4.369544e-04        1
222  1.239313e-04        1
223  1.169543e-05        1
224  5.396126e-05        1
225  4.198345e-05        1
226  9.264691e-05        1
227  7.325888e-04        1
228  2.489657e-06        1
229  5.867073e-05        1
230  9.286009e-03        1
231  1.118134e-03        1
232  8.648840e-06        1
233  4.826901e-07        1
234  6.525464e-07        1
235  8.815158e-04        1
236  3.828082e-04        1
237  3.148531e-04        1
238  9.611377e-05        1
239  2.992865e-04        1
240  6.900621e-06        1
241  1.364256e-04        1
242  1.621289e-07        1
243  2.801826e-04        1
244  6.068543e-05        1
245  7.579042e-05        1
246  3.482534e-04        1
247  9.658768e-05        1
248  6.478411e-04        1
249  6.656718e-04        1
250  1.407478e-03        1
251  9.665582e-06        1
252  3.132744e-04        1
253  1.563343e-04        1
254  5.839085e-04        1
255  3.951191e-04        1
256  1.906585e-03        1
257  3.095601e-05        1
258  8.927344e-05        1
259  2.993274e-03        1
260  2.512170e-04        1
261  9.356360e-05        1
262  7.631863e-05        1
263  9.561838e-06        1
264  2.442855e-04        1
265  3.654899e-04        1
266  1.869954e-04        1
267  3.449326e-04        1
268  2.947861e-04        1
269  1.729012e-04        1
270  1.593533e-04        1
271  2.310507e-04        1
272  7.323323e-05        1
273  4.123764e-05        1
274  1.993039e-05        1
275  1.828677e-05        1
276  5.554962e-04        1
277  1.281750e-04        1
278  9.966583e-05        1
279  3.615331e-05        1
280  1.373735e-03        1
281  1.840700e-05        1
282  1.418604e-05        1
283  1.846263e-05        1
284  1.142686e-03        1
285  1.324854e-05        1
286  3.933174e-07        1
287  7.576182e-04        1
288  2.491445e-03        1
289  1.068870e-05        1
290  4.725360e-05        1
291  4.101490e-04        1
292  4.110535e-04        1
293  6.911767e-04        1
294  3.736386e-04        1
295  2.571529e-04        1
296  1.854322e-04        1
297  4.299353e-04        1
298  2.505657e-04        1
299  5.135087e-05        1
300  1.641520e-04        1
301  2.259034e-05        1
302  3.406169e-05        1
303  2.497234e-04        1
304  2.931975e-06        1
305  4.997349e-05        1
306  3.393790e-06        1
307  2.046428e-03        1
308  7.606975e-06        1
309  2.435064e-06        1
310  4.806231e-04        1
311  2.624076e-06        1
312  3.725124e-04        1
313  1.738413e-04        1
314  4.273933e-04        1
315  6.176463e-04        1
316  3.246311e-05        1
317  1.026695e-05        1
318  3.184995e-07        1
319  1.219750e-04        1
320  2.791647e-04        1
321  5.545186e-05        1
322  4.844521e-06        1
323  5.674811e-07        1
324  8.081633e-04        1
325  1.718371e-04        1
326  4.197856e-05        1
327  2.245102e-05        1
328  3.241910e-05        1
329  1.369636e-05        1
330  9.007767e-05        1
331  6.455356e-05        1
332  3.265067e-05        1
333  1.703036e-03        1
334  3.046085e-05        1
335  2.510956e-04        1
336  2.062673e-04        1
337  8.602931e-05        1
338  1.275492e-05        1
339  1.625226e-04        1
340  1.622095e-05        1
341  1.164259e-05        1
342  5.000247e-05        1
343  5.965416e-05        1
344  1.582883e-04        1
345  2.742766e-03        1
346  1.482909e-05        1
347  1.571202e-03        1
348  1.228762e-04        1
349  1.585981e-03        1
350  8.612182e-06        1
351  1.046042e-04        1
352  2.905120e-04        1
353  1.429741e-03        1
354  9.606555e-05        1
355  1.016149e-04        1
356  1.313001e-04        1
357  2.157556e-04        1
358  8.888299e-05        1
359  3.127455e-05        1
360  1.274153e-03        1
361  1.520465e-03        1
362  5.554166e-05        1
363  2.005214e-06        1
364  1.845893e-04        1
365  3.325652e-04        1
366  5.591041e-04        1
367  4.953682e-03        1
368  1.867326e-04        1
369  3.626367e-04        1
370  3.655042e-05        1
371  1.710890e-04        1
372  6.619263e-04        1
373  1.534569e-05        1
374  5.770011e-08        1
375  3.514498e-05        1
376  1.200679e-04        1
377  2.408112e-04        1
378  4.551253e-04        1
379  7.421217e-04        1
380  6.557858e-05        1
381  9.262083e-04        1
382  1.170737e-08        1
383  2.048628e-03        1
384  2.184152e-04        1
385  5.665678e-04        1
386  7.240100e-05        1
387  5.905366e-06        1
388  9.955817e-05        1
389  4.282948e-06        1
390  1.301504e-04        1
391  2.428787e-04        1
392  1.550941e-04        1
393  1.108045e-05        1
394  2.549720e-04        1
395  2.111930e-04        1
396  3.040388e-05        1
397  1.096300e-04        1
398  4.766401e-06        1
399  2.878520e-04        1
400  1.366624e-05        1
401  1.559800e-05        1
402  4.490865e-06        1
403  3.275718e-04        1
404  2.087459e-06        1
405  5.786174e-04        1
406  1.421321e-04        1
407  1.879595e-04        1
408  1.205890e-04        1
409  7.873925e-05        1
410  3.863378e-04        1
411  9.831163e-05        1
412  4.291660e-05        1
413  2.886020e-04        1
414  1.297861e-05        1
415  1.523470e-05        1
416  2.081353e-05        1
417  8.894054e-04        1
418  1.841548e-04        1
419  9.205275e-05        1
420  1.366721e-06        1
421  1.307577e-05        1
422  1.139293e-04        1
423  5.544001e-04        1
424  1.116341e-05        1
425  5.330924e-05        1
426  1.160927e-04        1
427  2.268621e-05        1
428  1.462833e-04        1
429  2.810540e-03        1
430  3.452066e-04        1
431  4.015710e-04        1
432  6.455646e-04        1
433  9.480679e-05        1
434  1.002626e-06        1
435  1.423761e-03        1
436  8.708589e-05        1
437  9.878477e-08        1
438  2.614269e-05        1
439  2.673479e-04        1
440  3.043024e-04        1
441  1.421043e-04        1
442  1.439448e-04        1
443  3.335573e-05        1
444  8.410988e-05        1
445  3.967591e-04        1
446  1.092311e-06        1
447  1.688117e-04        1
448  8.095573e-10        1
449  1.830016e-04        1
450  2.314350e-04        1
451  3.075641e-07        1
452  2.938560e-05        1
453  2.161960e-04        1
454  1.041242e-03  0.68034
455  5.608788e-06        1
456  6.194626e-04        1
457  1.611447e-05        1
458  4.797329e-06        1
459  1.856387e-04        1
460  1.408707e-05        1
461  8.799623e-05        1
462  4.383584e-06        1
463  3.600097e-05        1
464  1.020670e-04        1
465  1.153273e-03        1
466  7.102962e-06        1
467  1.174131e-04        1
468  2.012052e-05        1
469  1.347462e-04        1
470  1.626011e-04        1
471  1.899776e-04        1
472  7.948734e-06        1
473  5.502555e-05        1
474  2.636933e-05        1
475  6.528476e-05        1
476  1.871691e-05        1
477  4.023870e-04        1
478  3.804126e-04        1
479  2.884112e-05        1
480  9.397287e-06        1
481  4.402479e-05        1
482  1.277912e-04        1
483  9.209451e-05        1
484  3.004660e-05        1
485  8.111896e-05        1
486  3.276903e-05        1
487  4.655255e-05        1
488  3.302494e-06        1
489  6.855757e-06        1
490  1.285966e-04        1
491  1.099580e-05        1
492  2.504486e-05        1
493  7.250312e-05        1
494  3.839331e-04        1
495  2.206326e-04        1
496  4.859669e-04        1
497  1.892370e-05        1
498  2.405566e-04        1
499  5.536889e-05        1
500  1.481101e-04        1
501  2.861985e-05        1
502  2.336731e-09        1
503  6.155487e-06        1
504  1.498004e-05        1
505  2.105942e-06        1
506  3.248158e-06        1
507  3.267001e-05        1
508  2.013419e-06        1
509  1.150393e-04        1
510  6.069074e-04        1
511  1.864931e-04        1
512  1.971554e-03        1
513  5.343977e-05        1
514  1.612711e-05        1
515  4.540638e-05        1
516  1.013782e-04        1
517  3.145290e-04        1
518  5.740140e-05        1
519  2.829869e-04        1
520  8.728628e-05        1
521  1.302930e-04        1
522  3.219609e-04        1
523  3.155664e-04        1
524  3.537388e-07        1
525  1.085956e-05        1
526  6.925965e-04        1
527  2.163969e-04        1
528  4.440762e-06        1
529  1.355256e-04        1
530  1.710580e-04        1
531  9.724021e-07        1
532  1.227096e-04        1
533  3.407183e-05        1
534  3.862115e-04        1
535  2.372435e-04        1
536  1.957283e-04        1
537  1.556054e-08        1
538  2.623013e-06        1
539  4.620291e-05        1
540  5.402033e-05        1
541  7.907569e-06        1
542  1.193685e-04        1
543  9.474253e-04        1
544  5.423946e-05        1
545  1.273923e-05        1
546  9.647724e-05        1
547  3.371486e-06        1
548  1.222218e-05        1
549  5.130082e-06        1
550  1.320531e-03        1
551  5.083774e-06        1
552  1.487899e-04        1
553  2.009135e-05        1
554  1.081609e-06        1
555  5.500346e-06        1
556  4.379115e-06        1
557  1.432228e-04        1
558  3.452746e-04        1
559  4.720009e-06        1
560  2.713706e-04        1
561  3.129795e-05        1
562  2.284067e-04        1
563  2.020119e-04        1
564  5.845313e-04        1
565  1.361844e-04        1
566  2.002903e-06        1
567  1.435922e-05        1
568  1.170419e-05        1
569  3.970706e-05        1
570  3.756941e-05        1
571  8.996645e-05        1
572  1.055771e-03        1
573  9.940606e-05        1
574  1.525108e-05        1
575  9.669814e-07        1
576  5.312074e-05        1
577  3.857542e-05        1
578  7.256431e-05        1
579  2.252016e-05        1
580  4.933169e-04        1
581  8.250981e-04        1
582  2.921014e-04        1
583  1.344005e-04        1
584  3.366889e-07        1
585  7.481096e-04        1
586  1.198472e-04        1
587  2.127642e-04        1
588  4.692742e-05        1
589  4.229698e-06        1
590  1.994222e-06        1
591  1.654293e-04        1
592  1.263612e-05        1
593  5.107794e-06        1
594  1.571107e-06        1
595  2.121884e-05        1
596  3.332641e-07        1
597  1.512178e-07        1
598  3.906250e-04        1
599  5.978323e-05        1
600  5.537644e-04        1
601  9.902037e-05        1
602  1.193983e-04        1
603  1.968137e-04        1
604  1.507894e-03        1
605  6.316205e-06        1
606  1.535348e-05        1
607  4.067593e-04        1
608  1.312623e-05        1
609  9.260915e-05        1
610  1.181446e-03        1
611  2.148872e-06        1
612  7.156903e-05        1
613  3.192661e-06        1
614  1.489388e-04        1
615  7.243686e-06        1
616  2.956164e-07        1
617  1.223961e-04        1
618  8.283975e-05        1
619  1.764264e-04        1
620  7.222007e-04        1
621  1.087383e-04        1
622  5.643115e-05        1
623  6.129999e-04        1
624  5.439027e-04        1
625  3.101450e-04        1
626  1.842147e-05        1
627  4.749036e-07        1
628  3.755988e-05        1
629  1.320011e-04        1
630  6.468951e-05        1
631  9.680236e-05        1
632  7.648877e-06        1
633  9.188190e-05        1
634  7.832286e-07        1
635  1.287298e-05        1
636  1.067889e-04        1
637  1.465859e-04        1
638  1.282495e-05        1
639  1.287375e-06        1
640  4.205193e-04        1
641  2.757017e-05        1
642  7.808937e-05        1
643  6.028356e-05        1
644  8.503385e-04        1
645  2.778208e-05        1
646  1.832297e-06        1
647  5.670695e-04        1
648  1.396810e-04        1
649  1.635234e-05        1
650  8.071180e-04        1
651  7.957062e-06        1
652  8.679416e-04        1
653  2.517036e-03        1
654  4.386323e-04        1
655  1.539057e-04        1
656  1.944808e-03        1
657  9.457681e-06        1
658  1.190021e-05        1
659  1.198377e-04        1
660  8.283049e-04        1
661  2.763720e-05        1
662  1.117281e-03        1
663  4.105725e-03        1
664  6.285633e-04        1
665  1.479982e-07        1
666  1.277228e-04        1
667  1.153617e-03        1
668  2.864491e-04        1
669  6.281450e-04        1
670  5.381674e-05        1
671  1.002011e-05        1
672  3.989105e-04        1
673  1.791555e-04        1
674  8.922129e-05        1
675  1.909434e-04        1
676  2.679389e-06        1
677  1.192222e-04        1
678  4.816345e-06        1
679  1.953952e-03        1
680  3.067830e-06        1
681  1.789666e-04        1
682  5.542337e-04        1
683  5.887672e-06        1
684  2.833600e-05        1
685  1.305756e-05        1
686  9.242205e-07        1
687  1.013953e-04        1
688  1.733115e-04        1
689  2.478932e-04        1
690  2.261899e-04        1
691  5.501107e-05        1
692  1.080108e-03        1
693  6.475207e-05        1
694  4.105811e-04        1
695  3.008387e-04        1
696  2.921492e-04        1
697  2.900182e-06        1
698  6.506091e-06        1
699  2.584643e-05        1
700  1.317844e-03        1
701  8.658257e-05        1
702  9.241111e-04        1
703  7.565420e-03        1
704  3.786736e-04        1
705  1.056557e-03        1
706  4.052892e-04        1
707  4.714093e-04        1
708  2.253335e-05        1
709  1.559518e-04        1
710  5.198415e-06        1
711  1.752045e-05        1
712  1.493264e-04        1
713  5.569513e-05        1
714  1.105524e-04        1
715  1.597848e-03        1
716  5.484718e-04        1
717  1.249052e-04        1
718  3.849457e-05        1
719  3.488858e-04        1
720  7.429840e-06        1
721  3.216946e-05        1
722  1.703878e-04        1
723  1.782130e-05        1
724  9.625228e-06        1
725  2.268386e-06        1
726  5.099290e-04        1
727  3.150399e-03        1
728  2.817895e-03        1
729  5.551662e-05        1
730  5.452907e-04        1
731  1.516665e-04        1
732  1.364158e-03        1
733  9.695109e-07        1
734  7.403530e-05        1
735  1.348311e-04        1
736  1.746076e-03  0.65688
737  5.401823e-04        1
738  1.521516e-03        1
739  2.121227e-05        1
740  3.892237e-04        1
741  9.419671e-05        1
742  2.567082e-06        1
743  2.114989e-03        1
744  2.933902e-03        1
745  3.434084e-04        1
746  7.922464e-06        1
747  9.662712e-06        1
748  1.774727e-04        1
749  2.950986e-06        1
750  8.175573e-04        1
751  9.782179e-05        1
752  9.814008e-06        1
753  4.154087e-05        1
754  4.306212e-06        1
755  4.662447e-08        1
756  1.065600e-04        1
757  8.803234e-05        1
758  4.406778e-04        1
759  5.217829e-05        1
760  1.224722e-07        1
761  1.552955e-04        1
762  1.672795e-06        1
763  2.513079e-05        1
764  2.066053e-05        1
765  2.489827e-05        1
766  9.374219e-05        1
767  1.182898e-05        1
768  6.906981e-05        1
769  7.659307e-04        1
770  5.029544e-06        1
771  2.559274e-06        1
772  4.864465e-04        1
773  8.199473e-05        1
774  9.942380e-06        1
775  2.174638e-05        1
776  1.761490e-04        1
777  1.490677e-04        1
778  9.051394e-04        1
779  2.904745e-04        1
780  5.511525e-04        1
781  1.028245e-05        1
782  7.645344e-05        1
783  6.573872e-04        1
784  2.171877e-04        1
785  2.784799e-04        1
786  2.322888e-05        1
787  7.864539e-08        1
788  7.113324e-04        1
789  2.415838e-04        1
790  4.608256e-05        1
791  3.685729e-04        1
792  3.557198e-05        1
793  1.113108e-04        1
794  5.430529e-04        1
795  2.682541e-05        1
796  3.008539e-04        1
797  2.019241e-04        1
798  1.482362e-03        1
799  2.341036e-04        1
800  1.229523e-07        1
801  1.007670e-04        1
802  2.701218e-04        1
803  5.806663e-05        1
804  2.032731e-04        1
805  9.149324e-05        1
806  2.315724e-05        1
807  3.411930e-05        1
808  2.491040e-03        1
809  3.679745e-04        1
810  3.194406e-03        1
811  2.288311e-03        1
812  1.054470e-04        1
813  9.302922e-04        1
814  1.777839e-04        1
815  1.455935e-05        1
816  7.560496e-05        1
817  8.299396e-06        1
818  3.216268e-04        1
819  2.952381e-04        1
820  2.407113e-04        1
821  7.622612e-08        1
822  1.286621e-04        1
823  1.762950e-04        1
824  7.605496e-06        1
825  2.369766e-05        1
826  3.137176e-06        1
827  9.725916e-05        1
828  2.211850e-05        1
829  1.283312e-04        1
830  4.228573e-04        1
831  9.686499e-06        1
832  1.161569e-04        1
833  1.348091e-05        1
834  8.365904e-04        1
835  2.983516e-05        1
836  4.598285e-04        1
837  4.778499e-05        1
838  7.415846e-06        1
839  5.933361e-04        1
840  3.997694e-05        1
841  4.544821e-04        1
842  3.991584e-06        1
843  2.654595e-05        1
844  4.569786e-04        1
845  1.893407e-04        1
846  1.105029e-05        1
847  5.037208e-04        1
848  2.124149e-06        1
849  7.713825e-05        1
850  4.659852e-06        1
851  8.337450e-06        1
852  1.913737e-04        1
853  1.044423e-03        1
854  8.509156e-05        1
855  6.096894e-04        1
856  1.909101e-04        1
857  3.536505e-05        1
858  1.750946e-04        1
859  2.129671e-04        1
860  5.958380e-07        1
861  4.304187e-04        1
862  2.071382e-04        1
863  1.829333e-05        1
864  3.595025e-04        1
865  5.933007e-07        1
866  9.734816e-05        1
867  1.553045e-04        1
868  5.068216e-04        1
869  3.106288e-05        1
870  6.770792e-07        1
871  1.071419e-04        1
872  8.248083e-05        1
873  1.241396e-04        1
874  2.184987e-04        1
875  3.527844e-04        1
876  1.872767e-04        1
877  1.672731e-04        1
878  8.423934e-05        1
879  1.104710e-04        1
880  8.951750e-06        1
881  2.412183e-04        1
882  1.264440e-04        1
883  1.801997e-03        1
884  1.414138e-04        1
885  1.303937e-05        1
886  1.653992e-04        1
887  3.826496e-04        1
888  1.370145e-04        1
889  1.033847e-04        1
890  1.754837e-05        1
891  1.726623e-04        1
892  3.168230e-05        1
893  3.943161e-04        1
894  6.117173e-04        1
895  2.876929e-04        1
896  5.661373e-06        1
897  3.998025e-05        1
898  3.505515e-05        1
899  1.212556e-05        1
900  2.717768e-05        1
901  2.664684e-04        1
902  1.245578e-04        1
903  2.372272e-05        1
904  7.694679e-04        1
905  4.756004e-06        1
906  1.407209e-03        1
907  1.257677e-03        1
908  2.358929e-04        1
909  3.132053e-05        1
910  4.866176e-04        1
911  3.911371e-03        1
912  2.459417e-04        1
913  6.698675e-04        1
914  2.427353e-06        1
915  2.479252e-05        1
916  2.109953e-06        1
917  1.714861e-04        1
918  2.241852e-04        1
919  1.131213e-06        1
920  1.542946e-04        1
921  1.216075e-07        1
922  2.182018e-03        1
923  1.246600e-04        1
924  7.031042e-05        1
925  4.485494e-05        1
926  9.902082e-05        1
927  8.188119e-06        1
928  1.420953e-06        1
929  9.474648e-05        1
930  6.624263e-05        1
931  2.550190e-04        1
932  5.650246e-05        1
933  1.061046e-04        1
934  4.793812e-04        1
935  2.195403e-05        1
936  1.512662e-04        1
937  2.327464e-06        1
938  7.746225e-05        1
939  4.229734e-05        1
940  6.825803e-06        1
941  1.975277e-05        1
942  2.612198e-04        1
943  1.749837e-05        1
944  9.805956e-07        1
945  3.575622e-04        1
946  8.432805e-06        1
947  4.901966e-04        1
948  3.022271e-04        1
949  1.414577e-03        1
950  7.902805e-06        1
951  2.086978e-05        1
952  1.224727e-04        1
953  2.121247e-04        1
954  1.864942e-05        1
955  6.970795e-05        1
956  3.703387e-05        1
957  1.244294e-05        1
958  5.234698e-06        1
959  8.077348e-05        1
960  1.776489e-04        1
961  5.681588e-05        1
962  5.668248e-05        1
963  2.670441e-06        1
964  3.566385e-08        1
965  3.256964e-04        1
966  3.352864e-05        1
967  3.520589e-05        1
968  7.036474e-08        1
969  9.557490e-05        1
970  2.281275e-08        1
971  2.427433e-04        1
972  2.172834e-05        1
973  1.912717e-04        1
974  3.976465e-04        1
975  1.336824e-04        1
976  1.037497e-04        1
977  2.767742e-05        1
978  1.490594e-05        1
979  2.247136e-07        1
980  7.088015e-05        1
981  1.047644e-05        1
982  8.730336e-06        1
983  2.233714e-05        1
984  7.326164e-04        1
985  7.968258e-05        1
986  3.882344e-05        1
987  1.189268e-04        1
988  2.886838e-04        1
989  8.102866e-05        1
990  5.387559e-05        1
991  3.271469e-07        1
992  1.802893e-05        1
993  1.130928e-04        1
994  7.221534e-05        1
995  1.628852e-05        1
996  5.574923e-05        1
997  6.584825e-05        1
998  2.374442e-05        1
999  2.450727e-05        1
1000 7.524102e-06        1
1001 9.335985e-06        1
1002 1.169340e-04        1
1003 1.062091e-04        1
1004 1.310936e-03        1
1005 1.185031e-04        1
1006 2.744929e-04        1
1007 1.284737e-04        1
1008 6.111569e-06        1
1009 2.108765e-04        1
1010 1.768136e-05        1
1011 1.793481e-07        1
1012 7.446626e-06        1
1013 1.430666e-05        1
1014 6.173109e-04        1
1015 2.241470e-05        1
1016 1.917796e-05        1
1017 1.827171e-06        1
1018 8.136567e-05        1
1019 2.516254e-05        1
1020 1.970458e-04        1
1021 7.155743e-05        1
1022 3.867836e-05        1
1023 1.722412e-04        1
1024 4.065528e-05        1
1025 3.603066e-05        1
1026 1.458595e-05        1
1027 1.928455e-04        1
1028 3.952164e-05        1
1029 1.236216e-04        1
1030 2.396647e-04        1
1031 5.108738e-04        1
1032 3.665619e-05        1
1033 8.849336e-09        1
1034 1.326158e-05        1
1035 4.968193e-04        1
1036 2.767049e-07        1
1037 4.826078e-05        1
1038 1.974968e-04        1
1039 2.190925e-05        1
1040 7.918569e-05        1
1041 1.504448e-05        1
1042 7.070929e-04        1
1043 3.026902e-04        1
1044 4.084333e-05        1
1045 6.780674e-06        1
1046 7.908617e-07        1
1047 1.570260e-05        1
1048 9.379401e-07        1
1049 2.019254e-05        1
1050 7.514829e-05        1
1051 7.926201e-05        1
1052 4.548906e-04        1
1053 9.611978e-05        1
1054 3.804254e-05        1
1055 1.328266e-04        1
1056 5.199723e-05        1
1057 3.810375e-05        1
1058 1.972723e-06        1
1059 2.433251e-05        1
1060 5.510406e-05        1
1061 1.808104e-04        1
1062 6.867064e-04        1
1063 8.834139e-04        1
1064 9.940493e-07        1
1065 1.700279e-04        1
1066 6.962348e-05        1
1067 9.699615e-05        1
1068 4.570279e-06        1
1069 2.120365e-05        1
1070 1.041610e-04        1
1071 1.134730e-05        1
1072 2.392433e-06        1
1073 2.269006e-04        1
1074 9.386275e-05        1
1075 3.721001e-06        1
1076 6.720196e-05        1
1077 4.814097e-04        1
1078 6.361161e-04        1
1079 2.629308e-06        1
1080 1.373117e-06        1
1081 1.180542e-04        1
1082 2.333283e-08        1
1083 7.822653e-05        1
1084 6.760816e-05        1
1085 5.732275e-08        1
1086 2.175218e-06        1
1087 1.604297e-06        1
1088 3.601305e-04        1
1089 1.461298e-06        1
1090 4.044979e-05        1
1091 1.234813e-05        1
1092 2.294867e-04        1
1093 4.134460e-05        1
1094 1.325403e-04        1
1095 1.381801e-05        1
1096 1.708762e-04        1
1097 4.484482e-05        1
1098 5.214616e-07        1
1099 7.285410e-07        1
1100 1.089514e-06        1
1101 1.110333e-04        1
1102 5.196394e-04        1
1103 5.366140e-05        1
1104 1.981689e-06        1
1105 1.275445e-03        1
1106 1.139760e-04        1
1107 6.390550e-05        1
1108 5.484272e-04        1
1109 1.224110e-05        1
1110 8.214103e-06        1
1111 1.632571e-04        1
1112 3.764237e-04        1
1113 4.296466e-06        1
1114 5.689846e-05        1
1115 2.475811e-06        1
1116 1.289189e-06        1
1117 1.136750e-05        1
1118 2.811639e-05        1
1119 1.431892e-04        1
1120 1.317082e-04        1
1121 3.802839e-04        1
1122 1.053564e-05        1
1123 9.296060e-04        1
1124 1.576842e-04        1
1125 2.608870e-06        1
1126 7.819731e-05        1
1127 1.438705e-04        1
1128 1.115059e-03        1
1129 5.204830e-05        1
1130 8.650440e-06        1
1131 5.896576e-04        1
1132 7.451989e-05        1
1133 3.469729e-05        1
1134 2.385097e-06        1
1135 4.309010e-06        1
1136 1.214463e-03        1
1137 1.618552e-04        1
1138 5.449892e-05        1
1139 1.423236e-04        1
1140 8.109596e-06        1
1141 4.089582e-04        1
1142 1.522420e-04        1
1143 1.083009e-04        1
1144 4.058062e-04        1
1145 2.202160e-05        1
1146 4.210368e-04        1
1147 1.909893e-04        1
1148 4.878914e-04        1
1149 1.455325e-03        1
1150 1.767708e-04        1
1151 1.454428e-03        1
1152 4.276759e-04        1
1153 1.673637e-05        1
1154 2.848033e-05        1
1155 2.737473e-04        1
1156 3.570900e-04        1
1157 8.418617e-05        1
1158 1.571053e-04        1
1159 5.400165e-05        1
1160 8.596713e-06        1
1161 1.194962e-04        1
1162 3.729888e-04        1
1163 5.739013e-04        1
1164 2.851201e-04        1
1165 1.147375e-05        1
1166 2.334066e-06        1
1167 8.765918e-05        1
1168 7.556298e-04        1
1169 1.172881e-04        1
1170 1.028493e-04        1
1171 2.567453e-04        1
1172 2.463133e-03        1
1173 9.158123e-05        1
1174 1.479433e-06        1
1175 5.292073e-05        1
1176 4.374704e-06        1
1177 4.425578e-05        1
1178 1.413569e-05        1
1179 6.353905e-06        1
1180 7.377750e-05        1
1181 1.383332e-05        1
1182 2.022508e-04        1
1183 2.856712e-05        1
1184 3.448534e-04        1
1185 3.148056e-06        1
1186 1.082910e-05        1
1187 6.582170e-05        1
1188 3.448634e-05        1
1189 3.400246e-05        1
1190 3.269969e-04        1
1191 3.874428e-04        1
1192 5.156753e-07        1
1193 2.188886e-04        1
1194 3.351779e-04        1
1195 7.996905e-05        1
1196 2.286053e-04        1
1197 7.356382e-04        1
1198 4.608531e-04        1
1199 8.256553e-05        1
1200 3.302580e-05        1
1201 2.945130e-04        1
1202 1.238549e-04        1
1203 9.218173e-04        1
1204 1.705495e-05        1
1205 6.629151e-07        1
1206 7.132724e-05        1
1207 1.988195e-05        1
1208 1.517794e-04        1
1209 9.966462e-06        1
1210 8.179773e-04        1
1211 1.848166e-05        1
1212 1.502241e-05        1
1213 5.208074e-05        1
1214 8.893608e-04        1
1215 5.367651e-05        1
1216 1.301782e-03        1
1217 2.812173e-05        1
1218 3.120671e-04        1
1219 2.927765e-05        1
1220 1.272178e-05        1
1221 3.034864e-06        1
1222 2.199651e-04        1
1223 4.445782e-05        1
1224 2.255944e-04        1
1225 5.004541e-06        1
1226 2.966001e-04        1
1227 5.115249e-05        1
1228 8.016784e-05        1
1229 2.319764e-04        1
1230 2.430701e-04        1
1231 7.571132e-05        1
1232 2.269277e-05        1
1233 1.560645e-03        1
1234 4.014958e-06        1
1235 1.963796e-04        1
1236 6.906278e-06        1
1237 6.228979e-05        1
1238 2.395932e-07        1
1239 7.049293e-06        1
1240 2.353296e-05        1
1241 5.971353e-06        1
1242 1.191981e-04        1
1243 2.890788e-06        1
1244 6.480121e-05        1
1245 2.316396e-05        1
1246 1.049502e-03        1
1247 1.272079e-04        1
1248 1.007249e-04        1
1249 4.915304e-04        1
1250 6.474710e-06        1
1251 7.202579e-04        1
1252 1.106894e-04        1
1253 1.078055e-04        1
1254 6.457597e-05        1
1255 9.053600e-05        1
1256 2.855560e-04        1
1257 4.126237e-04        1
1258 1.230467e-04        1
1259 1.429636e-04        1
1260 3.567050e-04        1
1261 1.325538e-05        1
1262 3.441490e-06        1
1263 1.903706e-04        1
1264 5.663996e-05        1
1265 1.454839e-04        1
1266 9.155656e-05        1
1267 1.951282e-04        1
1268 1.044688e-05        1
1269 1.222963e-04        1
1270 1.990086e-07        1
1271 2.627689e-05        1
1272 2.581400e-06        1
1273 2.364635e-04        1
1274 1.805243e-05        1
1275 4.553517e-05        1
1276 1.982370e-05        1
1277 4.801929e-05        1
1278 4.314638e-07        1
1279 1.393502e-05        1
1280 1.074167e-04        1
1281 1.827090e-04        1
1282 9.771006e-04        1
1283 1.463493e-05        1
1284 2.946671e-05        1
1285 7.329100e-06        1
1286 2.925821e-07        1
1287 3.946315e-05        1
1288 2.603474e-04        1
1289 9.099699e-05        1
1290 6.970412e-05        1
1291 2.530271e-07        1
1292 1.536079e-04        1
1293 2.906674e-06        1
1294 8.269204e-04        1
1295 2.110254e-04        1
1296 6.525427e-05        1
1297 1.596372e-05        1
1298 5.576092e-05        1
1299 1.238213e-04        1
1300 5.226371e-05        1
1301 4.044625e-04        1
1302 1.465835e-05        1
1303 2.771208e-04        1
1304 6.947970e-06        1
1305 3.619128e-05        1
1306 2.585889e-05        1
1307 1.103979e-06        1
1308 7.977185e-05        1
1309 9.436017e-06        1
1310 3.179797e-04        1
1311 6.679111e-06        1
1312 6.409025e-06        1
1313 6.384912e-07        1
1314 6.787292e-06        1
1315 7.771623e-04        1
1316 1.093956e-04        1
1317 2.886715e-06        1
1318 4.968813e-05        1
1319 8.297871e-05        1
1320 1.457024e-03        1
1321 1.059941e-04        1
1322 9.508489e-06        1
1323 1.351765e-04        1
1324 9.044042e-06        1
1325 1.512170e-06        1
1326 3.103595e-08        1
1327 6.991930e-08        1
1328 2.085012e-06        1
1329 3.996744e-03 <0.02346
1330 1.051163e-05        1
1331 4.544975e-06        1
1332 1.200017e-04        1
1333 3.847550e-05        1
1334 1.439833e-04        1
1335 1.185096e-05        1
1336 5.726280e-06        1
1337 1.749703e-04        1
1338 1.663653e-06        1
1339 8.075044e-04        1
1340 1.612579e-04        1
1341 5.951606e-05        1
1342 1.427322e-05        1
1343 1.452500e-04        1
1344 2.465142e-04        1
1345 6.461132e-04        1
1346 2.199844e-04        1
1347 2.371948e-05        1
1348 2.559397e-05        1
1349 2.045701e-05        1
1350 4.323191e-05        1
1351 4.667917e-07        1
1352 2.624785e-04        1
1353 9.313699e-05        1
1354 4.489936e-05        1
1355 1.039837e-04        1
1356 2.211226e-09        1
1357 3.496227e-05        1
1358 3.400668e-04        1
1359 2.537362e-05        1
1360 6.037867e-05        1
1361 9.440702e-05        1
1362 1.507708e-04        1
1363 7.256457e-06        1
1364 3.162405e-05        1
1365 1.606673e-06        1
1366 5.359235e-05        1
1367 4.787473e-05        1
1368 2.416755e-05        1
1369 2.287143e-04        1
1370 8.766166e-07        1
1371 1.987106e-04        1
1372 4.332495e-05        1
1373 1.610271e-06        1
1374 1.294154e-05        1
1375 1.121773e-04        1
1376 6.141418e-06        1
1377 1.040831e-06        1
1378 5.845196e-04        1
1379 7.973333e-06        1
1380 8.745199e-04        1
1381 1.105068e-05        1
1382 3.576520e-05        1
1383 1.700225e-06        1
1384 1.195463e-04        1
1385 1.480301e-04        1
1386 2.726274e-04        1
1387 1.985258e-04        1
1388 1.055154e-04        1
1389 8.416753e-06        1
1390 1.096581e-05        1
1391 6.752660e-05        1
1392 2.524767e-05        1
1393 2.250277e-05        1
1394 1.853540e-04        1
1395 1.712333e-06        1
1396 5.584626e-05        1
1397 8.518096e-05        1
1398 1.776633e-04        1
1399 1.177674e-07        1
1400 1.894313e-06        1
1401 3.356287e-04        1
1402 3.402313e-05        1
1403 3.207328e-06        1
1404 1.626828e-05        1
1405 1.208442e-04        1
1406 7.681969e-06        1
1407 4.487938e-04        1
1408 3.461425e-07        1
1409 2.405814e-05        1
1410 1.022182e-03        1
1411 1.570302e-04        1
1412 2.380214e-05        1
1413 1.311336e-06        1
1414 2.601875e-04        1
1415 5.073098e-06        1
1416 9.136591e-06        1
1417 3.703981e-06        1
1418 5.020273e-08        1
1419 4.854706e-05        1
1420 5.316918e-05        1
1421 1.065866e-04        1
1422 5.034346e-04        1
1423 8.792878e-07        1
1424 1.130728e-04        1
1425 1.813335e-05        1
1426 5.543665e-07        1
1427 1.930243e-04        1
1428 1.752078e-05        1
1429 5.771693e-05        1
1430 6.468149e-04        1
1431 1.069874e-04        1
1432 8.795435e-05        1
1433 1.561555e-04        1
1434 1.427255e-05        1
1435 4.007260e-05        1
1436 5.253756e-06        1
1437 1.034347e-04        1
1438 2.579285e-05        1
1439 1.809915e-05        1
1440 6.121707e-04        1
1441 4.915167e-04        1
1442 3.434861e-05        1
1443 1.220001e-05        1
1444 9.041333e-06        1
1445 4.352155e-05        1
1446 4.466556e-07        1
1447 9.001914e-06        1
1448 1.769984e-04        1
1449 5.158191e-06        1
1450 4.313890e-05        1
1451 1.891160e-04        1
1452 1.595859e-05        1
1453 1.542634e-04        1
1454 6.089523e-05        1
1455 1.049518e-04        1
1456 2.651367e-06        1
1457 1.008327e-05        1
1458 2.167406e-04        1
1459 3.293335e-05        1
1460 4.233163e-04        1
1461 8.793158e-06        1
1462 3.618787e-06        1
1463 2.930800e-04        1
1464 1.130967e-05        1
1465 1.987617e-04        1
1466 9.158249e-05        1
1467 1.010972e-03        1
1468 3.528278e-05        1
1469 3.727761e-06        1
1470 1.889663e-04        1
1471 1.583543e-04        1
1472 4.342640e-04        1
1473 2.668350e-03        1
1474 1.166555e-03        1
1475 3.278554e-04        1
1476 3.928744e-05        1
1477 1.230273e-07        1
1478 1.490894e-04        1
1479 1.094745e-06        1
1480 1.315098e-05        1
1481 3.720610e-04        1
1482 3.436299e-05        1
1483 3.488005e-05        1
1484 3.950198e-05        1
1485 3.156005e-05        1
1486 2.064581e-04        1
1487 4.532342e-05        1
1488 2.171022e-04        1
1489 6.468769e-07        1
1490 7.509859e-04        1
1491 3.971436e-07        1
1492 8.573726e-04        1
1493 3.608709e-04        1
1494 3.161049e-07        1
1495 8.865095e-05        1
1496 7.718382e-05        1
1497 3.367628e-04        1
1498 2.269056e-07        1
1499 5.759309e-04        1
1500 5.505772e-04        1
1501 4.138071e-04        1
1502 4.616237e-05        1
1503 2.426676e-05        1
1504 2.273810e-05        1
1505 7.361469e-05        1
1506 4.619675e-05        1
1507 1.627349e-05        1
1508 9.061734e-05        1
1509 4.055174e-04        1
1510 6.335676e-05        1
1511 2.022484e-04        1
1512 3.019274e-05        1
1513 8.399248e-04        1
1514 3.750255e-06        1
1515 7.240322e-06        1
1516 3.358491e-07        1
1517 1.369576e-05        1
1518 2.567613e-04        1
1519 7.171802e-06        1
1520 4.770262e-04        1
1521 2.977963e-05        1
1522 1.363844e-05        1
1523 5.633673e-04        1
1524 7.017801e-04        1
1525 4.599804e-04        1
1526 1.548831e-06        1
1527 1.720128e-05        1
1528 8.043519e-04        1
1529 6.835720e-06        1
1530 2.730680e-06        1
1531 1.939399e-04        1
1532 2.474244e-05        1
1533 2.655011e-04        1
1534 1.592178e-04        1
1535 6.120217e-04        1
1536 3.675760e-06        1
1537 8.132490e-05        1
1538 9.374989e-05        1
1539 5.497764e-06        1
1540 2.416740e-04        1
1541 1.610173e-04        1
1542 6.485771e-05        1
1543 1.431421e-07        1
1544 1.649223e-05        1
1545 1.290519e-04        1
1546 8.285233e-06        1
1547 6.691622e-07        1
1548 4.538633e-07        1
1549 8.903415e-07        1
1550 4.367906e-04        1
1551 1.009535e-04        1
1552 1.407918e-04        1
1553 1.017804e-04        1
1554 1.682048e-07        1
1555 4.068270e-05        1
1556 8.920097e-04        1
1557 2.153868e-04        1
1558 3.326397e-05        1
1559 6.909409e-07        1
1560 7.333348e-07        1
1561 7.566274e-07        1
1562 9.983457e-05        1
1563 4.996294e-04        1
1564 1.018154e-04        1
1565 5.384615e-04        1
1566 4.555341e-06        1
1567 2.533648e-04        1
1568 1.792731e-05        1
1569 8.932866e-06        1
1570 6.939263e-05        1
1571 4.853959e-06        1
1572 1.173723e-04        1
1573 8.181878e-04        1
1574 6.265970e-05        1
1575 2.113884e-04        1
1576 5.562986e-06        1
1577 1.106116e-03        1
1578 3.042176e-04        1
1579 1.516720e-06        1
1580 2.486692e-07        1
1581 2.535477e-04        1
1582 3.424028e-07        1
1583 1.891927e-04        1
1584 8.461425e-05        1
1585 6.054768e-05        1
1586 1.477432e-04        1
1587 1.846526e-05        1
1588 1.280038e-04        1
1589 7.831687e-05        1
1590 2.789477e-04        1
1591 1.150200e-03        1
1592 5.534257e-06        1
1593 6.858382e-05        1
1594 7.468116e-04        1
1595 3.804039e-05        1
1596 5.346564e-04        1
1597 1.353720e-04        1
1598 2.071086e-04        1
1599 4.685718e-09        1
1600 3.595368e-05        1
1601 1.131942e-05        1
1602 4.795133e-06        1
1603 9.652334e-04        1
1604 5.409113e-04        1
1605 9.648711e-04        1
1606 2.559664e-05        1
1607 3.544356e-04        1
1608 1.869781e-04        1
1609 2.805689e-04        1
1610 1.115617e-04        1
1611 7.247833e-05        1
1612 1.752320e-04        1
1613 1.658940e-04        1
1614 3.222325e-07        1
1615 1.136007e-05        1
1616 1.029293e-06        1
1617 7.431582e-04        1
1618 3.762403e-04        1
1619 8.855085e-05        1
1620 3.342677e-05        1
1621 2.295197e-04        1
1622 1.612862e-04        1
1623 1.429684e-05        1
1624 6.407766e-04        1
1625 1.143980e-07        1
1626 7.163435e-04        1
1627 9.334709e-05        1
1628 1.300766e-05        1
1629 8.885980e-05        1
1630 2.097700e-03        1
1631 2.137076e-04        1
1632 1.360304e-04        1
1633 5.172458e-05        1
1634 1.223812e-03        1
1635 6.805473e-06        1
1636 1.032065e-03        1
1637 9.613270e-05        1
1638 4.922655e-05        1
1639 8.183640e-06        1
1640 1.941412e-04        1
1641 8.150889e-05        1
1642 5.736221e-04        1
1643 1.215491e-04        1
1644 1.542384e-06        1
1645 4.596176e-07        1
1646 7.226150e-07        1
1647 3.768557e-07        1
1648 2.560674e-04        1
1649 8.183945e-05        1
1650 6.182256e-05        1
1651 7.770902e-06        1
1652 1.270344e-04        1
1653 8.567729e-05        1
1654 6.730761e-06        1
1655 5.746420e-05        1
1656 1.364042e-07        1
1657 4.152607e-06        1
1658 1.198802e-04        1
1659 6.494999e-07        1
1660 1.951930e-04        1
1661 2.555329e-04        1
1662 6.700606e-07        1
1663 7.241348e-04        1
1664 5.166535e-04        1
1665 2.979691e-05        1
1666 1.436834e-05        1
1667 9.284161e-05        1
1668 3.856720e-05        1
1669 6.803030e-06        1
1670 7.489155e-05        1
1671 8.985704e-05        1
1672 1.995235e-05        1
1673 5.103279e-05        1
1674 1.448790e-04        1
1675 5.415160e-06        1
1676 2.459611e-04        1
1677 5.401743e-06        1
1678 4.175159e-05        1
1679 2.376936e-04        1
1680 3.052628e-04        1
1681 5.233306e-06        1
1682 1.472267e-05        1
1683 2.244752e-04        1
1684 5.521162e-05        1
1685 2.148879e-05        1
1686 1.401644e-05        1
1687 1.138537e-04        1
1688 1.455579e-05        1
1689 6.514861e-05        1
1690 6.103096e-05        1
1691 6.423685e-05        1
1692 1.765070e-04        1
1693 1.104603e-04        1
1694 1.801412e-05        1
1695 8.976286e-05        1
1696 4.937614e-06        1
1697 6.615560e-04        1
1698 7.664365e-05        1
1699 8.582567e-05        1
1700 6.558600e-05        1
1701 3.752090e-05        1
1702 2.186458e-04        1
1703 3.038422e-04        1
1704 1.308951e-04        1
1705 7.963434e-05        1
1706 1.945819e-05        1
1707 5.211681e-06        1
1708 1.170339e-04        1
1709 1.821850e-05        1
1710 2.792999e-04        1
1711 1.598202e-05        1
1712 1.081213e-04        1
1713 7.136129e-06        1
1714 6.799026e-04        1
1715 1.626296e-05        1
1716 1.823280e-04        1
1717 6.794466e-05        1
1718 2.563798e-04        1
1719 5.421556e-04        1
1720 5.522999e-05        1
1721 1.955534e-04        1
1722 6.291568e-05        1
1723 2.191274e-04        1
1724 1.908824e-04        1
1725 1.101248e-04        1
1726 3.083243e-04        1
1727 6.328241e-07        1
1728 3.495380e-04        1
1729 1.029790e-05        1
1730 2.852526e-04        1
1731 1.743000e-05        1
1732 3.712857e-04        1
1733 2.232903e-05        1
1734 3.955031e-05        1
1735 7.625832e-05        1
1736 1.887321e-05        1
1737 7.315937e-04        1
1738 4.620273e-06        1
1739 1.241534e-04        1
1740 3.533051e-05        1
1741 5.206301e-05        1
1742 8.528612e-05        1
1743 1.658042e-05        1
1744 2.532861e-04        1
1745 1.767050e-04        1
1746 6.471391e-05        1
1747 1.479039e-06        1
1748 2.018747e-05        1
1749 4.870658e-05        1
1750 1.167884e-05        1
1751 4.323850e-05        1
1752 2.376896e-04        1
1753 3.155259e-04        1
1754 3.445358e-04        1
1755 2.814283e-05        1
1756 1.972487e-04        1
1757 1.423613e-05        1
1758 1.636257e-04        1
1759 7.092669e-05        1
1760 2.060548e-05        1
1761 1.311639e-05        1
1762 5.754345e-04        1
1763 2.311837e-04        1
1764 5.509036e-05        1
1765 1.378325e-04        1
1766 8.864267e-06        1
1767 2.858719e-05        1
1768 1.321887e-05        1
1769 8.504231e-05        1
1770 2.713164e-06        1
1771 8.561141e-05        1
1772 2.680329e-05        1
1773 2.055348e-09        1
1774 3.857995e-04        1
1775 7.581385e-05        1
1776 8.882689e-06        1
1777 4.951917e-04        1
1778 4.341358e-05        1
1779 3.105541e-05        1
1780 1.349784e-04        1
1781 4.219022e-05        1
1782 7.081392e-05        1
1783 8.748306e-06        1
1784 4.251646e-05        1
1785 2.295805e-04        1
1786 7.533258e-05        1
1787 1.742465e-05        1
1788 3.468782e-05        1
1789 1.262682e-05        1
1790 3.485017e-04        1
1791 1.607256e-05        1
1792 2.890996e-05        1
1793 1.746319e-06        1
1794 3.452078e-05        1
1795 4.927709e-05        1
1796 2.376930e-06        1
1797 5.638523e-04        1
1798 3.560612e-06        1
1799 3.618521e-05        1
1800 3.275941e-03  0.02346
1801 5.150370e-04        1
1802 2.787850e-04        1
1803 7.531628e-07        1
1804 1.860447e-04        1
1805 5.068064e-04        1
1806 5.591815e-05        1
1807 5.035072e-08        1
1808 3.916416e-05        1
1809 8.766654e-05        1
1810 2.493900e-06        1
1811 1.016584e-04        1
1812 9.068011e-05        1
1813 9.826086e-06        1
1814 1.756739e-06        1
1815 4.898016e-05        1
1816 1.408011e-05        1
1817 2.755445e-05        1
1818 6.543391e-06        1
1819 1.880510e-06        1
1820 3.041470e-04        1
1821 1.080418e-04        1
1822 2.330442e-05        1
1823 6.523834e-05        1
1824 4.956953e-05        1
1825 7.271130e-06        1
1826 3.583538e-05        1
1827 6.073218e-05        1
1828 1.182682e-04        1
1829 1.594311e-05        1
1830 4.004098e-05        1
1831 1.088052e-06        1
1832 2.903487e-05        1
1833 4.068162e-05        1
1834 2.841841e-04        1
1835 9.223753e-05        1
1836 9.210648e-06        1
1837 2.896610e-04        1
1838 3.914991e-06        1
1839 1.723505e-04        1
1840 4.163162e-04        1
1841 4.723532e-06        1
1842 2.201938e-05        1
1843 2.131488e-06        1
1844 4.296075e-06        1
1845 4.502728e-05        1
1846 1.310765e-05        1
1847 1.108299e-04        1
1848 3.461698e-04        1
1849 2.300722e-04        1
1850 5.588447e-07        1
1851 2.294437e-05        1
1852 1.654862e-06        1
1853 1.162322e-04        1
1854 5.348865e-04        1
1855 2.302485e-05        1
1856 4.395603e-04        1
1857 3.359858e-04        1
1858 1.926131e-03        1
1859 1.068824e-04        1
1860 1.800068e-05        1
1861 4.158098e-04        1
1862 7.440891e-04        1
1863 2.702644e-05        1
1864 1.218174e-05        1
1865 1.176417e-05        1
1866 1.220964e-03        1
1867 7.138263e-07        1
1868 1.619729e-04        1
1869 1.397255e-05        1
1870 5.283657e-05        1
1871 4.427153e-05        1
1872 4.813852e-05        1
1873 1.352539e-06        1
1874 4.054817e-04        1
1875 1.043283e-03        1
1876 7.580221e-06        1
1877 1.276422e-03        1
1878 2.047733e-04        1
1879 2.146511e-04        1
1880 3.105956e-04        1
1881 7.605190e-06        1
1882 1.149513e-04        1
1883 6.154299e-04        1
1884 1.960695e-04        1
1885 5.325348e-04        1
1886 1.883534e-06        1
1887 3.335981e-04        1
1888 3.112900e-04        1
1889 6.463127e-04        1
1890 4.619541e-05        1
1891 2.387667e-05        1
1892 5.080172e-06        1
1893 4.883942e-05        1
1894 7.089765e-05        1
1895 1.103746e-05        1
1896 1.228122e-06        1
1897 1.632106e-04        1
1898 5.676716e-04        1
1899 3.661800e-04        1
1900 5.700950e-05        1
1901 6.436044e-07        1
1902 1.135157e-05        1
1903 3.162456e-04        1
1904 1.540961e-04        1
1905 1.688276e-05        1
1906 1.762338e-04        1
1907 4.147688e-07        1
1908 1.305011e-06        1
1909 5.048168e-05        1
1910 3.222680e-06        1
1911 3.603885e-05        1
1912 6.675869e-05        1
1913 1.218522e-03  0.16422
1914 2.649483e-04        1
1915 3.086891e-04        1
1916 8.086914e-04        1
1917 8.607540e-06        1
1918 1.506881e-03        1
1919 1.872341e-03        1
1920 4.598268e-04        1
1921 5.458234e-06        1
1922 1.726797e-05        1
1923 6.541858e-05        1
1924 1.837680e-04        1
1925 1.402537e-06        1
1926 3.184213e-04        1
1927 5.044251e-04        1
1928 2.612406e-04        1
1929 1.340365e-05        1
1930 3.950179e-04        1
1931 3.378020e-04        1
1932 5.295380e-04        1
1933 2.347745e-08        1
1934 5.545663e-05        1
1935 3.643363e-05        1
1936 1.151779e-05        1
1937 3.314946e-04        1
1938 1.268958e-06        1
1939 2.290135e-04        1
1940 8.716464e-04        1
1941 1.360387e-05        1
1942 1.144106e-06        1
1943 6.457520e-04        1
1944 4.595737e-05        1
1945 4.468811e-04        1
1946 4.646587e-04        1
1947 9.928887e-04        1
1948 2.545775e-04        1
1949 3.274379e-05        1
1950 1.424303e-04        1
1951 9.346475e-06        1
1952 3.948320e-05        1
1953 7.493744e-04        1
1954 4.171078e-03        1
1955 1.129442e-04        1
1956 2.131453e-04        1
1957 1.397152e-03        1
1958 1.886943e-06        1
1959 8.971983e-04        1
1960 6.257407e-06        1
1961 5.263676e-04        1
1962 1.872471e-04        1
1963 2.086328e-06        1
1964 8.577459e-04        1
1965 1.859402e-04        1
1966 1.450519e-04        1
1967 3.516409e-05        1
1968 2.874460e-05        1
1969 1.485670e-04        1
1970 5.263171e-05        1
1971 2.687937e-04        1
1972 8.042371e-05        1
1973 1.066964e-03        1
1974 8.655223e-03        1
1975 3.695632e-05        1
1976 2.471298e-04        1
1977 2.407173e-03        1
1978 4.894688e-03        1
1979 4.979329e-06        1
1980 5.448981e-04        1
1981 2.753598e-04        1
1982 1.958097e-04        1
1983 5.481347e-05        1
1984 1.709375e-06        1
1985 1.256254e-04        1
1986 7.486684e-06        1
1987 8.384297e-06        1
1988 8.110156e-04        1
1989 1.188388e-04        1
1990 1.420427e-04        1
1991 3.780431e-05        1
1992 4.578297e-05        1
1993 2.010760e-05        1
1994 3.281719e-03        1
1995 1.964805e-04        1
1996 2.358290e-06        1
1997 1.419882e-03        1
1998 1.514801e-04        1
1999 4.190566e-05        1
2000 2.740362e-05        1
2001 2.015040e-06        1
2002 2.333064e-04        1
2003 9.263542e-05        1
2004 1.359791e-04        1
2005 6.939924e-05        1
2006 4.577806e-09        1
2007 1.918282e-05        1
2008 1.988307e-06        1
2009 1.048180e-05        1
2010 7.205149e-06        1
2011 5.854896e-05        1
2012 1.301518e-08        1
2013 2.453492e-06        1
2014 4.936751e-03        1
2015 1.277653e-05        1
2016 1.653550e-04        1
2017 4.373270e-04        1
2018 1.882457e-06        1
2019 3.818906e-04        1
2020 4.817550e-05        1
2021 4.066360e-06        1
2022 1.076124e-07        1
2023 1.104624e-03        1
2024 2.769783e-04        1
2025 4.707348e-07        1
2026 9.197624e-06        1
2027 6.966672e-04        1
2028 9.154975e-05        1
2029 2.835661e-05        1
2030 1.898227e-04        1
2031 2.327259e-03        1
2032 2.040174e-06        1
2033 5.362601e-05        1
2034 4.330252e-05        1
2035 1.044815e-05        1
2036 1.304165e-05        1
2037 1.602693e-04        1
2038 7.902316e-05        1
2039 5.645959e-04        1
2040 1.201391e-06        1
2041 3.344127e-05        1
2042 8.962348e-07        1
2043 4.861580e-04        1
2044 1.114449e-04        1
2045 1.176459e-03        1
2046 5.818236e-05        1
2047 5.684854e-05        1
2048 1.727672e-04        1
2049 4.451035e-05        1
2050 3.096914e-05        1
2051 1.048760e-05        1
2052 1.965027e-04        1
2053 8.464833e-05        1
2054 3.445220e-05        1
2055 8.926779e-05        1
2056 1.131009e-04        1
2057 5.219941e-04        1
2058 3.949541e-05        1
2059 2.260741e-04        1
2060 5.529636e-04        1
2061 1.572311e-03        1
2062 4.569570e-05        1
2063 2.694010e-04        1
2064 3.726635e-06        1
2065 3.270935e-05        1
2066 5.672244e-05        1
2067 5.608988e-04        1
2068 5.107426e-05        1
2069 2.791882e-04        1
2070 2.732130e-04        1
2071 1.704282e-04        1
2072 7.741379e-05        1
2073 3.893566e-05        1
2074 2.551345e-05        1
2075 1.067035e-07        1
2076 8.781753e-06        1
2077 4.302831e-04        1
2078 2.215872e-04        1
2079 8.740476e-06        1
2080 8.232621e-05        1
2081 8.217966e-05        1
2082 4.327251e-04        1
2083 1.413314e-04        1
2084 1.871694e-04        1
2085 7.487049e-04        1
2086 2.045377e-04        1
2087 8.922678e-05        1
2088 2.439038e-03        1
2089 2.446655e-04        1
2090 6.879077e-06        1
2091 8.204893e-05        1
2092 1.869297e-05        1
2093 3.102649e-05        1
2094 3.276580e-04        1
2095 1.125468e-04        1
2096 6.797746e-04        1
2097 1.587165e-04        1
2098 1.467020e-04        1
2099 9.577088e-06        1
2100 2.009656e-05        1
2101 1.270979e-04        1
2102 1.682435e-04        1
2103 6.352460e-04        1
2104 5.273860e-04        1
2105 2.280481e-05        1
2106 3.009618e-03        1
2107 5.403489e-05        1
2108 1.699703e-05        1
2109 7.777657e-06        1
2110 4.003171e-05        1
2111 3.596740e-06        1
2112 1.868298e-04        1
2113 3.493385e-04        1
2114 9.992927e-05        1
2115 3.305036e-05        1
2116 2.738821e-07        1
2117 3.578677e-05        1
2118 5.421397e-05        1
2119 1.106782e-08        1
2120 1.174586e-05        1
2121 4.130104e-04        1
2122 5.366364e-04        1
2123 1.511449e-07        1
2124 6.032467e-04        1
2125 2.070888e-05        1
2126 3.093980e-05        1
2127 5.869567e-06        1
2128 2.628235e-04        1
2129 3.317808e-04        1
2130 2.640766e-05        1
2131 6.023680e-05        1
2132 1.080805e-04        1
2133 1.056876e-06        1
2134 8.470558e-05        1
2135 3.151246e-05        1
2136 3.041329e-05        1
2137 2.548728e-04        1
2138 1.164347e-07        1
2139 6.329798e-06        1
2140 1.255003e-03        1
2141 2.695875e-07        1
2142 7.464639e-04        1
2143 4.281087e-05        1
2144 1.982834e-03        1
2145 4.506659e-04        1
2146 1.014272e-03        1
2147 1.669707e-04        1
2148 6.886094e-04        1
2149 2.210490e-07        1
2150 7.135785e-05        1
2151 5.750914e-05        1
2152 1.500964e-04        1
2153 7.265629e-05        1
2154 1.804268e-06        1
2155 6.673342e-04        1
2156 2.045308e-05        1
2157 1.888699e-04        1
2158 9.837045e-05        1
2159 9.691554e-06        1
2160 3.409759e-04        1
2161 2.799776e-03        1
2162 1.406858e-04        1
2163 6.975490e-04        1
2164 6.248495e-04        1
2165 1.094447e-03        1
2166 6.129866e-04        1
2167 1.371713e-03        1
2168 1.319278e-04        1
2169 5.179903e-05        1
2170 1.254364e-05        1
2171 4.980552e-05        1
2172 2.409155e-04        1
2173 3.428894e-05        1
2174 1.049778e-04        1
2175 5.411320e-06        1
2176 5.676723e-05        1
2177 8.710267e-05        1
2178 2.982392e-04        1
2179 1.842944e-04        1
2180 2.817173e-06        1
2181 4.481270e-06        1
2182 6.360131e-04        1
2183 5.954071e-04        1
2184 1.573684e-05        1
2185 7.753423e-05        1
2186 4.905053e-05        1
2187 1.917792e-06        1
2188 9.603178e-05        1
2189 5.465437e-06        1
2190 6.140893e-06        1
2191 4.101967e-07        1
2192 2.191393e-07        1
2193 5.195661e-06        1
2194 3.881590e-05        1
2195 2.214272e-05        1
2196 5.679859e-05        1
2197 1.881285e-04        1
2198 2.738550e-09        1
2199 1.873641e-04        1
2200 1.197554e-04        1
2201 2.451849e-05        1
2202 2.521741e-05        1
2203 4.364016e-04        1
2204 9.476931e-06        1
2205 5.081829e-05        1
2206 4.007166e-05        1
2207 3.135448e-04        1
2208 2.461456e-04        1
2209 7.432117e-05        1
2210 4.651967e-05        1
2211 3.134198e-04        1
2212 2.710933e-06        1
2213 3.169482e-05        1
2214 3.644542e-06        1
2215 1.882651e-04        1
2216 1.592602e-04        1
2217 2.206623e-04        1
2218 8.762806e-05        1
2219 3.755973e-07        1
2220 2.159487e-05        1
2221 3.618224e-07        1
2222 5.847296e-04        1
2223 3.780380e-04        1
2224 1.566092e-04        1
2225 2.107636e-05        1
2226 3.764494e-04        1
2227 1.215170e-06        1
2228 5.439863e-05        1
2229 2.422261e-04        1
2230 1.674351e-04        1
2231 2.906948e-04        1
2232 3.826388e-04        1
2233 4.797714e-06        1
2234 3.160642e-04        1
2235 1.459576e-04        1
2236 3.567366e-05        1
2237 5.562690e-05        1
2238 3.949702e-04        1
2239 2.128655e-05        1
2240 6.056938e-07        1
2241 3.908311e-05        1
2242 2.821903e-04        1
2243 4.578326e-04        1
2244 3.795194e-04        1
2245 3.700436e-04        1
2246 6.483354e-05        1
2247 9.729271e-06        1
2248 4.656566e-04        1
2249 2.284684e-04        1
2250 4.364307e-05        1
2251 8.007502e-04        1
2252 1.173382e-04        1
2253 1.900960e-07        1
2254 1.300562e-06        1
2255 2.113762e-04        1
2256 2.365494e-04        1
2257 1.404245e-04        1
2258 1.267200e-04        1
2259 8.271565e-04        1
2260 4.312940e-05        1
2261 3.837002e-05        1
2262 3.521327e-05        1
2263 1.057076e-04        1
2264 2.769961e-04        1
2265 1.039063e-04        1
2266 7.653335e-05        1
2267 4.586674e-05        1
2268 2.803094e-05        1
2269 8.922027e-04        1
2270 3.665487e-04        1
2271 9.932799e-05        1
2272 3.316221e-04        1
2273 4.432561e-09        1
2274 8.964850e-05        1
2275 7.342828e-05        1
2276 4.894493e-05        1
2277 4.579529e-05        1
2278 5.151568e-04        1
2279 1.870927e-04        1
2280 6.880137e-06        1
2281 3.419542e-05        1
2282 1.003128e-04        1
2283 6.514739e-07        1
2284 3.561319e-04        1
2285 1.946974e-04        1
2286 1.358355e-04        1
2287 8.261575e-07        1
2288 1.853737e-04        1
2289 2.634003e-04        1
2290 1.985137e-04        1
2291 5.772030e-05        1
2292 4.703545e-06        1
2293 1.155660e-07        1
2294 2.852452e-05        1
2295 1.106518e-04        1
2296 1.201435e-08        1
2297 1.043508e-04        1
2298 2.066138e-06        1
2299 1.395766e-04        1
2300 2.156899e-04        1
2301 9.403081e-06        1
2302 7.355485e-04        1
2303 4.391290e-06        1
2304 2.321825e-04        1
2305 9.450776e-04        1
2306 2.474517e-04        1
2307 4.719545e-06        1
2308 1.421444e-04        1
2309 4.256963e-05        1
2310 1.398791e-06        1
2311 2.217668e-04        1
2312 6.912016e-05        1
2313 1.060881e-05        1
2314 2.039040e-06        1
2315 2.747514e-06        1
2316 6.056876e-05        1
2317 6.923812e-05        1
2318 6.904255e-05        1
2319 7.943650e-05        1
2320 4.739463e-05        1
2321 2.915073e-05        1
2322 2.291222e-05        1
2323 7.035208e-07        1
2324 8.568761e-05        1
2325 1.261378e-05        1
2326 2.130752e-03        1
2327 4.165862e-08        1
2328 3.714245e-05        1
2329 8.170489e-05        1
2330 1.919945e-04        1
2331 2.292678e-04        1
2332 2.049664e-04        1
2333 1.370824e-04        1
2334 1.113061e-05        1
2335 1.895922e-04        1
2336 5.351761e-07        1
2337 4.148013e-06        1
2338 1.647711e-04        1
2339 6.810489e-07        1
2340 2.875844e-05        1
2341 1.074754e-04        1
2342 1.223457e-04        1
2343 1.949856e-05        1
2344 9.316281e-05        1
2345 1.626106e-04        1
2346 2.144790e-05        1

$`MR-PRESSO results`$`Distortion Test`
$`MR-PRESSO results`$`Distortion Test`$`Outliers Indices`
[1] 1329 1800

$`MR-PRESSO results`$`Distortion Test`$`Distortion Coefficient`
beta.exposure 
    -24.91915 

$`MR-PRESSO results`$`Distortion Test`$Pvalue
[1] 0.82543



