$`Main MR results`
       Exposure       MR Analysis Causal Estimate         Sd    T-stat
1 beta.exposure               Raw     -0.14566220 0.04776995 -3.049244
2 beta.exposure Outlier-corrected     -0.07638596 0.03063620 -2.493324
      P-value
1 0.002330697
2 0.012753200

$`MR-PRESSO results`
$`MR-PRESSO results`$`Global Test`
$`MR-PRESSO results`$`Global Test`$RSSobs
[1] 4759.496

$`MR-PRESSO results`$`Global Test`$Pvalue
[1] "<1.33333333333333e-05"


$`MR-PRESSO results`$`Outlier Test`
           RSSobs Pvalue
1    1.701862e-04      1
2    7.371609e-04      1
3    1.308376e-03      1
4    1.813776e-03      1
5    1.029758e-03      1
6    5.325747e-04      1
7    6.302119e-06      1
8    1.157406e-03      1
9    2.971236e-05      1
10   3.131840e-03  0.418
11   1.242273e-04      1
12   4.254889e-04      1
13   8.252948e-05      1
14   1.892552e-04      1
15   1.179624e-07      1
16   3.910066e-04      1
17   1.330685e-06      1
18   4.090369e-04      1
19   9.476700e-04      1
20   2.804737e-04      1
21   1.088837e-03      1
22   3.742846e-04      1
23   2.106683e-04      1
24   1.856261e-04      1
25   9.287180e-04      1
26   1.201203e-04      1
27   2.690710e-05      1
28   3.250329e-04      1
29   1.145735e-04      1
30   9.390426e-04      1
31   1.343861e-04      1
32   1.697216e-04      1
33   5.066857e-04      1
34   9.985159e-06      1
35   6.648071e-04      1
36   4.921115e-05      1
37   6.698138e-06      1
38   8.177896e-05      1
39   1.419562e-04      1
40   1.281713e-05      1
41   1.347624e-05      1
42   8.705039e-05      1
43   9.679581e-04      1
44   2.654640e-03      1
45   1.083114e-05      1
46   5.950152e-04      1
47   1.528143e-04      1
48   3.555606e-05      1
49   7.542503e-04      1
50   2.419195e-04      1
51   3.919850e-05      1
52   9.752428e-05      1
53   6.080259e-04      1
54   6.306383e-07      1
55   4.400678e-04      1
56   1.319887e-04      1
57   7.159508e-04      1
58   3.622014e-04      1
59   1.263734e-04      1
60   1.176663e-04      1
61   1.040145e-05      1
62   5.733332e-04      1
63   1.116203e-03      1
64   6.292158e-04      1
65   5.672664e-04      1
66   3.753414e-08      1
67   2.007963e-05      1
68   4.863494e-03      1
69   5.077548e-04      1
70   1.304990e-05      1
71   2.282633e-06      1
72   1.350618e-03      1
73   4.070291e-05      1
74   2.785275e-05      1
75   9.257374e-06      1
76   2.917776e-05      1
77   6.306406e-06      1
78   2.999471e-04      1
79   1.853949e-04      1
80   3.684360e-04      1
81   7.949815e-05      1
82   2.297444e-03      1
83   1.065298e-04      1
84   3.655260e-05      1
85   1.217260e-04      1
86   4.394214e-07      1
87   2.817908e-04      1
88   6.857672e-06      1
89   1.064189e-05      1
90   7.733944e-04      1
91   2.201513e-05      1
92   3.435806e-04      1
93   7.365091e-05      1
94   1.520896e-04      1
95   3.428883e-04      1
96   1.434490e-04      1
97   1.260472e-05      1
98   2.524877e-04      1
99   3.657212e-05      1
100  1.486612e-03      1
101  5.313225e-04      1
102  4.013737e-04      1
103  2.479662e-05      1
104  5.358217e-05      1
105  1.057836e-04      1
106  8.120918e-05      1
107  1.544171e-09      1
108  1.093719e-02  0.022
109  5.529494e-03 <0.022
110  6.229984e-07      1
111  4.343764e-04      1
112  1.478559e-05      1
113  9.924540e-07      1
114  7.466384e-08      1
115  2.061045e-03      1
116  7.847818e-06      1
117  9.338596e-04      1
118  8.745610e-04      1
119  1.230912e-03      1
120  1.438514e-04      1
121  3.402886e-04      1
122  8.648893e-04      1
123  3.844670e-05      1
124  3.733497e-04      1
125  1.415387e-03      1
126  5.339117e-05      1
127  3.620352e-04      1
128  1.173407e-07      1
129  1.568899e-04      1
130  8.422790e-07      1
131  3.116700e-06      1
132  2.196058e-04      1
133  4.663005e-04      1
134  1.176999e-06      1
135  1.689056e-04      1
136  5.804204e-04      1
137  7.701904e-04      1
138  5.245788e-04      1
139  1.043837e-03      1
140  1.411995e-04      1
141  3.806345e-04      1
142  1.883472e-04      1
143  5.367523e-05      1
144  4.117828e-07      1
145  2.762558e-04      1
146  2.617479e-03      1
147  2.618041e-04      1
148  7.923613e-07      1
149  2.159582e-04      1
150  6.343014e-04      1
151  5.068087e-06      1
152  5.509581e-05      1
153  3.005583e-07      1
154  2.912848e-07      1
155  8.491532e-04      1
156  3.366395e-05      1
157  4.323302e-06      1
158  1.005265e-06      1
159  9.580146e-05      1
160  2.177630e-04      1
161  5.319937e-04      1
162  1.114213e-04      1
163  4.612901e-04      1
164  2.810938e-05      1
165  1.684978e-05      1
166  4.376535e-04      1
167  1.454583e-05      1
168  1.916374e-04      1
169  2.324326e-04      1
170  5.889303e-05      1
171  4.448246e-04      1
172  1.213962e-03      1
173  2.464834e-04      1
174  3.912719e-08      1
175  1.732049e-04      1
176  5.838906e-05      1
177  1.019184e-04      1
178  1.978779e-04      1
179  1.603770e-04      1
180  2.607129e-04      1
181  1.039508e-03      1
182  1.769388e-04      1
183  6.312141e-04      1
184  1.373439e-04      1
185  4.924614e-05      1
186  3.675907e-08      1
187  3.806351e-04      1
188  2.181726e-04      1
189  2.943751e-04      1
190  7.256666e-04      1
191  5.362590e-04      1
192  4.094730e-05      1
193  2.292542e-04      1
194  1.725008e-06      1
195  1.277286e-04      1
196  1.235935e-04      1
197  7.802496e-05      1
198  2.302877e-05      1
199  7.285219e-04      1
200  6.446258e-05      1
201  3.865237e-04      1
202  2.148636e-05      1
203  1.837614e-04      1
204  2.801833e-06      1
205  3.012559e-04      1
206  9.458849e-04      1
207  5.271812e-04      1
208  1.578235e-04      1
209  1.705834e-04      1
210  5.054243e-05      1
211  7.316698e-03      1
212  2.548334e-07      1
213  1.790479e-06      1
214  2.784094e-05      1
215  1.239568e-05      1
216  2.756807e-04      1
217  1.005599e-03      1
218  1.514856e-03      1
219  2.090887e-03      1
220  6.891825e-04      1
221  2.917473e-03      1
222  9.678345e-05      1
223  3.109222e-04      1
224  1.294048e-04      1
225  6.888850e-04      1
226  1.390273e-04      1
227  4.940408e-04      1
228  2.277415e-04      1
229  8.645941e-04      1
230  1.517917e-03      1
231  9.721727e-06      1
232  3.576186e-04      1
233  2.738391e-04      1
234  1.617637e-03      1
235  4.233390e-04      1
236  9.029477e-05      1
237  6.166771e-04      1
238  9.298415e-04      1
239  2.896478e-04      1
240  1.160054e-05      1
241  9.011458e-04      1
242  7.768930e-05      1
243  7.767578e-05      1
244  5.324555e-05      1
245  1.422414e-03      1
246  4.170690e-06      1
247  2.503605e-05      1
248  3.732492e-04      1
249  4.061449e-04      1
250  7.060400e-05      1
251  4.418586e-04      1
252  5.778176e-06      1
253  1.281223e-04      1
254  4.014806e-04      1
255  2.234162e-07      1
256  2.569592e-05      1
257  2.462187e-06      1
258  4.233495e-04      1
259  5.902515e-04      1
260  4.826176e-04      1
261  3.649492e-05      1
262  8.733348e-05      1
263  8.603738e-05      1
264  6.239352e-05      1
265  5.300048e-04      1
266  5.513933e-05      1
267  4.188056e-05      1
268  9.120671e-05      1
269  1.464398e-03      1
270  8.441379e-06      1
271  2.846651e-04      1
272  3.086547e-04      1
273  8.226707e-04      1
274  2.711063e-04      1
275  7.091342e-05      1
276  1.074684e-03      1
277  6.051550e-05      1
278  6.525583e-05      1
279  2.270922e-03      1
280  6.778223e-06      1
281  1.100670e-04      1
282  9.273646e-08      1
283  5.286262e-04      1
284  2.335227e-04      1
285  7.189616e-04      1
286  5.089279e-04      1
287  1.306025e-03      1
288  2.248473e-03      1
289  2.961663e-05      1
290  6.896266e-04      1
291  8.790501e-05      1
292  1.130220e-04      1
293  2.095031e-03      1
294  2.036606e-03      1
295  6.001331e-06      1
296  1.473849e-03      1
297  1.437135e-04      1
298  5.784694e-05      1
299  1.325444e-04      1
300  7.829392e-04      1
301  2.831869e-04      1
302  7.336792e-04      1
303  6.681258e-05      1
304  1.260649e-05      1
305  4.845526e-04      1
306  5.182393e-06      1
307  1.577291e-05      1
308  3.078881e-05      1
309  1.185137e-04      1
310  8.847733e-05      1
311  1.181129e-05      1
312  3.550070e-05      1
313  2.612089e-04      1
314  4.547596e-08      1
315  1.603352e-05      1
316  4.239865e-05      1
317  3.014815e-03      1
318  7.877924e-05      1
319  5.699967e-04      1
320  2.214439e-04      1
321  9.133607e-05      1
322  1.193687e-03      1
323  2.764985e-05      1
324  1.063836e-04      1
325  1.357360e-05      1
326  6.535294e-05      1
327  5.532965e-04      1
328  1.683501e-05      1
329  5.734266e-05      1
330  2.184178e-04      1
331  1.005283e-02 <0.022
332  1.508165e-05      1
333  1.059193e-05      1
334  1.119377e-03      1
335  1.090616e-03      1
336  3.940150e-05      1
337  2.921547e-06      1
338  5.209808e-05      1
339  1.765103e-05      1
340  2.192430e-04      1
341  4.630996e-03      1
342  2.532604e-05      1
343  9.545327e-04      1
344  2.171472e-04      1
345  4.671792e-04      1
346  4.809522e-04      1
347  2.839649e-04      1
348  4.357947e-04      1
349  3.676267e-04      1
350  6.802085e-04      1
351  1.271959e-05      1
352  2.703197e-04      1
353  8.981928e-04      1
354  3.026519e-09      1
355  8.720633e-05      1
356  3.481062e-04      1
357  1.287031e-04      1
358  3.751407e-04      1
359  5.952937e-04      1
360  5.840320e-05      1
361  1.736075e-04      1
362  2.286971e-06      1
363  2.752598e-04      1
364  6.270976e-04      1
365  1.284926e-03      1
366  4.718868e-05      1
367  3.300656e-04      1
368  3.058297e-06      1
369  4.395457e-05      1
370  2.329001e-04      1
371  4.249122e-04      1
372  1.663650e-03      1
373  2.852137e-04      1
374  4.579028e-05      1
375  5.158391e-04      1
376  1.150177e-04      1
377  3.479871e-05      1
378  3.810866e-05      1
379  1.722591e-05      1
380  6.047303e-04      1
381  1.248641e-05      1
382  1.005087e-05      1
383  7.426925e-05      1
384  9.207147e-09      1
385  1.323062e-05      1
386  3.706613e-04      1
387  1.512613e-06      1
388  3.572820e-07      1
389  6.680025e-04      1
390  1.412144e-03      1
391  2.528814e-04      1
392  2.982538e-04      1
393  1.008565e-04      1
394  2.401567e-05      1
395  1.171723e-04      1
396  1.380156e-04      1
397  4.474772e-04      1
398  2.784904e-04      1
399  2.568780e-04      1
400  6.265450e-05      1
401  2.382075e-04      1
402  4.752937e-04      1
403  9.637600e-04      1
404  2.637240e-06      1
405  1.409716e-04      1
406  1.320164e-03      1
407  4.416397e-05      1
408  2.850987e-04      1
409  1.061813e-04      1
410  1.405532e-05      1
411  2.351843e-03      1
412  3.902267e-03      1
413  3.318729e-04      1
414  5.463620e-05      1
415  2.039894e-05      1
416  3.599994e-04      1
417  2.879268e-04      1
418  5.472116e-07      1
419  2.202837e-04      1
420  1.740158e-04      1
421  1.480417e-04      1
422  2.421185e-04      1
423  3.271505e-03      1
424  1.389426e-04      1
425  6.292315e-04      1
426  1.160998e-04      1
427  8.853246e-05      1
428  1.077037e-04      1
429  4.182100e-04      1
430  4.036996e-04      1
431  4.591658e-06      1
432  9.615185e-04      1
433  1.635481e-07      1
434  7.349403e-04      1
435  1.973948e-06      1
436  2.230578e-05      1
437  7.730090e-06      1
438  1.656659e-04      1
439  7.799971e-05      1
440  1.042196e-03      1
441  1.984550e-06      1
442  4.395929e-07      1
443  7.749459e-06      1
444  1.157369e-03      1
445  2.915294e-04      1
446  1.755637e-04      1
447  3.070022e-04      1
448  1.768077e-04      1
449  9.938970e-05      1
450  8.138060e-05      1
451  4.068631e-04      1
452  5.729151e-04      1
453  1.854633e-03      1
454  9.005080e-06      1
455  3.521199e-05      1
456  7.033440e-04      1
457  5.912100e-04      1
458  3.524139e-04      1
459  5.124553e-04      1
460  6.993725e-06      1
461  4.088912e-05      1
462  1.892366e-04      1
463  8.373784e-06      1
464  4.182591e-08      1
465  1.701815e-05      1
466  1.293025e-04      1
467  1.582041e-05      1
468  6.484126e-05      1
469  1.975640e-04      1
470  6.080028e-05      1
471  1.205858e-04      1
472  3.082340e-05      1
473  2.902797e-06      1
474  2.372587e-04      1
475  7.125317e-04      1
476  3.371822e-05      1
477  2.296704e-06      1
478  3.273275e-04      1
479  1.175372e-04      1
480  7.110355e-06      1
481  2.135399e-04      1
482  8.243253e-04      1
483  6.783786e-04      1
484  2.771486e-04      1
485  7.202957e-04      1
486  2.306126e-05      1
487  2.146813e-06      1
488  7.571531e-05      1
489  6.791394e-04      1
490  5.959122e-04      1
491  3.568252e-05      1
492  2.560103e-04      1
493  2.891274e-07      1
494  2.753017e-05      1
495  3.746923e-04      1
496  9.867105e-05      1
497  1.029391e-06      1
498  9.141714e-04      1
499  9.562192e-04      1
500  1.017072e-04      1
501  2.098835e-06      1
502  2.064303e-04      1
503  7.009246e-04      1
504  5.209688e-04      1
505  2.237229e-04      1
506  8.102652e-04      1
507  1.405124e-05      1
508  3.916386e-05      1
509  4.139739e-07      1
510  7.648305e-04      1
511  3.144310e-06      1
512  1.217472e-04      1
513  1.213538e-03      1
514  8.398320e-05      1
515  1.533834e-05      1
516  2.109586e-04      1
517  6.451280e-05      1
518  4.003031e-05      1
519  2.837402e-03      1
520  3.644974e-04      1
521  5.865801e-04      1
522  1.307534e-04      1
523  2.648133e-04      1
524  5.146443e-05      1
525  5.284920e-04      1
526  4.030633e-05      1
527  1.187175e-03      1
528  4.680432e-05      1
529  6.714475e-05      1
530  4.833862e-06      1
531  7.051988e-04      1
532  7.088701e-05      1
533  1.196937e-03      1
534  2.472202e-04      1
535  1.514241e-04      1
536  2.192177e-04      1
537  3.485670e-04      1
538  1.792266e-04      1
539  4.143744e-08      1
540  3.420978e-04      1
541  3.010391e-03      1
542  2.920007e-04      1
543  4.994729e-05      1
544  3.852141e-05      1
545  2.056500e-04      1
546  8.069948e-05      1
547  2.023391e-03      1
548  1.612523e-05      1
549  4.785521e-05      1
550  3.859173e-05      1
551  1.638714e-04      1
552  5.703253e-05      1
553  2.770602e-04      1
554  1.755291e-05      1
555  4.370495e-05      1
556  1.221557e-04      1
557  6.636531e-05      1
558  1.121888e-04      1
559  1.875126e-04      1
560  2.878615e-04      1
561  1.352282e-05      1
562  2.364475e-05      1
563  9.330974e-07      1
564  5.333348e-05      1
565  2.635784e-03      1
566  4.087837e-04      1
567  3.341132e-05      1
568  1.042778e-05      1
569  3.033096e-04      1
570  9.970065e-05      1
571  2.738447e-04      1
572  1.775738e-04      1
573  2.288231e-06      1
574  5.622990e-03      1
575  4.719407e-05      1
576  2.826323e-04      1
577  2.934732e-04      1
578  2.707189e-06      1
579  8.307587e-04      1
580  2.326724e-03      1
581  8.577555e-06      1
582  4.232262e-04      1
583  1.354862e-03      1
584  2.067924e-04      1
585  8.004116e-04      1
586  2.910953e-04      1
587  3.453564e-04      1
588  2.096676e-05      1
589  1.934076e-04      1
590  1.164439e-03      1
591  1.238235e-06      1
592  7.132869e-04      1
593  5.660574e-03      1
594  1.639163e-03      1
595  1.972939e-04      1
596  3.032440e-03      1
597  1.004632e-04      1
598  2.160552e-03      1
599  5.049554e-05      1
600  1.379144e-05      1
601  4.446266e-05      1
602  5.910294e-05      1
603  1.815774e-04      1
604  9.274808e-06      1
605  2.383812e-06      1
606  9.020908e-06      1
607  8.292799e-05      1
608  1.493379e-04      1
609  7.465338e-04      1
610  2.569467e-04      1
611  3.269716e-04      1
612  4.327298e-06      1
613  7.385011e-05      1
614  1.318613e-03      1
615  5.759184e-05      1
616  1.753194e-05      1
617  1.338229e-03      1
618  1.488968e-03      1
619  6.741678e-04      1
620  5.289931e-05      1
621  3.701570e-05      1
622  8.703345e-03      1
623  8.144205e-04      1
624  3.099344e-05      1
625  7.405391e-06      1
626  2.968894e-04      1
627  3.444224e-04      1
628  1.290675e-04      1
629  1.764104e-04      1
630  5.198754e-04      1
631  6.199300e-05      1
632  1.046554e-04      1
633  1.477158e-04      1
634  5.897610e-03      1
635  4.103202e-08      1
636  2.933287e-04      1
637  6.737438e-06      1
638  3.698095e-04      1
639  5.188497e-05      1
640  6.856848e-06      1
641  2.152941e-05      1
642  9.582306e-05      1
643  4.247132e-05      1
644  9.133296e-06      1
645  2.261934e-05      1
646  5.545724e-06      1
647  8.296621e-04      1
648  2.197157e-03      1
649  7.420789e-04      1
650  1.626817e-04      1
651  2.105597e-05      1
652  4.270587e-05      1
653  1.000231e-04      1
654  5.207845e-05      1
655  3.705276e-04      1
656  5.570857e-04      1
657  4.115936e-05      1
658  3.633962e-04      1
659  2.905653e-04      1
660  1.242778e-04      1
661  1.128193e-03      1
662  2.692292e-04      1
663  3.465394e-04      1
664  9.440982e-04      1
665  2.554171e-04      1
666  6.013867e-05      1
667  5.740379e-04      1
668  1.144500e-03      1
669  4.414087e-05      1
670  1.317073e-03      1
671  2.633347e-05      1
672  3.523340e-05      1
673  2.713023e-05      1
674  1.704508e-04      1
675  1.083888e-03      1
676  9.380770e-06      1
677  8.710143e-06      1
678  6.467541e-04      1
679  6.655933e-04      1
680  9.663803e-04      1
681  3.279165e-05      1
682  8.506330e-04      1
683  1.492931e-04      1
684  1.079255e-03      1
685  2.465945e-08      1
686  9.880560e-05      1
687  4.379193e-04      1
688  3.728757e-04      1
689  1.036167e-04      1
690  2.464313e-03      1
691  1.182762e-04      1
692  2.911530e-04      1
693  1.119660e-04      1
694  4.253957e-04      1
695  1.160728e-03      1
696  9.114349e-04      1
697  2.006607e-03      1
698  2.746019e-04      1
699  1.402316e-05      1
700  4.630908e-04      1
701  6.018105e-05      1
702  1.552189e-03      1
703  9.943591e-09      1
704  2.855245e-04      1
705  4.032299e-04      1
706  1.823287e-04      1
707  3.130914e-04      1
708  5.124080e-06      1
709  1.148684e-04      1
710  1.563570e-03      1
711  1.588168e-04      1
712  8.562614e-06      1
713  8.501950e-04      1
714  2.525155e-04      1
715  2.121429e-05      1
716  1.580886e-04      1
717  4.886306e-04      1
718  5.504480e-06      1
719  2.451853e-04      1
720  4.401508e-05      1
721  8.018097e-04      1
722  1.084696e-05      1
723  6.847051e-06      1
724  7.384687e-05      1
725  1.233216e-04      1
726  4.028973e-06      1
727  1.368969e-04      1
728  8.102252e-04      1
729  1.964036e-04      1
730  1.964741e-05      1
731  7.023712e-04      1
732  1.604079e-04      1
733  1.533818e-05      1
734  2.000776e-04      1
735  2.078205e-03      1
736  3.199592e-05      1
737  1.341449e-04      1
738  1.878532e-04      1
739  2.384465e-03      1
740  4.071488e-07      1
741  2.839833e-05      1
742  1.661654e-04      1
743  7.279558e-04      1
744  1.294772e-03      1
745  5.974725e-06      1
746  2.231121e-04      1
747  6.498799e-06      1
748  1.869287e-05      1
749  1.385033e-05      1
750  2.704377e-03      1
751  4.832394e-03 <0.022
752  9.048628e-01 <0.022
753  1.818854e-06      1
754  9.750904e-04      1
755  1.277524e-03      1
756  7.300193e-07      1
757  4.008758e-04      1
758  1.848734e-04      1
759  1.129635e-03      1
760  1.548330e-03      1
761  5.279406e-05      1
762  8.841878e-06      1
763  2.015107e-04      1
764  7.256298e-04      1
765  7.157929e-04      1
766  2.246678e-06      1
767  8.160211e-04      1
768  4.917989e-05      1
769  3.150237e-05      1
770  4.273415e-04      1
771  5.767742e-04      1
772  9.584638e-04      1
773  2.995190e-05      1
774  1.830680e-03      1
775  1.664131e-04      1
776  1.631706e-05      1
777  1.447732e-06      1
778  8.909641e-05      1
779  3.444116e-04      1
780  3.737880e-04      1
781  1.970323e-05      1
782  3.415241e-05      1
783  1.865314e-05      1
784  4.259736e-04      1
785  1.763860e-04      1
786  1.874612e-06      1
787  2.915033e-04      1
788  4.379137e-06      1
789  6.104234e-05      1
790  1.066935e-03      1
791  2.009978e-04      1
792  1.355672e-04      1
793  6.199876e-04      1
794  3.554936e-05      1
795  1.816699e-03      1
796  5.963966e-04      1
797  1.064647e-06      1
798  3.810563e-05      1
799  4.209160e-04      1
800  2.271488e-04      1
801  1.683514e-04      1
802  2.129317e-04      1
803  1.436188e-06      1
804  3.895815e-05      1
805  1.737314e-04      1
806  3.799583e-07      1
807  3.090656e-04      1
808  1.204969e-04      1
809  4.706121e-04      1
810  8.423986e-04      1
811  3.568369e-05      1
812  4.526517e-04      1
813  3.909326e-05      1
814  2.780736e-06      1
815  1.321229e-03      1
816  3.029132e-04      1
817  1.498523e-04      1
818  1.306394e-06      1
819  3.550418e-05      1
820  2.182714e-04      1
821  1.342160e-03      1
822  1.251249e-03      1
823  1.315755e-04      1
824  4.237352e-04      1
825  6.707012e-06      1
826  5.072782e-04      1
827  1.133242e-04      1
828  9.693889e-05      1
829  4.139004e-04      1
830  1.478831e-03      1
831  2.722761e-05      1
832  5.252683e-05      1
833  7.617693e-04      1
834  4.083500e-04      1
835  7.399301e-06      1
836  4.485647e-04      1
837  5.932766e-05      1
838  3.562892e-04      1
839  7.116202e-08      1
840  9.975588e-05      1
841  1.059279e-06      1
842  3.990346e-04      1
843  6.303669e-05      1
844  3.885695e-06      1
845  7.284844e-04      1
846  8.853627e-04      1
847  7.193936e-05      1
848  1.847018e-04      1
849  2.050876e-05      1
850  6.973183e-05      1
851  1.309240e-04      1
852  3.907941e-05      1
853  9.734098e-05      1
854  6.529630e-04      1
855  4.245898e-04      1
856  1.811297e-04      1
857  1.805759e-03      1
858  2.568106e-05      1
859  2.622345e-04      1
860  1.714884e-04      1
861  2.950961e-04      1
862  7.161558e-06      1
863  2.798808e-04      1
864  8.555222e-07      1
865  6.649576e-04      1
866  3.717870e-06      1
867  4.912761e-04      1
868  2.666687e-04      1
869  9.993038e-05      1
870  5.073027e-05      1
871  9.071252e-05      1
872  2.339902e-04      1
873  4.099006e-05      1
874  4.738842e-04      1
875  7.932771e-06      1
876  4.230359e-06      1
877  6.280342e-05      1
878  4.282181e-04      1
879  1.040887e-03      1
880  3.447504e-06      1
881  1.025476e-04      1
882  1.191986e-03      1
883  6.379109e-04      1
884  1.707540e-05      1
885  4.091078e-04      1
886  1.548574e-04      1
887  1.719055e-03      1
888  3.336719e-07      1
889  4.058578e-05      1
890  2.449950e-06      1
891  4.876792e-04      1
892  6.069096e-08      1
893  2.984549e-03  0.352
894  1.279320e-05      1
895  4.640229e-04      1
896  2.607150e-06      1
897  1.619155e-06      1
898  1.621113e-04      1
899  2.769538e-04      1
900  3.523335e-06      1
901  1.737360e-06      1
902  5.495638e-05      1
903  4.528833e-04      1
904  2.667257e-03      1
905  2.249799e-05      1
906  5.963665e-04      1
907  1.869095e-05      1
908  1.457155e-04      1
909  3.573356e-06      1
910  5.892952e-06      1
911  3.632353e-05      1
912  1.148839e-04      1
913  2.344324e-05      1
914  1.224484e-04      1
915  1.312419e-04      1
916  4.957723e-04      1
917  7.962749e-04      1
918  3.313921e-05      1
919  4.401346e-04      1
920  3.876541e-04      1
921  5.766784e-04      1
922  7.893100e-05      1
923  2.632917e-04      1
924  7.257458e-04      1
925  2.333732e-04      1
926  1.280488e-05      1
927  7.867555e-04      1
928  1.643553e-04      1
929  1.174321e-04      1
930  7.154913e-05      1
931  2.470879e-05      1
932  5.230168e-04      1
933  1.564677e-05      1
934  1.591581e-03      1
935  6.495199e-05      1
936  9.017164e-04      1
937  1.209245e-04      1
938  4.246277e-04      1
939  3.117423e-04      1
940  1.476263e-06      1
941  2.489228e-04      1
942  7.570197e-04      1
943  7.120303e-05      1
944  3.068262e-04      1
945  9.081627e-05      1
946  2.442885e-04      1
947  4.772135e-06      1
948  2.989378e-06      1
949  4.631146e-04      1
950  6.374395e-05      1
951  8.201416e-04      1
952  2.480006e-04      1
953  4.463682e-08      1
954  9.004541e-06      1
955  5.048662e-05      1
956  1.408259e-03      1
957  1.852917e-05      1
958  5.197766e-04      1
959  2.312646e-05      1
960  5.851665e-07      1
961  5.676001e-06      1
962  9.481347e-05      1
963  5.238670e-06      1
964  1.416722e-06      1
965  3.431817e-04      1
966  6.865955e-04      1
967  5.640042e-04      1
968  1.957697e-05      1
969  3.299431e-04      1
970  5.774151e-04      1
971  2.713296e-04      1
972  4.861106e-04      1
973  1.705662e-03      1
974  1.777671e-03      1
975  2.577116e-04      1
976  8.346742e-04      1
977  2.190020e-06      1
978  3.692869e-06      1
979  8.870186e-04      1
980  1.427839e-03      1
981  1.151257e-03      1
982  1.281946e-03      1
983  3.146811e-04      1
984  5.090962e-04      1
985  2.164909e-05      1
986  8.726244e-04      1
987  1.108036e-03      1
988  8.683988e-05      1
989  5.445138e-07      1
990  6.444781e-07      1
991  4.023096e-04      1
992  2.603172e-05      1
993  4.581499e-06      1
994  5.764341e-05      1
995  3.499328e-05      1
996  1.760883e-08      1
997  1.204797e-04      1
998  2.588719e-04      1
999  3.004410e-04      1
1000 2.516618e-06      1
1001 1.537313e-04      1
1002 7.645952e-04      1
1003 2.056907e-04      1
1004 2.357944e-04      1
1005 1.945051e-05      1
1006 7.488150e-06      1
1007 2.530192e-04      1
1008 7.890997e-03      1
1009 1.568924e-04      1
1010 4.233993e-05      1
1011 5.884065e-05      1
1012 4.476566e-04      1
1013 1.189314e-05      1
1014 5.048545e-05      1
1015 2.012216e-04      1
1016 4.175920e-04      1
1017 7.105125e-06      1
1018 1.412212e-04      1
1019 1.614674e-03      1
1020 1.725684e-03      1
1021 3.424465e-05      1
1022 1.709909e-05      1
1023 2.301359e-03      1
1024 1.030468e-03      1
1025 2.933526e-07      1
1026 7.264171e-06      1
1027 8.087485e-05      1
1028 5.744205e-05      1
1029 1.377419e-04      1
1030 1.237639e-05      1
1031 8.562648e-07      1
1032 4.161669e-04      1
1033 3.934587e-05      1
1034 1.051458e-03      1
1035 1.739648e-03      1
1036 8.299344e-05      1
1037 2.118779e-04      1
1038 4.017714e-04      1
1039 4.280408e-04      1
1040 7.066060e-04      1
1041 4.619867e-04      1
1042 2.973523e-04      1
1043 2.437705e-06      1
1044 1.703614e-05      1
1045 4.731106e-05      1
1046 1.639935e-04      1
1047 1.554991e-05      1
1048 4.230456e-04      1
1049 3.362032e-05      1
1050 3.059419e-04      1
1051 5.767790e-04      1
1052 7.047885e-05      1
1053 2.294423e-04      1
1054 8.183705e-04      1
1055 1.062392e-03      1
1056 3.201973e-04      1
1057 5.458365e-06      1
1058 3.720847e-04      1
1059 2.432034e-04      1
1060 3.006365e-03      1
1061 5.101437e-05      1
1062 4.982905e-05      1
1063 2.102928e-05      1
1064 2.834538e-05      1
1065 1.267762e-04      1
1066 2.259218e-04      1
1067 1.200043e-05      1
1068 1.169616e-04      1
1069 3.324124e-05      1
1070 7.166772e-05      1
1071 1.422884e-05      1
1072 1.719867e-04      1
1073 8.734794e-04      1
1074 1.204820e-04      1
1075 4.495479e-06      1
1076 4.602655e-04      1
1077 4.458027e-06      1
1078 3.575189e-07      1
1079 6.225723e-04      1
1080 4.190849e-05      1
1081 1.459692e-08      1
1082 1.807175e-04      1
1083 2.505440e-04      1
1084 1.976450e-04      1
1085 1.222723e-03      1
1086 1.710514e-05      1
1087 2.259081e-05      1
1088 5.758244e-06      1
1089 2.018650e-04      1
1090 2.990882e-06      1
1091 2.542271e-04      1
1092 3.721734e-07      1
1093 1.728167e-04      1
1094 8.590360e-05      1
1095 1.897981e-04      1
1096 1.519890e-03      1
1097 1.242411e-03      1
1098 3.513605e-04      1
1099 9.421610e-06      1
1100 5.443926e-06      1
1101 2.648931e-06      1
1102 3.291736e-04      1
1103 1.942446e-03      1
1104 3.979125e-06      1
1105 1.692115e-06      1
1106 5.797492e-05      1
1107 2.393930e-04      1
1108 7.140370e-05      1
1109 3.639909e-04      1
1110 6.148095e-05      1
1111 4.807947e-04      1
1112 9.231341e-05      1
1113 4.881049e-04      1
1114 4.310117e-06      1
1115 1.678204e-03      1
1116 9.294770e-05      1
1117 1.587584e-04      1
1118 8.544081e-05      1
1119 1.449448e-04      1
1120 1.857402e-03      1
1121 1.889328e-04      1
1122 1.706137e-04      1
1123 1.852543e-05      1
1124 1.932804e-06      1
1125 1.748132e-05      1
1126 1.690167e-04      1
1127 6.393665e-04      1
1128 9.763502e-04      1
1129 1.191532e-05      1
1130 4.281102e-07      1
1131 3.137836e-05      1
1132 3.934733e-09      1
1133 4.765692e-04      1
1134 2.249935e-04      1
1135 5.602692e-05      1
1136 3.165882e-04      1
1137 5.036437e-06      1
1138 4.791315e-04      1
1139 1.794606e-04      1
1140 6.400130e-07      1
1141 3.129641e-04      1
1142 2.252580e-06      1
1143 7.121040e-04      1
1144 4.583164e-05      1
1145 5.412161e-04      1
1146 1.520297e-04      1
1147 8.898554e-05      1
1148 5.716533e-05      1
1149 8.879056e-05      1
1150 8.412948e-06      1
1151 1.094578e-05      1
1152 1.561254e-04      1
1153 3.135820e-05      1
1154 9.512792e-04      1
1155 6.043477e-04      1
1156 5.869855e-04      1
1157 2.074222e-05      1
1158 4.066240e-03  0.022
1159 3.018875e-05      1
1160 2.068614e-05      1
1161 4.394947e-04      1
1162 2.093953e-04      1
1163 6.196772e-05      1
1164 2.911047e-04      1
1165 3.044895e-03      1
1166 5.836435e-06      1
1167 1.762551e-05      1
1168 1.364529e-04      1
1169 3.053466e-04      1
1170 1.264256e-03      1
1171 2.783118e-04      1
1172 1.965412e-04      1
1173 8.927266e-05      1
1174 2.944146e-04      1
1175 3.202694e-04      1
1176 4.476248e-06      1
1177 3.122639e-05      1
1178 1.581604e-04      1
1179 3.955617e-05      1
1180 2.609472e-04      1
1181 7.106802e-04      1
1182 5.523409e-04      1
1183 2.145705e-05      1
1184 8.650213e-04      1
1185 1.909192e-04      1
1186 1.098341e-05      1
1187 1.065440e-10      1
1188 1.476747e-05      1
1189 1.759136e-03      1
1190 1.476418e-03      1
1191 5.836356e-04      1
1192 7.895606e-05      1
1193 5.496021e-05      1
1194 4.760732e-04      1
1195 8.744542e-04      1
1196 5.041087e-04      1
1197 6.199964e-05      1
1198 3.085738e-04      1
1199 3.177940e-03      1
1200 2.453940e-05      1
1201 2.845807e-04      1
1202 2.895777e-04      1
1203 6.899092e-04      1
1204 1.215107e-03      1
1205 2.150537e-05      1
1206 5.228504e-06      1
1207 1.163115e-04      1
1208 9.425588e-04      1
1209 5.499598e-06      1
1210 2.778340e-05      1
1211 3.787478e-04      1
1212 5.587830e-05      1
1213 3.846449e-04      1
1214 5.110213e-04      1
1215 8.329109e-07      1
1216 1.375480e-03      1
1217 8.832403e-04      1
1218 1.998205e-06      1
1219 1.324346e-03      1
1220 1.043862e-03      1
1221 3.504797e-04      1
1222 4.857035e-04      1
1223 1.621031e-04      1
1224 1.241130e-04      1
1225 5.442288e-06      1
1226 2.612775e-04      1
1227 9.269503e-06      1
1228 1.512611e-04      1
1229 3.423365e-05      1
1230 1.429593e-04      1
1231 7.737907e-04      1
1232 1.956938e-04      1
1233 1.015002e-04      1
1234 3.909739e-05      1
1235 1.505983e-04      1
1236 2.487409e-04      1
1237 3.710923e-04      1
1238 1.076909e-04      1
1239 3.074532e-04      1
1240 6.184225e-06      1
1241 3.970265e-04      1
1242 5.758798e-04      1
1243 3.207411e-05      1
1244 4.395256e-05      1
1245 4.782029e-04      1
1246 1.260195e-04      1
1247 1.691710e-03      1
1248 6.747228e-04      1
1249 1.179186e-03      1
1250 9.626327e-05      1
1251 4.704485e-05      1
1252 4.034955e-04      1
1253 4.052408e-05      1
1254 7.430829e-04      1
1255 9.905026e-04      1
1256 2.817089e-05      1
1257 2.553658e-03      1
1258 2.542548e-04      1
1259 1.342874e-04      1
1260 3.512038e-04      1
1261 6.254103e-04      1
1262 9.050349e-05      1
1263 8.643319e-05      1
1264 2.267261e-04      1
1265 6.511094e-06      1
1266 3.817997e-04      1
1267 2.668373e-05      1
1268 8.397527e-04      1
1269 1.519693e-07      1
1270 7.465333e-04      1
1271 2.897393e-04      1
1272 1.131816e-04      1
1273 2.351772e-04      1
1274 6.422119e-04      1
1275 1.038435e-04      1
1276 4.266828e-05      1
1277 1.177050e-05      1
1278 1.800359e-04      1
1279 3.278801e-04      1
1280 6.347872e-04      1
1281 2.589751e-04      1
1282 9.484552e-04      1
1283 3.580017e-04      1
1284 9.756680e-04      1
1285 1.083716e-04      1
1286 1.458875e-04      1
1287 4.610941e-05      1
1288 3.858318e-07      1
1289 1.654638e-08      1
1290 4.675274e-04      1
1291 3.461661e-04      1
1292 4.046824e-04      1
1293 3.921959e-04      1
1294 6.131521e-05      1
1295 2.854540e-03      1
1296 8.321182e-06      1
1297 6.650653e-04      1
1298 6.203384e-05      1
1299 2.959890e-04      1
1300 4.602464e-05      1
1301 1.185760e-04      1
1302 1.618442e-04      1
1303 2.516144e-04      1
1304 2.383938e-04      1
1305 3.028143e-06      1
1306 4.733980e-07      1
1307 1.812583e-05      1
1308 2.285521e-04      1
1309 3.920684e-04      1
1310 1.314406e-05      1
1311 1.224127e-03      1
1312 2.529571e-04      1
1313 7.521846e-05      1
1314 8.880202e-04      1
1315 3.847131e-04      1
1316 1.063532e-03      1
1317 1.967510e-06      1
1318 7.477630e-04      1
1319 3.768356e-03      1
1320 8.363124e-04      1
1321 2.127497e-03      1
1322 2.370283e-05      1
1323 4.126329e-03  0.044
1324 1.605463e-05      1
1325 8.511157e-05      1
1326 3.591678e-03      1
1327 1.862422e-07      1
1328 1.303207e-04      1
1329 8.225821e-06      1
1330 1.741295e-05      1
1331 2.380880e-07      1
1332 1.467707e-05      1
1333 9.882168e-08      1
1334 4.829452e-04      1
1335 1.369105e-04      1
1336 2.693850e-04      1
1337 3.094503e-04      1
1338 9.692294e-06      1
1339 1.979302e-05      1
1340 1.624746e-04      1
1341 1.105967e-03      1
1342 2.852649e-05      1
1343 1.934447e-05      1
1344 8.054245e-05      1
1345 6.335500e-06      1
1346 6.328640e-06      1
1347 3.703790e-07      1
1348 1.789054e-07      1
1349 2.201370e-06      1
1350 4.109140e-05      1
1351 2.252875e-04      1
1352 6.008617e-06      1
1353 2.310165e-04      1
1354 5.105851e-04      1
1355 4.223315e-06      1
1356 1.704801e-05      1
1357 5.791974e-05      1
1358 4.484576e-04      1
1359 1.063555e-07      1
1360 1.402148e-04      1
1361 1.564391e-01 <0.022
1362 1.188567e-04      1
1363 3.031916e-04      1
1364 2.240484e-05      1
1365 2.776186e-06      1
1366 4.066886e-04      1
1367 1.894269e-04      1
1368 1.141820e-05      1
1369 2.314428e-05      1
1370 3.015880e-04      1
1371 5.167145e-05      1
1372 2.721734e-04      1
1373 1.069332e-04      1
1374 1.208716e-04      1
1375 6.249878e-08      1
1376 1.315098e-04      1
1377 1.591986e-04      1
1378 2.571107e-04      1
1379 9.976545e-04      1
1380 3.551926e-05      1
1381 8.406393e-06      1
1382 1.112194e-03      1
1383 1.561549e-04      1
1384 3.361968e-04      1
1385 1.943718e-04      1
1386 4.988800e-04      1
1387 4.796673e-04      1
1388 2.200071e-05      1
1389 1.609713e-04      1
1390 5.864156e-04      1
1391 5.287732e-05      1
1392 1.439753e-03      1
1393 8.613121e-06      1
1394 2.868734e-05      1
1395 3.014450e-05      1
1396 1.439480e-04      1
1397 6.968737e-04      1
1398 2.139578e-05      1
1399 1.536130e-03      1
1400 3.985289e-05      1
1401 1.021404e-03      1
1402 2.582670e-04      1
1403 3.364429e-03      1
1404 7.037992e-05      1
1405 3.091459e-05      1
1406 4.829307e-04      1
1407 1.052768e-04      1
1408 2.846188e-05      1
1409 1.684353e-04      1
1410 3.649674e-04      1
1411 4.112586e-05      1
1412 2.825096e-04      1
1413 4.528347e-04      1
1414 6.942275e-04      1
1415 2.488555e-04      1
1416 4.979931e-04      1
1417 3.223728e-04      1
1418 2.476369e-04      1
1419 1.915693e-05      1
1420 2.637752e-04      1
1421 3.921861e-05      1
1422 3.479002e-04      1
1423 5.783885e-05      1
1424 1.584654e-04      1
1425 5.838625e-04      1
1426 1.481479e-03      1
1427 3.486848e-04      1
1428 7.350400e-04      1
1429 1.788228e-04      1
1430 1.629934e-04      1
1431 5.540250e-04      1
1432 4.706664e-05      1
1433 2.883471e-05      1
1434 5.159388e-06      1
1435 5.181625e-04      1
1436 2.527776e-04      1
1437 1.071887e-04      1
1438 2.068780e-04      1
1439 7.597041e-05      1
1440 1.051014e-04      1
1441 1.072503e-04      1
1442 1.428197e-03      1
1443 6.241146e-04      1
1444 1.323947e-03      1
1445 1.766867e-04      1
1446 8.700683e-05      1
1447 6.038941e-06      1
1448 5.496720e-04      1
1449 2.409783e-03      1
1450 7.192591e-05      1
1451 8.835816e-04      1
1452 6.326266e-05      1
1453 1.286706e-05      1
1454 3.017372e-04      1
1455 4.408958e-04      1
1456 6.692522e-05      1
1457 3.034641e-04      1
1458 1.044302e-04      1
1459 3.326729e-06      1
1460 4.984757e-05      1
1461 9.656688e-06      1
1462 1.439004e-05      1
1463 4.133880e-04      1
1464 6.098147e-06      1
1465 2.788364e-05      1
1466 4.413412e-05      1
1467 5.716367e-04      1
1468 1.033293e-03      1
1469 4.024499e-04      1
1470 1.511799e-04      1
1471 6.863488e-06      1
1472 8.090206e-04      1
1473 2.062424e-05      1
1474 9.618774e-06      1
1475 4.464650e-05      1
1476 5.188060e-04      1
1477 1.720528e-05      1
1478 1.662623e-04      1
1479 3.729290e-05      1
1480 1.200454e-03      1
1481 9.180270e-04      1
1482 1.013690e-03      1
1483 3.580395e-05      1
1484 2.786927e-04      1
1485 2.923088e-03      1
1486 2.969807e-04      1
1487 3.978187e-04      1
1488 1.502987e-03      1
1489 6.842991e-05      1
1490 5.606554e-06      1
1491 7.914746e-08      1
1492 3.268713e-04      1
1493 4.029016e-05      1
1494 1.270172e-04      1
1495 3.957169e-07      1
1496 1.141941e-03      1
1497 3.526215e-08      1
1498 1.844765e-03      1
1499 2.345820e-05      1
1500 1.077887e-03      1
1501 5.351438e-06      1
1502 1.038371e-05      1
1503 2.185764e-04      1
1504 4.475669e-06      1
1505 8.575980e-04      1
1506 1.485084e-04      1
1507 7.613902e-04      1
1508 1.790459e-04      1
1509 3.757258e-05      1
1510 3.089040e-05      1
1511 1.529587e-04      1
1512 2.094045e-04      1
1513 2.035460e-03      1
1514 2.937818e-05      1
1515 9.151592e-04      1
1516 4.714529e-03  0.176
1517 3.279696e-04      1
1518 2.711502e-04      1
1519 4.753589e-04      1
1520 1.223017e-03      1
1521 2.077845e-03      1
1522 1.145971e-03      1
1523 6.414103e-05      1
1524 1.381528e-03      1
1525 4.853489e-04      1
1526 3.894534e-05      1
1527 8.715771e-05      1
1528 2.217874e-10      1
1529 1.126530e-06      1
1530 2.071039e-03      1
1531 1.299769e-03      1
1532 7.430481e-05      1
1533 4.838215e-04      1
1534 5.472488e-04      1
1535 7.147811e-05      1
1536 4.407515e-05      1
1537 1.531022e-04      1
1538 6.962278e-04      1
1539 2.848275e-06      1
1540 9.388744e-05      1
1541 7.069652e-06      1
1542 9.290803e-04      1
1543 6.566842e-05      1
1544 2.245687e-04      1
1545 8.022614e-04      1
1546 2.615821e-05      1
1547 1.417982e-03      1
1548 6.587720e-04      1
1549 2.154947e-04      1
1550 2.493043e-05      1
1551 2.595182e-06      1
1552 1.670572e-05      1
1553 2.779733e-04      1
1554 4.150983e-07      1
1555 1.848871e-05      1
1556 2.271166e-04      1
1557 4.535490e-07      1
1558 1.370810e-04      1
1559 5.643837e-06      1
1560 1.097164e-04      1
1561 5.364553e-05      1
1562 6.035163e-04      1
1563 7.441575e-06      1
1564 7.104667e-06      1
1565 1.012019e-03      1
1566 3.165374e-05      1
1567 2.247063e-04      1
1568 4.686815e-04      1
1569 2.627569e-04      1
1570 1.032687e-03      1
1571 3.216409e-05      1
1572 1.728701e-05      1
1573 2.647153e-04      1
1574 1.257283e-06      1
1575 5.705070e-05      1
1576 1.547496e-04      1
1577 1.375788e-04      1
1578 5.307260e-04      1
1579 6.225789e-04      1
1580 8.906386e-05      1
1581 2.417256e-04      1
1582 4.432034e-04      1
1583 4.120143e-04      1
1584 1.817950e-04      1
1585 1.070128e-03      1
1586 3.068764e-08      1
1587 2.734240e-05      1
1588 1.145388e-03      1
1589 9.255448e-04      1
1590 1.371903e-04      1
1591 1.710388e-04      1
1592 3.298872e-04      1
1593 1.318775e-06      1
1594 2.307753e-03      1
1595 4.460064e-05      1
1596 3.225799e-04      1
1597 5.228584e-04      1
1598 1.180511e-05      1
1599 1.239682e-03      1
1600 3.024890e-04      1
1601 3.871630e-04      1
1602 1.369068e-04      1
1603 6.720916e-05      1
1604 1.818483e-04      1
1605 9.557018e-05      1
1606 1.285337e-04      1
1607 6.622394e-04      1
1608 1.665759e-05      1
1609 3.438458e-04      1
1610 7.360576e-04      1
1611 2.213194e-05      1
1612 5.341964e-06      1
1613 3.090076e-05      1
1614 2.513580e-04      1
1615 3.244879e-03      1
1616 4.310330e-04      1
1617 3.317980e-04      1
1618 2.027831e-05      1
1619 1.198092e-04      1
1620 1.735650e-05      1
1621 5.480917e-05      1
1622 2.607490e-03      1
1623 4.795726e-04      1
1624 1.833020e-03      1
1625 4.275500e-05      1
1626 6.934272e-05      1
1627 1.764532e-03      1
1628 2.654413e-05      1
1629 6.310312e-05      1
1630 1.018326e-05      1
1631 3.693496e-04      1
1632 1.022978e-03      1
1633 3.762622e-04      1
1634 2.070808e-04      1
1635 2.586038e-07      1
1636 2.198304e-04      1
1637 5.403618e-04      1
1638 2.603778e-03      1
1639 6.788737e-04      1
1640 1.179986e-07      1
1641 1.974710e-03      1
1642 2.678239e-04      1
1643 9.747245e-04      1
1644 7.799244e-04      1
1645 1.530935e-05      1
1646 1.287637e-05      1
1647 3.655413e-04      1
1648 5.322298e-05      1
1649 8.857703e-07      1
1650 8.057786e-05      1

$`MR-PRESSO results`$`Distortion Test`
$`MR-PRESSO results`$`Distortion Test`$`Outliers Indices`
[1]  108  109  331  751  752 1158 1323 1361

$`MR-PRESSO results`$`Distortion Test`$`Distortion Coefficient`
beta.exposure 
    -90.69238 

$`MR-PRESSO results`$`Distortion Test`$Pvalue
[1] 0.01118667



