$`Main MR results`
       Exposure       MR Analysis Causal Estimate          Sd    T-stat
1 beta.exposure               Raw     -0.01238552 0.003083221 -4.017073
2 beta.exposure Outlier-corrected     -0.01356982 0.003053030 -4.444707
       P-value
1 6.152127e-05
2 9.376554e-06

$`MR-PRESSO results`
$`MR-PRESSO results`$`Global Test`
$`MR-PRESSO results`$`Global Test`$RSSobs
[1] 2287.079

$`MR-PRESSO results`$`Global Test`$Pvalue
[1] "<1.33333333333333e-05"


$`MR-PRESSO results`$`Outlier Test`
           RSSobs              Pvalue
1    6.990752e-04                   1
2    8.630932e-07                   1
3    3.756889e-04                   1
4    1.244700e-03                   1
5    3.117369e-03                   1
6    2.082362e-06                   1
7    1.741327e-03                   1
8    3.426305e-05                   1
9    5.330803e-07                   1
10   1.875438e-04                   1
11   1.528485e-03                   1
12   8.128527e-05                   1
13   2.495938e-05                   1
14   9.127455e-04                   1
15   2.764197e-04                   1
16   7.491282e-04                   1
17   2.337057e-04                   1
18   1.132609e-04                   1
19   9.409230e-05                   1
20   8.224971e-06                   1
21   3.858240e-04                   1
22   5.207275e-04                   1
23   4.563587e-04                   1
24   1.399742e-03                   1
25   2.375518e-04                   1
26   3.214846e-04                   1
27   1.783575e-04                   1
28   3.004473e-06                   1
29   1.003649e-05                   1
30   2.673663e-04                   1
31   9.561685e-04                   1
32   7.560123e-05                   1
33   5.066883e-05                   1
34   3.395723e-05                   1
35   5.381712e-04                   1
36   5.337092e-05                   1
37   2.178635e-04                   1
38   8.269395e-04                   1
39   8.868429e-05                   1
40   9.791263e-04                   1
41   3.784225e-04                   1
42   2.511821e-04                   1
43   1.043118e-03                   1
44   2.144715e-05                   1
45   4.931538e-03                   1
46   6.137855e-04                   1
47   1.066122e-03                   1
48   3.162233e-05                   1
49   3.785027e-04                   1
50   6.874568e-05                   1
51   1.136065e-04                   1
52   3.387575e-03                   1
53   1.279673e-04                   1
54   2.261155e-04                   1
55   5.197082e-04                   1
56   9.263748e-05                   1
57   9.423805e-04                   1
58   5.531962e-06                   1
59   1.924725e-03                   1
60   2.093978e-05                   1
61   1.267097e-04                   1
62   1.221074e-04                   1
63   8.581628e-05                   1
64   2.180604e-05                   1
65   8.017048e-05                   1
66   3.004604e-06                   1
67   2.629265e-04                   1
68   2.680269e-04                   1
69   7.184103e-04                   1
70   1.349097e-04                   1
71   6.216718e-04                   1
72   1.322570e-05                   1
73   2.199337e-06                   1
74   3.865818e-04                   1
75   6.625065e-03 <0.0224533333333333
76   1.439060e-03                   1
77   1.598550e-03                   1
78   1.622587e-03                   1
79   5.988662e-06                   1
80   5.088541e-05                   1
81   4.967989e-06                   1
82   1.815609e-04                   1
83   9.708918e-06                   1
84   1.147788e-04                   1
85   2.079089e-05                   1
86   4.806291e-05                   1
87   2.511622e-04                   1
88   1.693114e-04                   1
89   3.321414e-04                   1
90   9.425930e-04                   1
91   5.619660e-05                   1
92   4.973089e-04                   1
93   2.261299e-05                   1
94   2.805136e-04                   1
95   1.875114e-05                   1
96   4.310703e-04                   1
97   6.692553e-04                   1
98   1.837587e-03                   1
99   2.979940e-04                   1
100  3.783107e-04                   1
101  7.501973e-04                   1
102  3.778017e-04                   1
103  1.431842e-03                   1
104  4.158448e-04                   1
105  1.530567e-04                   1
106  3.862665e-04                   1
107  4.667886e-04                   1
108  3.482300e-04                   1
109  1.492046e-03                   1
110  9.046197e-06                   1
111  8.833716e-05                   1
112  9.358784e-05                   1
113  1.089989e-03                   1
114  6.565770e-05                   1
115  1.342993e-03                   1
116  3.511275e-03                   1
117  7.712438e-06                   1
118  3.883432e-04                   1
119  2.509117e-04                   1
120  4.719996e-06                   1
121  2.085201e-03                   1
122  4.417401e-05                   1
123  4.769540e-05                   1
124  1.241443e-02                   1
125  6.003659e-04                   1
126  1.058105e-03                   1
127  4.118023e-05                   1
128  2.836513e-05                   1
129  6.743109e-04                   1
130  3.027479e-04                   1
131  3.908516e-10                   1
132  6.708435e-04                   1
133  5.128516e-05                   1
134  6.738030e-05                   1
135  5.929702e-05                   1
136  8.995222e-05                   1
137  6.204829e-06                   1
138  6.266065e-04                   1
139  7.705435e-05                   1
140  4.021316e-04                   1
141  2.148080e-04                   1
142  2.126279e-03                   1
143  2.380682e-03                   1
144  1.468202e-05                   1
145  2.606765e-04                   1
146  1.625251e-06                   1
147  4.135952e-04                   1
148  4.446772e-03                   1
149  7.520336e-05                   1
150  5.935111e-03                   1
151  8.423051e-05                   1
152  5.561801e-03                   1
153  1.656803e-02                   1
154  1.659089e-03                   1
155  5.844769e-04                   1
156  3.360262e-03                   1
157  3.619695e-04                   1
158  9.000382e-04                   1
159  1.509241e-03                   1
160  5.329076e-03                   1
161  2.709294e-03                   1
162  3.154596e-05                   1
163  4.374361e-04                   1
164  1.669947e-05                   1
165  4.252660e-05                   1
166  1.169051e-02                   1
167  2.468836e-03                   1
168  1.240080e-03                   1
169  2.693346e-03                   1
170  8.731442e-03                   1
171  2.746648e-03                   1
172  2.904365e-04                   1
173  6.720610e-06                   1
174  2.837894e-03                   1
175  2.232615e-03                   1
176  2.337817e-04                   1
177  3.698159e-04                   1
178  1.502685e-05                   1
179  2.494171e-04                   1
180  6.310521e-03                   1
181  9.537282e-04                   1
182  3.530742e-05                   1
183  1.829030e-04                   1
184  3.503158e-05                   1
185  1.176102e-03                   1
186  4.656694e-03                   1
187  7.935643e-05                   1
188  5.127580e-03                   1
189  2.115231e-04                   1
190  1.870452e-04                   1
191  3.888906e-03                   1
192  8.259047e-04                   1
193  1.001644e-02                   1
194  3.175234e-07                   1
195  3.645847e-03                   1
196  1.976527e-05                   1
197  1.911483e-03                   1
198  1.779587e-04                   1
199  3.180102e-04                   1
200  1.275726e-04                   1
201  1.167583e-04                   1
202  1.020028e-04                   1
203  4.074872e-03                   1
204  9.471214e-03                   1
205  3.672683e-05                   1
206  3.484623e-04                   1
207  3.768709e-05                   1
208  3.038431e-03                   1
209  3.411089e-02                   1
210  1.087190e-03                   1
211  1.937311e-04                   1
212  4.010163e-04                   1
213  2.665890e-04                   1
214  5.985814e-03                   1
215  3.195943e-06                   1
216  1.338506e-04                   1
217  2.856845e-04                   1
218  1.078734e-03                   1
219  1.230774e-03                   1
220  4.449124e-03                   1
221  4.019510e-04                   1
222  4.246943e-04                   1
223  2.360660e-04                   1
224  3.062506e-03                   1
225  3.890993e-05                   1
226  1.678381e-05                   1
227  6.893699e-05                   1
228  1.690139e-04                   1
229  3.282029e-05                   1
230  8.533549e-04                   1
231  1.327797e-03                   1
232  1.987152e-05                   1
233  1.515220e-02                   1
234  1.133985e-06                   1
235  8.365815e-04                   1
236  1.078208e-05                   1
237  5.592483e-03                   1
238  1.081469e-02                   1
239  4.160731e-04                   1
240  1.271662e-03                   1
241  1.009030e-05                   1
242  1.747153e-03                   1
243  4.569171e-03                   1
244  2.743837e-05                   1
245  2.977243e-04                   1
246  3.056933e-04                   1
247  2.755960e-03                   1
248  1.789448e-03                   1
249  7.000235e-05                   1
250  5.283446e-05                   1
251  1.167919e-05                   1
252  7.407890e-04                   1
253  8.632396e-04                   1
254  5.476206e-05                   1
255  9.355158e-06                   1
256  3.557937e-04                   1
257  5.492256e-04                   1
258  2.320574e-05                   1
259  1.782485e-04                   1
260  3.542641e-05                   1
261  1.967552e-05                   1
262  1.931111e-04                   1
263  5.993301e-08                   1
264  1.895258e-06                   1
265  3.204342e-04                   1
266  1.131710e-03                   1
267  1.421086e-04                   1
268  4.610447e-04                   1
269  8.778439e-04                   1
270  1.238225e-04                   1
271  4.589764e-07                   1
272  2.026173e-04                   1
273  5.963311e-03                   1
274  5.457592e-04                   1
275  4.784949e-04                   1
276  6.151596e-05                   1
277  2.547052e-04                   1
278  1.182782e-06                   1
279  1.254077e-05                   1
280  1.344208e-05                   1
281  1.652018e-04                   1
282  1.465443e-05                   1
283  5.479935e-05                   1
284  1.617254e-06                   1
285  2.975095e-05                   1
286  1.551563e-04                   1
287  4.619174e-05                   1
288  1.517913e-03                   1
289  4.247316e-04                   1
290  4.564168e-06                   1
291  1.073269e-04                   1
292  8.165269e-04                   1
293  1.367660e-05                   1
294  4.882558e-04                   1
295  8.444206e-06                   1
296  1.255162e-04                   1
297  5.704376e-04                   1
298  3.119132e-03                   1
299  4.026860e-04                   1
300  2.201964e-06                   1
301  1.905310e-04                   1
302  1.598882e-03                   1
303  6.557499e-05                   1
304  1.325550e-03                   1
305  1.271020e-04                   1
306  6.590251e-05                   1
307  8.797287e-05                   1
308  1.612545e-04                   1
309  9.776816e-04                   1
310  5.266648e-04                   1
311  6.611659e-06                   1
312  2.417114e-04                   1
313  5.779139e-07                   1
314  2.027212e-04                   1
315  2.952675e-04                   1
316  1.310340e-04                   1
317  7.101980e-04                   1
318  3.239733e-04                   1
319  2.051472e-03                   1
320  2.217166e-03                   1
321  2.297651e-03                   1
322  2.024682e-07                   1
323  9.722687e-05                   1
324  1.393915e-05                   1
325  3.866353e-06                   1
326  3.217574e-07                   1
327  1.734026e-04                   1
328  1.848732e-04                   1
329  7.079008e-06                   1
330  4.960864e-06                   1
331  1.969821e-03                   1
332  7.525592e-04                   1
333  3.278520e-04                   1
334  1.704095e-04                   1
335  3.620316e-04                   1
336  1.121131e-04                   1
337  4.311605e-05                   1
338  1.224413e-05                   1
339  3.679643e-04                   1
340  1.797570e-07                   1
341  5.074115e-06                   1
342  1.118702e-03                   1
343  5.304839e-05                   1
344  3.275526e-04                   1
345  6.327651e-05                   1
346  4.059326e-04                   1
347  8.804068e-06                   1
348  5.742563e-05                   1
349  1.797736e-04                   1
350  1.305118e-04                   1
351  3.155595e-04                   1
352  1.681055e-04                   1
353  1.031065e-06                   1
354  4.235662e-06                   1
355  2.218695e-05                   1
356  5.767245e-08                   1
357  2.524820e-04                   1
358  5.545974e-06                   1
359  1.681343e-04                   1
360  3.628871e-05                   1
361  5.234243e-05                   1
362  1.253603e-03                   1
363  5.704973e-04                   1
364  9.924822e-04                   1
365  2.052041e-06                   1
366  1.159390e-04                   1
367  5.269710e-04                   1
368  4.278307e-04                   1
369  3.046179e-04                   1
370  2.156026e-03                   1
371  1.764614e-04                   1
372  2.439057e-03                   1
373  1.155299e-04                   1
374  3.936810e-04                   1
375  3.834633e-04                   1
376  2.892955e-07                   1
377  7.723510e-04                   1
378  1.414761e-04                   1
379  2.466741e-04                   1
380  9.672222e-04                   1
381  4.114153e-05                   1
382  3.048717e-04                   1
383  1.307694e-03                   1
384  2.551439e-04                   1
385  4.977603e-05                   1
386  2.240730e-06                   1
387  2.122915e-04                   1
388  2.372490e-05                   1
389  7.103964e-05                   1
390  2.160418e-05                   1
391  6.185819e-06                   1
392  4.179278e-06                   1
393  1.341560e-04                   1
394  8.436137e-07                   1
395  3.625856e-03                   1
396  9.036409e-05                   1
397  6.172421e-07                   1
398  3.923974e-04                   1
399  3.150292e-04                   1
400  7.324441e-03                   1
401  2.037666e-03                   1
402  8.305976e-03                   1
403  4.355174e-06                   1
404  3.440201e-03                   1
405  1.791679e-03                   1
406  5.805621e-04                   1
407  1.475705e-05                   1
408  9.253427e-04                   1
409  1.863532e-04                   1
410  1.757082e-02                   1
411  6.092660e-03                   1
412  2.626763e-03                   1
413  1.163424e-06                   1
414  3.582998e-03                   1
415  5.372143e-05                   1
416  1.331046e-04                   1
417  3.697694e-03                   1
418  5.043785e-09                   1
419  6.376733e-05                   1
420  2.786740e-04                   1
421  2.033204e-04                   1
422  1.133421e-02                   1
423  5.533866e-05                   1
424  7.210953e-04                   1
425  1.836172e-04                   1
426  1.213645e-04                   1
427  1.993571e-05                   1
428  1.754308e-03                   1
429  2.932444e-05                   1
430  1.944198e-03                   1
431  3.470647e-05                   1
432  6.126537e-03                   1
433  2.664859e-04                   1
434  1.263875e-03                   1
435  2.944920e-04                   1
436  5.297650e-05                   1
437  8.848347e-05                   1
438  1.576851e-05                   1
439  7.453078e-04                   1
440  6.413686e-05                   1
441  2.780376e-03                   1
442  1.050071e-07                   1
443  1.632662e-04                   1
444  2.425255e-04                   1
445  2.054355e-03                   1
446  1.618048e-05                   1
447  1.571541e-03                   1
448  1.061580e-04                   1
449  3.740138e-05                   1
450  1.375665e-02                   1
451  4.179757e-03                   1
452  1.092180e-03                   1
453  1.657194e-03                   1
454  9.841607e-05                   1
455  2.810482e-04                   1
456  1.314174e-03                   1
457  3.944675e-04                   1
458  1.123377e-04                   1
459  4.756589e-03                   1
460  9.117975e-05                   1
461  6.471581e-07                   1
462  1.654638e-04                   1
463  9.536239e-03                   1
464  3.059658e-05                   1
465  1.641936e-03                   1
466  5.121417e-05                   1
467  4.872872e-06                   1
468  5.396727e-05                   1
469  2.084772e-06                   1
470  1.487184e-03                   1
471  4.011214e-04                   1
472  3.751433e-04                   1
473  1.278307e-04                   1
474  7.819703e-05                   1
475  4.496217e-04                   1
476  3.728691e-05                   1
477  4.013390e-07                   1
478  4.890223e-04                   1
479  7.585708e-04                   1
480  1.624335e-03                   1
481  2.473476e-04                   1
482  2.371609e-05                   1
483  5.259511e-05                   1
484  5.639026e-05                   1
485  8.408856e-08                   1
486  2.470097e-04                   1
487  7.192807e-04                   1
488  8.219703e-04                   1
489  8.955803e-05                   1
490  5.541135e-04                   1
491  5.130014e-05                   1
492  1.341555e-04                   1
493  7.748702e-04                   1
494  2.836487e-06                   1
495  3.915985e-04                   1
496  1.308219e-04                   1
497  1.715792e-05                   1
498  3.289724e-04                   1
499  2.417690e-05                   1
500  5.916061e-03                   1
501  3.429565e-04                   1
502  9.701503e-04                   1
503  1.561780e-05                   1
504  5.205637e-04                   1
505  2.529819e-05                   1
506  4.722296e-04                   1
507  3.535946e-04                   1
508  1.723538e-03                   1
509  1.681346e-03                   1
510  6.873532e-06                   1
511  2.913364e-04                   1
512  1.309355e-04                   1
513  4.814137e-07                   1
514  1.038813e-04                   1
515  6.643900e-06                   1
516  3.016838e-05                   1
517  6.421097e-04                   1
518  4.506035e-04                   1
519  9.814267e-04                   1
520  2.324758e-03                   1
521  4.864615e-04                   1
522  2.479691e-05                   1
523  1.277079e-04                   1
524  3.031648e-04                   1
525  3.880067e-03                   1
526  1.960344e-04                   1
527  1.755088e-04                   1
528  6.275034e-04                   1
529  1.020317e-03                   1
530  2.836187e-03                   1
531  4.096113e-06                   1
532  2.382155e-04                   1
533  1.855781e-03                   1
534  5.852924e-06                   1
535  8.515662e-05                   1
536  2.975394e-04                   1
537  8.830002e-09                   1
538  1.669757e-04                   1
539  3.751123e-05                   1
540  4.668340e-06                   1
541  2.891271e-03                   1
542  3.079422e-05                   1
543  2.327172e-04                   1
544  1.095791e-03                   1
545  1.281441e-03                   1
546  3.717097e-04                   1
547  1.565507e-04                   1
548  2.968236e-03                   1
549  3.298753e-06                   1
550  8.761093e-06                   1
551  9.962162e-06                   1
552  6.932420e-03                   1
553  8.298241e-04                   1
554  2.409184e-06                   1
555  3.982018e-05                   1
556  6.653823e-03                   1
557  2.479922e-05                   1
558  6.341009e-05                   1
559  1.639928e-04                   1
560  1.193675e-04                   1
561  8.640895e-05                   1
562  2.188981e-03                   1
563  1.937988e-05                   1
564  5.024217e-04                   1
565  7.196842e-04                   1
566  1.179635e-04                   1
567  2.165000e-05                   1
568  8.256564e-05                   1
569  8.299008e-04                   1
570  1.110838e-04                   1
571  9.857042e-05                   1
572  6.732871e-04                   1
573  4.469528e-04                   1
574  2.032920e-04                   1
575  2.974306e-06                   1
576  3.863285e-06                   1
577  2.072646e-03                   1
578  3.841156e-08                   1
579  1.380204e-03                   1
580  1.349455e-04                   1
581  2.840474e-05                   1
582  4.533413e-05                   1
583  3.694535e-05                   1
584  9.227689e-04                   1
585  6.293946e-05                   1
586  2.873649e-03                   1
587  9.962820e-05                   1
588  1.121545e-03                   1
589  8.557381e-03                   1
590  3.751008e-03                   1
591  3.526912e-03                   1
592  6.347719e-05                   1
593  3.384962e-04                   1
594  1.080282e-04                   1
595  1.299304e-04                   1
596  4.776843e-05                   1
597  1.027107e-04                   1
598  4.917019e-04                   1
599  4.660602e-04                   1
600  4.653818e-04                   1
601  1.140719e-03                   1
602  2.428645e-05                   1
603  1.495477e-04                   1
604  1.082855e-04                   1
605  3.564480e-04                   1
606  3.796845e-04                   1
607  1.616230e-04                   1
608  3.078047e-05                   1
609  1.163394e-05                   1
610  7.445235e-04                   1
611  5.149770e-06                   1
612  2.210346e-05                   1
613  2.458916e-04                   1
614  5.987224e-04                   1
615  2.807746e-04                   1
616  1.321534e-05                   1
617  1.584669e-07                   1
618  1.071540e-03                   1
619  1.762861e-05                   1
620  7.005358e-04                   1
621  2.094037e-04                   1
622  1.238522e-05                   1
623  1.252581e-06                   1
624  4.659892e-04                   1
625  2.397271e-05                   1
626  7.855167e-04                   1
627  7.943803e-05                   1
628  4.505437e-04                   1
629  1.099343e-03                   1
630  7.685684e-05                   1
631  9.045403e-04                   1
632  3.595028e-05                   1
633  8.576093e-04                   1
634  3.167838e-03                   1
635  2.556017e-04                   1
636  4.276969e-06                   1
637  8.119333e-05                   1
638  7.603242e-04                   1
639  1.834974e-04                   1
640  2.363128e-04                   1
641  3.002789e-06                   1
642  3.759869e-04                   1
643  1.019514e-05                   1
644  3.838753e-04                   1
645  3.130893e-05                   1
646  2.002230e-03                   1
647  1.864027e-05                   1
648  9.485111e-04                   1
649  1.144023e-05                   1
650  6.519885e-05                   1
651  7.775433e-05                   1
652  4.115366e-05                   1
653  1.885632e-05                   1
654  9.142956e-04                   1
655  8.379381e-05                   1
656  4.984084e-04                   1
657  1.507383e-04                   1
658  8.191219e-04                   1
659  1.180383e-04                   1
660  6.938998e-05                   1
661  7.159310e-04                   1
662  5.834164e-05                   1
663  5.133437e-05                   1
664  2.836705e-03              0.3368
665  8.470624e-05                   1
666  9.990301e-04                   1
667  4.451976e-04                   1
668  7.859303e-05                   1
669  6.138967e-05                   1
670  2.781815e-05                   1
671  6.279514e-04                   1
672  1.704971e-05                   1
673  6.679303e-05                   1
674  9.688140e-05                   1
675  2.917780e-04                   1
676  7.477322e-06                   1
677  8.483589e-05                   1
678  1.031406e-06                   1
679  1.165731e-03                   1
680  2.279887e-07                   1
681  2.103246e-04                   1
682  4.648696e-06                   1
683  7.583808e-04                   1
684  3.136029e-04                   1
685  9.268077e-07                   1
686  1.566605e-03                   1
687  3.671578e-04                   1
688  8.180852e-05                   1
689  4.153630e-04                   1
690  5.757647e-06                   1
691  3.766681e-05                   1
692  1.748164e-04                   1
693  1.434598e-06                   1
694  3.446181e-06                   1
695  8.759142e-05                   1
696  4.044596e-04                   1
697  2.033621e-03                   1
698  1.278309e-04                   1
699  2.721685e-05                   1
700  7.822706e-04                   1
701  1.658145e-04                   1
702  1.275519e-04                   1
703  8.105919e-04                   1
704  2.426168e-06                   1
705  3.785604e-05                   1
706  3.288448e-04                   1
707  9.865914e-04                   1
708  7.093738e-04                   1
709  8.029199e-04                   1
710  3.467450e-04                   1
711  5.503356e-04                   1
712  4.809758e-04                   1
713  6.970693e-10                   1
714  2.455537e-03                   1
715  3.604063e-06                   1
716  4.468625e-04                   1
717  1.295243e-04                   1
718  3.193941e-04                   1
719  4.342622e-04                   1
720  3.993814e-07                   1
721  1.354485e-04                   1
722  1.295913e-04                   1
723  2.324501e-05                   1
724  3.101439e-04                   1
725  2.702676e-06                   1
726  2.032378e-05                   1
727  4.587440e-05                   1
728  2.404679e-04                   1
729  5.415123e-04                   1
730  1.345545e-05                   1
731  7.922987e-04                   1
732  1.937312e-03                   1
733  5.746026e-04                   1
734  1.214164e-03                   1
735  1.002422e-03                   1
736  1.152701e-03                   1
737  1.950787e-03                   1
738  4.371528e-04                   1
739  5.572759e-05                   1
740  2.368764e-04                   1
741  8.157610e-06                   1
742  3.929651e-06                   1
743  2.699017e-03                   1
744  3.572371e-06                   1
745  1.690210e-06                   1
746  2.635760e-04                   1
747  6.821150e-05                   1
748  1.002697e-03                   1
749  1.047518e-04                   1
750  9.065575e-04                   1
751  6.332021e-03                   1
752  2.055429e-05                   1
753  3.710740e-05                   1
754  1.026408e-04                   1
755  4.259945e-04                   1
756  1.309098e-05                   1
757  1.676288e-05                   1
758  1.017511e-05                   1
759  2.318067e-03                   1
760  1.577048e-04                   1
761  2.224000e-04                   1
762  1.014139e-04                   1
763  6.473214e-04                   1
764  1.670443e-04                   1
765  2.159088e-06                   1
766  1.003097e-04                   1
767  1.284147e-04                   1
768  3.692888e-04                   1
769  4.536110e-05                   1
770  1.117575e-04                   1
771  8.989358e-05                   1
772  2.775996e-06                   1
773  1.223488e-06                   1
774  3.346593e-04                   1
775  1.453585e-05                   1
776  2.048504e-04                   1
777  1.056814e-03                   1
778  8.669567e-05                   1
779  4.707004e-05                   1
780  2.147350e-03                   1
781  1.929627e-04                   1
782  4.141897e-05                   1
783  3.291046e-04                   1
784  2.381667e-03                   1
785  1.026454e-03                   1
786  5.196670e-04                   1
787  1.230141e-04                   1
788  2.060652e-04                   1
789  3.006139e-03                   1
790  2.274777e-04                   1
791  2.246686e-05                   1
792  1.635568e-04                   1
793  5.951821e-04                   1
794  3.124259e-03                   1
795  3.050359e-04                   1
796  7.484831e-04                   1
797  6.337439e-04                   1
798  8.120401e-05                   1
799  3.667250e-03                   1
800  3.960613e-05                   1
801  1.292227e-06                   1
802  3.841957e-04                   1
803  7.151616e-05                   1
804  1.254319e-04                   1
805  7.446668e-04                   1
806  1.312409e-05                   1
807  1.045673e-04                   1
808  1.965282e-05                   1
809  1.293666e-03                   1
810  1.507770e-03                   1
811  5.546196e-04                   1
812  4.458711e-06                   1
813  5.330304e-04                   1
814  9.410950e-04                   1
815  1.716756e-05                   1
816  4.544489e-04                   1
817  3.100617e-05                   1
818  2.580809e-03                   1
819  1.392068e-04                   1
820  3.694595e-04                   1
821  3.654091e-05                   1
822  5.185202e-04                   1
823  9.074750e-05                   1
824  2.659995e-04                   1
825  3.501975e-05                   1
826  5.480569e-05                   1
827  3.302271e-04                   1
828  1.397785e-04                   1
829  5.028426e-04                   1
830  8.508799e-06                   1
831  3.548231e-04                   1
832  6.819008e-05                   1
833  1.833819e-04                   1
834  5.221246e-04                   1
835  2.603370e-05                   1
836  3.978505e-04                   1
837  2.153782e-05                   1
838  7.749729e-08                   1
839  8.087445e-04                   1
840  5.456280e-03                   1
841  8.583563e-04                   1
842  3.859111e-04                   1
843  2.140550e-03                   1
844  5.808936e-05                   1
845  9.107137e-05                   1
846  9.821500e-05                   1
847  3.122856e-03                   1
848  4.616311e-05                   1
849  1.499100e-04                   1
850  1.509136e-04                   1
851  3.215014e-04                   1
852  1.445440e-04                   1
853  8.929058e-06                   1
854  2.359868e-04                   1
855  3.709652e-03                   1
856  5.789566e-04                   1
857  5.134327e-06                   1
858  1.832716e-03                   1
859  1.120368e-03                   1
860  1.455010e-04                   1
861  6.998235e-04                   1
862  1.976175e-04                   1
863  1.605980e-03                   1
864  4.862862e-07                   1
865  5.679999e-04                   1
866  2.971632e-05                   1
867  2.615805e-05                   1
868  6.884129e-07                   1
869  1.512274e-04                   1
870  1.618466e-04                   1
871  6.941387e-06                   1
872  3.334521e-04                   1
873  7.151426e-04                   1
874  2.091538e-03                   1
875  2.282662e-05                   1
876  9.642775e-06                   1
877  6.590652e-04                   1
878  1.427623e-04                   1
879  5.467352e-04                   1
880  8.915531e-04                   1
881  9.653520e-06                   1
882  2.861190e-04                   1
883  6.515059e-05                   1
884  1.369156e-04                   1
885  1.370697e-03                   1
886  4.342221e-04                   1
887  2.430494e-03                   1
888  1.133997e-05                   1
889  1.487792e-03                   1
890  1.761079e-03                   1
891  3.275474e-05                   1
892  1.709239e-05                   1
893  4.095650e-05                   1
894  3.145377e-03                   1
895  4.525365e-04                   1
896  1.308588e-04                   1
897  3.891938e-07                   1
898  3.230587e-05                   1
899  1.637980e-04                   1
900  2.965407e-04                   1
901  3.711297e-04                   1
902  3.788249e-04                   1
903  1.259338e-04                   1
904  1.688867e-05                   1
905  2.292779e-03                   1
906  7.992752e-04                   1
907  2.190006e-04                   1
908  9.048680e-04                   1
909  1.463480e-04                   1
910  1.433437e-04                   1
911  4.492313e-04                   1
912  7.609394e-05                   1
913  5.163784e-08                   1
914  6.869083e-04                   1
915  2.934630e-06                   1
916  7.739706e-04                   1
917  9.867938e-06                   1
918  9.628340e-05                   1
919  7.459424e-05                   1
920  3.825551e-06                   1
921  2.033542e-05                   1
922  2.185003e-05                   1
923  5.819083e-04                   1
924  4.624203e-04                   1
925  7.897302e-04                   1
926  3.270657e-05                   1
927  3.356454e-04                   1
928  2.171488e-04                   1
929  6.797796e-04                   1
930  2.185196e-05                   1
931  1.865781e-04                   1
932  1.427108e-04                   1
933  1.223263e-03                   1
934  1.137870e-03                   1
935  3.729636e-04                   1
936  6.219106e-05                   1
937  5.900775e-05                   1
938  5.709402e-05                   1
939  1.015036e-04                   1
940  3.640465e-04                   1
941  9.974797e-06                   1
942  1.323296e-04                   1
943  4.295270e-06                   1
944  5.257428e-04                   1
945  1.742363e-04                   1
946  4.697656e-06                   1
947  1.122949e-03                   1
948  6.711975e-04                   1
949  4.332407e-04                   1
950  6.505357e-04                   1
951  9.639727e-05                   1
952  1.652263e-06                   1
953  4.198334e-04                   1
954  1.698436e-03                   1
955  2.361894e-03                   1
956  1.244479e-04                   1
957  7.814545e-03                   1
958  3.123313e-05                   1
959  3.401379e-03                   1
960  8.345711e-07                   1
961  5.754376e-05                   1
962  1.271174e-03                   1
963  1.543560e-06                   1
964  8.542606e-04                   1
965  6.767990e-04                   1
966  4.412062e-04                   1
967  1.515038e-02                   1
968  8.881714e-04                   1
969  1.070915e-03                   1
970  6.615853e-04                   1
971  1.246904e-04                   1
972  4.722710e-08                   1
973  2.647636e-04                   1
974  2.153861e-04                   1
975  2.908330e-05                   1
976  2.558660e-05                   1
977  1.562010e-05                   1
978  1.263691e-05                   1
979  2.217759e-05                   1
980  4.945506e-05                   1
981  3.010000e-04                   1
982  2.036953e-04                   1
983  1.625138e-04                   1
984  5.059860e-05                   1
985  1.494277e-04                   1
986  1.551486e-04                   1
987  1.234644e-03                   1
988  2.985512e-05                   1
989  4.745516e-04                   1
990  1.376144e-04                   1
991  3.495465e-04                   1
992  2.422606e-04                   1
993  9.712644e-03                   1
994  6.178274e-06                   1
995  1.122726e-03                   1
996  1.295287e-04                   1
997  1.712232e-03                   1
998  2.886885e-04                   1
999  1.483247e-04                   1
1000 2.797095e-04                   1
1001 4.146988e-05                   1
1002 2.534766e-03                   1
1003 2.544128e-05                   1
1004 1.893124e-05                   1
1005 1.106416e-06                   1
1006 2.055898e-05                   1
1007 1.233630e-03                   1
1008 2.690792e-05                   1
1009 2.200713e-04                   1
1010 4.786386e-04                   1
1011 8.107991e-04                   1
1012 4.684586e-04                   1
1013 1.066838e-06                   1
1014 1.073063e-06                   1
1015 5.074392e-04                   1
1016 3.597935e-06                   1
1017 9.077491e-06                   1
1018 7.170172e-04                   1
1019 3.656091e-04                   1
1020 1.512154e-04                   1
1021 5.968336e-06                   1
1022 2.613677e-04                   1
1023 9.823675e-05                   1
1024 7.827775e-05                   1
1025 8.337132e-05                   1
1026 2.859520e-04                   1
1027 4.762070e-05                   1
1028 8.873144e-04                   1
1029 1.487323e-04                   1
1030 9.550450e-05                   1
1031 1.677327e-04                   1
1032 5.659360e-05                   1
1033 2.995297e-06                   1
1034 1.341017e-05                   1
1035 1.320478e-04                   1
1036 1.317739e-03                   1
1037 8.309115e-05                   1
1038 1.043634e-05                   1
1039 2.568300e-06                   1
1040 5.587480e-04                   1
1041 1.679753e-05                   1
1042 3.147069e-04                   1
1043 5.943590e-04                   1
1044 4.504235e-06                   1
1045 1.062281e-03                   1
1046 1.083922e-03                   1
1047 2.981445e-05                   1
1048 2.178904e-04                   1
1049 1.376628e-04                   1
1050 4.513003e-04                   1
1051 2.428540e-04                   1
1052 1.741262e-07                   1
1053 1.579186e-04                   1
1054 2.544199e-06                   1
1055 1.396217e-04                   1
1056 2.167754e-04                   1
1057 6.627952e-04                   1
1058 2.124681e-03                   1
1059 8.802955e-06                   1
1060 1.886966e-06                   1
1061 7.775897e-05                   1
1062 2.384225e-04                   1
1063 2.568402e-03                   1
1064 2.244523e-04                   1
1065 1.686061e-03                   1
1066 1.158156e-04                   1
1067 2.681005e-05                   1
1068 1.148844e-03                   1
1069 3.140372e-05                   1
1070 1.927410e-04                   1
1071 1.044711e-05                   1
1072 6.679814e-04                   1
1073 1.404696e-03                   1
1074 1.891844e-04                   1
1075 6.517776e-03                   1
1076 2.996584e-04                   1
1077 3.918175e-04                   1
1078 3.595905e-05                   1
1079 1.294266e-05                   1
1080 8.939374e-06                   1
1081 5.149399e-05                   1
1082 3.147659e-05                   1
1083 4.734247e-04                   1
1084 3.166651e-04                   1
1085 1.954596e-04                   1
1086 4.912104e-04                   1
1087 4.317656e-04                   1
1088 1.198768e-03                   1
1089 5.859113e-06                   1
1090 3.037679e-04                   1
1091 2.498104e-04                   1
1092 8.795049e-05                   1
1093 1.167585e-05                   1
1094 4.062146e-04                   1
1095 8.985568e-04                   1
1096 3.610707e-03                   1
1097 8.474695e-04                   1
1098 1.612824e-04                   1
1099 8.563715e-06                   1
1100 7.167738e-05                   1
1101 6.672084e-04                   1
1102 3.932390e-04                   1
1103 1.189864e-04                   1
1104 1.871844e-04                   1
1105 7.753310e-05                   1
1106 1.484375e-04                   1
1107 3.015017e-04                   1
1108 5.154316e-04                   1
1109 1.543449e-04                   1
1110 1.983663e-03                   1
1111 6.528232e-04                   1
1112 1.716204e-05                   1
1113 1.282534e-05                   1
1114 2.410094e-05                   1
1115 2.684349e-06                   1
1116 1.913821e-04                   1
1117 1.823284e-03                   1
1118 1.070709e-03                   1
1119 2.396499e-05                   1
1120 3.846195e-04                   1
1121 1.004041e-04                   1
1122 9.540875e-04                   1
1123 4.990077e-04                   1
1124 3.352413e-05                   1
1125 1.505498e-05                   1
1126 8.897379e-05                   1
1127 2.567612e-04                   1
1128 9.876822e-04                   1
1129 1.757073e-04                   1
1130 1.954985e-04                   1
1131 8.120524e-06                   1
1132 5.354405e-04                   1
1133 3.374237e-05                   1
1134 3.520557e-04                   1
1135 1.071567e-03                   1
1136 5.716686e-05                   1
1137 2.963684e-05                   1
1138 1.085874e-04                   1
1139 1.031097e-03                   1
1140 2.196851e-06                   1
1141 1.546953e-04                   1
1142 7.680370e-05                   1
1143 2.767476e-05                   1
1144 2.841414e-04                   1
1145 1.116624e-05                   1
1146 3.467537e-04                   1
1147 3.677056e-03                   1
1148 3.195228e-04                   1
1149 1.841116e-06                   1
1150 2.737020e-04                   1
1151 2.396415e-03                   1
1152 9.339981e-04                   1
1153 1.732920e-04                   1
1154 9.092621e-05                   1
1155 3.229400e-04                   1
1156 7.360144e-04                   1
1157 3.874763e-04                   1
1158 3.959566e-04                   1
1159 2.198284e-06                   1
1160 3.666456e-05                   1
1161 2.746239e-04                   1
1162 4.991496e-05                   1
1163 1.765827e-04                   1
1164 2.850650e-03                   1
1165 5.606011e-03                   1
1166 1.283052e-03                   1
1167 4.994790e-07                   1
1168 3.200066e-05                   1
1169 2.325626e-05                   1
1170 2.569587e-03                   1
1171 5.776795e-05                   1
1172 3.523285e-04                   1
1173 1.394698e-04                   1
1174 1.154334e-04                   1
1175 4.613008e-04                   1
1176 6.060056e-04                   1
1177 1.305082e-04                   1
1178 1.592683e-03                   1
1179 1.884447e-04                   1
1180 5.942058e-04                   1
1181 1.024919e-03                   1
1182 2.471749e-04                   1
1183 2.067320e-03                   1
1184 4.459548e-04                   1
1185 5.213750e-04                   1
1186 9.994920e-06                   1
1187 1.514712e-05                   1
1188 7.962198e-04                   1
1189 6.440174e-03                   1
1190 4.146652e-03                   1
1191 4.841578e-05                   1
1192 4.382984e-06                   1
1193 2.206847e-03                   1
1194 1.418763e-03                   1
1195 4.888387e-05                   1
1196 8.671135e-04                   1
1197 9.716650e-04                   1
1198 6.002764e-04                   1
1199 7.716637e-04                   1
1200 2.062000e-06                   1
1201 1.883085e-04                   1
1202 4.968123e-06                   1
1203 2.541625e-05                   1
1204 3.248647e-06                   1
1205 5.116461e-04                   1
1206 2.324691e-04                   1
1207 3.365222e-08                   1
1208 1.222676e-03                   1
1209 6.119308e-04                   1
1210 9.150472e-04                   1
1211 7.489412e-05                   1
1212 1.276782e-03                   1
1213 1.578022e-04                   1
1214 2.594865e-05                   1
1215 8.606901e-07                   1
1216 5.409301e-05                   1
1217 3.335957e-03             0.60624
1218 3.893385e-04                   1
1219 2.057085e-03                   1
1220 7.813036e-04                   1
1221 3.817108e-03                   1
1222 4.562755e-04                   1
1223 1.770271e-05                   1
1224 8.056990e-04                   1
1225 1.530843e-04                   1
1226 2.039881e-03                   1
1227 1.309146e-06                   1
1228 2.605402e-04                   1
1229 1.648437e-04                   1
1230 1.016150e-05                   1
1231 1.097592e-04                   1
1232 4.484526e-07                   1
1233 1.300286e-05                   1
1234 7.235097e-06                   1
1235 1.324489e-04                   1
1236 3.195168e-04                   1
1237 1.102286e-03                   1
1238 1.202447e-04                   1
1239 3.780219e-03                   1
1240 7.767574e-05                   1
1241 2.319383e-06                   1
1242 2.773940e-04                   1
1243 4.558857e-04                   1
1244 1.613942e-04                   1
1245 2.307930e-05                   1
1246 3.881820e-05                   1
1247 6.261488e-05                   1
1248 1.780979e-03                   1
1249 5.338480e-04                   1
1250 3.303948e-05                   1
1251 1.033714e-03                   1
1252 2.761058e-04                   1
1253 3.670715e-04                   1
1254 4.291317e-03                   1
1255 3.583215e-04                   1
1256 7.738306e-04                   1
1257 1.109938e-03                   1
1258 4.845376e-04                   1
1259 1.453210e-06                   1
1260 6.532184e-04                   1
1261 3.074637e-04                   1
1262 6.557054e-04                   1
1263 5.136670e-04                   1
1264 8.799479e-04                   1
1265 5.241174e-04                   1
1266 3.591680e-04                   1
1267 4.675473e-04                   1
1268 7.663472e-04                   1
1269 5.804512e-06                   1
1270 4.136392e-04                   1
1271 3.241022e-06                   1
1272 2.163107e-04                   1
1273 2.349824e-03                   1
1274 1.053033e-05                   1
1275 2.804698e-04                   1
1276 1.841978e-04                   1
1277 3.176105e-04                   1
1278 4.764291e-07                   1
1279 6.056698e-05                   1
1280 1.939327e-04                   1
1281 9.612068e-06                   1
1282 2.526107e-05                   1
1283 7.080765e-05                   1
1284 4.666539e-06                   1
1285 6.388455e-04                   1
1286 3.837128e-05                   1
1287 1.189483e-03                   1
1288 3.306534e-03                   1
1289 8.140684e-04                   1
1290 2.006694e-04                   1
1291 1.776527e-04                   1
1292 3.772085e-04                   1
1293 2.897186e-05                   1
1294 2.465109e-04                   1
1295 4.509245e-04                   1
1296 2.426411e-04                   1
1297 3.857856e-06                   1
1298 2.844502e-04                   1
1299 7.779241e-04                   1
1300 3.240538e-06                   1
1301 2.603799e-04                   1
1302 7.778527e-05                   1
1303 2.502675e-03                   1
1304 2.586821e-03                   1
1305 6.185904e-05                   1
1306 3.192764e-03                   1
1307 4.859903e-03 <0.0224533333333333
1308 1.115259e-04                   1
1309 6.540801e-03                   1
1310 2.113738e-04                   1
1311 3.470156e-03                   1
1312 3.326982e-04                   1
1313 9.212267e-05                   1
1314 2.916338e-05                   1
1315 6.259994e-04                   1
1316 1.259986e-03                   1
1317 2.797705e-04                   1
1318 6.011710e-05                   1
1319 2.404408e-04                   1
1320 1.049586e-04                   1
1321 4.181587e-06                   1
1322 1.820479e-04                   1
1323 1.689874e-04                   1
1324 3.861257e-03                   1
1325 2.759616e-04                   1
1326 7.335787e-04                   1
1327 1.855440e-03                   1
1328 4.926734e-04                   1
1329 4.883751e-04                   1
1330 7.456309e-04                   1
1331 3.773056e-04                   1
1332 1.975777e-04                   1
1333 1.455536e-03                   1
1334 2.477641e-06                   1
1335 9.498765e-04                   1
1336 3.891591e-05                   1
1337 4.278005e-04                   1
1338 6.619766e-04                   1
1339 4.197211e-05                   1
1340 1.906205e-04                   1
1341 6.420229e-04                   1
1342 1.408021e-04                   1
1343 1.292074e-03                   1
1344 8.241291e-04                   1
1345 8.017096e-04                   1
1346 4.324942e-04                   1
1347 2.740535e-05                   1
1348 1.081134e-04                   1
1349 5.720467e-04                   1
1350 1.895095e-04                   1
1351 1.213995e-02                   1
1352 7.837392e-04                   1
1353 1.565652e-06                   1
1354 4.012790e-04                   1
1355 7.688742e-05                   1
1356 2.525553e-04                   1
1357 4.778153e-04                   1
1358 1.143870e-03                   1
1359 3.146436e-04                   1
1360 4.581308e-05                   1
1361 1.073061e-04                   1
1362 1.554397e-03                   1
1363 5.395900e-07                   1
1364 5.516613e-04                   1
1365 1.077011e-04                   1
1366 2.188302e-03                   1
1367 4.057936e-04                   1
1368 2.846850e-05                   1
1369 3.637936e-02                   1
1370 1.667775e-04                   1
1371 1.768300e-04                   1
1372 2.872670e-03                   1
1373 1.415164e-03                   1
1374 2.573436e-03                   1
1375 1.050493e-03                   1
1376 4.160242e-04                   1
1377 2.263018e-04                   1
1378 3.250018e-03                   1
1379 9.056266e-04                   1
1380 3.561946e-05                   1
1381 4.659898e-05                   1
1382 1.945122e-03                   1
1383 1.372603e-04                   1
1384 1.777994e-04                   1
1385 5.327159e-04                   1
1386 2.778733e-04                   1
1387 1.754205e-04                   1
1388 1.458471e-05                   1
1389 1.940899e-03                   1
1390 3.411295e-03                   1
1391 5.802651e-04                   1
1392 4.157773e-04                   1
1393 1.161920e-03                   1
1394 1.293182e-03                   1
1395 2.467232e-03                   1
1396 7.285279e-05                   1
1397 3.759700e-05                   1
1398 5.971291e-04                   1
1399 5.372684e-04                   1
1400 6.342901e-06                   1
1401 1.290494e-04                   1
1402 2.289182e-04                   1
1403 2.399739e-03                   1
1404 7.860897e-04                   1
1405 9.533924e-03                   1
1406 1.444240e-02                   1
1407 8.874158e-04                   1
1408 4.583715e-05                   1
1409 1.583395e-03                   1
1410 3.061477e-06                   1
1411 2.639662e-03                   1
1412 5.426472e-04                   1
1413 5.515318e-03                   1
1414 2.240202e-04                   1
1415 1.151904e-03                   1
1416 9.157333e-05                   1
1417 6.463321e-05                   1
1418 1.611435e-04                   1
1419 3.038815e-06                   1
1420 4.522943e-03                   1
1421 1.973892e-04                   1
1422 6.401137e-06                   1
1423 1.034314e-02                   1
1424 4.773720e-04                   1
1425 4.590193e-04                   1
1426 1.234922e-03                   1
1427 5.183602e-03                   1
1428 3.210616e-05                   1
1429 6.600429e-05                   1
1430 1.120758e-03                   1
1431 8.999344e-03                   1
1432 6.195016e-04                   1
1433 2.284779e-04                   1
1434 5.444482e-03                   1
1435 5.025982e-04                   1
1436 7.617293e-04                   1
1437 1.299736e-03                   1
1438 2.663656e-04                   1
1439 3.585925e-04                   1
1440 2.265478e-04                   1
1441 3.921089e-06                   1
1442 1.073747e-03                   1
1443 5.068644e-05                   1
1444 2.053208e-03                   1
1445 1.900254e-03                   1
1446 2.659633e-04                   1
1447 1.713469e-04                   1
1448 1.267497e-04                   1
1449 1.877612e-04                   1
1450 3.823105e-04                   1
1451 4.402782e-04                   1
1452 4.049661e-03                   1
1453 1.156408e-04                   1
1454 6.013641e-04                   1
1455 9.146102e-04                   1
1456 1.461275e-03                   1
1457 9.936166e-05                   1
1458 1.249460e-02                   1
1459 6.084905e-04                   1
1460 9.966680e-04                   1
1461 3.182005e-03                   1
1462 8.992198e-05                   1
1463 1.912299e-03                   1
1464 5.347637e-04                   1
1465 7.757998e-07                   1
1466 3.825337e-04                   1
1467 6.346599e-03                   1
1468 1.266529e-04                   1
1469 1.445580e-03                   1
1470 4.637304e-05                   1
1471 1.789580e-04                   1
1472 4.332130e-04                   1
1473 4.800357e-05                   1
1474 1.332314e-04                   1
1475 2.195831e-05                   1
1476 6.472176e-05                   1
1477 4.562341e-05                   1
1478 6.099546e-03                   1
1479 7.954682e-04                   1
1480 1.016502e-03                   1
1481 1.360872e-04                   1
1482 1.373370e-05                   1
1483 2.488859e-04                   1
1484 2.558894e-05                   1
1485 6.353533e-04                   1
1486 4.034888e-08                   1
1487 2.492043e-04                   1
1488 7.695899e-05                   1
1489 2.023030e-04                   1
1490 1.197732e-02                   1
1491 1.815612e-05                   1
1492 1.293530e-03                   1
1493 5.319946e-04                   1
1494 1.624828e-03                   1
1495 3.336174e-03                   1
1496 1.456616e-04                   1
1497 3.766602e-05                   1
1498 4.481061e-04                   1
1499 2.005766e-04                   1
1500 5.839512e-04                   1
1501 7.555031e-04                   1
1502 1.756507e-04                   1
1503 2.644302e-07                   1
1504 4.422596e-04                   1
1505 1.003338e-03                   1
1506 8.232759e-05                   1
1507 1.656259e-03                   1
1508 2.907362e-04                   1
1509 1.192810e-03                   1
1510 1.927936e-02             0.94304
1511 1.966974e-04                   1
1512 5.917908e-03                   1
1513 1.977676e-03                   1
1514 1.284074e-04                   1
1515 1.051922e-03                   1
1516 4.688788e-05                   1
1517 1.006832e-05                   1
1518 5.197498e-05                   1
1519 1.427131e-04                   1
1520 1.804271e-05                   1
1521 4.941881e-05                   1
1522 5.493222e-05                   1
1523 8.655556e-04                   1
1524 1.025919e-03                   1
1525 3.477281e-03                   1
1526 2.831152e-06                   1
1527 1.804552e-04                   1
1528 5.127321e-04                   1
1529 6.413096e-04                   1
1530 3.772720e-06                   1
1531 2.266137e-07                   1
1532 2.028456e-03                   1
1533 7.046657e-04                   1
1534 1.248268e-03                   1
1535 2.567841e-04                   1
1536 1.435436e-05                   1
1537 7.974112e-04                   1
1538 1.302999e-03                   1
1539 1.191019e-03                   1
1540 4.436092e-05                   1
1541 2.952525e-04                   1
1542 2.483236e-04                   1
1543 1.721374e-03                   1
1544 2.621276e-04                   1
1545 5.454507e-04                   1
1546 3.191448e-03                   1
1547 5.092981e-05                   1
1548 9.071116e-04                   1
1549 3.065503e-04                   1
1550 3.223943e-04                   1
1551 1.602866e-05                   1
1552 1.993746e-04                   1
1553 3.307592e-08                   1
1554 2.805263e-05                   1
1555 4.210744e-04                   1
1556 4.178582e-04                   1
1557 1.187029e-05                   1
1558 1.935962e-03                   1
1559 1.265300e-03                   1
1560 5.209542e-04                   1
1561 2.362119e-03                   1
1562 4.162889e-05                   1
1563 5.882274e-03                   1
1564 1.698585e-04                   1
1565 5.804897e-04                   1
1566 4.023716e-04                   1
1567 2.281251e-04                   1
1568 3.838082e-04                   1
1569 6.659153e-05                   1
1570 9.988590e-06                   1
1571 1.112772e-02                   1
1572 1.107653e-03                   1
1573 1.400354e-03                   1
1574 2.174680e-03                   1
1575 1.441034e-04                   1
1576 9.071110e-10                   1
1577 3.146930e-05                   1
1578 1.824679e-04                   1
1579 1.879805e-04                   1
1580 1.572758e-04                   1
1581 1.578796e-03                   1
1582 2.946633e-04                   1
1583 2.473386e-04                   1
1584 5.377528e-04                   1
1585 1.681835e-04                   1
1586 3.903675e-04                   1
1587 3.076040e-04                   1
1588 2.773822e-04                   1
1589 5.585568e-04                   1
1590 3.472973e-05                   1
1591 7.623892e-04                   1
1592 4.933004e-07                   1
1593 3.323998e-04                   1
1594 1.761650e-05                   1
1595 2.526683e-05                   1
1596 2.114786e-04                   1
1597 5.132959e-07                   1
1598 3.437984e-04                   1
1599 1.750834e-03                   1
1600 1.694841e-06                   1
1601 1.864430e-04                   1
1602 2.458073e-05                   1
1603 1.581477e-04                   1
1604 4.904249e-04                   1
1605 1.438688e-03                   1
1606 4.656429e-04                   1
1607 1.331962e-06                   1
1608 1.865905e-04                   1
1609 3.942279e-04                   1
1610 1.621873e-03                   1
1611 6.571139e-04                   1
1612 1.074570e-04                   1
1613 8.599093e-05                   1
1614 2.444115e-03                   1
1615 3.065481e-06                   1
1616 3.155171e-04                   1
1617 1.500564e-03                   1
1618 2.126035e-04                   1
1619 3.135933e-04                   1
1620 1.973827e-04                   1
1621 2.386233e-04                   1
1622 3.785377e-04                   1
1623 5.023881e-05                   1
1624 1.747176e-05                   1
1625 4.361295e-04                   1
1626 1.312866e-04                   1
1627 9.807044e-05                   1
1628 4.208864e-05                   1
1629 1.328332e-04                   1
1630 1.009020e-04                   1
1631 1.702910e-04                   1
1632 4.364230e-04                   1
1633 1.279517e-04                   1
1634 1.889598e-03                   1
1635 4.214140e-06                   1
1636 2.420208e-04                   1
1637 2.210271e-04                   1
1638 1.199953e-04                   1
1639 1.049717e-04                   1
1640 4.167239e-06                   1
1641 1.198695e-04                   1
1642 8.814957e-05                   1
1643 1.843251e-04                   1
1644 1.520635e-04                   1
1645 1.243586e-05                   1
1646 6.288461e-07                   1
1647 9.154304e-05                   1
1648 2.048762e-04                   1
1649 5.489731e-06                   1
1650 3.319132e-04                   1
1651 1.639881e-05                   1
1652 4.715752e-07                   1
1653 4.064423e-05                   1
1654 5.948926e-05                   1
1655 1.078492e-03                   1
1656 7.474913e-04                   1
1657 1.198511e-03                   1
1658 1.952692e-03                   1
1659 1.391232e-03                   1
1660 7.081868e-04                   1
1661 3.069868e-05                   1
1662 5.548255e-04                   1
1663 6.486049e-05                   1
1664 1.694336e-03                   1
1665 2.404478e-05                   1
1666 5.239461e-05                   1
1667 4.049799e-03                   1
1668 2.030474e-04                   1
1669 6.339319e-04                   1
1670 4.450139e-04                   1
1671 7.573634e-04                   1
1672 1.400419e-04                   1
1673 9.106257e-04                   1
1674 1.132059e-03                   1
1675 2.310281e-04                   1
1676 2.857554e-06                   1
1677 2.427101e-04                   1
1678 6.802239e-04                   1
1679 7.951257e-04                   1
1680 1.375146e-03                   1
1681 1.287781e-04                   1
1682 8.046737e-05                   1
1683 6.350778e-05                   1
1684 6.829830e-05                   1

$`MR-PRESSO results`$`Distortion Test`
$`MR-PRESSO results`$`Distortion Test`$`Outliers Indices`
[1]   75 1307

$`MR-PRESSO results`$`Distortion Test`$`Distortion Coefficient`
beta.exposure 
     8.727459 

$`MR-PRESSO results`$`Distortion Test`$Pvalue
[1] 0.717



