$`Main MR results`
       Exposure       MR Analysis Causal Estimate          Sd    T-stat
1 beta.exposure               Raw     -0.01125554 0.002515024 -4.475323
2 beta.exposure Outlier-corrected     -0.01209979 0.002502470 -4.835138
       P-value
1 7.886351e-06
2 1.391112e-06

$`MR-PRESSO results`
$`MR-PRESSO results`$`Global Test`
$`MR-PRESSO results`$`Global Test`$RSSobs
[1] 4182.256

$`MR-PRESSO results`$`Global Test`$Pvalue
[1] "<1e-05"


$`MR-PRESSO results`$`Outlier Test`
           RSSobs   Pvalue
1    7.060341e-04        1
2    1.311755e-06        1
3    2.523919e-06        1
4    4.034118e-05        1
5    3.693411e-04        1
6    6.092744e-06        1
7    1.254352e-03        1
8    3.087904e-03        1
9    2.454785e-06        1
10   1.112273e-05        1
11   1.158969e-04        1
12   1.769933e-03        1
13   3.158187e-05        1
14   7.468563e-07        1
15   5.557349e-04        1
16   2.690096e-06        1
17   1.828005e-04        1
18   1.547383e-03        1
19   7.396322e-05        1
20   2.653230e-05        1
21   9.236025e-04        1
22   2.677410e-04        1
23   5.593506e-06        1
24   2.714465e-04        1
25   6.335970e-04        1
26   2.240143e-04        1
27   8.271475e-04        1
28   1.079383e-04        1
29   1.611662e-03        1
30   5.757697e-04        1
31   1.584914e-04        1
32   2.857246e-05        1
33   2.220899e-05        1
34   8.362303e-04        1
35   8.733041e-04        1
36   7.576843e-04        1
37   2.762490e-04        1
38   2.412925e-04        1
39   2.133863e-04        1
40   1.342536e-04        1
41   1.096979e-04        1
42   9.179227e-05        1
43   7.423502e-06        1
44   7.920740e-06        1
45   3.795200e-04        1
46   4.382723e-07        1
47   7.630003e-05        1
48   3.302294e-04        1
49   5.272236e-04        1
50   4.497937e-04        1
51   1.411034e-03        1
52   3.035073e-05        1
53   3.258766e-06        1
54   1.322250e-05        1
55   8.085849e-04        1
56   1.372105e-04        1
57   2.327003e-04        1
58   2.315509e-04        1
59   3.272439e-04        1
60   1.740667e-04        1
61   2.597047e-06        1
62   2.276373e-04        1
63   1.126581e-04        1
64   1.880900e-04        1
65   1.100025e-05        1
66   1.988955e-03        1
67   2.399052e-04        1
68   2.609460e-04        1
69   9.672170e-04        1
70   7.879206e-05        1
71   5.260334e-05        1
72   5.629500e-04        1
73   3.532026e-05        1
74   5.326166e-04        1
75   9.279996e-06        1
76   3.446320e-04        1
77   5.510422e-05        1
78   2.109854e-04        1
79   8.354894e-04        1
80   2.287406e-05        1
81   9.279159e-05        1
82   1.169880e-05        1
83   1.048985e-06        1
84   9.710784e-04        1
85   3.732141e-04        1
86   3.249358e-04        1
87   4.013878e-04        1
88   2.460967e-04        1
89   1.021733e-03        1
90   2.000521e-05        1
91   4.906189e-03        1
92   6.003296e-04        1
93   1.077596e-03        1
94   3.304681e-05        1
95   4.914991e-04        1
96   3.729300e-04        1
97   1.402552e-03        1
98   6.055250e-06        1
99   7.057846e-05        1
100  1.107679e-04        1
101  3.150767e-08        1
102  1.063644e-04        1
103  3.973391e-04        1
104  3.205780e-04        1
105  2.061562e-05        1
106  3.366798e-03        1
107  1.650705e-03        1
108  3.887620e-04        1
109  1.334994e-04        1
110  2.216104e-04        1
111  7.047434e-04        1
112  5.705317e-05        1
113  5.263134e-04        1
114  9.505635e-05        1
115  3.080429e-04        1
116  5.561746e-04        1
117  9.005347e-04        1
118  6.725500e-05        1
119  9.511610e-04        1
120  6.169993e-06        1
121  5.803753e-04        1
122  1.944550e-03        1
123  1.843115e-05        1
124  1.384892e-04        1
125  1.270517e-04        1
126  8.132238e-05        1
127  1.982298e-05        1
128  1.106848e-04        1
129  3.668564e-08        1
130  6.114308e-05        1
131  1.914483e-04        1
132  7.747226e-05        1
133  8.227870e-06        1
134  1.437568e-05        1
135  6.247532e-05        1
136  2.597128e-06        1
137  2.696625e-04        1
138  2.716775e-04        1
139  7.089423e-04        1
140  3.911743e-06        1
141  3.168850e-04        1
142  1.314798e-04        1
143  6.384470e-04        1
144  1.455931e-05        1
145  2.688154e-06        1
146  3.805701e-04        1
147  6.574338e-03 <0.03315
148  1.458538e-03        1
149  1.618694e-03        1
150  1.641461e-03        1
151  4.543444e-06        1
152  4.877150e-05        1
153  8.924605e-05        1
154  1.345056e-05        1
155  3.955595e-06        1
156  4.972360e-04        1
157  1.854102e-05        1
158  1.339225e-03        1
159  1.850575e-04        1
160  1.185034e-05        1
161  1.196410e-04        1
162  1.304430e-03        1
163  8.657285e-06        1
164  4.873984e-05        1
165  1.846747e-05        1
166  4.502693e-05        1
167  1.857385e-07        1
168  7.694455e-07        1
169  1.869874e-03        1
170  2.550536e-04        1
171  1.647527e-04        1
172  3.263812e-04        1
173  3.124424e-04        1
174  5.832444e-06        1
175  9.366375e-04        1
176  5.660215e-07        1
177  9.552915e-04        1
178  4.302178e-05        1
179  5.402299e-05        1
180  9.436302e-07        1
181  5.041466e-04        1
182  2.388063e-05        1
183  3.308673e-05        1
184  2.843152e-04        1
185  2.000896e-05        1
186  9.933973e-05        1
187  4.258559e-04        1
188  6.617698e-04        1
189  1.800776e-03        1
190  2.939941e-05        1
191  4.198430e-04        1
192  4.309538e-05        1
193  1.274228e-03        1
194  3.021886e-04        1
195  2.973218e-04        1
196  3.908906e-04        1
197  2.461356e-05        1
198  7.728272e-04        1
199  9.543863e-04        1
200  3.694629e-04        1
201  1.636917e-03        1
202  1.456116e-03        1
203  4.091224e-04        1
204  1.426290e-03        1
205  1.186227e-04        1
206  8.147330e-04        1
207  1.111579e-04        1
208  1.492781e-04        1
209  1.507780e-03        1
210  3.928036e-04        1
211  6.520859e-05        1
212  4.599761e-04        1
213  3.432139e-04        1
214  1.519084e-03        1
215  9.939468e-06        1
216  7.633038e-07        1
217  8.457199e-05        1
218  9.593202e-05        1
219  7.915295e-05        1
220  1.704186e-04        1
221  1.080108e-03        1
222  6.344438e-05        1
223  6.145612e-05        1
224  1.330368e-03        1
225  3.540377e-03        1
226  6.645856e-06        1
227  3.019572e-05        1
228  3.485740e-04        1
229  6.602190e-06        1
230  3.936669e-04        1
231  2.458682e-04        1
232  1.581534e-05        1
233  3.752587e-06        1
234  4.512178e-04        1
235  2.104389e-03        1
236  4.570197e-05        1
237  5.206268e-05        1
238  4.137334e-05        1
239  3.086570e-04        1
240  1.876919e-05        1
241  1.230694e-02        1
242  6.083426e-04        1
243  6.425514e-05        1
244  8.571931e-04        1
245  1.066112e-03        1
246  1.515542e-06        1
247  4.670288e-04        1
248  3.964757e-05        1
249  3.011170e-05        1
250  6.668087e-04        1
251  3.096497e-04        1
252  2.417082e-08        1
253  1.932949e-04        1
254  6.796378e-04        1
255  5.888420e-04        1
256  5.291015e-05        1
257  1.391781e-03        1
258  6.294057e-05        1
259  1.834185e-03        1
260  6.242068e-05        1
261  8.618502e-05        1
262  5.041055e-06        1
263  6.181538e-04        1
264  1.488118e-04        1
265  7.110618e-05        1
266  8.153199e-04        1
267  3.956977e-04        1
268  2.077285e-04        1
269  2.141864e-03        1
270  2.414483e-03        1
271  2.839807e-05        1
272  1.623507e-05        1
273  2.552123e-04        1
274  4.487484e-05        1
275  2.210938e-06        1
276  3.760665e-04        1
277  3.931318e-04        1
278  4.418150e-03        1
279  7.762764e-05        1
280  8.645414e-06        1
281  2.066986e-04        1
282  5.887721e-03        1
283  4.901213e-04        1
284  4.051675e-04        1
285  7.832831e-05        1
286  5.505907e-03        1
287  1.006785e-03        1
288  1.670786e-02        1
289  1.196831e-03        1
290  2.831904e-04        1
291  6.491389e-04        1
292  1.648962e-03        1
293  5.779176e-04        1
294  3.387402e-03        1
295  3.898808e-04        1
296  3.687344e-04        1
297  8.393727e-05        1
298  1.475313e-04        1
299  9.076134e-04        1
300  2.435313e-03        1
301  1.498803e-03        1
302  1.700093e-05        1
303  5.256306e-03        1
304  2.734795e-03        1
305  1.882962e-04        1
306  1.512380e-03        1
307  3.329030e-05        1
308  1.399190e-02        1
309  4.484226e-04        1
310  3.346369e-05        1
311  1.592187e-03        1
312  1.792204e-05        1
313  4.096321e-05        1
314  6.485696e-04        1
315  2.574303e-04        1
316  5.535729e-04        1
317  1.158430e-02        1
318  1.510152e-06        1
319  2.446089e-03        1
320  2.499470e-03        1
321  2.844209e-03        1
322  1.253670e-03        1
323  2.653315e-03        1
324  8.806565e-03        1
325  2.773989e-03        1
326  2.797440e-04        1
327  5.810215e-06        1
328  1.225122e-06        1
329  2.868046e-03        1
330  5.498968e-05        1
331  2.218074e-03        1
332  9.293678e-04        1
333  2.257175e-04        1
334  3.609308e-04        1
335  4.333703e-04        1
336  1.081730e-04        1
337  2.919813e-04        1
338  2.893568e-03        1
339  1.396252e-03        1
340  1.399850e-05        1
341  2.414021e-04        1
342  6.268635e-03        1
343  9.768502e-04        1
344  6.510586e-05        1
345  3.701133e-05        1
346  1.322866e-03        1
347  1.176213e-04        1
348  3.506057e-03        1
349  1.867893e-04        1
350  8.142365e-03        1
351  3.256078e-03        1
352  1.371411e-04        1
353  1.048144e-03        1
354  8.295320e-04        1
355  4.230808e-03        1
356  6.011805e-03        1
357  9.466263e-03        1
358  8.654230e-05        1
359  3.153417e-05        1
360  1.191096e-03        1
361  4.551660e-03        1
362  8.783455e-05        1
363  5.076854e-03        1
364  2.886579e-04        1
365  2.222623e-04        1
366  4.996999e-03        1
367  1.913495e-04        1
368  5.583946e-04        1
369  3.837586e-03        1
370  1.991931e-03        1
371  2.192979e-04        1
372  1.082526e-02        1
373  1.000386e-03        1
374  2.150505e-03        1
375  9.163655e-06        1
376  7.953269e-04        1
377  8.532638e-07        1
378  9.494118e-08        1
379  1.008470e-02        1
380  1.534580e-03        1
381  5.440914e-04        1
382  2.957988e-05        1
383  6.553507e-04        1
384  1.816614e-05        1
385  4.823923e-07        1
386  1.065464e-06        1
387  1.175936e-03        1
388  2.479519e-05        1
389  3.508065e-03        1
390  3.698513e-03        1
391  1.915973e-04        1
392  1.797768e-05        1
393  1.930506e-03        1
394  4.790948e-06        1
395  1.141921e-05        1
396  1.896758e-03        1
397  5.923920e-06        1
398  3.823084e-03        1
399  3.780288e-04        1
400  2.194996e-04        1
401  8.459730e-05        1
402  1.171133e-05        1
403  4.732238e-04        1
404  1.746855e-04        1
405  3.126466e-04        1
406  1.244888e-04        1
407  6.338018e-05        1
408  1.114665e-04        1
409  9.887313e-05        1
410  4.128816e-03        1
411  1.541863e-03        1
412  9.548059e-03        1
413  1.504915e-03        1
414  3.340831e-05        1
415  3.740946e-04        1
416  7.946910e-04        1
417  9.147098e-04        1
418  3.210877e-04        1
419  2.641064e-04        1
420  3.536473e-04        1
421  4.118998e-05        1
422  3.010590e-03        1
423  4.590720e-05        1
424  8.681627e-03        1
425  2.291076e-04        1
426  3.430272e-02        1
427  6.434290e-06        1
428  1.241472e-07        1
429  1.118681e-03        1
430  1.898644e-04        1
431  1.521896e-04        1
432  1.362298e-03        1
433  8.382549e-05        1
434  3.906678e-04        1
435  2.808480e-04        1
436  3.660836e-06        1
437  1.656941e-04        1
438  1.598361e-03        1
439  6.066026e-03        1
440  5.095011e-04        1
441  1.512962e-04        1
442  8.126640e-04        1
443  5.619908e-04        1
444  1.692263e-06        1
445  2.434235e-06        1
446  1.366547e-04        1
447  2.770615e-04        1
448  1.070564e-03        1
449  1.219118e-03        1
450  1.071004e-03        1
451  4.489942e-03        1
452  3.922451e-04        1
453  5.752687e-07        1
454  2.277205e-06        1
455  4.123055e-04        1
456  2.406417e-04        1
457  3.038544e-03        1
458  1.389302e-03        1
459  4.058526e-05        1
460  7.051600e-05        1
461  1.037900e-03        1
462  5.725900e-05        1
463  1.532169e-05        1
464  7.167919e-05        1
465  1.582401e-04        1
466  1.414719e-03        1
467  3.981904e-04        1
468  3.559356e-04        1
469  4.053699e-04        1
470  3.392443e-03        1
471  7.764140e-03        1
472  2.106131e-03        1
473  1.051436e-04        1
474  5.355775e-04        1
475  1.277988e-03        1
476  3.566860e-05        1
477  2.286950e-03        1
478  8.396694e-04        1
479  1.349876e-03        1
480  1.188170e-03        1
481  4.457046e-04        1
482  2.130950e-05        1
483  1.847030e-06        1
484  1.526834e-02        1
485  5.351935e-04        1
486  3.128930e-04        1
487  1.749687e-02        1
488  6.601191e-07        1
489  6.515310e-04        1
490  6.492700e-06        1
491  8.138330e-04        1
492  1.046588e-04        1
493  1.842696e-04        1
494  3.714716e-04        1
495  2.558485e-03        1
496  2.222783e-04        1
497  1.202146e-05        1
498  4.185376e-03        1
499  1.028584e-03        1
500  2.502006e-04        1
501  5.630477e-03        1
502  4.938522e-03        1
503  1.087030e-02        1
504  1.927106e-05        1
505  5.087121e-03        1
506  4.226936e-04        1
507  1.294680e-03        1
508  9.084556e-06        1
509  1.782893e-03        1
510  9.017604e-04        1
511  4.506235e-03        1
512  7.656481e-04        1
513  1.346720e-04        1
514  1.284927e-04        1
515  9.796829e-05        1
516  3.536305e-05        1
517  2.884937e-05        1
518  7.429291e-04        1
519  3.092972e-04        1
520  3.009238e-04        1
521  2.800824e-03        1
522  1.803840e-03        1
523  2.642847e-05        1
524  1.651076e-03        1
525  1.189357e-04        1
526  5.479038e-05        1
527  2.529885e-04        1
528  8.053335e-05        1
529  1.798631e-04        1
530  1.086253e-02        1
531  6.716803e-05        1
532  1.183252e-04        1
533  4.643495e-05        1
534  1.037872e-02        1
535  1.281604e-05        1
536  1.152495e-04        1
537  1.973659e-05        1
538  5.018266e-03        1
539  8.674001e-06        1
540  2.529468e-03        1
541  9.847207e-04        1
542  7.534691e-04        1
543  8.529478e-04        1
544  1.837885e-04        1
545  5.857473e-05        1
546  8.237952e-06        1
547  3.500369e-04        1
548  5.421793e-04        1
549  2.434419e-05        1
550  1.815264e-04        1
551  3.364944e-05        1
552  3.710840e-05        1
553  1.798170e-05        1
554  4.708760e-04        1
555  1.457511e-05        1
556  5.125575e-04        1
557  1.966555e-04        1
558  1.425789e-07        1
559  2.352620e-06        1
560  8.161416e-07        1
561  6.091726e-05        1
562  3.101238e-04        1
563  1.107254e-03        1
564  1.353175e-04        1
565  2.994771e-03        1
566  1.341257e-03        1
567  9.856700e-05        1
568  3.493985e-05        1
569  1.748129e-04        1
570  4.677818e-04        1
571  2.540652e-04        1
572  1.062594e-04        1
573  1.350086e-04        1
574  8.966639e-04        1
575  1.983905e-04        1
576  5.167783e-05        1
577  1.207165e-04        1
578  4.081886e-05        1
579  3.271249e-04        1
580  6.881380e-05        1
581  1.741333e-04        1
582  3.044145e-07        1
583  1.978384e-04        1
584  6.012860e-03        1
585  3.424902e-04        1
586  2.764053e-03        1
587  5.543948e-04        1
588  4.865355e-04        1
589  5.974277e-05        1
590  2.362302e-04        1
591  2.585890e-04        1
592  1.546909e-06        1
593  2.161970e-05        1
594  1.370142e-05        1
595  1.561631e-05        1
596  1.456001e-04        1
597  1.683548e-04        1
598  1.635506e-05        1
599  1.879152e-04        1
600  5.264859e-05        1
601  7.293481e-05        1
602  2.042942e-06        1
603  2.744818e-05        1
604  1.636759e-03        1
605  1.650083e-04        1
606  4.459203e-05        1
607  8.337948e-04        1
608  1.538434e-03        1
609  4.566505e-04        1
610  4.160395e-04        1
611  3.320829e-06        1
612  1.108038e-04        1
613  8.238473e-04        1
614  1.470651e-05        1
615  1.498255e-05        1
616  4.813778e-04        1
617  3.284022e-04        1
618  2.314910e-04        1
619  1.897492e-03        1
620  3.823624e-04        1
621  1.030356e-04        1
622  4.550404e-04        1
623  2.450314e-04        1
624  6.591948e-05        1
625  1.123757e-04        1
626  7.360821e-06        1
627  1.125911e-04        1
628  5.782945e-04        1
629  3.143466e-03        1
630  4.553239e-06        1
631  4.093780e-04        1
632  2.379368e-04        1
633  5.739976e-04        1
634  1.102456e-04        1
635  1.247103e-05        1
636  4.984897e-04        1
637  2.572525e-06        1
638  4.326186e-04        1
639  1.864906e-04        1
640  6.128724e-04        1
641  1.581555e-03        1
642  4.733919e-05        1
643  6.278724e-05        1
644  1.316714e-03        1
645  1.298270e-04        1
646  6.900432e-05        1
647  9.162344e-05        1
648  1.582379e-04        1
649  2.055442e-05        1
650  9.703451e-04        1
651  6.808415e-04        1
652  5.342969e-04        1
653  7.396859e-06        1
654  2.586188e-04        1
655  1.134147e-06        1
656  9.630538e-04        1
657  1.989673e-04        1
658  2.986498e-05        1
659  1.139992e-04        1
660  6.303384e-04        1
661  2.999981e-04        1
662  4.800704e-04        1
663  2.174145e-04        1
664  1.342813e-04        1
665  2.547071e-05        1
666  7.171820e-04        1
667  3.170365e-04        1
668  2.366067e-04        1
669  1.604775e-05        1
670  2.029621e-03        1
671  2.193382e-03        1
672  2.279525e-03        1
673  1.496120e-04        1
674  1.147872e-03        1
675  1.377944e-06        1
676  8.960441e-08        1
677  9.406915e-05        1
678  5.653144e-05        1
679  1.277999e-05        1
680  3.257353e-06        1
681  1.366546e-04        1
682  1.187974e-04        1
683  8.059239e-05        1
684  2.039018e-07        1
685  1.665608e-04        1
686  1.781519e-04        1
687  3.829354e-04        1
688  7.794087e-06        1
689  4.282942e-06        1
690  1.177284e-06        1
691  7.726922e-06        1
692  3.329265e-03        1
693  1.942022e-03        1
694  5.536437e-04        1
695  7.593001e-04        1
696  1.333747e-06        1
697  4.099334e-03        1
698  3.887859e-03        1
699  4.749455e-05        1
700  3.228358e-04        1
701  1.662360e-04        1
702  1.751779e-05        1
703  3.577397e-04        1
704  2.323512e-05        1
705  1.152351e-04        1
706  1.788646e-04        1
707  4.667682e-05        1
708  1.216357e-05        1
709  6.952663e-04        1
710  1.328538e-05        1
711  3.634391e-04        1
712  4.343230e-07        1
713  4.917198e-05        1
714  4.114526e-06        1
715  1.211164e-04        1
716  1.103026e-03        1
717  3.732244e-05        1
718  5.121857e-05        1
719  6.035953e-05        1
720  6.688193e-04        1
721  4.134998e-04        1
722  2.228696e-06        1
723  3.150799e-04        1
724  5.641930e-05        1
725  3.698325e-05        1
726  4.177076e-04        1
727  3.929679e-04        1
728  4.250389e-04        1
729  4.013052e-04        1
730  1.186167e-04        1
731  9.539371e-06        1
732  5.402814e-05        1
733  2.733531e-04        1
734  6.642117e-04        1
735  1.836673e-04        1
736  2.954659e-05        1
737  6.887999e-04        1
738  1.331694e-04        1
739  1.621906e-03        1
740  3.198606e-04        1
741  1.472889e-04        1
742  1.397233e-05        1
743  1.755605e-04        1
744  1.588424e-06        1
745  5.410939e-06        1
746  2.357438e-05        1
747  3.041192e-05        1
748  2.401579e-05        1
749  1.326631e-07        1
750  5.606316e-04        1
751  2.469648e-04        1
752  6.411850e-06        1
753  1.710456e-04        1
754  3.848635e-05        1
755  5.428794e-05        1
756  1.234819e-03        1
757  1.703222e-04        1
758  5.814276e-04        1
759  2.098479e-05        1
760  4.576164e-05        1
761  4.152830e-04        1
762  9.674289e-04        1
763  9.571938e-04        1
764  2.482022e-06        1
765  1.183588e-04        1
766  5.409878e-04        1
767  4.217928e-04        1
768  3.088753e-04        1
769  2.171552e-03        1
770  1.815886e-04        1
771  2.425381e-03        1
772  1.183741e-04        1
773  2.430306e-04        1
774  1.078194e-03        1
775  1.006769e-04        1
776  3.873534e-04        1
777  3.759906e-04        1
778  6.384167e-07        1
779  2.802019e-06        1
780  5.416020e-05        1
781  1.587874e-05        1
782  7.636981e-04        1
783  2.571793e-04        1
784  2.698109e-04        1
785  1.598864e-04        1
786  6.544236e-04        1
787  4.652744e-04        1
788  2.379866e-04        1
789  9.755603e-04        1
790  1.427320e-03        1
791  2.363419e-04        1
792  6.607016e-05        1
793  4.253654e-05        1
794  2.967217e-04        1
795  1.988292e-04        1
796  1.297212e-03        1
797  3.203568e-05        1
798  2.975231e-04        1
799  2.598586e-04        1
800  7.826828e-05        1
801  6.462489e-08        1
802  1.763923e-04        1
803  4.557223e-05        1
804  4.486577e-05        1
805  1.925418e-06        1
806  5.561919e-04        1
807  2.070373e-04        1
808  1.334638e-04        1
809  8.526531e-04        1
810  2.243187e-05        1
811  6.854101e-05        1
812  5.056350e-05        1
813  1.144201e-04        1
814  5.765475e-05        1
815  2.319798e-05        1
816  5.528390e-06        1
817  2.892457e-06        1
818  1.382078e-04        1
819  2.300557e-05        1
820  2.309336e-04        1
821  6.224741e-07        1
822  3.651469e-03        1
823  9.576498e-05        1
824  1.166067e-04        1
825  3.180752e-05        1
826  8.533716e-07        1
827  3.194561e-04        1
828  9.669139e-05        1
829  2.159820e-05        1
830  3.865441e-04        1
831  3.099916e-04        1
832  7.372254e-03        1
833  2.086046e-03        1
834  8.471651e-03        1
835  2.251128e-03        1
836  5.155011e-06        1
837  3.770807e-04        1
838  1.084852e-03        1
839  1.645579e-03        1
840  1.371315e-04        1
841  3.374287e-03        1
842  1.765485e-03        1
843  2.237295e-03        1
844  4.930411e-05        1
845  5.289988e-07        1
846  5.608709e-04        1
847  1.697650e-05        1
848  7.127803e-03        1
849  9.052374e-04        1
850  2.728837e-03        1
851  1.749105e-04        1
852  6.871388e-03        1
853  1.137362e-03        1
854  6.989864e-05        1
855  1.701681e-04        1
856  1.744016e-02        1
857  5.853096e-05        1
858  6.035675e-03        1
859  3.350198e-05        1
860  2.670841e-03        1
861  6.018929e-04        1
862  1.809412e-06        1
863  3.529857e-03        1
864  1.197604e-03        1
865  2.585361e-03        1
866  6.645906e-05        1
867  5.660302e-04        1
868  2.006393e-03        1
869  1.068710e-03        1
870  1.629307e-02        1
871  7.193813e-04        1
872  2.571467e-03        1
873  5.556178e-05        1
874  1.292410e-04        1
875  8.391758e-04        1
876  3.319162e-03        1
877  3.737860e-03        1
878  6.887608e-05        1
879  1.924613e-07        1
880  2.452725e-04        1
881  2.456339e-03        1
882  1.216016e-03        1
883  2.565005e-04        1
884  1.045465e-03        1
885  3.494751e-03        1
886  5.960873e-05        1
887  4.135239e-03        1
888  2.689859e-04        1
889  2.075719e-04        1
890  3.919470e-05        1
891  1.122908e-02        1
892  5.232695e-05        1
893  2.350721e-04        1
894  1.096697e-02        1
895  5.068122e-04        1
896  2.635434e-03        1
897  7.464303e-04        1
898  1.535398e-03        1
899  4.173797e-05        1
900  3.972530e-06        1
901  4.409261e-04        1
902  2.354934e-03        1
903  1.896412e-04        1
904  1.263589e-04        1
905  7.221356e-05        1
906  2.300376e-05        1
907  2.840971e-02        1
908  1.725898e-03        1
909  5.467904e-04        1
910  3.412921e-05        1
911  2.780784e-04        1
912  2.833978e-04        1
913  1.912739e-03        1
914  2.200249e-04        1
915  1.188606e-03        1
916  1.464323e-02        1
917  2.865729e-05        1
918  6.005796e-03        1
919  1.894794e-05        1
920  2.848510e-04        1
921  8.965043e-03        1
922  5.492931e-03        1
923  6.515434e-03        1
924  1.220850e-03        1
925  2.905162e-04        1
926  5.913898e-05        1
927  4.749077e-03        1
928  9.053317e-05        1
929  1.764940e-05        1
930  5.378089e-04        1
931  5.768983e-04        1
932  7.189548e-04        1
933  1.736457e-03        1
934  3.596797e-03        1
935  6.588228e-05        1
936  2.675317e-08        1
937  2.824835e-03        1
938  2.456928e-03        1
939  5.068580e-03        1
940  8.894994e-10        1
941  7.397368e-03        1
942  1.679857e-04        1
943  1.058868e-04        1
944  3.811496e-03        1
945  9.110146e-05        1
946  2.540765e-04        1
947  4.139019e-03        1
948  2.022616e-03        1
949  2.396932e-04        1
950  1.912980e-03        1
951  2.805645e-05        1
952  1.444929e-05        1
953  2.826943e-03        1
954  2.976081e-03        1
955  7.599629e-04        1
956  8.277978e-05        1
957  9.038662e-03        1
958  1.598572e-03        1
959  1.126241e-04        1
960  8.937954e-04        1
961  4.208520e-05        1
962  1.364696e-02        1
963  4.205711e-03        1
964  4.337556e-04        1
965  1.115347e-03        1
966  1.425959e-02        1
967  1.673344e-03        1
968  9.058238e-04        1
969  1.089518e-04        1
970  1.242079e-04        1
971  2.956941e-04        1
972  5.058137e-04        1
973  1.718793e-04        1
974  4.675105e-04        1
975  1.749220e-04        1
976  1.269064e-03        1
977  7.435127e-04        1
978  6.789682e-04        1
979  2.769211e-03        1
980  3.826281e-04        1
981  9.324021e-04        1
982  1.174105e-04        1
983  4.681157e-03        1
984  7.048506e-04        1
985  8.593232e-05        1
986  8.681713e-07        1
987  4.281401e-04        1
988  9.140284e-07        1
989  3.425975e-04        1
990  5.871994e-05        1
991  6.482560e-04        1
992  1.571801e-04        1
993  9.625099e-03        1
994  7.938785e-03        1
995  2.027335e-04        1
996  3.281951e-05        1
997  1.679884e-03        1
998  4.816659e-05        1
999  4.359711e-06        1
1000 7.234863e-04        1
1001 5.592608e-05        1
1002 1.626644e-06        1
1003 1.473140e-03        1
1004 3.962320e-04        1
1005 3.677430e-04        1
1006 1.348089e-04        1
1007 7.522971e-05        1
1008 4.449195e-04        1
1009 3.999554e-05        1
1010 2.236541e-05        1
1011 6.608497e-07        1
1012 3.814461e-04        1
1013 4.836731e-04        1
1014 7.496589e-04        1
1015 1.658379e-08        1
1016 1.636536e-03        1
1017 2.426624e-04        1
1018 2.629560e-05        1
1019 1.575661e-05        1
1020 4.913487e-05        1
1021 5.460239e-05        1
1022 1.908687e-07        1
1023 2.397220e-04        1
1024 4.577841e-04        1
1025 5.578303e-04        1
1026 7.055795e-04        1
1027 8.062540e-04        1
1028 3.998589e-09        1
1029 8.635681e-05        1
1030 5.611421e-04        1
1031 2.118229e-04        1
1032 3.314312e-05        1
1033 1.169865e-04        1
1034 5.358947e-05        1
1035 1.414356e-04        1
1036 7.643951e-04        1
1037 3.421431e-06        1
1038 1.758594e-04        1
1039 5.057111e-05        1
1040 3.999240e-04        1
1041 2.448065e-04        1
1042 1.402160e-04        1
1043 1.375880e-05        1
1044 5.723958e-05        1
1045 5.968142e-04        1
1046 1.069549e-03        1
1047 3.364492e-04        1
1048 2.543065e-05        1
1049 5.869085e-03        1
1050 1.386307e-05        1
1051 3.496260e-04        1
1052 9.891687e-04        1
1053 1.750346e-05        1
1054 5.266887e-04        1
1055 2.666129e-05        1
1056 4.657034e-04        1
1057 3.500346e-03        1
1058 8.897649e-06        1
1059 1.379450e-03        1
1060 6.854754e-07        1
1061 3.611498e-04        1
1062 3.480374e-04        1
1063 5.014566e-05        1
1064 2.455125e-05        1
1065 8.966400e-04        1
1066 5.002407e-05        1
1067 5.243462e-03  0.23205
1068 5.501891e-06        1
1069 1.702050e-03        1
1070 3.163090e-05        1
1071 9.915487e-06        1
1072 1.665324e-03        1
1073 8.578079e-04        1
1074 5.412057e-06        1
1075 1.488174e-03        1
1076 2.960734e-04        1
1077 2.579006e-04        1
1078 1.252517e-04        1
1079 8.342534e-07        1
1080 1.242358e-03        1
1081 1.066873e-04        1
1082 3.603842e-05        1
1083 3.572664e-06        1
1084 7.477353e-06        1
1085 2.761369e-05        1
1086 9.086584e-05        1
1087 6.497296e-04        1
1088 4.894511e-05        1
1089 4.324264e-04        1
1090 9.595221e-04        1
1091 4.481265e-04        1
1092 2.309333e-03        1
1093 4.729348e-04        1
1094 2.302724e-05        1
1095 1.307943e-04        1
1096 2.980218e-04        1
1097 1.566740e-03        1
1098 3.909409e-03        1
1099 2.126598e-04        1
1100 2.207831e-04        1
1101 1.712873e-04        1
1102 6.372272e-04        1
1103 1.005199e-03        1
1104 4.605113e-03        1
1105 1.166522e-03        1
1106 1.018652e-03        1
1107 1.251151e-05        1
1108 2.657443e-03        1
1109 2.863474e-03        1
1110 8.091569e-05        1
1111 3.586443e-06        1
1112 2.324874e-04        1
1113 1.822154e-03        1
1114 1.076929e-04        1
1115 7.117680e-05        1
1116 7.690942e-06        1
1117 1.394207e-04        1
1118 8.275539e-05        1
1119 7.613123e-04        1
1120 4.888335e-04        1
1121 5.239018e-04        1
1122 1.897275e-04        1
1123 2.873615e-04        1
1124 5.355048e-08        1
1125 1.711684e-04        1
1126 3.433930e-03        1
1127 4.136631e-05        1
1128 9.103625e-04        1
1129 4.146655e-06        1
1130 2.910850e-03        1
1131 8.812673e-04        1
1132 7.601623e-06        1
1133 3.258649e-05        1
1134 2.975163e-04        1
1135 2.255350e-03        1
1136 1.317241e-05        1
1137 2.384165e-04        1
1138 1.105932e-03        1
1139 1.264324e-03        1
1140 3.777221e-04        1
1141 1.292334e-03        1
1142 1.617967e-04        1
1143 5.825243e-04        1
1144 3.570937e-05        1
1145 1.899113e-05        1
1146 2.127889e-04        1
1147 2.004220e-03        1
1148 2.930387e-03        1
1149 8.553924e-05        1
1150 2.845617e-06        1
1151 9.895436e-06        1
1152 2.361174e-04        1
1153 1.038577e-03        1
1154 1.179053e-05        1
1155 7.006622e-03        1
1156 4.207814e-04        1
1157 8.360063e-04        1
1158 2.699243e-05        1
1159 3.905367e-06        1
1160 4.596170e-04        1
1161 4.663595e-05        1
1162 6.738663e-03        1
1163 1.084311e-03        1
1164 2.364642e-05        1
1165 5.363445e-04        1
1166 5.985055e-05        1
1167 2.810567e-04        1
1168 1.681673e-04        1
1169 1.165211e-04        1
1170 8.930743e-05        1
1171 7.501345e-04        1
1172 2.700993e-04        1
1173 2.144661e-03        1
1174 2.051606e-05        1
1175 5.112146e-04        1
1176 7.136051e-04        1
1177 1.148663e-04        1
1178 2.623843e-05        1
1179 3.753514e-05        1
1180 7.944820e-05        1
1181 8.498687e-04        1
1182 1.043652e-04        1
1183 9.598441e-05        1
1184 3.104700e-04        1
1185 7.976678e-04        1
1186 6.673115e-04        1
1187 4.417330e-04        1
1188 3.203859e-04        1
1189 1.986917e-04        1
1190 8.090433e-05        1
1191 1.784268e-05        1
1192 1.207426e-06        1
1193 2.571600e-06        1
1194 4.356287e-06        1
1195 2.108804e-03        1
1196 4.565120e-04        1
1197 2.385450e-07        1
1198 1.350628e-03        1
1199 1.385114e-04        1
1200 2.712233e-05        1
1201 4.865331e-05        1
1202 4.400963e-05        1
1203 3.520860e-05        1
1204 3.605733e-04        1
1205 9.316762e-04        1
1206 5.471748e-05        1
1207 6.492364e-05        1
1208 1.330281e-02        1
1209 2.916217e-03        1
1210 9.675001e-05        1
1211 1.141739e-03        1
1212 8.661420e-03        1
1213 3.684520e-03        1
1214 3.489942e-03        1
1215 2.394002e-04        1
1216 4.914686e-04        1
1217 9.191325e-06        1
1218 6.601043e-05        1
1219 3.146967e-04        1
1220 1.048222e-04        1
1221 8.201657e-05        1
1222 1.255538e-04        1
1223 1.076415e-04        1
1224 5.003843e-05        1
1225 9.950520e-05        1
1226 6.103351e-05        1
1227 4.997612e-04        1
1228 6.557079e-04        1
1229 4.104950e-04        1
1230 4.719570e-04        1
1231 1.221839e-04        1
1232 2.340872e-04        1
1233 4.566761e-04        1
1234 1.426903e-04        1
1235 3.395557e-04        1
1236 2.344824e-05        1
1237 1.168879e-03        1
1238 5.350636e-04        1
1239 1.091932e-05        1
1240 1.439603e-04        1
1241 2.769609e-05        1
1242 2.382831e-04        1
1243 1.799737e-04        1
1244 3.953588e-04        1
1245 9.751759e-05        1
1246 2.441915e-04        1
1247 1.467984e-04        1
1248 1.052385e-04        1
1249 3.606209e-04        1
1250 3.682790e-04        1
1251 1.581029e-04        1
1252 1.128338e-03        1
1253 2.873186e-05        1
1254 1.035489e-05        1
1255 7.509895e-04        1
1256 3.183057e-06        1
1257 2.349336e-05        1
1258 7.150433e-07        1
1259 6.265763e-05        1
1260 8.387673e-06        1
1261 2.393418e-04        1
1262 2.168562e-04        1
1263 6.045976e-04        1
1264 6.402758e-05        1
1265 1.371774e-04        1
1266 7.714008e-05        1
1267 3.340275e-04        1
1268 2.766095e-04        1
1269 1.413430e-05        1
1270 3.163982e-07        1
1271 1.059845e-03        1
1272 2.137680e-04        1
1273 1.657065e-05        1
1274 7.122565e-04        1
1275 2.168375e-04        1
1276 8.820677e-05        1
1277 6.939584e-05        1
1278 9.017708e-04        1
1279 1.368728e-05        1
1280 9.435171e-07        1
1281 5.219185e-04        1
1282 6.143042e-05        1
1283 4.572402e-04        1
1284 5.460592e-05        1
1285 6.284941e-07        1
1286 3.334424e-05        1
1287 6.116261e-05        1
1288 1.859661e-04        1
1289 2.583555e-04        1
1290 4.333143e-05        1
1291 1.169177e-05        1
1292 1.886408e-03        1
1293 2.285931e-06        1
1294 4.437936e-05        1
1295 2.514881e-05        1
1296 6.869642e-04        1
1297 7.929649e-04        1
1298 8.288971e-04        1
1299 5.287420e-05        1
1300 8.235083e-05        1
1301 1.179150e-04        1
1302 4.565792e-04        1
1303 4.633957e-06        1
1304 1.353555e-03        1
1305 1.110842e-03        1
1306 7.451404e-05        1
1307 9.117000e-04        1
1308 8.166877e-05        1
1309 3.368091e-05        1
1310 8.490235e-04        1
1311 3.197402e-03        1
1312 6.752173e-04        1
1313 4.694014e-04        1
1314 9.762102e-05        1
1315 5.954578e-04        1
1316 1.021817e-04        1
1317 2.491557e-04        1
1318 4.793840e-06        1
1319 2.330576e-05        1
1320 2.657101e-03        1
1321 1.406665e-03        1
1322 7.773186e-05        1
1323 1.569667e-05        1
1324 7.726940e-04        1
1325 1.868346e-04        1
1326 5.907944e-04        1
1327 2.293884e-04        1
1328 2.450370e-06        1
1329 1.358635e-03        1
1330 3.710216e-04        1
1331 7.841287e-06        1
1332 3.788602e-04        1
1333 4.617319e-04        1
1334 2.959643e-05        1
1335 3.854459e-04        1
1336 6.260100e-05        1
1337 2.530011e-04        1
1338 2.013793e-03        1
1339 1.998655e-05        1
1340 5.067704e-05        1
1341 1.856586e-04        1
1342 9.360566e-04        1
1343 1.220280e-05        1
1344 6.010631e-05        1
1345 7.998174e-05        1
1346 4.266681e-05        1
1347 1.788234e-05        1
1348 7.732895e-05        1
1349 9.150212e-04        1
1350 9.233845e-04        1
1351 4.288345e-04        1
1352 1.100104e-04        1
1353 8.104339e-05        1
1354 5.068373e-04        1
1355 1.474285e-04        1
1356 2.858641e-04        1
1357 4.258815e-05        1
1358 1.077938e-03        1
1359 8.345408e-04        1
1360 1.210805e-04        1
1361 7.136145e-06        1
1362 1.338466e-03        1
1363 6.707399e-05        1
1364 7.676489e-05        1
1365 7.087156e-04        1
1366 7.586794e-04        1
1367 1.629849e-04        1
1368 6.294573e-05        1
1369 4.852179e-05        1
1370 3.431106e-03        1
1371 1.119561e-04        1
1372 2.355143e-03        1
1373 4.115487e-06        1
1374 3.980321e-04        1
1375 4.898672e-04        1
1376 2.848372e-03   0.7293
1377 8.790069e-05        1
1378 2.368433e-06        1
1379 9.883988e-04        1
1380 5.310196e-05        1
1381 6.004732e-05        1
1382 9.164263e-05        1
1383 5.996851e-04        1
1384 1.025483e-05        1
1385 4.397625e-04        1
1386 1.261772e-06        1
1387 7.509706e-05        1
1388 6.334917e-05        1
1389 2.910478e-05        1
1390 4.153894e-04        1
1391 6.354064e-04        1
1392 1.606060e-05        1
1393 6.460249e-05        1
1394 5.429265e-04        1
1395 9.073193e-05        1
1396 2.861733e-04        1
1397 3.457050e-04        1
1398 6.634852e-06        1
1399 1.440452e-04        1
1400 8.784774e-05        1
1401 6.914669e-07        1
1402 1.157229e-03        1
1403 4.027765e-07        1
1404 2.542574e-05        1
1405 2.140136e-04        1
1406 4.092746e-06        1
1407 7.666521e-04        1
1408 3.193446e-04        1
1409 2.964702e-04        1
1410 1.176530e-06        1
1411 1.552802e-03        1
1412 6.237286e-06        1
1413 3.199575e-04        1
1414 3.642298e-04        1
1415 5.881652e-06        1
1416 3.623562e-04        1
1417 7.533221e-05        1
1418 4.268830e-04        1
1419 5.118918e-06        1
1420 4.012265e-05        1
1421 7.413139e-05        1
1422 9.579496e-05        1
1423 1.049260e-04        1
1424 1.716211e-04        1
1425 1.131259e-04        1
1426 1.806016e-06        1
1427 1.576775e-03        1
1428 2.543956e-06        1
1429 8.443158e-05        1
1430 8.444994e-04        1
1431 5.551846e-04        1
1432 3.996171e-04        1
1433 2.018572e-03        1
1434 6.841970e-05        1
1435 1.253385e-04        1
1436 2.094517e-05        1
1437 4.027052e-04        1
1438 1.121225e-04        1
1439 4.993276e-04        1
1440 2.864316e-05        1
1441 7.910176e-04        1
1442 1.299199e-04        1
1443 1.722548e-04        1
1444 7.584651e-05        1
1445 1.244688e-04        1
1446 8.006592e-04        1
1447 3.329267e-04        1
1448 2.863952e-04        1
1449 2.003113e-06        1
1450 4.018386e-05        1
1451 8.456760e-04        1
1452 6.146545e-04        1
1453 2.906527e-04        1
1454 3.234127e-04        1
1455 9.949562e-04        1
1456 6.997783e-04        1
1457 8.103632e-04        1
1458 5.964915e-04        1
1459 3.899797e-04        1
1460 3.387473e-04        1
1461 5.572905e-04        1
1462 7.635984e-05        1
1463 4.969433e-04        1
1464 3.543854e-08        1
1465 2.436435e-03        1
1466 2.665995e-04        1
1467 4.406140e-06        1
1468 4.520652e-04        1
1469 1.441575e-04        1
1470 1.218355e-04        1
1471 4.578130e-04        1
1472 3.132314e-04        1
1473 4.401535e-04        1
1474 2.512560e-07        1
1475 2.684416e-04        1
1476 1.088898e-04        1
1477 6.701773e-05        1
1478 6.221154e-05        1
1479 1.304885e-04        1
1480 1.258829e-04        1
1481 2.116126e-05        1
1482 3.172128e-04        1
1483 3.029580e-04        1
1484 1.419943e-04        1
1485 8.112392e-05        1
1486 3.189200e-06        1
1487 2.148230e-05        1
1488 1.995359e-04        1
1489 4.752393e-05        1
1490 8.144686e-05        1
1491 7.367719e-06        1
1492 3.802308e-04        1
1493 2.441109e-04        1
1494 2.386766e-04        1
1495 6.010416e-04        1
1496 9.789913e-07        1
1497 1.022047e-03        1
1498 3.310406e-04        1
1499 5.479498e-04        1
1500 1.477614e-05        1
1501 7.858014e-04        1
1502 1.915872e-03        1
1503 5.812159e-04        1
1504 3.585542e-05        1
1505 1.204188e-03        1
1506 1.549196e-03        1
1507 2.069720e-04        1
1508 9.881003e-04        1
1509 1.139693e-03        1
1510 1.934647e-03        1
1511 3.941687e-04        1
1512 4.293879e-04        1
1513 5.769092e-05        1
1514 3.521035e-04        1
1515 2.738539e-04        1
1516 2.124771e-04        1
1517 5.382618e-04        1
1518 2.320981e-04        1
1519 2.668054e-04        1
1520 9.358587e-05        1
1521 8.817849e-06        1
1522 1.593692e-08        1
1523 3.844141e-04        1
1524 1.295321e-03        1
1525 2.985928e-06        1
1526 2.670339e-03        1
1527 4.260818e-06        1
1528 1.374077e-06        1
1529 2.596052e-04        1
1530 6.543054e-05        1
1531 1.011464e-03        1
1532 1.015131e-04        1
1533 8.987061e-04        1
1534 6.384051e-03        1
1535 3.031873e-04        1
1536 2.255199e-05        1
1537 4.363777e-04        1
1538 3.513491e-05        1
1539 6.451104e-05        1
1540 9.907035e-05        1
1541 4.182893e-04        1
1542 5.481271e-08        1
1543 1.422324e-05        1
1544 1.829042e-05        1
1545 9.158100e-06        1
1546 2.506001e-04        1
1547 2.293622e-03        1
1548 8.007319e-05        1
1549 5.187167e-04        1
1550 3.154026e-04        1
1551 1.673858e-04        1
1552 4.701564e-05        1
1553 1.545868e-04        1
1554 9.659419e-04        1
1555 4.534286e-04        1
1556 2.288892e-04        1
1557 1.042252e-04        1
1558 6.616310e-04        1
1559 9.950397e-05        1
1560 1.610963e-04        1
1561 2.501419e-06        1
1562 1.024740e-04        1
1563 9.914896e-04        1
1564 1.235819e-04        1
1565 1.187485e-03        1
1566 3.734060e-04        1
1567 4.336327e-05        1
1568 1.162464e-04        1
1569 9.287325e-05        1
1570 1.182215e-04        1
1571 8.087060e-06        1
1572 2.319818e-06        1
1573 2.146197e-05        1
1574 4.777010e-04        1
1575 9.030215e-07        1
1576 3.265666e-04        1
1577 1.631225e-05        1
1578 2.677951e-06        1
1579 2.006255e-04        1
1580 1.067742e-03        1
1581 5.437507e-04        1
1582 8.939885e-05        1
1583 4.549836e-05        1
1584 2.081273e-04        1
1585 5.076921e-04        1
1586 2.133203e-03        1
1587 2.006356e-04        1
1588 2.460050e-05        1
1589 8.877982e-04        1
1590 1.164019e-03        1
1591 1.440077e-04        1
1592 1.522816e-03        1
1593 1.327291e-04        1
1594 3.905405e-05        1
1595 3.345699e-04        1
1596 1.146070e-04        1
1597 2.412549e-03        1
1598 1.018513e-03        1
1599 1.082388e-04        1
1600 2.574930e-04        1
1601 5.271823e-04        1
1602 5.146392e-04        1
1603 6.022350e-07        1
1604 3.624572e-03        1
1605 1.256604e-04        1
1606 3.609300e-05        1
1607 2.017093e-04        1
1608 2.966792e-03        1
1609 2.354525e-04        1
1610 2.123491e-05        1
1611 1.677706e-04        1
1612 5.825624e-04        1
1613 1.954876e-04        1
1614 3.077946e-03        1
1615 2.961600e-04        1
1616 7.310716e-04        1
1617 1.025800e-04        1
1618 2.250399e-03        1
1619 4.855973e-04        1
1620 6.190871e-04        1
1621 8.431844e-05        1
1622 3.618300e-03        1
1623 2.608154e-05        1
1624 3.767527e-05        1
1625 1.333512e-03        1
1626 5.787630e-05        1
1627 9.746662e-07        1
1628 3.747568e-04        1
1629 7.359448e-05        1
1630 1.221591e-04        1
1631 7.525972e-04        1
1632 1.404876e-05        1
1633 2.412325e-05        1
1634 1.423416e-04        1
1635 2.124429e-05        1
1636 1.022789e-04        1
1637 1.084938e-03        1
1638 2.068868e-05        1
1639 1.091989e-03        1
1640 1.312808e-03        1
1641 1.485407e-03        1
1642 5.060643e-04        1
1643 5.633068e-04        1
1644 3.911843e-04        1
1645 3.542489e-06        1
1646 5.385062e-04        1
1647 4.438488e-05        1
1648 9.500729e-04        1
1649 1.579710e-05        1
1650 4.648886e-04        1
1651 1.348349e-02        1
1652 2.962650e-05        1
1653 2.122078e-04        1
1654 2.900834e-05        1
1655 2.542615e-03        1
1656 4.880435e-05        1
1657 1.466012e-04        1
1658 3.873109e-04        1
1659 3.838206e-05        1
1660 4.935126e-04        1
1661 8.723636e-05        1
1662 9.075737e-04        1
1663 3.135254e-04        1
1664 4.289055e-04        1
1665 2.707019e-04        1
1666 3.172381e-05        1
1667 5.081376e-05        1
1668 3.352496e-04        1
1669 1.971554e-04        1
1670 3.526016e-04        1
1671 1.429598e-04        1
1672 4.977880e-04        1
1673 4.883739e-06        1
1674 3.498377e-04        1
1675 1.094370e-05        1
1676 7.996882e-06        1
1677 7.067193e-05        1
1678 1.882087e-04        1
1679 1.118602e-03        1
1680 3.770203e-03        1
1681 5.297342e-04        1
1682 2.662949e-07        1
1683 8.142236e-04        1
1684 4.456596e-04        1
1685 2.575175e-07        1
1686 6.067276e-05        1
1687 2.455883e-05        1
1688 2.689274e-03        1
1689 4.181521e-04        1
1690 3.870360e-05        1
1691 1.157321e-04        1
1692 1.823852e-04        1
1693 6.326083e-05        1
1694 3.070326e-04        1
1695 4.056258e-04        1
1696 2.348560e-05        1
1697 3.491130e-07        1
1698 8.209618e-04        1
1699 5.513105e-03        1
1700 8.714612e-04        1
1701 7.252332e-04        1
1702 3.914495e-04        1
1703 2.165904e-03        1
1704 6.015528e-05        1
1705 8.873609e-05        1
1706 2.333430e-06        1
1707 3.900955e-06        1
1708 9.439666e-05        1
1709 1.264147e-03        1
1710 1.327577e-02        1
1711 5.181821e-04        1
1712 3.087702e-03        1
1713 4.804145e-05        1
1714 1.570296e-04        1
1715 1.478016e-04        1
1716 3.266004e-04        1
1717 1.372140e-04        1
1718 1.017444e-05        1
1719 3.336288e-04        1
1720 2.318822e-04        1
1721 3.670980e-03        1
1722 5.852150e-04        1
1723 5.875552e-06        1
1724 6.144077e-05        1
1725 1.430900e-04        1
1726 1.813419e-03        1
1727 1.131950e-03        1
1728 6.178730e-04        1
1729 3.091522e-03        1
1730 4.299035e-05        1
1731 7.413189e-08        1
1732 1.488852e-04        1
1733 6.869284e-04        1
1734 3.890542e-05        1
1735 1.890637e-04        1
1736 2.257970e-03        1
1737 6.954079e-08        1
1738 1.580312e-03        1
1739 3.246433e-07        1
1740 5.573860e-04        1
1741 3.250951e-05        1
1742 6.336434e-04        1
1743 2.803740e-05        1
1744 3.545042e-04        1
1745 1.018999e-06        1
1746 1.635549e-03        1
1747 1.572637e-04        1
1748 1.669049e-04        1
1749 8.439455e-06        1
1750 3.654072e-04        1
1751 3.029562e-03        1
1752 1.878212e-05        1
1753 3.269061e-04        1
1754 7.394170e-04        1
1755 2.118618e-03        1
1756 1.445231e-03        1
1757 2.425826e-05        1
1758 5.995584e-04        1
1759 6.786266e-05        1
1760 6.679523e-04        1
1761 8.915938e-06        1
1762 6.511656e-04        1
1763 8.538488e-06        1
1764 1.454853e-04        1
1765 5.206073e-04        1
1766 1.757214e-04        1
1767 8.987452e-04        1
1768 1.198212e-05        1
1769 7.446428e-05        1
1770 2.909977e-04        1
1771 6.255382e-05        1
1772 1.394709e-04        1
1773 1.381876e-03        1
1774 4.275653e-04        1
1775 1.546885e-04        1
1776 3.662973e-04        1
1777 1.137222e-04        1
1778 2.446416e-03        1
1779 2.174482e-05        1
1780 1.051334e-05        1
1781 1.496940e-03        1
1782 1.776863e-03        1
1783 3.087253e-05        1
1784 1.829062e-05        1
1785 3.933143e-05        1
1786 1.471129e-05        1
1787 3.125756e-03        1
1788 4.475499e-04        1
1789 1.280591e-04        1
1790 3.848760e-04        1
1791 2.008678e-07        1
1792 3.067902e-05        1
1793 1.670619e-04        1
1794 1.089360e-04        1
1795 6.313131e-06        1
1796 6.255739e-05        1
1797 2.911176e-04        1
1798 3.659462e-04        1
1799 3.845990e-04        1
1800 1.299757e-04        1
1801 1.809896e-05        1
1802 2.305664e-03        1
1803 7.879721e-04        1
1804 6.085614e-04        1
1805 2.246475e-04        1
1806 9.130602e-04        1
1807 2.025858e-03        1
1808 3.115765e-04        1
1809 1.219146e-04        1
1810 1.428147e-04        1
1811 1.188055e-03        1
1812 2.253352e-04        1
1813 1.491157e-04        1
1814 3.599308e-03        1
1815 4.649706e-04        1
1816 7.088219e-05        1
1817 2.175547e-06        1
1818 5.912152e-08        1
1819 7.715438e-09        1
1820 7.224011e-04        1
1821 9.150857e-04        1
1822 4.799257e-05        1
1823 3.451192e-06        1
1824 3.480718e-05        1
1825 7.576337e-04        1
1826 1.060157e-05        1
1827 9.912805e-05        1
1828 7.658993e-05        1
1829 9.597684e-04        1
1830 3.256331e-06        1
1831 2.183087e-05        1
1832 1.994240e-05        1
1833 5.720166e-04        1
1834 1.033698e-04        1
1835 3.378645e-04        1
1836 4.789615e-04        1
1837 7.757745e-04        1
1838 6.680934e-03        1
1839 7.015536e-05        1
1840 3.031344e-04        1
1841 6.597896e-04        1
1842 3.437093e-05        1
1843 3.432606e-04        1
1844 5.400727e-03        1
1845 2.216156e-04        1
1846 6.706985e-04        1
1847 2.316956e-05        1
1848 3.282253e-03        1
1849 9.148604e-05        1
1850 3.593879e-05        1
1851 1.826849e-04        1
1852 1.456554e-04        1
1853 1.236607e-03        1
1854 1.152089e-03        1
1855 3.675973e-04        1
1856 6.452443e-05        1
1857 1.644306e-04        1
1858 6.438303e-03        1
1859 5.652339e-05        1
1860 1.213907e-04        1
1861 6.537212e-07        1
1862 5.375017e-05        1
1863 5.688757e-04        1
1864 1.039397e-04        1
1865 3.499059e-04        1
1866 1.088143e-05        1
1867 1.365168e-04        1
1868 3.649817e-06        1
1869 5.197049e-04        1
1870 1.250202e-03        1
1871 5.033606e-06        1
1872 1.773617e-04        1
1873 6.784049e-04        1
1874 5.364798e-06        1
1875 1.114151e-03        1
1876 6.781869e-04        1
1877 4.451371e-04        1
1878 9.568402e-05        1
1879 1.803187e-05        1
1880 5.822612e-06        1
1881 9.158252e-04        1
1882 6.560263e-04        1
1883 1.966151e-04        1
1884 9.421475e-05        1
1885 5.622661e-05        1
1886 1.949265e-06        1
1887 4.295203e-04        1
1888 1.672475e-03        1
1889 4.125795e-05        1
1890 2.379356e-03        1
1891 1.271811e-04        1
1892 2.052206e-04        1
1893 9.602953e-06        1
1894 2.125515e-04        1
1895 5.384607e-04        1
1896 4.949465e-05        1
1897 5.233237e-04        1
1898 7.776559e-03        1
1899 1.270388e-03        1
1900 1.402066e-04        1
1901 2.992874e-05        1
1902 3.425031e-03        1
1903 6.154077e-07        1
1904 6.178078e-05        1
1905 1.260910e-03        1
1906 1.153726e-06        1
1907 8.470672e-04        1
1908 6.699869e-04        1
1909 5.784269e-05        1
1910 3.733683e-04        1
1911 2.627773e-05        1
1912 6.285648e-04        1
1913 1.020111e-03        1
1914 4.580846e-04        1
1915 1.133126e-03        1
1916 1.599923e-04        1
1917 1.527325e-02        1
1918 9.575116e-04        1
1919 9.120796e-04        1
1920 9.351049e-07        1
1921 2.426180e-03        1
1922 1.897671e-04        1
1923 9.898311e-04        1
1924 7.524118e-05        1
1925 3.730463e-04        1
1926 1.920768e-04        1
1927 1.062260e-03        1
1928 1.108806e-04        1
1929 6.538853e-04        1
1930 1.276098e-04        1
1931 6.213839e-09        1
1932 1.219555e-05        1
1933 5.331670e-04        1
1934 2.606644e-04        1
1935 2.186503e-04        1
1936 1.208917e-04        1
1937 8.473833e-04        1
1938 5.710480e-04        1
1939 1.262442e-03        1
1940 1.407977e-04        1
1941 3.782608e-04        1
1942 2.753119e-05        1
1943 2.721327e-05        1
1944 5.270626e-04        1
1945 4.670825e-05        1
1946 1.458726e-05        1
1947 3.546493e-03        1
1948 1.352308e-05        1
1949 2.374057e-05        1
1950 5.173702e-05        1
1951 3.292335e-04        1
1952 5.687606e-04        1
1953 2.951132e-04        1
1954 2.092020e-04        1
1955 6.477695e-06        1
1956 1.399956e-04        1
1957 1.591367e-04        1
1958 5.253826e-05        1
1959 1.531619e-04        1
1960 2.276252e-05        1
1961 8.227504e-04        1
1962 1.502278e-04        1
1963 2.466125e-04        1
1964 1.248366e-03        1
1965 4.294668e-05        1
1966 1.855091e-03        1
1967 2.542372e-03        1
1968 3.119878e-05        1
1969 7.979864e-05        1
1970 1.001354e-03        1
1971 4.808897e-04        1
1972 1.422608e-04        1
1973 1.164775e-02        1
1974 3.454345e-04        1
1975 2.377888e-04        1
1976 9.771650e-03        1
1977 1.959908e-05        1
1978 6.979501e-06        1
1979 4.761825e-05        1
1980 1.111542e-03        1
1981 4.828756e-05        1
1982 1.717071e-07        1
1983 5.865594e-05        1
1984 1.264499e-04        1
1985 4.223710e-04        1
1986 3.516555e-06        1
1987 2.441435e-04        1
1988 1.725737e-03        1
1989 2.951696e-04        1
1990 1.445842e-04        1
1991 2.860228e-04        1
1992 3.920841e-05        1
1993 2.551478e-03        1
1994 1.827659e-03        1
1995 9.481129e-04        1
1996 2.430587e-05        1
1997 2.009703e-05        1
1998 6.662115e-03        1
1999 3.717652e-05        1
2000 1.467231e-06        1
2001 2.195822e-05        1
2002 1.328048e-05        1
2003 1.247301e-03        1
2004 1.034687e-04        1
2005 1.705791e-03        1
2006 4.391188e-07        1
2007 2.551377e-05        1
2008 2.234852e-04        1
2009 4.850311e-04        1
2010 1.032262e-04        1
2011 7.994474e-04        1
2012 4.615228e-04        1
2013 6.135844e-07        1
2014 8.186110e-07        1
2015 5.019371e-04        1
2016 4.515930e-06        1
2017 7.617217e-05        1
2018 8.053935e-06        1
2019 1.660010e-03        1
2020 7.262605e-04        1
2021 3.707360e-04        1
2022 1.480736e-04        1
2023 6.728716e-06        1
2024 5.877712e-04        1
2025 2.667662e-04        1
2026 2.070214e-04        1
2027 9.460275e-05        1
2028 7.562676e-05        1
2029 8.565761e-05        1
2030 2.793809e-04        1
2031 5.450634e-05        1
2032 4.500460e-05        1
2033 8.742395e-04        1
2034 1.436347e-04        1
2035 8.737987e-05        1
2036 1.960188e-04        1
2037 1.727897e-04        1
2038 5.849250e-05        1
2039 3.648919e-06        1
2040 1.358558e-03        1
2041 1.445565e-05        1
2042 1.270202e-04        1
2043 1.327441e-03        1
2044 8.690407e-05        1
2045 4.537375e-05        1
2046 9.494765e-06        1
2047 2.961415e-06        1
2048 1.169932e-04        1
2049 1.090537e-03        1
2050 5.679218e-04        1
2051 1.576559e-05        1
2052 3.074233e-04        1
2053 6.001810e-04        1
2054 2.220420e-04        1
2055 4.005984e-06        1
2056 1.072298e-03        1
2057 8.137946e-05        1
2058 1.063155e-03        1
2059 2.837175e-05        1
2060 2.082460e-04        1
2061 9.333410e-07        1
2062 3.100151e-04        1
2063 1.337378e-04        1
2064 5.308133e-04        1
2065 4.425440e-04        1
2066 4.008168e-03        1
2067 3.826210e-04        1
2068 2.474275e-04        1
2069 1.266054e-04        1
2070 4.040844e-04        1
2071 1.012463e-04        1
2072 1.965160e-04        1
2073 1.773367e-03        1
2074 7.799291e-05        1
2075 1.557057e-04        1
2076 3.154957e-07        1
2077 4.493893e-04        1
2078 1.529631e-04        1
2079 2.074236e-06        1
2080 2.376453e-06        1
2081 8.452370e-05        1
2082 2.213167e-03        1
2083 3.159879e-04        1
2084 4.448128e-04        1
2085 1.363478e-04        1
2086 1.015988e-03        1
2087 2.129386e-04        1
2088 6.559067e-04        1
2089 2.089717e-03        1
2090 9.993529e-06        1
2091 1.255381e-06        1
2092 1.130819e-06        1
2093 8.030988e-05        1
2094 2.312594e-04        1
2095 1.923535e-04        1
2096 2.621509e-03        1
2097 5.540997e-03        1
2098 1.991519e-03        1
2099 2.201046e-04        1
2100 1.672603e-03        1
2101 1.112087e-04        1
2102 2.963003e-05        1
2103 2.498563e-05        1
2104 1.740084e-04        1
2105 1.126008e-03        1
2106 4.450001e-04        1
2107 2.878164e-05        1
2108 5.085440e-04        1
2109 1.995941e-04        1
2110 1.062686e-05        1
2111 6.001449e-05        1
2112 9.731571e-06        1
2113 4.392424e-04        1
2114 6.156097e-08        1
2115 4.245999e-06        1
2116 6.492817e-04        1
2117 1.379887e-03        1
2118 1.850362e-04        1
2119 6.566547e-03        1
2120 1.498252e-06        1
2121 3.053025e-04        1
2122 3.831470e-04        1
2123 2.283550e-04        1
2124 3.784261e-05        1
2125 1.272631e-05        1
2126 4.245846e-05        1
2127 1.216673e-05        1
2128 8.143573e-06        1
2129 4.554037e-05        1
2130 3.311854e-05        1
2131 4.667587e-04        1
2132 7.216539e-05        1
2133 3.251404e-04        1
2134 2.026247e-04        1
2135 4.961675e-04        1
2136 5.366430e-04        1
2137 7.309222e-05        1
2138 4.371150e-04        1
2139 1.527051e-03        1
2140 1.177659e-03        1
2141 5.040670e-06        1
2142 8.882393e-04        1
2143 2.963603e-04        1
2144 2.592023e-04        1
2145 9.177201e-05        1
2146 1.320761e-05        1
2147 4.114890e-04        1
2148 9.094397e-04        1
2149 1.746627e-04        1
2150 5.786472e-04        1
2151 3.571675e-03        1
2152 7.708559e-05        1
2153 8.584966e-04        1
2154 7.042912e-05        1
2155 1.656944e-04        1
2156 7.868698e-06        1
2157 6.896183e-05        1
2158 6.731216e-04        1
2159 7.030712e-05        1
2160 7.269972e-04        1
2161 4.754269e-04        1
2162 1.459741e-07        1
2163 3.992311e-04        1
2164 1.213571e-04        1
2165 7.851644e-04        1
2166 1.839741e-04        1
2167 7.528025e-05        1
2168 3.635638e-04        1
2169 1.577472e-04        1
2170 2.199694e-03        1
2171 1.203662e-03        1
2172 1.515788e-04        1
2173 1.642007e-03        1
2174 3.813225e-04        1
2175 1.435928e-04        1
2176 2.741308e-05        1
2177 3.114580e-04        1
2178 6.576268e-05        1
2179 5.066003e-04        1
2180 1.593025e-04        1
2181 2.009205e-03        1
2182 1.031787e-03        1
2183 2.175308e-05        1
2184 6.612873e-04        1
2185 8.101136e-05        1
2186 1.754116e-03        1
2187 1.882942e-05        1
2188 9.076435e-04        1
2189 1.193637e-05        1
2190 2.267509e-05        1
2191 1.137611e-06        1
2192 1.877462e-04        1
2193 1.764144e-03        1
2194 1.083489e-03        1
2195 2.596641e-05        1
2196 3.937179e-04        1
2197 1.025616e-04        1
2198 5.851655e-04        1
2199 9.663865e-04        1
2200 4.910093e-06        1
2201 4.930921e-04        1
2202 2.859083e-05        1
2203 2.552026e-04        1
2204 1.711584e-05        1
2205 8.515086e-05        1
2206 2.610500e-04        1
2207 9.976836e-04        1
2208 7.063457e-04        1
2209 1.707409e-04        1
2210 2.683256e-04        1
2211 2.031770e-04        1
2212 7.332931e-06        1
2213 5.301541e-04        1
2214 3.112460e-05        1
2215 3.732747e-04        1
2216 3.477002e-04        1
2217 1.093917e-03        1
2218 1.360819e-04        1
2219 6.196053e-05        1
2220 1.063864e-05        1
2221 4.451951e-06        1
2222 4.172486e-04        1
2223 7.639807e-03        1
2224 6.171732e-05        1
2225 2.828219e-04        1
2226 2.841025e-05        1
2227 9.165665e-05        1
2228 9.375791e-05        1
2229 3.560373e-04        1
2230 1.034575e-04        1
2231 1.042067e-03        1
2232 7.549324e-06        1
2233 1.185448e-03        1
2234 1.789404e-06        1
2235 4.221873e-04        1
2236 1.587030e-04        1
2237 7.942686e-05        1
2238 2.609870e-05        1
2239 2.783862e-04        1
2240 2.982606e-05        1
2241 1.012752e-05        1
2242 3.375304e-04        1
2243 2.881752e-03        1
2244 3.715634e-03        1
2245 3.133918e-04        1
2246 4.059307e-05        1
2247 2.161609e-06        1
2248 2.851105e-04        1
2249 1.301130e-04        1
2250 2.379601e-03        1
2251 5.946848e-03        1
2252 9.190999e-04        1
2253 1.777079e-04        1
2254 9.720896e-05        1
2255 3.295755e-04        1
2256 7.437188e-04        1
2257 2.808019e-04        1
2258 3.820911e-04        1
2259 4.009997e-04        1
2260 1.509244e-06        1
2261 3.883500e-05        1
2262 2.567895e-04        1
2263 5.715163e-05        1
2264 1.483985e-03        1
2265 1.641908e-04        1
2266 2.880431e-03        1
2267 5.540518e-03        1
2268 8.774426e-04        1
2269 2.351893e-03        1
2270 1.290624e-03        1
2271 2.460763e-07        1
2272 7.611232e-03        1
2273 7.746982e-04        1
2274 2.257593e-04        1
2275 3.030809e-05        1
2276 2.066892e-04        1
2277 2.457234e-05        1
2278 2.585100e-03        1
2279 1.946889e-03        1
2280 1.618159e-03        1
2281 5.528740e-05        1
2282 1.229185e-05        1
2283 2.266573e-04        1
2284 3.630256e-04        1
2285 1.398572e-04        1
2286 3.627560e-04        1
2287 1.336273e-04        1
2288 1.114326e-04        1
2289 5.317612e-03        1
2290 1.447344e-07        1
2291 4.515496e-04        1
2292 6.125713e-04        1
2293 2.493617e-04        1
2294 2.630721e-03        1
2295 2.993032e-03        1
2296 1.149044e-04        1
2297 2.443123e-04        1
2298 4.400461e-06        1
2299 1.384865e-04        1
2300 4.005278e-04        1
2301 1.609211e-03        1
2302 2.702524e-04        1
2303 3.715670e-05        1
2304 2.187131e-04        1
2305 1.828827e-04        1
2306 5.840538e-04        1
2307 1.035850e-03        1
2308 6.817444e-05        1
2309 2.612817e-04        1
2310 2.084780e-03        1
2311 8.265184e-06        1
2312 4.523653e-04        1
2313 1.322233e-04        1
2314 5.144911e-04        1
2315 1.262407e-03        1
2316 8.731340e-06        1
2317 1.199550e-05        1
2318 7.786363e-04        1
2319 6.385101e-03        1
2320 5.110257e-04        1
2321 3.167298e-04        1
2322 4.082427e-03        1
2323 3.518884e-04        1
2324 3.244878e-04        1
2325 4.582822e-05        1
2326 5.762736e-04        1
2327 6.977659e-06        1
2328 3.277163e-04        1
2329 3.936121e-04        1
2330 2.180084e-03        1
2331 1.428462e-03        1
2332 4.673936e-05        1
2333 8.531492e-04        1
2334 2.652572e-03        1
2335 8.747933e-04        1
2336 9.409815e-04        1
2337 6.186746e-04        1
2338 7.553955e-04        1
2339 1.702589e-06        1
2340 2.739483e-05        1
2341 1.842404e-04        1
2342 5.713666e-06        1
2343 1.883161e-04        1
2344 2.401401e-05        1
2345 1.695363e-04        1
2346 3.001377e-04        1
2347 2.833882e-06        1
2348 4.984745e-04        1
2349 2.370602e-04        1
2350 1.156586e-07        1
2351 1.853232e-04        1
2352 1.214459e-03        1
2353 6.044443e-04        1
2354 9.282156e-04        1
2355 7.260232e-05        1
2356 1.263975e-03        1
2357 1.638897e-04        1
2358 1.612580e-04        1
2359 1.950913e-05        1
2360 5.316453e-03        1
2361 2.349109e-05        1
2362 6.073901e-07        1
2363 1.405382e-03        1
2364 1.206750e-06        1
2365 1.958825e-04        1
2366 8.422023e-05        1
2367 5.188738e-05        1
2368 3.307630e-03        1
2369 3.988537e-04        1
2370 2.037038e-03        1
2371 5.166758e-04        1
2372 7.727843e-04        1
2373 7.252617e-04        1
2374 3.858614e-03        1
2375 4.489248e-04        1
2376 1.982676e-05        1
2377 7.989572e-04        1
2378 1.560761e-04        1
2379 5.031510e-04        1
2380 3.830225e-04        1
2381 2.015644e-04        1
2382 2.057542e-03        1
2383 9.759408e-05        1
2384 7.129027e-05        1
2385 1.790106e-04        1
2386 8.482704e-07        1
2387 6.486760e-04        1
2388 2.562680e-04        1
2389 2.455297e-04        1
2390 3.780951e-05        1
2391 1.691873e-04        1
2392 2.397959e-05        1
2393 1.057948e-04        1
2394 9.312617e-06        1
2395 1.071255e-04        1
2396 6.999846e-07        1
2397 1.379891e-05        1
2398 2.571062e-03        1
2399 6.661996e-06        1
2400 1.299069e-04        1
2401 3.136648e-04        1
2402 5.641278e-05        1
2403 1.312946e-06        1
2404 1.116670e-03        1
2405 3.223891e-05        1
2406 2.549896e-04        1
2407 1.235946e-03        1
2408 1.161102e-04        1
2409 3.152973e-04        1
2410 1.521493e-05        1
2411 4.631177e-07        1
2412 4.263788e-04        1
2413 3.804446e-03        1
2414 7.937111e-04        1
2415 8.007391e-05        1
2416 6.372207e-04        1
2417 1.991640e-06        1
2418 2.726585e-04        1
2419 1.136530e-04        1
2420 4.634312e-04        1
2421 1.717243e-04        1
2422 5.004329e-04        1
2423 1.850332e-04        1
2424 2.186083e-05        1
2425 2.262000e-04        1
2426 4.154587e-05        1
2427 7.705976e-04        1
2428 1.226844e-03        1
2429 6.549669e-05        1
2430 9.973386e-05        1
2431 6.020336e-05        1
2432 2.152619e-04        1
2433 3.441375e-04        1
2434 4.637745e-04        1
2435 3.047704e-05        1
2436 4.920011e-04        1
2437 6.562242e-04        1
2438 1.761219e-03        1
2439 5.404810e-04        1
2440 3.153211e-05        1
2441 3.233633e-02  0.49725
2442 1.025675e-03        1
2443 1.050446e-04        1
2444 2.708542e-04        1
2445 6.848013e-05        1
2446 2.196969e-03        1
2447 1.479396e-04        1
2448 2.327108e-04        1
2449 3.615870e-04        1
2450 4.316616e-03        1
2451 1.196603e-03        1
2452 1.505696e-04        1
2453 1.518718e-03        1
2454 3.654371e-04        1
2455 7.812636e-04        1
2456 5.971260e-04        1
2457 3.316548e-05        1
2458 1.118781e-03        1
2459 4.792124e-04        1
2460 2.442401e-05        1
2461 5.029679e-04        1
2462 6.262737e-05        1
2463 1.383218e-05        1
2464 3.640826e-04        1
2465 1.199927e-06        1
2466 6.458603e-04        1
2467 3.002412e-04        1
2468 4.535736e-04        1
2469 6.616794e-04        1
2470 5.066900e-04        1
2471 8.708148e-04        1
2472 1.466865e-07        1
2473 8.329697e-05        1
2474 1.255912e-04        1
2475 5.336702e-04        1
2476 3.672115e-04        1
2477 4.571109e-04        1
2478 7.587361e-04        1
2479 6.339178e-06        1
2480 5.284238e-04        1
2481 4.108115e-06        1
2482 4.086351e-04        1
2483 6.318084e-04        1
2484 3.858607e-06        1
2485 4.073637e-04        1
2486 1.351667e-05        1
2487 2.122470e-04        1
2488 1.478430e-03        1
2489 1.065038e-04        1
2490 2.332898e-03        1
2491 1.134649e-05        1
2492 2.254852e-05        1
2493 2.748005e-04        1
2494 1.733605e-04        1
2495 1.800411e-04        1
2496 3.243230e-04        1
2497 2.005447e-03        1
2498 3.071282e-07        1
2499 2.324474e-04        1
2500 3.079828e-05        1
2501 5.705967e-05        1
2502 1.986666e-04        1
2503 1.857661e-04        1
2504 8.617930e-06        1
2505 1.019004e-03        1
2506 2.728613e-05        1
2507 2.501194e-03        1
2508 7.465862e-05        1
2509 5.334413e-06        1
2510 6.310231e-04        1
2511 9.877003e-05        1
2512 1.817724e-05        1
2513 1.072635e-02        1
2514 6.091003e-04        1
2515 3.580391e-05        1
2516 1.782280e-03        1
2517 6.004152e-06        1
2518 2.256333e-04        1
2519 1.179308e-03        1
2520 1.619420e-03        1
2521 4.838771e-03        1
2522 4.673884e-05        1
2523 4.601060e-05        1
2524 3.322822e-03        1
2525 8.284933e-04        1
2526 2.043672e-04        1
2527 9.260647e-05        1
2528 2.273926e-06        1
2529 8.226042e-06        1
2530 3.937097e-05        1
2531 6.639041e-05        1
2532 1.943069e-05        1
2533 4.447158e-04        1
2534 1.809802e-04        1
2535 2.212258e-04        1
2536 1.679640e-03        1
2537 5.424859e-04        1
2538 2.313978e-06        1
2539 1.252696e-05        1
2540 3.841893e-04        1
2541 2.686180e-05        1
2542 7.277526e-04        1
2543 2.427670e-04        1
2544 4.595536e-04        1
2545 7.909215e-04        1
2546 2.387072e-04        1
2547 3.054976e-06        1
2548 2.107304e-04        1
2549 8.696789e-04        1
2550 2.888427e-04        1
2551 6.050807e-06        1
2552 7.717811e-04        1
2553 2.645217e-06        1
2554 6.815878e-05        1
2555 1.881704e-04        1
2556 8.981603e-06        1
2557 2.649708e-04        1
2558 8.082580e-05        1
2559 2.514912e-03        1
2560 2.562776e-03        1
2561 1.333731e-05        1
2562 5.919224e-05        1
2563 3.170525e-03        1
2564 4.819623e-03 <0.03315
2565 1.152601e-04        1
2566 6.258351e-05        1
2567 6.498988e-03        1
2568 7.545811e-04        1
2569 2.154994e-04        1
2570 3.444810e-03        1
2571 6.679523e-04        1
2572 3.239107e-04        1
2573 4.465746e-05        1
2574 8.915847e-05        1
2575 6.846135e-06        1
2576 3.177901e-05        1
2577 3.096450e-04        1
2578 6.198941e-04        1
2579 1.277973e-03        1
2580 2.760066e-04        1
2581 3.254935e-07        1
2582 3.948477e-05        1
2583 5.764710e-05        1
2584 2.572776e-04        1
2585 3.311011e-04        1
2586 1.103508e-04        1
2587 5.656209e-06        1
2588 2.925820e-04        1
2589 5.005856e-04        1
2590 6.072681e-05        1
2591 1.874942e-04        1
2592 1.768881e-04        1
2593 3.897877e-03        1
2594 2.454194e-04        1
2595 1.035601e-04        1
2596 2.804539e-04        1
2597 7.473957e-04        1
2598 1.838915e-03        1
2599 4.983061e-04        1
2600 2.606958e-04        1
2601 4.770324e-04        1
2602 2.269849e-04        1
2603 7.525054e-04        1
2604 6.686745e-08        1
2605 3.722079e-04        1
2606 5.855399e-04        1
2607 2.007557e-04        1
2608 2.960142e-05        1
2609 1.471593e-03        1
2610 2.098349e-06        1
2611 3.323785e-04        1
2612 5.295056e-04        1
2613 9.423512e-04        1
2614 2.866625e-05        1
2615 5.900996e-05        1
2616 3.817204e-05        1
2617 9.088603e-04        1
2618 3.926316e-04        1
2619 2.062777e-03        1
2620 3.639316e-05        1
2621 4.331036e-04        1
2622 6.683202e-04        1
2623 4.035154e-05        1
2624 1.868077e-04        1
2625 6.343527e-04        1
2626 3.025704e-04        1
2627 3.171570e-04        1
2628 1.456467e-04        1
2629 1.308370e-03        1
2630 7.060477e-06        1
2631 8.145137e-04        1
2632 8.124123e-04        1
2633 5.611526e-04        1
2634 3.879686e-04        1
2635 4.626184e-04        1
2636 4.236484e-04        1
2637 2.521677e-05        1
2638 3.484592e-05        1
2639 1.045260e-04        1
2640 1.190029e-03        1
2641 1.865090e-03        1
2642 1.015408e-05        1
2643 5.925844e-04        1
2644 1.855715e-04        1
2645 4.254883e-05        1
2646 2.452147e-03        1
2647 1.089869e-03        1
2648 1.200228e-02        1
2649 2.738168e-03        1
2650 1.314898e-03        1
2651 8.114596e-04        1
2652 1.913771e-06        1
2653 4.069844e-04        1
2654 8.016095e-05        1
2655 1.763747e-07        1
2656 2.479105e-04        1
2657 2.864893e-04        1
2658 9.403976e-04        1
2659 1.113640e-05        1
2660 8.972123e-05        1
2661 4.846792e-04        1
2662 3.593512e-04        1
2663 1.125165e-03        1
2664 3.061270e-04        1
2665 4.340933e-05        1
2666 1.113667e-04        1
2667 8.753462e-05        1
2668 1.995647e-04        1
2669 1.531094e-03        1
2670 3.641810e-04        1
2671 8.115298e-04        1
2672 5.448008e-04        1
2673 1.931796e-04        1
2674 1.275906e-07        1
2675 5.375661e-04        1
2676 2.233109e-05        1
2677 1.173364e-02        1
2678 8.701246e-06        1
2679 5.209412e-04        1
2680 1.043428e-04        1
2681 8.058818e-04        1
2682 1.097845e-03        1
2683 2.206967e-03        1
2684 1.751396e-03        1
2685 4.125893e-04        1
2686 2.275176e-05        1
2687 5.994434e-04        1
2688 3.651912e-02        1
2689 1.624992e-04        1
2690 7.946680e-07        1
2691 1.831344e-04        1
2692 2.915531e-03        1
2693 1.131150e-03        1
2694 1.438965e-03        1
2695 2.599816e-03        1
2696 1.069901e-03        1
2697 2.334624e-03        1
2698 4.096751e-04        1
2699 2.185337e-04        1
2700 7.448573e-04        1
2701 6.209393e-04        1
2702 3.018014e-03        1
2703 9.188859e-04        1
2704 2.212311e-04        1
2705 3.226683e-03        1
2706 8.889973e-04        1
2707 5.149845e-04        1
2708 3.752572e-05        1
2709 4.972579e-05        1
2710 2.724387e-07        1
2711 1.956115e-03        1
2712 3.222389e-05        1
2713 1.454503e-04        1
2714 7.429755e-06        1
2715 1.685614e-03        1
2716 2.304524e-03        1
2717 1.726111e-04        1
2718 9.054142e-05        1
2719 5.382135e-04        1
2720 1.756888e-06        1
2721 8.137649e-06        1
2722 4.121517e-03        1
2723 4.134774e-04        1
2724 2.673512e-04        1
2725 5.338800e-03        1
2726 1.683531e-04        1
2727 3.123101e-04        1
2728 1.365828e-03        1
2729 9.611889e-04        1
2730 1.241267e-05        1
2731 1.620241e-04        1
2732 1.993295e-03        1
2733 3.430731e-03        1
2734 3.773999e-04        1
2735 5.719121e-04        1
2736 1.742232e-04        1
2737 4.036765e-04        1
2738 1.256495e-04        1
2739 9.571934e-04        1
2740 1.176184e-03        1
2741 2.275659e-06        1
2742 1.310403e-03        1
2743 6.294483e-04        1
2744 2.492514e-03        1
2745 6.523054e-04        1
2746 6.939631e-05        1
2747 3.600644e-05        1
2748 5.910930e-04        1
2749 5.487616e-04        1
2750 4.059343e-06        1
2751 1.237751e-04        1
2752 7.727407e-05        1
2753 1.056728e-03        1
2754 2.244025e-04        1
2755 2.453055e-03        1
2756 1.500740e-03        1
2757 2.265466e-06        1
2758 8.065754e-04        1
2759 4.090699e-05        1
2760 9.587247e-03        1
2761 1.453093e-02        1
2762 9.086930e-04        1
2763 1.063223e-03        1
2764 1.000820e-04        1
2765 4.354513e-05        1
2766 1.549371e-03        1
2767 2.912677e-04        1
2768 3.506688e-04        1
2769 1.571352e-05        1
2770 2.638127e-03        1
2771 2.498954e-06        1
2772 1.545069e-05        1
2773 2.572814e-04        1
2774 4.530489e-04        1
2775 3.237058e-04        1
2776 4.670574e-05        1
2777 2.444409e-06        1
2778 2.653616e-03        1
2779 6.098159e-05        1
2780 5.506694e-04        1
2781 5.576395e-03        1
2782 3.620947e-05        1
2783 1.498273e-05        1
2784 6.486182e-05        1
2785 2.189226e-04        1
2786 1.136023e-03        1
2787 8.866797e-05        1
2788 6.179941e-05        1
2789 6.455573e-04        1
2790 3.649714e-04        1
2791 1.653123e-04        1
2792 2.626085e-06        1
2793 8.504220e-04        1
2794 7.446956e-04        1
2795 1.022760e-05        1
2796 4.582197e-03        1
2797 1.911334e-04        1
2798 7.341470e-06        1
2799 1.017971e-02        1
2800 5.644236e-04        1
2801 4.827011e-04        1
2802 4.639542e-04        1
2803 1.256399e-03        1
2804 5.138480e-03        1
2805 1.449141e-03        1
2806 1.745568e-05        1
2807 3.029717e-05        1
2808 6.404671e-05        1
2809 1.093539e-03        1
2810 3.960163e-03        1
2811 9.073384e-03        1
2812 6.041176e-04        1
2813 3.469536e-05        1
2814 5.469821e-04        1
2815 2.322832e-04        1
2816 5.491141e-03        1
2817 4.924369e-05        1
2818 7.991231e-04        1
2819 5.230188e-04        1
2820 2.199387e-06        1
2821 1.449564e-05        1
2822 7.505478e-04        1
2823 1.238658e-03        1
2824 5.603983e-06        1
2825 6.777396e-04        1
2826 3.997868e-05        1
2827 1.272422e-03        1
2828 3.130277e-02        1
2829 2.615166e-04        1
2830 3.163778e-03        1
2831 3.481331e-04        1
2832 1.430538e-03        1
2833 2.473547e-03        1
2834 6.085850e-05        1
2835 2.302367e-04        1
2836 3.547872e-04        1
2837 8.610916e-04        1
2838 2.351691e-06        1
2839 1.083397e-03        1
2840 5.235686e-05        1
2841 2.096765e-03        1
2842 8.865770e-05        1
2843 1.355908e-03        1
2844 1.962331e-06        1
2845 1.324269e-03        1
2846 1.877133e-03        1
2847 4.132918e-04        1
2848 2.829022e-04        1
2849 1.211027e-03        1
2850 2.724911e-04        1
2851 1.747037e-04        1
2852 1.447475e-04        1
2853 7.622289e-07        1
2854 7.973208e-04        1
2855 1.221284e-04        1
2856 1.802926e-04        1
2857 3.970861e-04        1
2858 4.334234e-04        1
2859 3.995291e-03        1
2860 1.184803e-04        1
2861 1.833116e-03        1
2862 6.982706e-04        1
2863 6.141724e-04        1
2864 9.386499e-04        1
2865 3.885055e-04        1
2866 1.475593e-03        1
2867 4.153176e-07        1
2868 9.384385e-05        1
2869 1.299896e-03        1
2870 1.258153e-02        1
2871 5.955757e-04        1
2872 3.306308e-04        1
2873 9.892369e-04        1
2874 1.014524e-04        1
2875 4.148862e-05        1
2876 3.784085e-04        1
2877 3.136398e-03        1
2878 5.461129e-04        1
2879 8.564602e-05        1
2880 4.163785e-04        1
2881 6.668616e-05        1
2882 5.321249e-03        1
2883 6.625040e-05        1
2884 1.899876e-03        1
2885 5.236158e-04        1
2886 5.423561e-07        1
2887 3.876303e-04        1
2888 6.430270e-04        1
2889 6.278855e-03        1
2890 1.306557e-04        1
2891 5.172065e-05        1
2892 1.432086e-03        1
2893 1.882264e-03        1
2894 5.212037e-05        1
2895 6.089394e-04        1
2896 5.470645e-05        1
2897 4.487601e-05        1
2898 1.743655e-04        1
2899 1.978768e-04        1
2900 3.197448e-04        1
2901 8.195868e-04        1
2902 3.787214e-03        1
2903 4.117290e-04        1
2904 1.544598e-04        1
2905 1.651656e-05        1
2906 5.380191e-05        1
2907 7.362507e-05        1
2908 1.384422e-04        1
2909 1.776623e-04        1
2910 1.079888e-04        1
2911 4.036135e-03        1
2912 1.963222e-05        1
2913 3.000688e-05        1
2914 2.754880e-04        1
2915 5.089345e-04        1
2916 1.511749e-02        1
2917 1.777634e-05        1
2918 7.375259e-05        1
2919 6.871383e-04        1
2920 1.523898e-04        1
2921 3.936010e-05        1
2922 2.961507e-04        1
2923 4.384035e-05        1
2924 6.037654e-03        1
2925 1.185105e-04        1
2926 8.228400e-04        1
2927 1.515573e-05        1
2928 9.970519e-04        1
2929 7.190109e-04        1
2930 9.399977e-06        1
2931 6.979429e-04        1
2932 3.119950e-05        1
2933 1.463289e-04        1
2934 4.178854e-04        1
2935 1.455158e-05        1
2936 2.535319e-04        1
2937 2.425617e-05        1
2938 6.421602e-04        1
2939 2.363790e-06        1
2940 5.331871e-09        1
2941 4.169015e-04        1
2942 1.056327e-03        1
2943 2.420603e-04        1
2944 7.382189e-05        1
2945 2.066432e-04        1
2946 1.665595e-03        1
2947 1.205666e-02        1
2948 1.381233e-05        1
2949 1.251378e-03        1
2950 4.191326e-05        1
2951 7.938265e-05        1
2952 5.423534e-03        1
2953 5.512050e-04        1
2954 1.611951e-03        1
2955 3.295813e-03        1
2956 2.940681e-03        1
2957 1.512585e-04        1
2958 1.609463e-03        1
2959 3.931638e-05        1
2960 7.992010e-04        1
2961 5.045778e-04        1
2962 4.555332e-04        1
2963 1.012831e-03        1
2964 1.402668e-03        1
2965 7.755586e-04        1
2966 9.678689e-06        1
2967 1.087462e-03        1
2968 2.069057e-04        1
2969 5.746886e-04        1
2970 4.860285e-04        1
2971 7.489635e-04        1
2972 6.941060e-03   0.1326
2973 1.826376e-04        1
2974 1.718874e-04        1
2975 4.104378e-07        1
2976 3.770116e-04        1
2977 2.528472e-04        1
2978 7.164207e-04        1
2979 9.230278e-04        1
2980 4.467080e-04        1
2981 1.024255e-03        1
2982 8.894626e-05        1
2983 8.871479e-04        1
2984 9.663617e-06        1
2985 1.875029e-04        1
2986 1.190945e-03        1
2987 6.205849e-04        1
2988 1.670649e-03        1
2989 2.783413e-04        1
2990 4.294492e-05        1
2991 4.343318e-04        1
2992 9.773749e-04        1
2993 7.243970e-04        1
2994 1.484246e-04        1
2995 4.825547e-03        1
2996 7.776258e-04        1
2997 1.177826e-03        1
2998 7.426636e-05        1
2999 1.918954e-02        1
3000 1.932961e-04        1
3001 5.983172e-03        1
3002 1.048239e-03        1
3003 2.009296e-03        1
3004 4.757746e-05        1
3005 2.292773e-04        1
3006 1.219992e-04        1
3007 1.096993e-03        1
3008 4.934542e-05        1
3009 3.942474e-04        1
3010 1.091024e-05        1
3011 3.303890e-04        1
3012 4.808501e-05        1
3013 1.463089e-04        1
3014 7.729511e-04        1
3015 1.633868e-05        1
3016 4.646781e-05        1
3017 5.316534e-05        1
3018 8.777348e-04        1
3019 3.741354e-06        1
3020 1.043126e-03        1
3021 3.437237e-03        1
3022 3.282673e-06        1
3023 1.012889e-04        1
3024 2.114593e-03        1
3025 1.736001e-03        1
3026 5.015449e-05        1
3027 1.735322e-04        1
3028 5.261208e-04        1
3029 6.260601e-04        1
3030 2.680390e-06        1
3031 1.278674e-08        1
3032 3.725559e-04        1
3033 1.875428e-05        1
3034 5.827149e-04        1
3035 5.100809e-06        1
3036 2.012318e-03        1
3037 6.869955e-04        1
3038 1.266992e-03        1
3039 4.736094e-06        1
3040 2.676118e-04        1
3041 1.327365e-05        1
3042 7.842673e-04        1
3043 1.269908e-03        1
3044 9.510912e-06        1
3045 1.396497e-04        1
3046 1.180108e-03        1
3047 1.605936e-04        1
3048 7.393600e-05        1
3049 9.231247e-07        1
3050 4.211494e-05        1
3051 2.999712e-04        1
3052 2.417688e-04        1
3053 1.435833e-04        1
3054 1.759448e-03        1
3055 2.697974e-04        1
3056 2.950124e-04        1
3057 5.356945e-04        1
3058 3.216629e-03        1
3059 5.324196e-05        1
3060 9.172738e-04        1
3061 3.010434e-04        1
3062 1.679244e-03        1
3063 3.162565e-04        1
3064 1.804765e-05        1
3065 2.734544e-04        1
3066 1.392048e-04        1
3067 4.542916e-09        1
3068 1.092120e-04        1
3069 3.488505e-03        1
3070 1.350079e-05        1
3071 2.041884e-04        1
3072 7.975162e-05        1
3073 8.582788e-08        1
3074 2.708473e-03        1
3075 2.932290e-05        1
3076 3.040062e-04        1
3077 4.363038e-04        1
3078 4.277798e-04        1
3079 1.486269e-02        1
3080 1.097734e-05        1
3081 1.984954e-03        1
3082 1.935356e-04        1
3083 6.795625e-05        1
3084 1.288754e-03        1
3085 7.936756e-03        1
3086 5.266198e-04        1
3087 2.405462e-03        1
3088 3.773317e-05        1
3089 6.782963e-05        1
3090 5.934883e-03        1
3091 1.669167e-04        1
3092 4.931261e-03        1
3093 1.059227e-05        1
3094 5.524885e-04        1
3095 6.271179e-05        1
3096 4.072428e-04        1
3097 2.212426e-04        1
3098 1.159421e-03        1
3099 3.780981e-04        1
3100 6.919810e-05        1
3101 1.258211e-05        1
3102 1.124540e-02        1
3103 1.090067e-03        1
3104 1.016828e-05        1
3105 1.119069e-03        1
3106 1.417860e-03        1
3107 2.153510e-03        1
3108 5.559333e-04        1
3109 3.103095e-04        1
3110 1.350195e-04        1
3111 4.450030e-03        1
3112 7.319087e-06        1
3113 3.672038e-08        1
3114 3.688381e-04        1
3115 2.944092e-05        1
3116 1.888185e-04        1
3117 1.919414e-04        1
3118 9.798440e-06        1
3119 3.799360e-05        1
3120 3.684713e-04        1
3121 7.185763e-06        1
3122 1.530517e-04        1
3123 1.597244e-03        1
3124 2.991326e-04        1
3125 3.474682e-05        1
3126 2.432286e-04        1
3127 5.301079e-04        1
3128 1.720315e-04        1
3129 1.438632e-03        1
3130 3.850823e-04        1
3131 2.108697e-04        1
3132 3.129059e-04        1
3133 1.365529e-03        1
3134 1.200013e-03        1
3135 2.820481e-04        1
3136 5.643867e-04        1
3137 2.276116e-03        1
3138 3.313787e-05        1
3139 7.738445e-04        1
3140 7.987548e-07        1
3141 1.973724e-04        1
3142 7.441336e-04        1
3143 1.783214e-05        1
3144 3.279369e-04        1
3145 1.894084e-05        1
3146 1.773232e-03        1
3147 2.415086e-05        1
3148 2.153368e-04        1
3149 3.071763e-04        1
3150 8.552351e-07        1
3151 3.385491e-04        1
3152 1.736468e-03        1
3153 2.069229e-06        1
3154 2.484048e-05        1
3155 1.822984e-04        1
3156 2.233765e-04        1
3157 2.636277e-05        1
3158 1.547521e-04        1
3159 4.853443e-04        1
3160 1.414721e-03        1
3161 1.543278e-04        1
3162 4.727655e-04        1
3163 1.748861e-06        1
3164 4.271013e-05        1
3165 1.926424e-04        1
3166 4.518981e-06        1
3167 4.030334e-04        1
3168 1.610840e-03        1
3169 4.247672e-05        1
3170 6.638726e-04        1
3171 1.266651e-03        1
3172 1.984034e-04        1
3173 1.130264e-04        1
3174 8.300014e-05        1
3175 2.459466e-03        1
3176 2.387160e-06        1
3177 9.970805e-05        1
3178 3.210950e-04        1
3179 3.977009e-05        1
3180 1.510759e-03        1
3181 2.206694e-04        1
3182 3.177361e-04        1
3183 1.779351e-04        1
3184 2.049330e-04        1
3185 2.424225e-04        1
3186 3.832701e-04        1
3187 4.569852e-05        1
3188 1.904121e-05        1
3189 4.292453e-04        1
3190 1.280327e-04        1
3191 1.127098e-05        1
3192 1.033356e-04        1
3193 6.037743e-04        1
3194 5.452330e-05        1
3195 4.413035e-05        1
3196 1.296190e-04        1
3197 2.682424e-06        1
3198 1.044964e-04        1
3199 3.174694e-04        1
3200 1.737324e-04        1
3201 4.482133e-04        1
3202 4.409892e-04        1
3203 7.257004e-04        1
3204 1.235804e-04        1
3205 1.906250e-03        1
3206 3.989467e-05        1
3207 4.773193e-06        1
3208 2.375821e-04        1
3209 2.173076e-04        1
3210 1.174871e-04        1
3211 1.206890e-04        1
3212 9.863193e-06        1
3213 3.181480e-04        1
3214 1.022707e-04        1
3215 2.052886e-04        1
3216 2.055574e-03        1
3217 4.807311e-06        1
3218 6.320439e-05        1
3219 1.169743e-04        1
3220 9.143328e-05        1
3221 1.782027e-04        1
3222 1.488374e-04        1
3223 1.140910e-05        1
3224 2.895639e-04        1
3225 2.276592e-06        1
3226 1.025363e-06        1
3227 1.223821e-04        1
3228 1.014828e-04        1
3229 8.741838e-05        1
3230 2.009074e-04        1
3231 1.900578e-03        1
3232 6.219933e-06        1
3233 3.268400e-04        1
3234 1.753297e-04        1
3235 5.164711e-06        1
3236 1.779131e-05        1
3237 1.611947e-04        1
3238 6.802378e-07        1
3239 1.016320e-04        1
3240 5.659364e-06        1
3241 4.302737e-05        1
3242 6.159230e-05        1
3243 1.681824e-05        1
3244 5.509716e-07        1
3245 1.090544e-03        1
3246 7.561903e-04        1
3247 9.424433e-05        1
3248 1.043821e-03        1
3249 1.208967e-03        1
3250 1.963770e-03        1
3251 1.967397e-04        1
3252 1.379494e-03        1
3253 7.177654e-04        1
3254 2.495562e-04        1
3255 1.317091e-04        1
3256 3.208474e-05        1
3257 5.601175e-04        1
3258 6.230166e-05        1
3259 3.524382e-03        1
3260 4.154386e-05        1
3261 5.778886e-04        1
3262 3.307913e-04        1
3263 1.368647e-04        1
3264 1.139414e-03        1
3265 9.207382e-05        1
3266 3.876330e-04        1
3267 1.704184e-03        1
3268 2.288891e-05        1
3269 5.491752e-05        1
3270 5.076492e-05        1
3271 4.081273e-03        1
3272 1.234867e-03        1
3273 1.954977e-05        1
3274 1.838948e-07        1
3275 6.204251e-05        1
3276 9.238388e-06        1
3277 2.075741e-04        1
3278 2.835890e-06        1
3279 6.270826e-04        1
3280 1.899141e-04        1
3281 4.392013e-04        1
3282 7.480416e-04        1
3283 1.067460e-04        1
3284 5.024837e-06        1
3285 1.429905e-04        1
3286 1.590257e-04        1
3287 3.141214e-04        1
3288 8.382049e-04        1
3289 2.406717e-05        1
3290 8.942722e-04        1
3291 1.120583e-03        1
3292 2.268448e-04        1
3293 2.405855e-05        1
3294 6.152123e-04        1
3295 3.727671e-04        1
3296 1.213742e-03        1
3297 3.484412e-04        1
3298 3.242562e-06        1
3299 1.181359e-03        1
3300 2.370632e-04        1
3301 2.938409e-04        1
3302 6.868901e-04        1
3303 1.021261e-04        1
3304 8.046997e-04        1
3305 1.396104e-03        1
3306 6.076410e-04        1
3307 1.377769e-04        1
3308 1.384460e-03        1
3309 1.259829e-04        1
3310 8.496525e-05        1
3311 9.833459e-06        1
3312 6.603680e-05        1
3313 3.339856e-05        1
3314 5.995777e-04        1
3315 7.016575e-05        1

$`MR-PRESSO results`$`Distortion Test`
$`MR-PRESSO results`$`Distortion Test`$`Outliers Indices`
[1]  147 2564

$`MR-PRESSO results`$`Distortion Test`$`Distortion Coefficient`
beta.exposure 
     6.977331 

$`MR-PRESSO results`$`Distortion Test`$Pvalue
[1] 0.75385



