$`Main MR results`
       Exposure       MR Analysis Causal Estimate         Sd   T-stat
1 beta.exposure               Raw      0.57680251 0.08685026 6.641345
2 beta.exposure Outlier-corrected      0.09427643 0.03302202 2.854957
       P-value
1 1.115181e-10
2 4.563082e-03

$`MR-PRESSO results`
$`MR-PRESSO results`$`Global Test`
$`MR-PRESSO results`$`Global Test`$RSSobs
[1] 5618.582

$`MR-PRESSO results`$`Global Test`$Pvalue
[1] "<4e-05"


$`MR-PRESSO results`$`Outlier Test`
          RSSobs  Pvalue
1   6.101109e-04       1
2   4.686212e-06       1
3   9.882708e-04       1
4   4.202023e-05       1
5   2.265869e-05       1
6   3.239057e-03       1
7   1.717572e-03       1
8   4.998903e-05       1
9   7.799447e-07       1
10  1.167427e-04       1
11  1.089408e-02  0.1332
12  2.220020e-05       1
13  1.177178e-02  0.4292
14  6.212892e-03 <0.0148
15  5.147205e-03 <0.0148
16  4.840914e-02 <0.0148
17  1.007399e-03       1
18  2.189914e-04       1
19  2.636296e-03       1
20  2.986046e-04       1
21  9.629531e-04       1
22  1.767435e-04       1
23  3.075479e-04       1
24  6.228409e-04       1
25  3.863870e-05       1
26  2.104007e-05       1
27  1.611609e-03       1
28  3.600462e-04       1
29  5.381213e-06       1
30  1.852072e-02       1
31  6.059021e-04       1
32  1.475039e-03       1
33  1.534150e-03       1
34  1.964871e-03       1
35  6.672497e-03       1
36  8.284016e-03  0.3256
37  1.320838e-03       1
38  1.074923e-04       1
39  5.980021e-04       1
40  1.318350e-05       1
41  8.626876e-03       1
42  5.074277e-02       1
43  1.068848e-03       1
44  1.052885e-05       1
45  1.344178e-04       1
46  3.943551e-13       1
47  7.122224e-04       1
48  4.423390e-04       1
49  3.482036e-04       1
50  5.827436e-05       1
51  4.451544e-04       1
52  1.371415e-03       1
53  5.897194e-04       1
54  1.735318e-04       1
55  3.569865e-04       1
56  6.186550e-04       1
57  2.506055e-03       1
58  2.245711e-04       1
59  3.922972e-05       1
60  2.192498e-03   0.666
61  4.735800e-03       1
62  1.177659e-03       1
63  9.347931e-05       1
64  1.497655e-04       1
65  8.211154e-07       1
66  8.579391e-07       1
67  3.922194e-04       1
68  1.539114e-04       1
69  3.240406e-04       1
70  5.743142e-04       1
71  1.404013e-07       1
72  4.816854e-04       1
73  5.687189e-03  0.6956
74  2.570763e-03       1
75  5.113426e-03       1
76  3.570767e-05       1
77  9.412692e-04       1
78  3.416641e-05       1
79  2.245614e-03  0.4144
80  1.567791e-05       1
81  3.084576e-04       1
82  1.203728e-05       1
83  7.341311e-05       1
84  3.919691e-04       1
85  2.961021e-03  0.1776
86  2.842927e-04       1
87  3.174500e-04       1
88  1.765726e-03       1
89  4.808541e-04       1
90  1.294363e-05       1
91  2.954749e-05       1
92  1.436053e-04       1
93  2.555420e-04       1
94  8.202045e-04       1
95  2.205158e-04       1
96  1.285294e-01 <0.0148
97  1.531191e-04       1
98  5.740190e-03  0.3404
99  1.978777e-03       1
100 1.763426e-02 <0.0148
101 2.939548e-05       1
102 5.188808e-04       1
103 3.341512e-05       1
104 1.539066e-03       1
105 4.273565e-03       1
106 5.467345e-04       1
107 2.472057e-04       1
108 1.102929e-04       1
109 3.240186e-04       1
110 1.243124e-04       1
111 1.150171e-04       1
112 4.663766e-03       1
113 1.804052e-08       1
114 4.627559e-04       1
115 1.005837e-03       1
116 1.071031e-03       1
117 4.836036e-04       1
118 3.760011e-04       1
119 7.604685e-04       1
120 2.497474e-04       1
121 7.968897e-04       1
122 6.299249e-04       1
123 7.468575e-04       1
124 1.857157e-03       1
125 1.986650e-03       1
126 3.847754e-06       1
127 7.421307e-05       1
128 1.970432e-02       1
129 6.989099e-04       1
130 1.384210e-02       1
131 2.286907e-03       1
132 3.221961e-05       1
133 1.582242e-04       1
134 5.523892e-05       1
135 7.131489e-03 <0.0148
136 2.440713e-04       1
137 1.180707e-04       1
138 1.308650e-03       1
139 3.618263e-03  0.3996
140 1.222030e-04       1
141 5.017493e-04       1
142 6.885747e-05       1
143 3.631084e-03       1
144 4.315899e-05       1
145 1.067590e-04       1
146 3.314819e-03  0.9768
147 8.068885e-01 <0.0148
148 5.870389e-05       1
149 1.690694e-03       1
150 7.764097e-04       1
151 8.033747e-05       1
152 1.205977e-03       1
153 3.505642e-04       1
154 5.529780e-03  0.0148
155 5.019818e-04       1
156 1.277702e-03       1
157 3.591365e-04       1
158 1.374581e-06       1
159 7.295689e-04       1
160 2.854056e-04       1
161 7.797289e-05       1
162 3.127482e-04       1
163 4.257089e-04       1
164 3.575497e-04       1
165 1.402605e-03       1
166 1.710434e-05       1
167 1.528325e-03       1
168 2.850351e-09       1
169 7.799534e-05       1
170 8.005829e-05       1
171 1.310666e-03       1
172 4.775606e-05       1
173 5.251857e-04       1
174 5.830467e-03       1
175 7.283124e-06       1
176 5.277731e-04       1
177 9.952994e-04       1
178 2.575789e-04       1
179 2.652145e-04       1
180 3.710629e-04       1
181 2.726429e-03       1
182 1.310008e-04       1
183 1.898708e-05       1
184 1.773945e-03       1
185 6.118533e-05       1
186 2.893928e-05       1
187 3.548692e-05       1
188 2.096990e-03       1
189 2.999818e-04       1
190 1.994152e-03       1
191 1.561552e-04       1
192 3.356641e-05       1
193 5.402853e-05       1
194 2.086720e-03       1
195 5.653113e-04       1
196 6.279439e-04       1
197 1.142122e-05       1
198 1.784347e-03       1
199 1.865406e-05       1
200 8.430445e-04       1
201 1.042718e-03       1
202 1.750924e-02 <0.0148
203 1.263392e-03       1
204 2.131300e-03       1
205 6.695675e-03  0.1332
206 4.629991e-04       1
207 3.574198e-03   0.148
208 1.814175e-04       1
209 1.392977e-04       1
210 1.457849e-06       1
211 4.056623e-04       1
212 4.066074e-04       1
213 5.149383e-05       1
214 1.091876e-01 <0.0148
215 6.000728e-04       1
216 1.517181e-03       1
217 6.412960e-05       1
218 1.844619e-05       1
219 1.203398e-03       1
220 8.865533e-05       1
221 1.998008e-03  0.6512
222 5.574195e-06       1
223 1.504599e-03       1
224 2.552102e-04       1
225 1.315055e-02       1
226 2.012219e-03       1
227 1.073159e-04       1
228 1.086267e-04       1
229 1.116515e-04       1
230 4.375415e-03 <0.0148
231 4.727500e-02 <0.0148
232 2.810432e-03       1
233 1.458563e-05       1
234 1.243502e-03       1
235 1.579342e-03       1
236 1.765994e-04       1
237 3.987869e-03       1
238 4.117000e-06       1
239 6.189535e-06       1
240 3.727956e-06       1
241 4.510309e-05       1
242 1.201924e-04       1
243 3.140908e-05       1
244 2.869684e-05       1
245 4.733154e-04       1
246 1.080059e-03       1
247 4.659742e-04       1
248 1.411275e-03       1
249 1.983750e-03       1
250 1.288047e-04       1
251 1.129885e-04       1
252 1.977575e-03       1
253 8.721396e-02 <0.0148
254 1.088535e-04       1
255 1.488276e-03       1
256 2.478503e-07       1
257 6.453804e-03  0.6956
258 3.355582e-04       1
259 1.010163e-03       1
260 1.323234e-02   0.074
261 1.072096e-04       1
262 5.334006e-03       1
263 8.285778e-03 <0.0148
264 2.584664e-05       1
265 5.236193e-04       1
266 8.051464e-06       1
267 2.058980e-03       1
268 4.980897e-04       1
269 1.277152e-04       1
270 7.151854e-04       1
271 2.559933e-03       1
272 9.656840e-04       1
273 1.514609e-03       1
274 7.594827e-03 <0.0148
275 1.107093e-05       1
276 8.015732e-05       1
277 4.390696e-05       1
278 1.525846e-03       1
279 1.197030e-04       1
280 3.975115e-04       1
281 1.963743e-04       1
282 4.403195e-03  0.0592
283 1.086739e-03       1
284 5.045276e-03 <0.0148
285 7.549772e-05       1
286 1.009891e-02 <0.0148
287 5.085166e-03 <0.0148
288 1.791500e-04       1
289 4.286354e-04       1
290 2.037349e-03       1
291 1.707554e-03       1
292 5.855919e-04       1
293 1.499352e-03       1
294 1.040193e-03       1
295 1.622064e-03       1
296 9.057175e-04       1
297 4.463841e-04       1
298 3.778327e-03       1
299 3.183986e-04       1
300 6.304602e-08       1
301 1.450647e-03       1
302 3.232255e-04       1
303 1.360036e-01 <0.0148
304 2.869097e-04       1
305 1.857374e-04       1
306 1.159420e-03       1
307 1.280416e-04       1
308 1.147585e-02       1
309 3.712579e-03       1
310 6.855498e-04       1
311 4.035323e-04       1
312 3.514863e-04       1
313 7.444699e-02 <0.0148
314 1.493414e-03       1
315 8.963895e-04       1
316 8.551795e-06       1
317 8.438097e-04       1
318 4.781515e-05       1
319 3.939992e-03  0.1036
320 7.095589e-01 <0.0148
321 6.736367e-03       1
322 8.793830e-04       1
323 6.316155e-04       1
324 2.315298e-04       1
325 6.059229e-04       1
326 1.020569e-04       1
327 7.852565e-09       1
328 5.787990e-04       1
329 1.417832e-02  0.7104
330 7.486872e-04       1
331 1.366627e-03       1
332 1.484580e-04       1
333 6.868103e-05       1
334 1.371431e-07       1
335 3.554789e-04       1
336 7.268820e-05       1
337 1.308871e-04       1
338 5.142548e-04       1
339 5.757050e-02 <0.0148
340 2.818786e-04       1
341 2.868988e-04       1
342 1.352258e-04       1
343 8.217687e-04       1
344 1.417571e-04       1
345 1.006815e-04       1
346 3.913076e-04       1
347 6.180379e-04       1
348 2.064376e-04       1
349 1.638532e-05       1
350 4.177712e-04       1
351 1.053222e-04       1
352 3.647139e-04       1
353 2.207135e-03       1
354 1.424770e-03       1
355 7.878509e-04       1
356 1.282102e-03       1
357 2.102473e-04       1
358 3.464524e-03       1
359 3.339041e-04       1
360 3.837766e-03   0.888
361 1.795156e-03       1
362 3.030154e-04       1
363 1.095745e-03       1
364 3.841443e-06       1
365 4.341321e-03  0.7104
366 2.330817e-04       1
367 1.985960e-03       1
368 1.080710e-04       1
369 2.355113e-03       1
370 5.774376e-03       1

$`MR-PRESSO results`$`Distortion Test`
$`MR-PRESSO results`$`Distortion Test`$`Outliers Indices`
 [1]  14  15  16  96 100 135 147 154 202 214 230 231 253 263 274 284 286 287 303
[20] 313 320 339

$`MR-PRESSO results`$`Distortion Test`$`Distortion Coefficient`
beta.exposure 
     511.8205 

$`MR-PRESSO results`$`Distortion Test`$Pvalue
[1] "<4e-05"



