$`Main MR results`
       Exposure       MR Analysis Causal Estimate         Sd   T-stat   P-value
1 beta.exposure               Raw      0.01338137 0.01123017 1.191555 0.2335705
2 beta.exposure Outlier-corrected      0.01500828 0.01109248 1.353014 0.1761972

$`MR-PRESSO results`
$`MR-PRESSO results`$`Global Test`
$`MR-PRESSO results`$`Global Test`$RSSobs
[1] 2278.858

$`MR-PRESSO results`$`Global Test`$Pvalue
[1] 0.00322


$`MR-PRESSO results`$`Outlier Test`
           RSSobs   Pvalue
1    3.871971e-06        1
2    3.895871e-06        1
3    2.993805e-05        1
4    3.140829e-04        1
5    7.262896e-05        1
6    2.853429e-06        1
7    3.086434e-06        1
8    4.613047e-07        1
9    1.590501e-05        1
10   8.265615e-06        1
11   1.898376e-05        1
12   2.984853e-06        1
13   3.369971e-05        1
14   2.952313e-05        1
15   3.224624e-06        1
16   3.015392e-06        1
17   5.037901e-06        1
18   4.205167e-05        1
19   7.532381e-07        1
20   5.277764e-05        1
21   9.499359e-06        1
22   2.219513e-05        1
23   4.323685e-05        1
24   2.129849e-05        1
25   3.256603e-09        1
26   1.140252e-05        1
27   1.416015e-06        1
28   1.547466e-09        1
29   2.906663e-05        1
30   6.949260e-08        1
31   2.672592e-06        1
32   8.503478e-05        1
33   1.668655e-07        1
34   6.140485e-05        1
35   4.678784e-05        1
36   2.905738e-04  0.16784
37   1.700844e-06        1
38   3.674813e-06        1
39   2.450388e-06        1
40   7.558023e-05        1
41   1.471953e-05        1
42   2.886233e-05        1
43   2.915190e-05        1
44   6.506789e-06        1
45   7.374251e-05        1
46   5.354629e-07        1
47   2.127991e-05        1
48   1.102367e-04        1
49   4.448791e-06        1
50   7.600405e-08        1
51   7.832610e-06        1
52   7.053954e-06        1
53   4.761553e-05        1
54   2.081375e-07        1
55   4.670796e-06        1
56   1.309904e-05        1
57   1.513606e-04        1
58   4.138029e-05        1
59   7.944020e-06        1
60   2.774551e-05        1
61   3.233466e-07        1
62   1.372733e-06        1
63   2.529208e-06        1
64   9.506290e-05        1
65   7.191589e-07        1
66   3.170581e-06        1
67   2.543367e-06        1
68   2.053067e-05        1
69   1.898510e-06        1
70   1.124613e-07        1
71   2.513499e-05        1
72   8.380329e-07        1
73   1.543134e-04        1
74   5.459167e-05        1
75   1.491094e-05        1
76   6.592829e-06        1
77   2.514474e-06        1
78   5.772534e-05        1
79   1.095165e-05        1
80   1.399536e-05        1
81   2.230049e-05        1
82   8.411437e-06        1
83   3.075818e-05        1
84   3.034575e-06        1
85   3.658377e-05        1
86   2.257252e-06        1
87   1.199828e-04        1
88   2.763263e-05        1
89   1.789802e-06        1
90   2.765412e-05        1
91   3.972530e-05        1
92   9.794729e-06        1
93   1.296665e-07        1
94   2.491513e-05        1
95   5.950137e-06        1
96   8.572101e-06        1
97   1.876401e-06        1
98   2.546387e-04        1
99   1.094585e-04        1
100  5.472693e-07        1
101  2.921521e-05        1
102  1.308976e-06        1
103  1.788749e-05        1
104  6.560955e-05        1
105  1.159377e-05        1
106  8.819195e-06        1
107  3.395611e-05        1
108  1.846326e-06        1
109  3.157474e-06        1
110  9.128758e-07        1
111  1.784960e-06        1
112  9.792248e-05        1
113  1.364651e-06        1
114  2.350582e-05        1
115  1.236900e-05        1
116  2.390634e-05        1
117  3.783452e-07        1
118  1.538000e-05        1
119  7.944014e-06        1
120  7.888005e-06        1
121  2.657988e-06        1
122  9.199789e-07        1
123  3.660466e-05        1
124  7.959050e-08        1
125  8.363000e-06        1
126  1.830709e-06        1
127  7.252564e-05        1
128  1.284843e-05        1
129  9.458387e-06        1
130  2.891587e-05        1
131  7.879120e-07        1
132  1.680193e-06        1
133  4.320952e-05        1
134  3.942268e-07        1
135  1.198261e-04        1
136  2.628954e-06        1
137  1.196393e-04        1
138  2.033836e-06        1
139  1.783582e-05        1
140  4.171449e-07        1
141  5.834024e-05        1
142  5.101759e-06        1
143  3.920162e-05        1
144  7.705288e-07        1
145  1.029490e-07        1
146  1.319796e-05        1
147  3.751192e-06        1
148  5.035259e-05        1
149  2.511449e-05        1
150  8.036880e-05        1
151  1.040636e-06        1
152  1.428882e-05        1
153  1.768616e-06        1
154  7.414248e-06        1
155  1.728338e-04        1
156  2.203206e-08        1
157  3.989850e-07        1
158  3.009375e-05        1
159  4.506787e-05        1
160  2.215989e-05        1
161  3.269988e-05        1
162  8.289605e-05        1
163  1.994067e-08        1
164  1.461176e-05        1
165  5.181311e-06        1
166  2.436780e-06        1
167  1.980140e-07        1
168  8.134709e-06        1
169  3.082534e-06        1
170  3.076728e-07        1
171  1.498723e-05        1
172  1.852930e-05        1
173  4.506812e-06        1
174  1.860142e-05        1
175  2.280306e-04        1
176  4.340050e-05        1
177  8.972051e-07        1
178  1.126324e-04        1
179  2.284200e-04        1
180  7.433292e-07        1
181  4.636313e-06        1
182  2.816198e-06        1
183  7.466121e-07        1
184  7.630527e-05        1
185  2.396850e-05        1
186  7.830986e-07        1
187  3.116782e-06        1
188  9.537017e-06        1
189  5.511125e-07        1
190  4.175867e-06        1
191  1.380156e-08        1
192  7.130984e-05        1
193  3.419337e-05        1
194  1.033950e-04        1
195  4.701191e-06        1
196  1.441970e-05        1
197  5.850351e-07        1
198  2.419905e-06        1
199  2.687207e-06        1
200  8.188946e-08        1
201  1.104271e-06        1
202  1.551050e-06        1
203  1.880260e-05        1
204  8.052485e-05        1
205  1.840606e-05        1
206  4.812245e-06        1
207  1.549640e-06        1
208  6.700584e-06        1
209  1.914864e-05        1
210  7.883289e-06        1
211  2.611473e-04        1
212  1.057020e-05        1
213  1.724331e-05        1
214  2.871868e-05        1
215  6.214637e-06        1
216  1.783400e-06        1
217  7.192694e-05        1
218  1.754098e-05        1
219  9.661088e-06        1
220  7.909771e-05        1
221  3.974865e-05        1
222  3.568939e-06        1
223  2.979250e-04        1
224  2.703255e-05        1
225  1.952832e-05        1
226  1.801404e-05        1
227  5.923109e-06        1
228  1.656412e-04        1
229  4.500794e-05        1
230  1.179146e-04        1
231  1.743600e-07        1
232  2.637529e-05        1
233  3.872044e-05        1
234  5.225324e-05        1
235  1.121673e-04        1
236  3.771209e-05        1
237  3.572004e-05        1
238  3.461777e-06        1
239  3.187755e-06        1
240  4.336522e-05        1
241  3.188379e-05        1
242  4.775373e-06        1
243  1.381704e-04        1
244  2.300506e-06        1
245  8.474023e-07        1
246  2.670950e-05        1
247  1.332947e-05        1
248  2.773312e-05        1
249  7.341807e-05        1
250  2.592101e-05        1
251  1.776786e-04        1
252  1.664731e-05        1
253  1.359091e-04        1
254  2.301641e-05        1
255  6.909040e-06        1
256  9.498782e-05        1
257  1.168486e-05        1
258  9.107054e-05        1
259  1.011668e-05        1
260  3.412543e-07        1
261  1.227264e-05        1
262  1.565642e-05        1
263  8.453933e-06        1
264  1.518565e-07        1
265  3.904903e-05        1
266  1.199638e-05        1
267  1.116651e-05        1
268  1.566674e-04        1
269  6.433281e-06        1
270  2.143213e-05        1
271  6.523717e-04        1
272  8.274218e-06        1
273  1.285046e-06        1
274  2.552072e-06        1
275  2.344200e-06        1
276  1.454801e-06        1
277  2.290529e-06        1
278  2.757724e-07        1
279  4.035059e-06        1
280  5.303953e-06        1
281  5.932013e-05        1
282  1.041851e-04        1
283  7.285266e-07        1
284  5.653452e-06        1
285  1.688685e-05        1
286  2.523587e-06        1
287  2.217005e-06        1
288  1.288790e-06        1
289  1.276627e-05        1
290  7.749594e-07        1
291  2.946645e-05        1
292  1.108646e-07        1
293  2.597722e-06        1
294  3.077109e-07        1
295  1.525682e-06        1
296  1.282598e-05        1
297  1.768776e-04        1
298  6.260182e-07        1
299  2.534881e-05        1
300  4.473670e-06        1
301  3.964266e-07        1
302  3.918511e-05        1
303  5.073460e-05        1
304  6.516451e-05        1
305  7.514665e-05        1
306  2.557797e-05        1
307  2.931745e-05        1
308  7.112751e-09        1
309  1.773913e-04        1
310  1.150655e-05        1
311  2.941636e-06        1
312  7.259560e-06        1
313  1.575673e-05        1
314  3.684381e-05        1
315  4.840389e-06        1
316  2.150943e-05        1
317  3.395681e-05        1
318  6.897629e-06        1
319  1.710285e-06        1
320  3.903484e-04        1
321  4.816699e-05        1
322  1.344174e-05        1
323  4.577726e-05        1
324  5.804210e-05        1
325  5.093318e-05        1
326  8.491570e-05        1
327  3.412065e-05        1
328  6.178261e-05        1
329  1.587836e-05        1
330  3.598454e-05        1
331  3.452151e-04        1
332  9.802387e-05        1
333  1.097811e-04        1
334  1.202364e-04        1
335  2.790211e-07        1
336  2.831736e-07        1
337  3.884431e-06        1
338  1.429051e-07        1
339  1.267638e-06        1
340  5.074824e-06        1
341  1.399828e-06        1
342  4.543135e-05        1
343  7.777532e-06        1
344  1.763370e-04        1
345  5.924599e-05        1
346  5.060159e-06        1
347  9.563758e-06        1
348  2.407302e-05        1
349  9.694823e-08        1
350  4.867846e-05        1
351  1.903846e-04        1
352  1.368474e-06        1
353  9.537007e-10        1
354  8.291812e-05        1
355  4.184870e-07        1
356  3.616433e-06        1
357  3.341260e-05        1
358  4.090819e-05        1
359  2.650075e-05        1
360  6.213661e-06        1
361  1.141475e-07        1
362  2.492384e-06        1
363  5.759047e-06        1
364  5.143068e-06        1
365  7.331910e-05        1
366  2.606359e-06        1
367  4.254904e-05        1
368  1.934973e-05        1
369  6.047137e-06        1
370  1.232430e-05        1
371  2.537779e-05        1
372  3.846217e-06        1
373  2.022321e-05        1
374  6.001722e-06        1
375  8.181549e-05        1
376  2.163052e-05        1
377  1.265196e-06        1
378  1.501299e-04        1
379  6.642537e-05        1
380  9.592877e-06        1
381  2.211169e-06        1
382  1.922788e-05        1
383  3.372792e-06        1
384  3.986710e-06        1
385  5.954602e-06        1
386  2.895044e-08        1
387  1.250034e-05        1
388  8.115803e-06        1
389  1.550985e-05        1
390  1.327060e-05        1
391  6.332153e-05        1
392  1.091296e-05        1
393  2.666115e-07        1
394  6.039808e-05        1
395  1.467923e-06        1
396  7.898541e-05        1
397  4.659783e-05        1
398  1.030199e-05        1
399  2.778441e-06        1
400  1.103666e-04        1
401  8.803834e-06        1
402  5.858518e-08        1
403  6.630370e-06        1
404  8.091183e-06        1
405  3.800018e-06        1
406  2.519163e-05        1
407  5.143067e-05        1
408  7.016921e-05        1
409  1.398565e-05        1
410  1.766105e-06        1
411  8.163259e-06        1
412  2.999010e-05        1
413  5.367844e-06        1
414  1.753314e-05        1
415  1.771211e-05        1
416  2.753239e-08        1
417  7.752110e-05        1
418  2.342814e-05        1
419  5.576698e-06        1
420  8.753613e-05        1
421  7.783163e-07        1
422  3.663901e-05        1
423  2.341021e-05        1
424  7.404107e-05        1
425  3.444873e-06        1
426  4.580506e-06        1
427  1.213032e-06        1
428  2.124837e-08        1
429  1.387507e-05        1
430  3.999561e-06        1
431  9.474393e-05        1
432  2.888182e-06        1
433  1.346410e-06        1
434  5.023935e-05        1
435  4.201862e-08        1
436  3.578778e-06        1
437  3.278819e-05        1
438  1.454291e-05        1
439  6.234224e-05        1
440  1.334667e-08        1
441  3.237425e-06        1
442  1.877810e-06        1
443  1.330266e-05        1
444  2.887077e-05        1
445  5.603892e-05        1
446  9.887805e-06        1
447  8.217282e-07        1
448  1.592441e-05        1
449  4.323161e-07        1
450  1.809234e-05        1
451  1.904378e-06        1
452  8.110301e-06        1
453  1.945881e-05        1
454  1.696191e-05        1
455  9.630450e-07        1
456  4.641861e-07        1
457  5.418563e-05        1
458  3.889391e-06        1
459  2.296548e-08        1
460  4.823291e-07        1
461  1.017308e-05        1
462  1.536933e-05        1
463  7.331497e-06        1
464  1.250806e-05        1
465  1.002266e-04        1
466  2.067300e-07        1
467  3.928277e-05        1
468  7.436579e-08        1
469  2.476479e-08        1
470  1.477276e-05        1
471  2.924809e-05        1
472  8.331541e-06        1
473  3.048723e-05        1
474  4.390519e-06        1
475  2.767395e-05        1
476  2.933910e-06        1
477  7.362614e-06        1
478  1.534152e-05        1
479  2.266923e-06        1
480  8.806365e-06        1
481  4.682801e-06        1
482  1.436734e-05        1
483  3.040130e-06        1
484  2.116241e-04        1
485  4.259046e-05        1
486  2.673284e-04        1
487  6.994754e-07        1
488  5.778620e-06        1
489  7.842481e-06        1
490  2.417658e-05        1
491  1.484962e-04        1
492  2.123634e-05        1
493  2.233193e-05        1
494  1.631106e-05        1
495  9.168868e-06        1
496  2.278453e-06        1
497  2.118799e-07        1
498  1.756491e-04        1
499  4.139059e-08        1
500  1.476487e-05        1
501  1.441470e-04        1
502  7.758898e-05        1
503  4.859800e-06        1
504  1.102713e-06        1
505  8.639443e-05        1
506  6.498213e-06        1
507  1.189470e-04        1
508  9.144927e-06        1
509  1.251355e-05        1
510  6.244043e-07        1
511  2.491096e-04        1
512  5.830417e-05        1
513  2.139253e-04        1
514  9.973075e-06        1
515  1.096178e-04        1
516  4.447818e-06        1
517  8.355039e-07        1
518  4.904200e-06        1
519  8.294531e-06        1
520  2.042719e-05        1
521  7.020945e-05        1
522  1.973669e-05        1
523  1.714192e-04        1
524  2.808072e-05        1
525  6.336084e-06        1
526  5.779322e-05        1
527  8.296709e-05        1
528  5.909152e-05        1
529  1.072181e-06        1
530  5.284247e-05        1
531  1.611919e-09        1
532  2.016300e-08        1
533  4.161821e-05        1
534  8.067426e-06        1
535  3.322170e-06        1
536  5.711689e-05        1
537  6.743958e-05        1
538  1.480831e-10        1
539  8.962575e-06        1
540  2.504599e-05        1
541  2.598643e-07        1
542  6.332264e-05        1
543  1.226392e-07        1
544  9.042778e-08        1
545  1.458373e-05        1
546  1.374489e-05        1
547  3.354829e-06        1
548  7.179607e-08        1
549  2.033748e-06        1
550  1.520038e-05        1
551  6.735288e-06        1
552  8.612914e-07        1
553  9.607982e-09        1
554  1.156243e-05        1
555  4.141420e-05        1
556  9.040223e-05        1
557  1.841158e-05        1
558  1.548920e-04        1
559  2.100257e-05        1
560  3.527010e-05        1
561  1.772769e-04        1
562  3.081703e-05        1
563  1.806646e-04        1
564  7.137382e-06        1
565  1.166279e-04        1
566  3.276039e-05        1
567  2.650818e-06        1
568  2.509582e-05        1
569  5.346666e-05        1
570  1.720735e-04        1
571  8.627158e-05        1
572  5.390143e-05        1
573  3.052506e-06        1
574  4.461354e-05        1
575  4.913681e-06        1
576  3.561398e-05        1
577  2.036323e-07        1
578  8.408136e-06        1
579  1.117335e-06        1
580  6.976608e-05        1
581  7.088687e-07        1
582  8.994741e-09        1
583  6.148435e-05        1
584  1.618584e-06        1
585  3.858348e-05        1
586  2.411918e-05        1
587  2.162742e-05        1
588  2.829609e-05        1
589  1.470887e-05        1
590  1.123972e-04        1
591  3.491742e-07        1
592  2.445167e-05        1
593  5.547231e-05        1
594  1.922755e-05        1
595  2.969238e-06        1
596  8.931005e-05        1
597  4.404748e-04        1
598  3.030236e-06        1
599  1.667408e-07        1
600  8.941306e-06        1
601  8.761526e-06        1
602  8.350585e-06        1
603  1.890663e-08        1
604  2.266471e-04        1
605  2.119565e-04        1
606  2.295917e-05        1
607  3.662129e-06        1
608  6.277904e-05        1
609  8.736897e-07        1
610  2.167626e-04        1
611  3.197883e-06        1
612  4.592499e-05        1
613  6.961644e-07        1
614  2.358720e-05        1
615  1.682411e-04        1
616  2.113142e-07        1
617  1.057816e-06        1
618  1.981673e-04        1
619  2.730062e-08        1
620  6.045538e-05        1
621  5.317476e-05        1
622  1.926686e-06        1
623  2.327230e-06        1
624  1.889865e-04        1
625  3.833561e-06        1
626  3.501870e-06        1
627  6.302299e-07        1
628  1.358654e-05        1
629  2.138795e-05        1
630  2.550134e-06        1
631  1.184714e-05        1
632  2.606061e-05        1
633  8.066260e-07        1
634  3.228850e-05        1
635  2.727064e-05        1
636  3.325792e-05        1
637  6.636217e-09        1
638  3.892307e-06        1
639  1.361470e-05        1
640  1.754210e-05        1
641  9.331673e-06        1
642  1.107330e-05        1
643  2.194399e-04        1
644  3.287545e-06        1
645  1.981076e-06        1
646  2.865201e-05        1
647  1.280696e-05        1
648  1.259667e-05        1
649  1.104251e-05        1
650  1.033367e-04        1
651  1.261292e-04        1
652  5.884886e-05        1
653  4.547711e-04        1
654  1.218129e-05        1
655  1.390389e-05        1
656  5.694328e-09        1
657  1.584193e-05        1
658  2.188795e-05        1
659  4.098278e-07        1
660  4.551963e-08        1
661  2.867778e-05        1
662  2.271888e-05        1
663  9.229458e-05        1
664  8.607119e-06        1
665  3.870936e-05        1
666  5.397556e-07        1
667  4.996264e-06        1
668  1.951740e-06        1
669  1.153567e-04        1
670  1.174238e-05        1
671  6.373853e-07        1
672  1.337930e-07        1
673  1.344672e-04        1
674  5.301231e-05        1
675  2.173198e-06        1
676  1.034271e-05        1
677  6.248328e-05        1
678  1.442727e-08        1
679  9.139418e-06        1
680  7.568979e-05        1
681  8.049662e-09        1
682  9.129204e-07        1
683  4.292305e-06        1
684  4.042897e-05        1
685  1.800568e-04        1
686  5.749779e-06        1
687  7.858031e-05        1
688  5.625562e-06        1
689  1.673964e-05        1
690  3.188542e-06        1
691  1.555935e-05        1
692  1.351953e-06        1
693  8.794753e-07        1
694  7.017631e-05        1
695  9.446181e-07        1
696  5.504462e-05        1
697  1.499376e-06        1
698  7.572920e-05        1
699  9.534899e-06        1
700  5.943252e-06        1
701  1.652096e-05        1
702  4.287223e-05        1
703  1.262810e-05        1
704  1.721701e-05        1
705  2.312825e-05        1
706  3.382356e-06        1
707  2.477166e-04        1
708  2.383395e-05        1
709  5.935822e-06        1
710  2.077226e-06        1
711  4.346671e-05        1
712  1.520187e-04        1
713  5.002165e-06        1
714  5.362349e-05        1
715  1.868834e-06        1
716  8.402365e-05        1
717  5.267999e-05        1
718  2.268834e-07        1
719  8.493067e-06        1
720  2.694111e-05        1
721  8.468427e-06        1
722  4.520484e-05        1
723  6.046946e-07        1
724  2.535861e-07        1
725  8.483971e-06        1
726  8.833497e-05        1
727  2.967481e-09        1
728  2.333705e-06        1
729  1.284388e-05        1
730  3.919624e-05        1
731  6.696723e-06        1
732  4.604283e-06        1
733  1.001819e-04        1
734  5.844215e-05        1
735  3.748978e-05        1
736  2.736755e-05        1
737  2.940102e-06        1
738  1.442090e-06        1
739  1.875344e-05        1
740  2.248798e-05        1
741  4.610434e-06        1
742  1.405726e-04        1
743  1.468102e-06        1
744  3.678834e-05        1
745  7.289130e-06        1
746  7.840448e-05        1
747  1.868443e-07        1
748  1.264926e-04        1
749  5.638940e-07        1
750  1.504360e-04        1
751  1.226965e-04        1
752  2.438895e-04        1
753  3.546946e-06        1
754  3.313008e-05        1
755  6.055892e-05        1
756  1.917916e-07        1
757  1.706271e-06        1
758  1.868523e-04        1
759  2.828916e-05        1
760  4.607106e-05        1
761  1.370094e-05        1
762  1.498805e-06        1
763  4.693906e-07        1
764  3.476458e-06        1
765  1.237825e-05        1
766  5.511548e-05        1
767  9.775254e-06        1
768  1.760879e-06        1
769  1.077340e-05        1
770  5.574900e-07        1
771  8.437409e-07        1
772  3.270576e-07        1
773  1.029765e-06        1
774  6.428131e-07        1
775  3.406692e-05        1
776  4.828656e-08        1
777  3.743371e-05        1
778  2.132266e-05        1
779  1.136420e-06        1
780  1.062803e-04        1
781  6.056737e-06        1
782  1.264691e-05        1
783  2.580763e-05        1
784  5.416324e-06        1
785  2.352213e-04        1
786  3.509380e-05        1
787  3.099075e-07        1
788  3.182526e-05        1
789  4.391730e-05        1
790  1.371915e-05        1
791  2.131389e-04        1
792  5.023094e-06        1
793  2.753526e-06        1
794  1.760979e-08        1
795  2.935926e-07        1
796  1.127521e-04        1
797  2.883739e-07        1
798  7.361079e-05        1
799  1.184316e-04        1
800  1.473853e-04        1
801  9.197438e-05        1
802  3.203880e-05        1
803  1.096466e-04        1
804  1.681406e-04        1
805  1.259227e-05        1
806  1.699639e-05        1
807  3.372080e-05        1
808  1.849229e-06        1
809  5.696412e-05        1
810  1.411415e-05        1
811  1.451734e-05        1
812  1.084992e-07        1
813  9.279417e-06        1
814  1.415929e-05        1
815  1.169018e-04        1
816  1.112868e-05        1
817  1.060072e-04        1
818  1.246659e-06        1
819  1.610402e-06        1
820  1.519415e-04        1
821  1.837067e-04        1
822  1.679328e-06        1
823  5.424518e-05        1
824  9.752074e-06        1
825  1.791205e-06        1
826  1.153707e-05        1
827  4.372868e-05        1
828  1.543343e-05        1
829  1.017587e-06        1
830  7.284435e-05        1
831  1.739642e-05        1
832  4.630769e-05        1
833  2.470777e-06        1
834  1.749506e-06        1
835  4.540639e-07        1
836  8.745403e-05        1
837  1.552236e-05        1
838  1.425242e-05        1
839  6.049491e-06        1
840  3.295758e-05        1
841  5.489609e-07        1
842  2.811072e-06        1
843  3.224194e-08        1
844  2.335166e-05        1
845  1.303096e-06        1
846  1.560201e-05        1
847  7.770525e-07        1
848  5.235797e-06        1
849  1.692461e-07        1
850  8.435736e-06        1
851  2.893540e-09        1
852  6.255132e-06        1
853  2.472457e-06        1
854  4.033354e-09        1
855  4.361618e-08        1
856  3.304353e-06        1
857  4.687281e-05        1
858  9.424047e-07        1
859  5.142329e-05        1
860  4.115211e-06        1
861  1.598650e-04        1
862  9.361398e-06        1
863  7.669968e-06        1
864  1.517243e-04        1
865  7.601956e-06        1
866  1.392079e-05        1
867  1.747083e-05        1
868  3.339219e-05        1
869  1.961933e-06        1
870  3.642337e-05        1
871  3.292598e-05        1
872  1.892707e-05        1
873  1.468134e-06        1
874  4.194896e-05        1
875  1.386883e-05        1
876  2.630363e-07        1
877  6.530649e-06        1
878  5.341737e-06        1
879  3.625588e-06        1
880  4.269562e-06        1
881  7.764799e-07        1
882  2.872881e-06        1
883  7.170405e-05        1
884  7.577017e-06        1
885  3.024935e-05        1
886  9.485603e-08        1
887  3.303387e-05        1
888  1.165232e-06        1
889  1.727953e-05        1
890  6.005340e-05        1
891  3.507630e-05        1
892  1.056132e-04        1
893  3.248029e-05        1
894  1.722122e-06        1
895  3.035604e-05        1
896  1.024494e-04        1
897  4.085912e-05        1
898  1.076169e-05        1
899  1.241489e-05        1
900  4.941165e-06        1
901  2.429817e-06        1
902  2.193515e-06        1
903  3.712890e-06        1
904  1.797806e-06        1
905  1.213053e-05        1
906  3.889835e-05        1
907  1.827661e-04        1
908  5.774478e-08        1
909  2.983339e-05        1
910  2.688882e-04        1
911  6.566752e-06        1
912  2.255512e-10        1
913  3.520536e-06        1
914  2.984124e-05        1
915  8.838421e-06        1
916  4.961199e-06        1
917  6.135480e-05        1
918  9.314060e-06        1
919  1.897996e-06        1
920  2.277802e-05        1
921  1.113072e-07        1
922  1.849010e-06        1
923  4.285911e-05        1
924  1.241466e-06        1
925  8.371793e-05        1
926  2.742173e-06        1
927  9.642557e-08        1
928  8.007348e-05        1
929  7.793991e-06        1
930  8.385399e-07        1
931  3.535523e-07        1
932  9.110649e-06        1
933  6.484309e-07        1
934  5.674469e-06        1
935  1.350920e-04        1
936  5.007581e-05        1
937  2.838114e-05        1
938  4.349687e-05        1
939  8.073837e-05        1
940  1.461610e-04        1
941  3.304716e-06        1
942  1.115855e-06        1
943  6.303485e-06        1
944  2.532974e-05        1
945  7.669346e-05        1
946  2.073685e-05        1
947  2.850794e-06        1
948  2.328161e-05        1
949  2.173677e-06        1
950  1.386707e-05        1
951  1.535624e-06        1
952  2.297047e-06        1
953  4.634923e-05        1
954  3.538634e-06        1
955  3.197135e-06        1
956  9.549427e-05        1
957  2.031396e-05        1
958  1.140086e-04        1
959  5.342935e-06        1
960  8.034683e-07        1
961  1.224802e-06        1
962  8.283787e-06        1
963  1.300652e-05        1
964  2.615271e-06        1
965  3.189200e-05        1
966  1.199238e-06        1
967  7.314384e-06        1
968  1.802403e-05        1
969  5.345769e-06        1
970  2.219922e-05        1
971  2.996245e-06        1
972  3.068131e-05        1
973  5.850012e-06        1
974  5.542493e-07        1
975  5.215887e-06        1
976  4.222594e-05        1
977  1.212658e-07        1
978  1.327130e-05        1
979  1.003549e-04        1
980  1.510638e-05        1
981  5.192681e-05        1
982  1.783900e-08        1
983  1.820540e-06        1
984  3.094245e-05        1
985  3.545458e-06        1
986  6.903429e-06        1
987  6.283220e-05        1
988  2.093451e-05        1
989  4.570753e-07        1
990  1.908381e-05        1
991  5.965872e-06        1
992  2.151598e-05        1
993  3.724335e-06        1
994  6.587407e-06        1
995  8.922016e-06        1
996  3.837045e-05        1
997  1.650097e-06        1
998  4.987476e-05        1
999  8.078489e-05        1
1000 8.737158e-06        1
1001 3.289511e-06        1
1002 3.388268e-07        1
1003 3.264194e-07        1
1004 3.001221e-05        1
1005 3.941662e-06        1
1006 9.058771e-06        1
1007 5.518540e-05        1
1008 5.224311e-06        1
1009 3.053927e-07        1
1010 1.332585e-07        1
1011 5.224561e-06        1
1012 1.220340e-05        1
1013 2.797183e-05        1
1014 4.110775e-06        1
1015 3.581406e-08        1
1016 3.889745e-05        1
1017 1.483740e-06        1
1018 9.087875e-05        1
1019 7.426564e-08        1
1020 1.437429e-06        1
1021 5.750230e-05        1
1022 5.501616e-06        1
1023 1.693979e-05        1
1024 5.995874e-05        1
1025 1.787505e-05        1
1026 1.272755e-06        1
1027 2.426405e-05        1
1028 2.945154e-05        1
1029 8.170458e-05        1
1030 2.562344e-05        1
1031 8.814770e-05        1
1032 3.223190e-06        1
1033 3.409731e-08        1
1034 4.397882e-06        1
1035 5.015013e-06        1
1036 3.349702e-05        1
1037 1.785670e-05        1
1038 2.221672e-06        1
1039 1.538516e-06        1
1040 7.359065e-06        1
1041 1.016695e-05        1
1042 5.182134e-06        1
1043 3.295650e-07        1
1044 2.248613e-05        1
1045 8.559304e-07        1
1046 3.584361e-06        1
1047 7.610348e-06        1
1048 3.975411e-08        1
1049 1.430018e-05        1
1050 1.526807e-05        1
1051 1.769342e-05        1
1052 1.676026e-05        1
1053 1.563084e-06        1
1054 7.157737e-06        1
1055 4.404751e-05        1
1056 1.174850e-07        1
1057 3.447177e-06        1
1058 7.289923e-06        1
1059 1.670483e-05        1
1060 1.171121e-05        1
1061 7.021844e-05        1
1062 7.549938e-07        1
1063 9.317370e-08        1
1064 4.705857e-06        1
1065 6.847120e-04        1
1066 1.743499e-06        1
1067 5.062292e-07        1
1068 2.105269e-05        1
1069 1.470552e-05        1
1070 2.197589e-05        1
1071 2.773736e-06        1
1072 9.819680e-07        1
1073 5.479944e-05        1
1074 6.333164e-05        1
1075 2.592199e-07        1
1076 1.032696e-06        1
1077 4.950067e-05        1
1078 2.068346e-08        1
1079 8.040574e-06        1
1080 7.402643e-05        1
1081 1.568988e-06        1
1082 1.374353e-06        1
1083 1.133089e-04        1
1084 3.045052e-05        1
1085 2.623338e-05        1
1086 5.418948e-05        1
1087 1.396567e-05        1
1088 5.747525e-06        1
1089 1.780749e-05        1
1090 2.465352e-06        1
1091 1.230193e-06        1
1092 1.621985e-05        1
1093 1.836889e-05        1
1094 7.571870e-06        1
1095 4.966283e-07        1
1096 4.170757e-05        1
1097 1.719022e-04        1
1098 2.067897e-04        1
1099 1.146735e-06        1
1100 1.157315e-06        1
1101 1.397293e-04        1
1102 8.073252e-06        1
1103 3.596443e-07        1
1104 3.032385e-08        1
1105 1.037677e-05        1
1106 5.884204e-06        1
1107 7.523557e-06        1
1108 1.859397e-05        1
1109 6.446401e-07        1
1110 7.857549e-05        1
1111 5.494322e-07        1
1112 1.036110e-07        1
1113 7.653098e-07        1
1114 3.658648e-06        1
1115 2.466206e-05        1
1116 2.456873e-05        1
1117 2.188001e-07        1
1118 1.485900e-04        1
1119 3.319862e-05        1
1120 5.167062e-05        1
1121 3.757734e-05        1
1122 5.490462e-08        1
1123 3.263153e-05        1
1124 7.593287e-10        1
1125 2.965314e-05        1
1126 5.515267e-05        1
1127 8.029923e-06        1
1128 8.644101e-06        1
1129 2.683171e-05        1
1130 1.998912e-06        1
1131 3.733370e-06        1
1132 5.973368e-05        1
1133 4.430238e-05        1
1134 4.929537e-07        1
1135 6.244327e-05        1
1136 7.338987e-06        1
1137 1.603978e-07        1
1138 7.321741e-05        1
1139 5.431473e-07        1
1140 1.364729e-05        1
1141 3.212576e-06        1
1142 1.753500e-06        1
1143 4.972820e-06        1
1144 9.158962e-06        1
1145 1.324905e-05        1
1146 3.660425e-07        1
1147 6.335620e-06        1
1148 9.718222e-04 <0.02098
1149 4.076507e-05        1
1150 2.762755e-05        1
1151 8.623557e-05        1
1152 9.635855e-07        1
1153 4.648465e-05        1
1154 1.161286e-05        1
1155 6.613488e-06        1
1156 1.303633e-05        1
1157 8.843706e-06        1
1158 8.464251e-06        1
1159 1.215748e-05        1
1160 1.301746e-04        1
1161 1.216104e-08        1
1162 2.398765e-05        1
1163 6.705068e-05        1
1164 1.223434e-06        1
1165 1.473098e-09        1
1166 4.643084e-07        1
1167 3.282258e-06        1
1168 2.128075e-05        1
1169 1.353734e-04        1
1170 5.512387e-06        1
1171 5.297827e-06        1
1172 4.246892e-05        1
1173 1.207108e-05        1
1174 2.771021e-05        1
1175 2.844098e-05        1
1176 1.524534e-06        1
1177 4.190593e-05        1
1178 1.618808e-06        1
1179 9.224716e-06        1
1180 2.716774e-05        1
1181 6.675268e-06        1
1182 1.938324e-05        1
1183 1.011946e-05        1
1184 5.766184e-05        1
1185 2.436966e-05        1
1186 2.055527e-05        1
1187 5.018348e-06        1
1188 1.508969e-05        1
1189 7.408356e-06        1
1190 3.084534e-06        1
1191 3.228691e-06        1
1192 5.742219e-05        1
1193 6.854410e-07        1
1194 1.302528e-05        1
1195 1.728928e-05        1
1196 9.948110e-06        1
1197 2.534795e-05        1
1198 2.859679e-07        1
1199 3.155843e-05        1
1200 5.258802e-06        1
1201 1.858756e-05        1
1202 1.941288e-05        1
1203 7.737360e-06        1
1204 1.210761e-05        1
1205 1.884485e-06        1
1206 6.425176e-12        1
1207 1.845783e-04        1
1208 1.587302e-05        1
1209 2.175616e-06        1
1210 7.435077e-05        1
1211 7.890577e-05        1
1212 1.076886e-05        1
1213 7.409433e-05        1
1214 1.984675e-07        1
1215 4.980210e-05        1
1216 3.496607e-08        1
1217 2.127315e-08        1
1218 8.628971e-05        1
1219 3.878772e-06        1
1220 1.191978e-04        1
1221 9.172665e-05        1
1222 4.109118e-05        1
1223 7.275285e-07        1
1224 1.628047e-06        1
1225 8.225165e-07        1
1226 5.317340e-06        1
1227 3.057124e-07        1
1228 8.767756e-05        1
1229 2.484882e-05        1
1230 1.145652e-05        1
1231 1.397138e-06        1
1232 5.310937e-06        1
1233 1.338939e-07        1
1234 1.006667e-04        1
1235 1.802152e-05        1
1236 3.335849e-07        1
1237 1.201759e-05        1
1238 3.058315e-05        1
1239 3.868405e-06        1
1240 7.851580e-05        1
1241 2.510988e-05        1
1242 3.129887e-06        1
1243 5.908054e-06        1
1244 1.073788e-06        1
1245 3.469016e-06        1
1246 8.181584e-07        1
1247 3.159843e-06        1
1248 6.047418e-05        1
1249 1.937578e-05        1
1250 4.436745e-05        1
1251 1.532239e-05        1
1252 2.778367e-05        1
1253 1.779988e-06        1
1254 4.059812e-08        1
1255 3.916052e-05        1
1256 3.421630e-05        1
1257 9.850724e-06        1
1258 8.986243e-06        1
1259 9.560497e-06        1
1260 2.301686e-05        1
1261 7.720503e-09        1
1262 1.614784e-05        1
1263 3.921017e-06        1
1264 2.668692e-06        1
1265 5.241774e-06        1
1266 6.276773e-06        1
1267 1.422710e-06        1
1268 1.454537e-05        1
1269 1.063816e-05        1
1270 5.725461e-07        1
1271 4.394222e-05        1
1272 5.399934e-06        1
1273 8.342120e-06        1
1274 5.186947e-06        1
1275 1.543325e-06        1
1276 5.863744e-06        1
1277 7.247542e-06        1
1278 2.651017e-08        1
1279 2.119421e-05        1
1280 2.380673e-06        1
1281 1.050417e-05        1
1282 3.991637e-05        1
1283 1.444892e-07        1
1284 2.836251e-05        1
1285 4.156073e-05        1
1286 6.129765e-04        1
1287 9.981447e-09        1
1288 2.086728e-07        1
1289 8.795126e-08        1
1290 4.020793e-05        1
1291 2.520984e-05        1
1292 1.599007e-06        1
1293 2.889775e-05        1
1294 4.227856e-06        1
1295 1.012858e-06        1
1296 9.812184e-06        1
1297 6.754245e-05        1
1298 6.730692e-06        1
1299 3.947980e-06        1
1300 5.914177e-08        1
1301 1.760777e-05        1
1302 2.373770e-05        1
1303 1.990177e-05        1
1304 4.064337e-05        1
1305 1.388442e-05        1
1306 3.951855e-06        1
1307 4.747866e-06        1
1308 2.194458e-05        1
1309 9.273357e-08        1
1310 3.544397e-05        1
1311 2.175801e-05        1
1312 8.331296e-05        1
1313 6.737051e-05        1
1314 2.033193e-06        1
1315 4.837170e-06        1
1316 7.472752e-05        1
1317 1.308769e-04        1
1318 9.924662e-07        1
1319 6.095467e-06        1
1320 1.104198e-04        1
1321 1.895443e-05        1
1322 2.155246e-05        1
1323 5.092161e-05        1
1324 9.985545e-14        1
1325 9.183817e-06        1
1326 1.055777e-04        1
1327 1.394483e-05        1
1328 3.977760e-05        1
1329 1.864588e-04        1
1330 7.778521e-06        1
1331 2.181106e-05        1
1332 1.438582e-05        1
1333 1.877330e-07        1
1334 1.118612e-05        1
1335 6.595314e-06        1
1336 7.849759e-07        1
1337 5.900589e-05        1
1338 6.590341e-06        1
1339 1.594901e-06        1
1340 2.632536e-04        1
1341 1.793380e-06        1
1342 9.043743e-06        1
1343 2.045551e-05        1
1344 9.247151e-05        1
1345 2.393934e-05        1
1346 1.546434e-05        1
1347 7.825657e-06        1
1348 6.818987e-06        1
1349 1.142593e-05        1
1350 6.750899e-06        1
1351 1.684647e-05        1
1352 1.350147e-05        1
1353 3.481299e-05        1
1354 4.214991e-05        1
1355 3.474868e-09        1
1356 2.121522e-05        1
1357 3.684675e-05        1
1358 5.764319e-06        1
1359 6.308365e-06        1
1360 4.251944e-05        1
1361 6.452878e-05        1
1362 4.428269e-06        1
1363 6.987580e-05        1
1364 1.296219e-05        1
1365 6.921693e-10        1
1366 7.733020e-05        1
1367 2.807868e-10        1
1368 4.192497e-05        1
1369 6.369679e-07        1
1370 4.606222e-05        1
1371 1.007090e-05        1
1372 1.598457e-06        1
1373 4.569073e-05        1
1374 4.408036e-06        1
1375 9.735496e-06        1
1376 1.323954e-06        1
1377 1.919248e-05        1
1378 6.657467e-05        1
1379 1.014641e-05        1
1380 3.410832e-06        1
1381 3.695467e-04        1
1382 1.778307e-05        1
1383 4.175487e-05        1
1384 8.486708e-05        1
1385 1.942087e-05        1
1386 1.795975e-04        1
1387 3.651468e-08        1
1388 4.367520e-05        1
1389 2.026515e-05        1
1390 3.187922e-04        1
1391 3.438774e-05        1
1392 7.530507e-06        1
1393 1.932312e-06        1
1394 3.593794e-06        1
1395 7.737218e-05        1
1396 1.086376e-05        1
1397 4.620940e-07        1
1398 5.321096e-04  0.27274
1399 3.335626e-06        1
1400 1.748853e-05        1
1401 1.271412e-04        1
1402 2.265728e-04        1
1403 3.838667e-05        1
1404 3.888958e-06        1
1405 6.704733e-07        1
1406 8.590689e-06        1
1407 2.521423e-04        1
1408 3.172801e-05        1
1409 2.319467e-05        1
1410 3.939047e-07        1
1411 9.178077e-07        1
1412 1.259340e-07        1
1413 7.209025e-05        1
1414 7.168334e-07        1
1415 5.220155e-06        1
1416 1.063483e-06        1
1417 2.573094e-05        1
1418 3.360011e-07        1
1419 1.571695e-06        1
1420 1.946242e-06        1
1421 6.901467e-06        1
1422 1.661063e-05        1
1423 2.297111e-06        1
1424 9.305386e-07        1
1425 2.513694e-06        1
1426 6.066014e-08        1
1427 1.490319e-05        1
1428 8.960791e-05        1
1429 2.150608e-04        1
1430 4.602825e-06        1
1431 2.486174e-05        1
1432 2.861666e-06        1
1433 8.613334e-06        1
1434 2.707620e-06        1
1435 7.897469e-05        1
1436 1.954031e-06        1
1437 1.044227e-06        1
1438 6.856150e-05        1
1439 3.161865e-05        1
1440 8.512683e-07        1
1441 3.503733e-05        1
1442 4.033517e-07        1
1443 2.954358e-05        1
1444 1.366795e-05        1
1445 1.397801e-05        1
1446 7.700100e-06        1
1447 8.762622e-06        1
1448 6.973180e-06        1
1449 3.304645e-06        1
1450 3.678980e-06        1
1451 7.463724e-05        1
1452 1.853567e-06        1
1453 2.558177e-06        1
1454 3.505715e-05        1
1455 6.208983e-07        1
1456 5.769528e-05        1
1457 3.662646e-07        1
1458 1.186746e-06        1
1459 1.467441e-05        1
1460 9.285534e-05        1
1461 3.020338e-06        1
1462 8.181434e-06        1
1463 5.475054e-05        1
1464 3.690252e-06        1
1465 1.064575e-07        1
1466 2.679358e-08        1
1467 1.638695e-05        1
1468 2.653066e-07        1
1469 1.282216e-04        1
1470 2.378965e-06        1
1471 8.598893e-07        1
1472 5.364322e-06        1
1473 1.356333e-07        1
1474 1.574302e-06        1
1475 1.266445e-05        1
1476 7.550661e-06        1
1477 3.829863e-05        1
1478 9.226293e-07        1
1479 5.761292e-05        1
1480 2.494368e-05        1
1481 4.070325e-05        1
1482 2.811846e-06        1
1483 1.630330e-06        1
1484 4.164860e-05        1
1485 1.616469e-05        1
1486 5.474168e-05        1
1487 6.954168e-06        1
1488 6.147914e-06        1
1489 1.078030e-06        1
1490 1.916872e-07        1
1491 4.027341e-05        1
1492 3.479455e-05        1
1493 3.810001e-05        1
1494 8.551502e-06        1
1495 2.431046e-05        1
1496 6.792730e-05        1
1497 2.105693e-05        1
1498 3.142511e-05        1
1499 2.161741e-05        1
1500 2.939377e-05        1
1501 5.752973e-05        1
1502 1.545228e-06        1
1503 1.265773e-07        1
1504 2.339013e-05        1
1505 2.262160e-06        1
1506 1.564534e-05        1
1507 2.520539e-05        1
1508 1.230112e-05        1
1509 1.007371e-06        1
1510 5.698723e-07        1
1511 1.536553e-05        1
1512 3.950871e-06        1
1513 1.722610e-07        1
1514 9.456900e-06        1
1515 9.030891e-05        1
1516 3.163434e-05        1
1517 5.782019e-05        1
1518 1.796836e-06        1
1519 1.283658e-05        1
1520 1.165078e-04        1
1521 5.777191e-07        1
1522 6.682106e-06        1
1523 1.794215e-06        1
1524 3.000060e-09        1
1525 1.003311e-05        1
1526 1.337817e-04        1
1527 1.164442e-06        1
1528 4.809356e-06        1
1529 3.404298e-06        1
1530 9.051606e-07        1
1531 2.508811e-05        1
1532 4.357355e-05        1
1533 1.343156e-05        1
1534 8.544285e-05        1
1535 3.106718e-05        1
1536 2.315454e-06        1
1537 5.063502e-07        1
1538 1.502931e-05        1
1539 8.635357e-05        1
1540 2.180847e-06        1
1541 4.795848e-05        1
1542 9.498585e-06        1
1543 2.577702e-05        1
1544 9.209800e-06        1
1545 1.613466e-08        1
1546 4.911910e-05        1
1547 7.894046e-05        1
1548 1.932397e-05        1
1549 6.624533e-06        1
1550 6.197139e-05        1
1551 1.349719e-07        1
1552 6.519846e-05        1
1553 1.971160e-05        1
1554 8.922328e-08        1
1555 1.635003e-05        1
1556 2.397312e-05        1
1557 4.375389e-06        1
1558 9.352293e-07        1
1559 7.676952e-06        1
1560 3.206941e-10        1
1561 8.683286e-07        1
1562 2.277215e-05        1
1563 2.173312e-05        1
1564 6.543785e-06        1
1565 2.746718e-05        1
1566 1.355088e-06        1
1567 1.659153e-09        1
1568 6.798365e-06        1
1569 5.424361e-09        1
1570 1.834445e-05        1
1571 4.139522e-06        1
1572 5.184594e-06        1
1573 2.448456e-05        1
1574 6.893816e-05        1
1575 3.430885e-06        1
1576 9.850875e-09        1
1577 5.950274e-06        1
1578 4.515619e-07        1
1579 4.884632e-09        1
1580 1.795998e-06        1
1581 2.386746e-06        1
1582 2.344727e-05        1
1583 1.412631e-05        1
1584 2.022779e-05        1
1585 3.358768e-05        1
1586 6.851564e-05        1
1587 1.493089e-05        1
1588 1.324716e-05        1
1589 6.271308e-06        1
1590 2.300729e-06        1
1591 2.121214e-05        1
1592 2.098028e-08        1
1593 1.947095e-06        1
1594 8.187108e-06        1
1595 3.065560e-08        1
1596 4.157807e-05        1
1597 9.827586e-06        1
1598 1.238145e-05        1
1599 7.304592e-04        1
1600 1.647334e-05        1
1601 1.951102e-06        1
1602 1.046322e-08        1
1603 3.367538e-06        1
1604 3.758703e-04        1
1605 1.176484e-05        1
1606 1.023164e-05        1
1607 1.782533e-04        1
1608 1.065308e-07        1
1609 6.317855e-06        1
1610 1.493927e-06        1
1611 8.625118e-05        1
1612 3.064002e-05        1
1613 1.110188e-06        1
1614 1.531572e-07        1
1615 2.396604e-06        1
1616 5.914861e-06        1
1617 3.967630e-05        1
1618 3.587456e-06        1
1619 6.554002e-07        1
1620 6.975892e-06        1
1621 4.222749e-07        1
1622 1.460998e-05        1
1623 9.044529e-05        1
1624 1.842982e-05        1
1625 2.329961e-05        1
1626 4.010883e-06        1
1627 4.257970e-05        1
1628 8.133206e-07        1
1629 1.543273e-04        1
1630 5.229554e-06        1
1631 1.179423e-05        1
1632 7.638466e-05        1
1633 2.094979e-05        1
1634 1.098692e-04        1
1635 1.786598e-05        1
1636 2.429361e-05        1
1637 1.526554e-05        1
1638 2.240835e-05        1
1639 1.813210e-05        1
1640 5.327428e-06        1
1641 2.611366e-05        1
1642 7.638578e-05        1
1643 4.313007e-04        1
1644 2.968502e-04        1
1645 4.190925e-06        1
1646 4.820479e-07        1
1647 2.336938e-07        1
1648 2.550171e-06        1
1649 4.139594e-04        1
1650 1.567947e-05        1
1651 1.360288e-04        1
1652 6.797206e-05        1
1653 1.293683e-05        1
1654 1.936001e-06        1
1655 9.232217e-06        1
1656 1.046717e-04        1
1657 2.309760e-05        1
1658 5.137355e-05        1
1659 6.960606e-05        1
1660 3.354541e-05        1
1661 3.385935e-04        1
1662 1.651853e-08        1
1663 1.015094e-04        1
1664 1.332904e-05        1
1665 3.104501e-05        1
1666 9.977812e-04        1
1667 7.311423e-08        1
1668 8.383640e-05        1
1669 9.325534e-07        1
1670 1.205002e-08        1
1671 3.757193e-08        1
1672 1.275299e-04        1
1673 1.368111e-04        1
1674 2.389249e-05        1
1675 1.038404e-06        1
1676 3.620049e-05        1
1677 4.431328e-05        1
1678 1.403086e-04        1
1679 1.811368e-05        1
1680 2.009814e-05        1
1681 3.642873e-05        1
1682 6.613385e-06        1
1683 1.042310e-06        1
1684 2.001985e-04        1
1685 4.168725e-06        1
1686 5.173270e-05        1
1687 1.624223e-05        1
1688 3.361023e-06        1
1689 1.899829e-08        1
1690 9.569335e-09        1
1691 2.158125e-04        1
1692 6.175518e-05        1
1693 8.130251e-06        1
1694 3.691867e-05        1
1695 1.783989e-05        1
1696 4.358460e-07        1
1697 6.502260e-05        1
1698 7.064193e-08        1
1699 6.818736e-06        1
1700 1.707585e-06        1
1701 1.498135e-05        1
1702 6.701551e-08        1
1703 3.553146e-04        1
1704 3.880230e-05        1
1705 2.282186e-05        1
1706 6.558755e-10        1
1707 1.280856e-06        1
1708 5.524511e-05        1
1709 3.473774e-04        1
1710 5.364958e-06        1
1711 4.975080e-06        1
1712 1.222422e-05        1
1713 7.198576e-06        1
1714 2.700402e-05        1
1715 9.939878e-06        1
1716 8.668662e-07        1
1717 2.009099e-07        1
1718 5.250740e-06        1
1719 3.475683e-05        1
1720 4.418112e-07        1
1721 6.784360e-05        1
1722 5.140485e-05        1
1723 7.041329e-05        1
1724 8.228268e-06        1
1725 5.469830e-05        1
1726 2.822923e-05        1
1727 2.293352e-05        1
1728 1.225733e-04        1
1729 2.556872e-06        1
1730 1.339771e-06        1
1731 2.120290e-05        1
1732 1.048487e-03        1
1733 8.546593e-07        1
1734 7.949901e-06        1
1735 1.493113e-06        1
1736 6.245929e-06        1
1737 8.842501e-06        1
1738 1.012290e-04        1
1739 7.794885e-10        1
1740 3.157941e-05        1
1741 7.204118e-07        1
1742 2.217983e-04        1
1743 1.267008e-04        1
1744 4.257526e-05        1
1745 4.567707e-05        1
1746 6.645216e-07        1
1747 9.506783e-06        1
1748 1.907877e-06        1
1749 2.982784e-07        1
1750 2.830422e-05        1
1751 1.661349e-05        1
1752 1.199290e-07        1
1753 9.314139e-06        1
1754 1.101620e-04        1
1755 8.196262e-06        1
1756 2.136235e-05        1
1757 7.115281e-06        1
1758 5.327457e-07        1
1759 3.753299e-04        1
1760 9.578790e-10        1
1761 1.212643e-06        1
1762 1.990191e-04        1
1763 1.369129e-05        1
1764 2.718934e-06        1
1765 8.706801e-07        1
1766 3.725582e-04        1
1767 5.233857e-07        1
1768 3.333937e-05        1
1769 5.351449e-07        1
1770 1.543285e-06        1
1771 7.698762e-05        1
1772 5.020655e-05        1
1773 2.944981e-06        1
1774 1.912236e-04        1
1775 7.267352e-05        1
1776 8.186331e-09        1
1777 5.122319e-05        1
1778 2.717558e-07        1
1779 3.583803e-05        1
1780 2.015364e-05        1
1781 1.478156e-05        1
1782 2.476610e-07        1
1783 4.212134e-05        1
1784 5.837167e-05        1
1785 1.648646e-05        1
1786 3.609209e-07        1
1787 2.151009e-05        1
1788 7.628104e-05        1
1789 5.043911e-05        1
1790 1.716720e-04        1
1791 5.249938e-06        1
1792 2.523023e-04        1
1793 1.585106e-05        1
1794 1.235941e-09        1
1795 3.902612e-06        1
1796 2.578440e-05        1
1797 1.180436e-05        1
1798 9.513690e-05        1
1799 5.409723e-07        1
1800 4.657946e-07        1
1801 1.108394e-05        1
1802 1.963864e-06        1
1803 8.662903e-05        1
1804 1.854188e-06        1
1805 2.518419e-06        1
1806 1.353366e-06        1
1807 2.621182e-04        1
1808 4.806148e-05        1
1809 6.785156e-05        1
1810 1.676624e-05        1
1811 5.804081e-08        1
1812 6.051285e-05        1
1813 6.168963e-05        1
1814 1.979146e-06        1
1815 3.591508e-05        1
1816 1.251717e-04        1
1817 8.744083e-06        1
1818 6.441455e-05        1
1819 1.134984e-05        1
1820 8.179901e-06        1
1821 3.140960e-06        1
1822 1.349577e-04        1
1823 1.154326e-05        1
1824 4.246825e-04        1
1825 8.622530e-05        1
1826 4.837286e-05        1
1827 2.665899e-05        1
1828 2.312090e-05        1
1829 2.675719e-05        1
1830 1.392563e-05        1
1831 9.998016e-06        1
1832 3.027949e-05        1
1833 2.030932e-04        1
1834 1.532955e-05        1
1835 3.963608e-07        1
1836 3.540599e-05        1
1837 2.556451e-05        1
1838 2.791223e-04        1
1839 1.306292e-05        1
1840 1.096281e-06        1
1841 1.665736e-08        1
1842 2.154599e-07        1
1843 4.765303e-05        1
1844 2.089725e-04        1
1845 6.862804e-08        1
1846 2.594648e-05        1
1847 5.531667e-05        1
1848 3.739143e-05        1
1849 4.751449e-05        1
1850 1.201199e-05        1
1851 4.606064e-05        1
1852 9.511573e-05        1
1853 4.435514e-06        1
1854 2.107027e-04        1
1855 6.330861e-05        1
1856 4.485043e-05        1
1857 1.349262e-05        1
1858 1.006385e-07        1
1859 7.207525e-07        1
1860 3.517198e-04        1
1861 3.887281e-06        1
1862 5.992904e-06        1
1863 4.879156e-06        1
1864 5.646258e-05        1
1865 2.779852e-04        1
1866 3.995235e-05        1
1867 1.465273e-05        1
1868 1.959201e-05        1
1869 3.132385e-06        1
1870 9.507888e-07        1
1871 4.754638e-07        1
1872 3.011564e-05        1
1873 1.108702e-05        1
1874 7.247164e-05        1
1875 1.037053e-05        1
1876 1.585727e-06        1
1877 5.976212e-07        1
1878 3.211025e-05        1
1879 7.213276e-05        1
1880 5.944066e-05        1
1881 1.819255e-06        1
1882 2.008309e-06        1
1883 1.060787e-04        1
1884 1.553449e-05        1
1885 7.514629e-05        1
1886 1.257178e-05        1
1887 1.230999e-05        1
1888 6.094382e-05        1
1889 3.354326e-07        1
1890 5.185866e-06        1
1891 1.173784e-05        1
1892 4.604417e-05        1
1893 2.229724e-05        1
1894 1.298179e-05        1
1895 5.588465e-05        1
1896 2.618477e-06        1
1897 3.138142e-05        1
1898 1.802631e-05        1
1899 5.487093e-05        1
1900 2.563549e-06        1
1901 1.339826e-04        1
1902 1.331024e-04        1
1903 2.671863e-05        1
1904 6.691846e-05        1
1905 6.102265e-06        1
1906 5.382556e-05        1
1907 4.659438e-05        1
1908 4.474677e-04        1
1909 5.957568e-05        1
1910 1.151649e-04        1
1911 1.636723e-05        1
1912 2.531620e-05        1
1913 2.149182e-05        1
1914 2.298547e-05        1
1915 4.335521e-05        1
1916 3.348589e-05        1
1917 2.057540e-04        1
1918 4.174137e-07        1
1919 5.152525e-06        1
1920 6.797422e-05        1
1921 1.603623e-04        1
1922 1.998280e-05        1
1923 6.206445e-05        1
1924 1.152581e-05        1
1925 2.355738e-05        1
1926 2.193196e-05        1
1927 1.612818e-05        1
1928 3.176698e-05        1
1929 1.831900e-05        1
1930 1.477309e-06        1
1931 4.365489e-05        1
1932 5.296300e-05        1
1933 1.999607e-06        1
1934 1.493878e-05        1
1935 6.330320e-05        1
1936 1.828568e-05        1
1937 8.025883e-07        1
1938 3.294388e-05        1
1939 1.792129e-06        1
1940 1.844483e-05        1
1941 2.052907e-04        1
1942 1.284789e-05        1
1943 5.117926e-05        1
1944 5.345526e-05        1
1945 1.362646e-05        1
1946 1.310392e-05        1
1947 9.151477e-05        1
1948 1.520298e-06        1
1949 4.182186e-06        1
1950 1.756434e-06        1
1951 5.911784e-05        1
1952 4.331483e-06        1
1953 3.284640e-05        1
1954 2.174311e-05        1
1955 2.917189e-05        1
1956 1.566873e-05        1
1957 6.938307e-06        1
1958 1.081412e-05        1
1959 4.015828e-05        1
1960 2.034877e-07        1
1961 4.726660e-07        1
1962 2.852475e-05        1
1963 2.033055e-07        1
1964 7.067895e-07        1
1965 1.783579e-06        1
1966 1.212521e-05        1
1967 3.581943e-06        1
1968 1.288640e-04        1
1969 1.728183e-06        1
1970 5.879102e-06        1
1971 3.304418e-05        1
1972 1.577877e-07        1
1973 5.802439e-06        1
1974 6.557598e-05        1
1975 4.524981e-06        1
1976 2.201465e-05        1
1977 3.995158e-05        1
1978 5.871865e-07        1
1979 4.753996e-07        1
1980 5.387918e-07        1
1981 4.819078e-05        1
1982 2.090383e-05        1
1983 2.037544e-05        1
1984 3.676839e-08        1
1985 3.883797e-05        1
1986 1.321938e-06        1
1987 3.485411e-05        1
1988 5.575667e-05        1
1989 1.043348e-05        1
1990 3.841803e-05        1
1991 2.972129e-05        1
1992 2.719421e-05        1
1993 2.658282e-06        1
1994 2.983482e-08        1
1995 5.111585e-05        1
1996 4.541858e-05        1
1997 5.393350e-06        1
1998 6.145783e-07        1
1999 2.633046e-06        1
2000 8.718360e-06        1
2001 9.893913e-06        1
2002 4.398004e-05        1
2003 3.701646e-06        1
2004 1.626287e-05        1
2005 2.124318e-06        1
2006 4.330002e-05        1
2007 1.187800e-05        1
2008 1.769298e-04        1
2009 3.003956e-06        1
2010 5.398057e-06        1
2011 8.868330e-05        1
2012 4.789375e-07        1
2013 6.146711e-06        1
2014 7.503694e-05        1
2015 1.088699e-05        1
2016 1.170404e-04        1
2017 5.711895e-06        1
2018 2.895676e-05        1
2019 2.495010e-06        1
2020 2.597506e-07        1
2021 7.482933e-06        1
2022 3.623272e-05        1
2023 5.217716e-05        1
2024 1.281607e-05        1
2025 2.336320e-04        1
2026 6.281621e-05        1
2027 3.856428e-07        1
2028 5.958116e-06        1
2029 5.648471e-05        1
2030 8.910795e-06        1
2031 5.034441e-06        1
2032 2.008367e-05        1
2033 4.385902e-06        1
2034 3.252392e-06        1
2035 3.177126e-05        1
2036 8.718456e-06        1
2037 3.408296e-05        1
2038 6.313296e-05        1
2039 2.344379e-07        1
2040 6.496347e-06        1
2041 2.295884e-07        1
2042 8.439456e-06        1
2043 2.317381e-06        1
2044 3.096574e-06        1
2045 2.080083e-05        1
2046 1.711720e-06        1
2047 1.577829e-05        1
2048 1.692149e-06        1
2049 1.375160e-05        1
2050 1.082528e-05        1
2051 1.782237e-04        1
2052 4.644192e-05        1
2053 5.479072e-05        1
2054 3.503537e-05        1
2055 4.668830e-06        1
2056 1.975407e-05        1
2057 2.291776e-07        1
2058 3.113679e-05        1
2059 6.245150e-06        1
2060 2.491853e-06        1
2061 1.792862e-05        1
2062 3.755645e-07        1
2063 8.897429e-08        1
2064 6.951493e-05        1
2065 2.371725e-05        1
2066 3.892419e-05        1
2067 1.713986e-05        1
2068 3.902387e-06        1
2069 1.103767e-05        1
2070 2.693372e-05        1
2071 8.336788e-08        1
2072 4.231935e-07        1
2073 6.644119e-05        1
2074 4.447992e-05        1
2075 1.233715e-06        1
2076 1.459664e-05        1
2077 4.383600e-05        1
2078 3.153883e-05        1
2079 5.434785e-07        1
2080 6.127661e-06        1
2081 6.457527e-05        1
2082 3.038398e-06        1
2083 1.312004e-04        1
2084 7.659161e-06        1
2085 6.491811e-06        1
2086 3.043864e-05        1
2087 3.050789e-05        1
2088 2.303152e-06        1
2089 7.678183e-07        1
2090 8.225564e-06        1
2091 2.742848e-05        1
2092 9.195933e-06        1
2093 4.817350e-06        1
2094 2.761283e-05        1
2095 6.061393e-07        1
2096 1.873440e-06        1
2097 4.805410e-05        1
2098 8.217154e-06        1

$`MR-PRESSO results`$`Distortion Test`
$`MR-PRESSO results`$`Distortion Test`$`Outliers Indices`
[1] 1148

$`MR-PRESSO results`$`Distortion Test`$`Distortion Coefficient`
beta.exposure 
    -10.84008 

$`MR-PRESSO results`$`Distortion Test`$Pvalue
[1] 0.89526



