$`Main MR results`
       Exposure       MR Analysis Causal Estimate         Sd    T-stat
1 beta.exposure               Raw      -0.1525596 0.09730067 -1.567919
2 beta.exposure Outlier-corrected              NA         NA        NA
    P-value
1 0.1175416
2        NA

$`MR-PRESSO results`
$`MR-PRESSO results`$`Global Test`
$`MR-PRESSO results`$`Global Test`$RSSobs
[1] 619.9255

$`MR-PRESSO results`$`Global Test`$Pvalue
[1] 8e-05


$`MR-PRESSO results`$`Outlier Test`
          RSSobs  Pvalue
1   4.694195e-07       1
2   8.612370e-07       1
3   8.492212e-07       1
4   2.737402e-05       1
5   5.696712e-04       1
6   4.031704e-04       1
7   3.751972e-04       1
8   2.385896e-07       1
9   2.180331e-04       1
10  8.686968e-04       1
11  1.244389e-03       1
12  4.000967e-07       1
13  2.939780e-04       1
14  6.678711e-04       1
15  4.130612e-04       1
16  7.931272e-09       1
17  1.685770e-04       1
18  2.843803e-05       1
19  2.960373e-04       1
20  6.794981e-04       1
21  1.410849e-03       1
22  7.512777e-05       1
23  1.665554e-08       1
24  4.853108e-04       1
25  3.511128e-06       1
26  1.297298e-03       1
27  1.200916e-03       1
28  8.375161e-05       1
29  1.467979e-07       1
30  1.496867e-03       1
31  1.539909e-03       1
32  5.707969e-05       1
33  8.958087e-05       1
34  1.654484e-04       1
35  1.585520e-04       1
36  3.540088e-05       1
37  3.182415e-04       1
38  8.535137e-04       1
39  6.509856e-04       1
40  2.587479e-04       1
41  6.619797e-04       1
42  2.851451e-05       1
43  1.740101e-04       1
44  4.436238e-05       1
45  1.162447e-04       1
46  1.257598e-04       1
47  8.178273e-05       1
48  2.564150e-03       1
49  3.076248e-04       1
50  6.435767e-04       1
51  1.036867e-03       1
52  7.176304e-05       1
53  2.055130e-06       1
54  2.227199e-02       1
55  2.701004e-03       1
56  1.027010e-03       1
57  1.987348e-04       1
58  1.926901e-06       1
59  6.912350e-05       1
60  1.184159e-04       1
61  5.219241e-04       1
62  1.157334e-03       1
63  3.746596e-03       1
64  7.632400e-05       1
65  1.649909e-03       1
66  1.825700e-03       1
67  3.735742e-03       1
68  4.565301e-03       1
69  2.396020e-04       1
70  2.742643e-03 0.13832
71  1.815718e-04       1
72  2.206971e-04       1
73  4.353191e-07       1
74  1.390038e-04       1
75  8.270521e-04       1
76  3.312393e-04       1
77  7.375241e-04       1
78  5.077122e-05       1
79  1.800875e-04       1
80  6.220695e-04       1
81  6.230668e-04       1
82  6.239578e-05       1
83  7.219639e-04       1
84  2.535689e-05       1
85  2.871979e-07       1
86  1.951691e-03       1
87  4.653791e-04       1
88  1.294198e-03       1
89  1.828989e-03       1
90  4.234732e-04       1
91  4.734090e-04       1
92  8.272984e-05       1
93  7.043003e-04       1
94  2.288980e-03       1
95  5.914293e-04       1
96  2.232063e-04       1
97  2.744495e-04       1
98  1.503142e-03       1
99  2.386071e-05       1
100 3.658760e-06       1
101 5.994717e-04       1
102 9.285911e-04       1
103 1.073701e-04       1
104 1.184471e-04       1
105 7.560822e-04       1
106 1.449870e-02       1
107 2.318310e-06       1
108 3.269711e-04       1
109 1.642393e-04       1
110 1.487578e-03       1
111 1.607533e-04       1
112 1.595653e-04       1
113 4.979401e-04       1
114 1.410023e-04       1
115 1.954211e-04       1
116 7.224452e-04       1
117 6.687372e-04       1
118 2.233967e-04       1
119 5.138702e-04       1
120 1.480728e-04       1
121 2.102729e-05       1
122 2.215402e-04       1
123 4.146857e-05       1
124 4.417383e-04       1
125 1.116586e-07       1
126 6.137614e-04       1
127 1.819806e-03       1
128 1.235313e-03       1
129 4.542912e-04       1
130 9.708611e-05       1
131 1.970035e-03       1
132 4.549140e-04       1
133 1.425555e-03       1
134 1.393838e-05       1
135 2.775147e-04       1
136 1.549005e-05       1
137 3.207490e-04       1
138 4.535596e-05       1
139 3.072488e-05       1
140 2.011191e-04       1
141 7.311038e-04       1
142 1.457297e-05       1
143 1.989747e-03       1
144 3.313805e-04       1
145 1.079954e-03       1
146 2.013923e-04       1
147 6.646105e-05       1
148 5.737757e-04       1
149 2.461175e-05       1
150 5.780177e-04       1
151 3.953527e-07       1
152 1.288285e-03       1
153 4.249887e-06       1
154 2.033251e-04       1
155 5.003755e-04       1
156 5.434222e-04       1
157 8.255348e-06       1
158 4.303674e-04       1
159 5.601479e-04       1
160 2.854058e-04       1
161 4.476173e-03       1
162 1.827281e-05       1
163 2.944055e-04       1
164 6.937581e-04       1
165 3.063399e-05       1
166 4.110584e-06       1
167 1.365062e-04       1
168 1.770175e-04       1
169 5.975353e-05       1
170 5.713675e-04       1
171 1.850977e-04       1
172 3.038174e-05       1
173 1.288658e-04       1
174 8.723272e-04       1
175 2.020200e-03       1
176 2.712120e-04       1
177 9.821832e-05       1
178 2.062424e-05       1
179 1.038445e-05       1
180 3.822177e-05       1
181 3.040032e-04       1
182 6.449867e-04       1
183 5.435197e-06       1
184 3.440945e-04       1
185 4.938137e-05       1
186 6.201035e-04       1
187 2.184216e-06       1
188 2.246758e-04       1
189 1.032110e-04       1
190 1.572161e-03       1
191 2.167664e-05       1
192 4.274590e-04       1
193 7.468730e-04       1
194 3.476970e-04       1
195 1.292117e-03       1
196 4.153248e-05       1
197 2.384937e-05       1
198 6.309285e-05       1
199 2.291539e-06       1
200 1.187423e-03       1
201 6.783728e-04       1
202 9.081218e-05       1
203 3.623768e-04       1
204 2.735353e-05       1
205 5.655984e-04       1
206 7.462491e-04       1
207 2.825319e-04       1
208 3.055766e-04       1
209 2.918699e-04       1
210 7.969291e-05       1
211 8.375671e-04       1
212 6.134767e-07       1
213 1.510543e-03       1
214 1.051477e-04       1
215 3.417155e-04       1
216 6.754787e-04       1
217 8.495215e-06       1
218 2.240769e-03       1
219 1.319262e-04       1
220 1.818420e-05       1
221 1.641639e-03       1
222 3.297332e-05       1
223 9.556664e-05       1
224 9.975682e-04       1
225 3.517648e-04       1
226 7.304765e-05       1
227 1.401465e-04       1
228 1.529366e-04       1
229 2.203485e-04       1
230 8.720847e-04       1
231 6.155477e-05       1
232 6.009629e-06       1
233 1.934467e-05       1
234 3.753383e-03 0.27664
235 3.233825e-04       1
236 6.173351e-04       1
237 1.828750e-04       1
238 1.930583e-06       1
239 3.672850e-05       1
240 3.138768e-05       1
241 1.167633e-04       1
242 6.873732e-04       1
243 9.632731e-05       1
244 1.142518e-05       1
245 5.823615e-04       1
246 9.511574e-04       1
247 6.948619e-05       1
248 2.745717e-04       1
249 9.312167e-05       1
250 4.596338e-05       1
251 1.787710e-04       1
252 1.292791e-03       1
253 4.145543e-04       1
254 3.883091e-03       1
255 5.184613e-05       1
256 7.902412e-04       1
257 4.311818e-05       1
258 1.183618e-04       1
259 4.037584e-07       1
260 7.499248e-04       1
261 2.282784e-05       1
262 1.225465e-04       1
263 4.620740e-07       1
264 9.750597e-05       1
265 1.701396e-04       1
266 1.371078e-04       1
267 2.309536e-04       1
268 1.901186e-05       1
269 1.066581e-04       1
270 3.011437e-05       1
271 2.451382e-03       1
272 5.331611e-05       1
273 8.420369e-05       1
274 4.786023e-04       1
275 4.703913e-05       1
276 3.118319e-04       1
277 1.461598e-03       1
278 4.567626e-02       1
279 4.542040e-04       1
280 5.892535e-05       1
281 1.236416e-03       1
282 2.656426e-04       1
283 2.126066e-05       1
284 8.090947e-04       1
285 1.561960e-03       1
286 1.841282e-04       1
287 3.152108e-03       1
288 5.127401e-04       1
289 1.266384e-03       1
290 4.695240e-04       1
291 7.534970e-04       1
292 2.367917e-07       1
293 1.120085e-04       1
294 9.978087e-05       1
295 1.209487e-03       1
296 7.941757e-05       1
297 1.950095e-03       1
298 3.290793e-05       1
299 1.489978e-04       1
300 3.915468e-04       1
301 3.493244e-04       1
302 1.903587e-04       1
303 2.468480e-04       1
304 1.411022e-04       1
305 1.982986e-03       1
306 2.531495e-04       1
307 9.234198e-05       1
308 4.640975e-04       1
309 1.173630e-05       1
310 3.014852e-04       1
311 2.964756e-04       1
312 1.788886e-03       1
313 2.989318e-05       1
314 5.411666e-05       1
315 1.029586e-03       1
316 1.060513e-04       1
317 1.289856e-04       1
318 1.576748e-07       1
319 1.754891e-05       1
320 4.002478e-06       1
321 6.575498e-05       1
322 3.746977e-04       1
323 6.045877e-06       1
324 2.917351e-03       1
325 4.937569e-05       1
326 2.179179e-06       1
327 4.275741e-04       1
328 7.849502e-05       1
329 4.288805e-04       1
330 4.219043e-05       1
331 1.387308e-06       1
332 2.457138e-04       1
333 1.993609e-03       1
334 1.913185e-04       1
335 4.903852e-04       1
336 1.772823e-06       1
337 1.621449e-04       1
338 3.598309e-04       1
339 7.247362e-05       1
340 2.431577e-05       1
341 1.401671e-03       1
342 1.655414e-05       1
343 7.296451e-05       1
344 1.225752e-03       1
345 7.649872e-07       1
346 3.486029e-03       1
347 3.660442e-05       1
348 4.282033e-05       1
349 6.659064e-04       1
350 3.655681e-06       1
351 3.554112e-06       1
352 8.975374e-05       1
353 1.836621e-04       1
354 2.826088e-03       1
355 1.335044e-04       1
356 1.650833e-05       1
357 2.357801e-03       1
358 1.151343e-04       1
359 4.295503e-05       1
360 2.043428e-05       1
361 9.017477e-04       1
362 4.692612e-04       1
363 5.482761e-04       1
364 2.401763e-04       1
365 1.401403e-03       1
366 4.974765e-03       1
367 1.754346e-04       1
368 3.565746e-03       1
369 3.778216e-04       1
370 2.664825e-03       1
371 1.492174e-05       1
372 9.188710e-06       1
373 1.193847e-04       1
374 9.014812e-05       1
375 1.117685e-04       1
376 1.541541e-04       1
377 2.756892e-04       1
378 2.407386e-04       1
379 7.746213e-04       1
380 2.648900e-04       1
381 1.087463e-03       1
382 2.435766e-04       1
383 6.652949e-04       1
384 1.683769e-03       1
385 3.628488e-05       1
386 6.271519e-05       1
387 1.158588e-03       1
388 1.163417e-04       1
389 2.157213e-05       1
390 9.347589e-06       1
391 1.201632e-05       1
392 6.853915e-05       1
393 1.941859e-04       1
394 1.629558e-03       1
395 4.164361e-04       1
396 9.334561e-05       1
397 9.313696e-05       1
398 1.028487e-07       1
399 1.593753e-03       1
400 1.383306e-04       1
401 3.068489e-09       1
402 1.915222e-04       1
403 1.426112e-04       1
404 7.222420e-04       1
405 6.621340e-04       1
406 8.829905e-04       1
407 3.106812e-04       1
408 1.554317e-04       1
409 8.424378e-06       1
410 2.591503e-03       1
411 5.263727e-03       1
412 1.639170e-03       1
413 6.741840e-06       1
414 8.230410e-04       1
415 1.425744e-04       1
416 3.099459e-03       1
417 4.599196e-03       1
418 2.575210e-04       1
419 4.573882e-04       1
420 1.965451e-04       1
421 2.183780e-03       1
422 5.806281e-04       1
423 6.887571e-04       1
424 2.642657e-05       1
425 1.850220e-04       1
426 2.388630e-03       1
427 2.838569e-04       1
428 1.971613e-04       1
429 2.528553e-05       1
430 8.788797e-04       1
431 2.660637e-04       1
432 9.998753e-06       1
433 8.555702e-05       1
434 1.196529e-06       1
435 4.869910e-05       1
436 1.565785e-05       1
437 1.641125e-04       1
438 3.422009e-04       1
439 1.390250e-04       1
440 6.369903e-04       1
441 4.526021e-04       1
442 1.270916e-03       1
443 2.919702e-04       1
444 1.178519e-04       1
445 4.438381e-03       1
446 5.711857e-04       1
447 1.604435e-04       1
448 1.567250e-03       1
449 2.301954e-05       1
450 2.944646e-04       1
451 9.094034e-03       1
452 1.019808e-03       1
453 1.670292e-04       1
454 9.645379e-03       1
455 5.762788e-06       1
456 5.597284e-06       1
457 2.840526e-03       1
458 7.229312e-05       1
459 7.262548e-06       1
460 3.067548e-04       1
461 3.533301e-04       1
462 5.477566e-05       1
463 1.294628e-03       1
464 8.038996e-05       1
465 2.277817e-03       1
466 6.266965e-04       1
467 1.170944e-03       1
468 6.324003e-06       1
469 7.358955e-09       1
470 1.141218e-04       1
471 8.750666e-04       1
472 8.665536e-04       1
473 9.264102e-04       1
474 9.039810e-06       1
475 2.170092e-04       1
476 1.502173e-05       1
477 9.812639e-05       1
478 3.963975e-04       1
479 2.105420e-04       1
480 1.064409e-04       1
481 3.428407e-04       1
482 1.033022e-03       1
483 1.505312e-04       1
484 3.249403e-04       1
485 4.019938e-04       1
486 1.127179e-04       1
487 1.659778e-03       1
488 1.795046e-06       1
489 6.299991e-05       1
490 5.202981e-03       1
491 3.632902e-05       1
492 7.010445e-06       1
493 2.721503e-05       1
494 1.338073e-04       1

$`MR-PRESSO results`$`Distortion Test`
$`MR-PRESSO results`$`Distortion Test`$`Outliers Indices`
[1] "No significant outliers"

$`MR-PRESSO results`$`Distortion Test`$`Distortion Coefficient`
[1] NA

$`MR-PRESSO results`$`Distortion Test`$Pvalue
[1] NA



