$`Main MR results`
       Exposure       MR Analysis Causal Estimate          Sd     T-stat
1 beta.exposure               Raw    -0.002584594 0.004371897 -0.5911836
2 beta.exposure Outlier-corrected    -0.003467965 0.004144769 -0.8367088
    P-value
1 0.5564797
2 0.4059189

$`MR-PRESSO results`
$`MR-PRESSO results`$`Global Test`
$`MR-PRESSO results`$`Global Test`$RSSobs
[1] 92.8241

$`MR-PRESSO results`$`Global Test`$Pvalue
[1] 0.0198


$`MR-PRESSO results`$`Outlier Test`
         RSSobs Pvalue
1  3.256066e-08      1
2  1.825669e-07      1
3  4.427217e-06      1
4  6.467274e-06      1
5  8.395870e-06      1
6  1.334203e-06      1
7  6.773395e-06      1
8  3.009657e-06      1
9  4.228976e-07      1
10 1.075975e-05      1
11 9.955208e-06      1
12 2.348866e-06      1
13 1.726746e-07      1
14 5.224781e-06      1
15 5.373405e-06      1
16 2.831892e-06      1
17 1.532880e-06      1
18 4.674039e-05      1
19 2.593398e-06      1
20 1.956332e-07      1
21 1.714181e-05      1
22 7.652772e-06      1
23 7.732666e-06      1
24 2.045990e-06      1
25 8.808297e-06      1
26 2.130808e-06      1
27 7.425520e-06      1
28 1.035002e-05      1
29 1.431085e-07      1
30 1.176055e-05      1
31 8.830314e-06      1
32 3.736713e-05      1
33 2.882055e-05      1
34 3.706381e-07      1
35 5.142371e-06      1
36 4.314065e-05      1
37 3.919934e-06      1
38 3.627805e-06      1
39 1.629288e-06      1
40 1.844385e-05      1
41 2.554209e-05      1
42 1.239155e-05      1
43 9.369494e-06      1
44 8.256965e-06      1
45 1.087622e-05      1
46 4.719421e-08      1
47 1.579068e-06      1
48 9.901625e-05  0.039
49 2.927084e-06      1
50 1.011728e-06      1
51 2.131857e-07      1
52 5.127632e-06      1
53 4.470117e-05      1
54 9.159281e-05  0.104
55 5.807585e-07      1
56 4.242009e-05      1
57 1.472923e-07      1
58 5.503205e-08      1
59 3.684468e-05      1
60 4.861035e-05      1
61 2.400202e-06      1
62 2.089557e-06      1
63 6.904579e-06      1
64 3.255067e-05      1
65 1.485451e-06      1

$`MR-PRESSO results`$`Distortion Test`
$`MR-PRESSO results`$`Distortion Test`$`Outliers Indices`
[1] 48

$`MR-PRESSO results`$`Distortion Test`$`Distortion Coefficient`
beta.exposure 
     25.47231 

$`MR-PRESSO results`$`Distortion Test`$Pvalue
[1] 0.8456



