$`Main MR results`
       Exposure       MR Analysis Causal Estimate          Sd   T-stat
1 beta.exposure               Raw     0.005594576 0.001876319 2.981677
2 beta.exposure Outlier-corrected              NA          NA       NA
      P-value
1 0.002911755
2          NA

$`MR-PRESSO results`
$`MR-PRESSO results`$`Global Test`
$`MR-PRESSO results`$`Global Test`$RSSobs
[1] 1808.273

$`MR-PRESSO results`$`Global Test`$Pvalue
[1] "<1.33333333333333e-05"


$`MR-PRESSO results`$`Outlier Test`
           RSSobs            Pvalue
1    7.956873e-05                 1
2    2.104427e-04                 1
3    1.421464e-04                 1
4    2.292782e-05                 1
5    7.247446e-03                 1
6    1.241353e-03                 1
7    1.786718e-03                 1
8    1.443610e-03                 1
9    1.782895e-06                 1
10   1.024080e-03                 1
11   2.845410e-03                 1
12   3.893890e-04                 1
13   5.452798e-06                 1
14   5.483947e-06                 1
15   4.466541e-05                 1
16   4.635184e-04                 1
17   2.942794e-04                 1
18   1.219636e-05                 1
19   1.552575e-03                 1
20   6.397986e-05                 1
21   8.763536e-04                 1
22   5.526089e-04                 1
23   1.325090e-03                 1
24   1.614445e-04                 1
25   3.410569e-04                 1
26   2.908141e-04                 1
27   1.978056e-05                 1
28   4.634440e-04                 1
29   2.152710e-04                 1
30   7.354323e-04                 1
31   1.685932e-07                 1
32   4.825860e-04                 1
33   2.026985e-05                 1
34   9.981232e-04                 1
35   2.991364e-04                 1
36   3.892555e-04                 1
37   7.732015e-02                 1
38   4.915964e-06                 1
39   1.018285e-03                 1
40   4.044979e-06                 1
41   2.193038e-04                 1
42   4.338324e-04                 1
43   8.078018e-05                 1
44   1.204777e-03                 1
45   8.087990e-06                 1
46   8.292321e-05                 1
47   4.739333e-04                 1
48   4.322491e-04                 1
49   8.206724e-05                 1
50   8.771542e-04                 1
51   3.746702e-06                 1
52   2.519461e-07                 1
53   1.960989e-04                 1
54   8.932907e-05                 1
55   3.271989e-04                 1
56   1.953963e-05                 1
57   1.430323e-05                 1
58   5.501056e-03 0.287653333333333
59   1.185868e-03                 1
60   2.362296e-04                 1
61   3.169477e-04                 1
62   1.373299e-05                 1
63   1.007429e-04                 1
64   9.468239e-05                 1
65   4.037603e-04                 1
66   5.656443e-04                 1
67   1.911237e-05                 1
68   2.215380e-03                 1
69   9.721775e-04                 1
70   2.529691e-06                 1
71   2.117474e-03                 1
72   2.080468e-04                 1
73   9.459415e-04                 1
74   9.199762e-06                 1
75   6.386605e-04                 1
76   8.845723e-04                 1
77   1.432176e-03                 1
78   3.432608e-05                 1
79   7.339098e-06                 1
80   5.621407e-06                 1
81   6.364515e-04                 1
82   7.768347e-05                 1
83   4.232069e-05                 1
84   8.077897e-02                 1
85   1.145792e-05                 1
86   6.625290e-04                 1
87   6.261004e-04                 1
88   4.661092e-03                 1
89   2.214545e-04                 1
90   2.338786e-03                 1
91   3.885167e-04                 1
92   1.559435e-04                 1
93   7.446798e-04                 1
94   1.795812e-04                 1
95   6.229886e-05                 1
96   6.412388e-04                 1
97   2.092976e-04                 1
98   1.551780e-03                 1
99   2.148341e-04                 1
100  3.961291e-04                 1
101  1.108727e-06                 1
102  2.549918e-03                 1
103  5.871588e-04                 1
104  5.801693e-04                 1
105  9.664260e-05                 1
106  2.540823e-03                 1
107  2.971772e-06                 1
108  3.416234e-05                 1
109  1.201995e-03                 1
110  5.223210e-03                 1
111  1.773626e-03                 1
112  1.157059e-05                 1
113  3.656785e-05                 1
114  3.258572e-04                 1
115  1.754035e-05                 1
116  9.858045e-04                 1
117  2.375881e-04                 1
118  9.340082e-08                 1
119  1.772351e-05                 1
120  1.778221e-05                 1
121  2.288292e-04                 1
122  6.629857e-04                 1
123  1.857645e-04                 1
124  1.422792e-04                 1
125  1.047441e-05                 1
126  2.211165e-04                 1
127  5.049992e-04                 1
128  6.207554e-04                 1
129  1.655027e-04                 1
130  3.221337e-05                 1
131  1.577369e-05                 1
132  3.927209e-04                 1
133  1.995387e-05                 1
134  1.252906e-07                 1
135  1.565065e-05                 1
136  4.164698e-04                 1
137  6.593569e-05                 1
138  1.790938e-03                 1
139  2.882063e-05                 1
140  3.329454e-03                 1
141  3.647595e-04                 1
142  7.836706e-04                 1
143  1.141592e-04                 1
144  1.581470e-04                 1
145  1.920101e-04                 1
146  2.531394e-03                 1
147  1.915042e-03                 1
148  9.292085e-03                 1
149  5.754969e-04                 1
150  1.220348e-03                 1
151  2.105211e-06                 1
152  5.938516e-04                 1
153  1.243847e-03                 1
154  1.481592e-06                 1
155  2.219402e-04                 1
156  2.098293e-03                 1
157  1.473885e-03                 1
158  2.945705e-02                 1
159  2.098107e-03                 1
160  3.632022e-02                 1
161  9.914632e-04                 1
162  3.327154e-02                 1
163  8.486408e-04                 1
164  1.770706e-04                 1
165  3.156915e-05                 1
166  1.187459e-06                 1
167  9.991425e-04                 1
168  1.667225e-03                 1
169  2.776565e-06                 1
170  1.423686e-03                 1
171  1.348519e-03                 1
172  1.445067e-05                 1
173  8.246394e-04                 1
174  2.007791e-04                 1
175  9.552225e-02                 1
176  1.861423e-03                 1
177  1.057354e-03                 1
178  3.182664e-05                 1
179  3.021972e-04                 1
180  2.354043e-03                 1
181  1.797530e-05                 1
182  2.905049e-04                 1
183  3.602474e-04                 1
184  1.455555e-03                 1
185  1.141367e-03                 1
186  9.696524e-05                 1
187  1.325368e-04                 1
188  4.795389e-04                 1
189  2.516252e-05                 1
190  3.593560e-03                 1
191  4.521763e-03                 1
192  9.424893e-06                 1
193  8.050715e-04                 1
194  1.547099e-03                 1
195  6.279788e-04                 1
196  4.314679e-06                 1
197  2.850667e-04                 1
198  2.694138e-05                 1
199  2.417497e-04                 1
200  8.856429e-05                 1
201  6.315774e-04                 1
202  2.485070e-03                 1
203  6.979876e-04                 1
204  1.563517e-03                 1
205  2.880092e-05                 1
206  4.100167e-04                 1
207  7.374354e-04                 1
208  8.990545e-04                 1
209  6.640616e-04                 1
210  1.138424e-04                 1
211  5.360357e-05                 1
212  3.320285e-06                 1
213  1.470143e-05                 1
214  6.828931e-06                 1
215  2.316834e-05                 1
216  1.093834e-05                 1
217  1.954435e-03                 1
218  2.759623e-06                 1
219  5.691653e-05                 1
220  4.817204e-04                 1
221  2.345652e-02                 1
222  3.265266e-04                 1
223  1.439757e-01 0.719133333333333
224  7.366982e-04                 1
225  4.604592e-07                 1
226  1.855139e-03                 1
227  1.279830e-04                 1
228  5.309015e-03                 1
229  4.834779e-05                 1
230  3.799015e-04                 1
231  5.517991e-04                 1
232  3.451616e-04                 1
233  1.810607e-03                 1
234  2.210381e-04                 1
235  2.276223e-05                 1
236  3.019554e-02                 1
237  1.406010e-03                 1
238  3.163663e-03                 1
239  2.081484e-03                 1
240  1.787948e-03                 1
241  8.073506e-04                 1
242  1.814253e-04                 1
243  3.777159e-04                 1
244  6.235169e-05                 1
245  3.789790e-04                 1
246  1.863387e-04                 1
247  9.330595e-06                 1
248  6.256633e-06                 1
249  7.247159e-06                 1
250  1.593456e-03                 1
251  1.355625e-06                 1
252  4.729878e-04                 1
253  6.513924e-04                 1
254  2.141202e-04                 1
255  1.562748e-06                 1
256  3.099553e-04                 1
257  1.166718e-03                 1
258  3.583304e-05                 1
259  3.070490e-05                 1
260  6.920112e-04                 1
261  1.561415e-04                 1
262  3.280693e-04                 1
263  4.662987e-05                 1
264  1.918743e-04                 1
265  3.538298e-03                 1
266  1.727841e-04                 1
267  1.587195e-04                 1
268  2.200688e-04                 1
269  5.641245e-05                 1
270  5.887321e-03                 1
271  1.010787e-04                 1
272  2.580173e-03                 1
273  4.590268e-05                 1
274  1.290035e-05                 1
275  5.131686e-04                 1
276  4.807395e-03                 1
277  4.904782e-05                 1
278  7.689444e-05                 1
279  8.340935e-04                 1
280  9.043540e-05                 1
281  3.616320e-05                 1
282  1.267524e-02                 1
283  6.428324e-04                 1
284  8.320556e-05                 1
285  8.530470e-04                 1
286  8.314467e-05                 1
287  2.431418e-03                 1
288  8.258180e-05                 1
289  6.719704e-04                 1
290  1.657912e-03                 1
291  1.816415e-05                 1
292  3.530210e-04                 1
293  2.592965e-04                 1
294  6.973614e-04                 1
295  8.363046e-07                 1
296  6.434386e-04                 1
297  1.628879e-03                 1
298  3.277074e-04                 1
299  1.580270e-04                 1
300  6.301735e-05                 1
301  2.559921e-04                 1
302  2.406622e-03                 1
303  1.670143e-03                 1
304  4.110410e-05                 1
305  9.456415e-04                 1
306  9.254214e-04                 1
307  2.108184e-04                 1
308  5.986606e-04                 1
309  1.014482e-03                 1
310  1.237473e-02           0.43148
311  1.770713e-04                 1
312  5.519398e-04                 1
313  4.811712e-04                 1
314  2.846242e-05                 1
315  4.473815e-04                 1
316  7.211362e-04                 1
317  3.180301e-04                 1
318  7.986962e-05                 1
319  4.766724e-04                 1
320  2.682247e-04                 1
321  9.190320e-05                 1
322  2.510315e-05                 1
323  3.986494e-04                 1
324  1.602238e-03                 1
325  6.801450e-06                 1
326  2.995846e-05                 1
327  4.861831e-06                 1
328  9.320040e-06                 1
329  4.927898e-06                 1
330  1.671348e-03                 1
331  2.840664e-05                 1
332  2.138428e-04                 1
333  2.785681e-03                 1
334  7.856264e-05                 1
335  1.194466e-06                 1
336  2.610827e-04                 1
337  3.602432e-04                 1
338  2.007229e-03                 1
339  8.868885e-04                 1
340  6.975466e-04                 1
341  4.346668e-04                 1
342  5.305174e-05                 1
343  7.273262e-06                 1
344  5.017390e-04                 1
345  3.179810e-04                 1
346  7.248602e-04                 1
347  2.089990e-04                 1
348  7.468888e-04                 1
349  4.996533e-06                 1
350  9.005214e-05                 1
351  1.060737e-04                 1
352  2.423507e-03                 1
353  9.266420e-04                 1
354  5.535378e-04                 1
355  4.484224e-04                 1
356  1.849935e-04                 1
357  1.098597e-05                 1
358  5.312332e-06                 1
359  1.787196e-03                 1
360  7.051646e-04                 1
361  2.806703e-05                 1
362  4.923260e-06                 1
363  1.841205e-05                 1
364  1.723331e-05                 1
365  2.800833e-06                 1
366  1.869905e-04                 1
367  2.480995e-04                 1
368  4.102842e-04                 1
369  7.502749e-04                 1
370  1.904624e-04                 1
371  4.196374e-03                 1
372  3.885197e-04                 1
373  2.028045e-05                 1
374  7.212518e-04                 1
375  8.184207e-05                 1
376  4.767965e-07                 1
377  1.079486e-04                 1
378  1.350953e-04                 1
379  4.747242e-04                 1
380  2.091540e-07                 1
381  1.209903e-05                 1
382  1.736875e-04                 1
383  1.041579e-05                 1
384  3.735431e-04                 1
385  8.088270e-05                 1
386  1.019323e-04                 1
387  2.466072e-04                 1
388  1.502710e-04                 1
389  6.432031e-02                 1
390  4.254635e-04                 1
391  4.429601e-04                 1
392  2.693734e-02                 1
393  3.059604e-03                 1
394  6.656771e-04                 1
395  3.858515e-07                 1
396  5.700874e-03                 1
397  3.287509e-03                 1
398  3.308512e-03                 1
399  2.034267e-06                 1
400  8.320991e-03                 1
401  4.477702e-03                 1
402  1.299246e-04                 1
403  8.964607e-06                 1
404  1.687052e-06                 1
405  1.172387e-04                 1
406  6.047027e-03                 1
407  1.381741e-03                 1
408  9.353992e-05                 1
409  1.295109e-03                 1
410  5.676037e-03                 1
411  2.642257e-04                 1
412  1.558725e-03                 1
413  7.745176e-06                 1
414  3.192620e-04                 1
415  5.669683e-05                 1
416  1.813486e-04                 1
417  1.102494e-02                 1
418  2.967159e-05                 1
419  1.974758e-04                 1
420  4.617975e-05                 1
421  3.452372e-04                 1
422  4.272450e-04                 1
423  6.144905e-02                 1
424  7.855781e-03                 1
425  1.770516e-02                 1
426  5.131304e-04                 1
427  1.994208e-02                 1
428  1.296253e-03                 1
429  1.307743e-04                 1
430  5.913413e-04                 1
431  7.132896e-03                 1
432  2.179417e-03                 1
433  9.673429e-02                 1
434  1.044049e-04                 1
435  4.421844e-03                 1
436  1.303350e-03                 1
437  2.465152e-03                 1
438  9.608439e-04                 1
439  1.490569e-02                 1
440  1.801619e-05                 1
441  4.273396e-07                 1
442  3.699280e-02                 1
443  1.301391e-05                 1
444  4.060092e-04                 1
445  4.276310e-02                 1
446  3.122628e-03                 1
447  1.079776e-02                 1
448  1.064083e-05                 1
449  1.549649e-03                 1
450  4.143235e-04                 1
451  1.088304e-03                 1
452  2.359432e-05                 1
453  8.372018e-05                 1
454  4.115418e-04                 1
455  4.645247e-05                 1
456  6.024725e-05                 1
457  1.237153e-07                 1
458  1.540944e-05                 1
459  5.738893e-04                 1
460  2.907532e-06                 1
461  5.143370e-04                 1
462  8.686208e-04                 1
463  1.793114e-04                 1
464  5.873283e-05                 1
465  3.284459e-04                 1
466  7.316234e-04                 1
467  1.613180e-04                 1
468  2.887606e-04                 1
469  4.837324e-03                 1
470  3.973098e-05                 1
471  5.510365e-04                 1
472  8.510623e-04                 1
473  2.830099e-04                 1
474  7.130383e-06                 1
475  8.757320e-05                 1
476  2.837576e-05                 1
477  7.510677e-04                 1
478  1.637213e-04                 1
479  1.718157e-02                 1
480  2.483804e-05                 1
481  7.834283e-03                 1
482  4.334629e-04                 1
483  2.879758e-05                 1
484  5.180442e-06                 1
485  2.895165e-04                 1
486  6.927391e-04                 1
487  6.069456e-05                 1
488  2.176447e-05                 1
489  1.049513e-04                 1
490  1.645934e-03                 1
491  6.483216e-06                 1
492  3.914207e-04                 1
493  1.436190e-03                 1
494  6.231280e-03                 1
495  5.357946e-03                 1
496  3.592395e-05                 1
497  4.296214e-04                 1
498  4.022103e-05                 1
499  6.394971e-05                 1
500  3.342859e-04                 1
501  3.209082e-03                 1
502  1.983279e-03                 1
503  2.052319e-04                 1
504  1.453728e-05                 1
505  2.836918e-04                 1
506  1.189578e-05                 1
507  1.418858e-04                 1
508  3.160006e-05                 1
509  2.540149e-04                 1
510  1.250068e-04                 1
511  1.566157e-02                 1
512  8.088517e-04                 1
513  3.125537e-02                 1
514  4.857520e-04                 1
515  2.068559e-04                 1
516  2.569039e-05                 1
517  6.467399e-10                 1
518  6.722014e-04                 1
519  6.808376e-06                 1
520  2.617400e-05                 1
521  2.502392e-06                 1
522  5.229301e-05                 1
523  1.390401e-04                 1
524  1.297322e-03                 1
525  3.900272e-04                 1
526  5.488343e-05                 1
527  8.296118e-06                 1
528  2.997129e-05                 1
529  3.941877e-05                 1
530  6.997028e-05                 1
531  6.029041e-03                 1
532  1.467748e-03                 1
533  3.478524e-04                 1
534  7.190176e-04                 1
535  4.169609e-05                 1
536  1.588655e-05                 1
537  8.358542e-05                 1
538  7.335876e-05                 1
539  6.758014e-04                 1
540  7.602211e-05                 1
541  1.122791e-02                 1
542  1.507393e-02                 1
543  1.071909e-04                 1
544  2.748302e-04                 1
545  1.154302e-02                 1
546  3.292886e-04                 1
547  5.164977e-05                 1
548  1.914325e-03                 1
549  5.754575e-04                 1
550  4.343046e-05                 1
551  2.943309e-04                 1
552  4.150669e-04                 1
553  7.662676e-05                 1
554  1.627898e-07                 1
555  1.607663e-04                 1
556  1.828036e-03                 1
557  5.197131e-04                 1
558  6.493372e-04                 1
559  2.325338e-05                 1
560  1.223444e-06                 1
561  2.310458e-04                 1
562  1.377642e-04                 1
563  1.204423e-03                 1
564  9.550121e-05                 1
565  6.236927e-05                 1
566  1.801360e-05                 1
567  1.011590e-03                 1
568  5.277429e-04                 1
569  2.764530e-04                 1
570  1.394867e-03                 1
571  3.453911e-03                 1
572  5.480202e-06                 1
573  5.184121e-04                 1
574  3.592231e-04                 1
575  1.482244e-04                 1
576  2.220331e-04                 1
577  4.931870e-03                 1
578  7.788247e-04                 1
579  1.341241e-05                 1
580  7.206169e-05                 1
581  6.414694e-05                 1
582  7.507090e-05                 1
583  4.663534e-04                 1
584  2.286580e-04                 1
585  4.121638e-04                 1
586  1.477802e-04                 1
587  5.496096e-05                 1
588  4.328215e-05                 1
589  6.011325e-08                 1
590  1.162722e-04                 1
591  1.451140e-05                 1
592  5.576370e-05                 1
593  1.215992e-03                 1
594  1.793307e-04                 1
595  3.061703e-04                 1
596  2.849803e-04                 1
597  1.148900e-04                 1
598  1.514424e-03                 1
599  1.150033e-03                 1
600  6.337564e-05                 1
601  8.445249e-04                 1
602  5.177759e-06                 1
603  3.068664e-04                 1
604  1.181754e-03                 1
605  1.129458e-03                 1
606  1.833510e-07                 1
607  1.133901e-05                 1
608  3.969530e-04                 1
609  5.747939e-04                 1
610  5.393854e-04                 1
611  2.020466e-04                 1
612  1.794311e-05                 1
613  1.352228e-03                 1
614  2.620875e-04                 1
615  1.608943e-03                 1
616  6.404166e-04                 1
617  3.644009e-05                 1
618  6.791255e-05                 1
619  6.829231e-05                 1
620  8.800065e-04                 1
621  2.764548e-04                 1
622  2.212778e-05                 1
623  5.059806e-05                 1
624  1.404115e-04                 1
625  1.819083e-04                 1
626  1.115788e-05                 1
627  4.481081e-03                 1
628  4.210887e-04                 1
629  1.952464e-04                 1
630  1.670408e-04                 1
631  7.259208e-05                 1
632  1.863687e-03                 1
633  3.273321e-03                 1
634  1.002895e-04                 1
635  6.165604e-04                 1
636  3.620049e-06                 1
637  1.550235e-04                 1
638  1.353130e-03                 1
639  8.506790e-06                 1
640  1.520438e-06                 1
641  3.100950e-05                 1
642  4.387551e-04                 1
643  2.992083e-05                 1
644  1.851853e-04                 1
645  2.014219e-04                 1
646  5.689169e-04                 1
647  2.323962e-03                 1
648  3.804978e-04                 1
649  4.972917e-04                 1
650  1.088980e-03                 1
651  3.058741e-05                 1
652  2.423888e-05                 1
653  1.671217e-06                 1
654  3.825921e-04                 1
655  4.573179e-03                 1
656  4.075605e-04                 1
657  1.103202e-04                 1
658  6.322176e-05                 1
659  9.883194e-05                 1
660  2.309246e-05                 1
661  7.228927e-04                 1
662  1.823352e-03                 1
663  5.659478e-06                 1
664  1.284850e-04                 1
665  1.002637e-08                 1
666  7.043690e-05                 1
667  3.160708e-04                 1
668  7.551746e-04                 1
669  3.869980e-04                 1
670  1.817780e-03                 1
671  1.298695e-05                 1
672  1.625380e-03                 1
673  1.021725e-02                 1
674  3.444110e-03                 1
675  2.085972e-03                 1
676  6.922099e-05                 1
677  3.591339e-04                 1
678  3.025857e-04                 1
679  1.312939e-03                 1
680  2.777289e-04                 1
681  2.402542e-04                 1
682  1.099014e-05                 1
683  4.281869e-04                 1
684  2.002399e-05                 1
685  4.542369e-04                 1
686  1.019979e-03                 1
687  7.434528e-04                 1
688  1.291577e-04                 1
689  1.333758e-04                 1
690  5.756293e-03                 1
691  1.757963e-05                 1
692  2.655199e-04                 1
693  1.967070e-04                 1
694  2.504149e-04                 1
695  5.469760e-05                 1
696  4.512737e-05                 1
697  2.803802e-04                 1
698  8.709253e-05                 1
699  1.378976e-05                 1
700  7.637888e-04                 1
701  9.949061e-04                 1
702  4.724556e-05                 1
703  9.648587e-05                 1
704  3.067908e-05                 1
705  5.014062e-05                 1
706  1.948072e-04                 1
707  1.126478e-05                 1
708  7.070780e-04                 1
709  1.157971e-03                 1
710  4.911197e-04                 1
711  9.146451e-04                 1
712  1.255946e-03                 1
713  1.025149e-04                 1
714  2.505017e-03                 1
715  1.624638e-05                 1
716  7.549776e-05                 1
717  2.376873e-06                 1
718  1.337559e-06                 1
719  8.480993e-05                 1
720  9.724161e-05                 1
721  3.417252e-04                 1
722  1.113854e-07                 1
723  1.312845e-04                 1
724  3.455730e-04                 1
725  6.505465e-04                 1
726  4.620207e-05                 1
727  8.244307e-04                 1
728  8.209555e-04                 1
729  8.300148e-04                 1
730  1.929581e-10                 1
731  5.168949e-04                 1
732  1.830962e-04                 1
733  2.362330e-03                 1
734  5.508746e-04                 1
735  4.842058e-05                 1
736  2.322691e-07                 1
737  5.457361e-04                 1
738  2.271229e-03                 1
739  1.931260e-04                 1
740  3.651708e-05                 1
741  2.995961e-03                 1
742  5.071263e-04                 1
743  4.786685e-05                 1
744  4.205612e-04                 1
745  2.882336e-06                 1
746  2.817123e-06                 1
747  2.776492e-04                 1
748  1.199011e-04                 1
749  1.192511e-07                 1
750  5.024711e-04                 1
751  2.937604e-05                 1
752  3.870934e-04                 1
753  9.477692e-06                 1
754  1.070782e-04                 1
755  2.452634e-02                 1
756  2.956021e-04                 1
757  1.222871e-03                 1
758  7.232078e-03                 1
759  8.459560e-04                 1
760  1.763405e-04                 1
761  1.637557e-03                 1
762  2.229738e-04                 1
763  1.207567e-03                 1
764  7.758015e-05                 1
765  5.842759e-04                 1
766  5.092200e-03                 1
767  1.913220e-04                 1
768  5.708782e-04                 1
769  1.011986e-06                 1
770  8.193781e-07                 1
771  2.843781e-04                 1
772  9.870986e-06                 1
773  5.960199e-03                 1
774  9.220897e-05                 1
775  2.199153e-03                 1
776  4.494132e-04                 1
777  2.226391e-03                 1
778  5.319038e-04                 1
779  3.651265e-04                 1
780  9.396538e-06                 1
781  7.403905e-05                 1
782  9.662045e-04                 1
783  2.446866e-04                 1
784  4.795955e-04                 1
785  1.467413e-04                 1
786  2.898296e-04                 1
787  3.985964e-03                 1
788  3.366395e-03                 1
789  1.271838e-03                 1
790  1.924788e-02                 1
791  3.061223e-05                 1
792  1.011264e-05                 1
793  5.510029e-07                 1
794  2.416261e-04                 1
795  6.185770e-05                 1
796  6.849654e-06                 1
797  2.826317e-06                 1
798  1.071724e-03                 1
799  7.064525e-04                 1
800  5.534693e-05                 1
801  2.943164e-04                 1
802  7.687886e-04                 1
803  2.072998e-04                 1
804  2.737868e-04                 1
805  3.605280e-06                 1
806  3.424050e-08                 1
807  1.754110e-03                 1
808  1.250908e-03                 1
809  1.704736e-04                 1
810  1.357286e-03                 1
811  8.702439e-04                 1
812  5.072019e-05                 1
813  1.397162e-04                 1
814  2.116316e-07                 1
815  1.974678e-06                 1
816  1.849244e-04                 1
817  4.370850e-04                 1
818  4.008177e-04                 1
819  2.711120e-05                 1
820  4.078460e-04                 1
821  2.480893e-05                 1
822  5.721665e-04                 1
823  8.188843e-05                 1
824  3.005185e-04                 1
825  3.253964e-03                 1
826  2.052404e-03                 1
827  4.648852e-05                 1
828  2.671535e-04                 1
829  1.448996e-05                 1
830  4.421928e-05                 1
831  3.689803e-03                 1
832  8.600040e-05                 1
833  1.047390e-03                 1
834  5.720091e-04                 1
835  9.514491e-05                 1
836  4.633340e-04                 1
837  7.393357e-04                 1
838  3.523661e-04                 1
839  8.330485e-02                 1
840  2.503157e-05                 1
841  2.429581e-04                 1
842  2.771594e-04                 1
843  3.183808e-04                 1
844  2.285036e-03                 1
845  2.450889e-05                 1
846  1.038424e-03                 1
847  1.724577e-08                 1
848  1.383923e-05                 1
849  4.776384e-04                 1
850  6.431947e-11                 1
851  4.214879e-08                 1
852  2.479299e-04                 1
853  7.135082e-06                 1
854  8.169389e-03                 1
855  2.922073e-03                 1
856  3.379709e-03                 1
857  4.483129e-05                 1
858  3.134233e-06                 1
859  2.133952e-05                 1
860  8.959861e-04                 1
861  4.053533e-05                 1
862  5.680002e-05                 1
863  6.744702e-05                 1
864  1.178340e-03                 1
865  8.792197e-04                 1
866  7.132197e-06                 1
867  4.529467e-04                 1
868  6.291331e-06                 1
869  7.504465e-06                 1
870  2.756165e-04                 1
871  1.504911e-03                 1
872  1.389185e-03                 1
873  1.723160e-03                 1
874  3.176259e-05                 1
875  4.220925e-06                 1
876  5.683150e-05                 1
877  2.081565e-02                 1
878  6.215441e-04                 1
879  1.585154e-05                 1
880  1.768554e-04                 1
881  2.389727e-04                 1
882  3.756937e-04                 1
883  8.926724e-05                 1
884  3.918031e-04                 1
885  5.832262e-05                 1
886  1.568138e-03                 1
887  3.567670e-03                 1
888  1.222328e-03                 1
889  1.402584e-08                 1
890  1.899278e-06                 1
891  6.744663e-06                 1
892  9.153615e-06                 1
893  2.410302e-04                 1
894  5.254420e-05                 1
895  4.214227e-07                 1
896  9.656230e-04                 1
897  1.080606e-04                 1
898  3.326142e-05                 1
899  1.073792e-04                 1
900  2.271573e-06                 1
901  4.866530e-04                 1
902  2.140994e-05                 1
903  1.297371e-05                 1
904  1.700703e-03                 1
905  8.458891e-07                 1
906  4.886574e-05                 1
907  5.551722e-04                 1
908  3.212136e-04                 1
909  4.403882e-04                 1
910  3.929338e-05                 1
911  7.034024e-04                 1
912  6.012858e-05                 1
913  1.430195e-04                 1
914  5.862564e-04                 1
915  2.058018e-04                 1
916  1.767912e-03                 1
917  1.001880e-03                 1
918  1.022975e-03                 1
919  1.683124e-04                 1
920  4.400836e-04                 1
921  1.205604e-04                 1
922  1.081047e-03                 1
923  3.150584e-04                 1
924  9.223098e-07                 1
925  1.988650e-03                 1
926  6.913247e-05                 1
927  8.931888e-04                 1
928  2.726012e-04                 1
929  1.018494e-03                 1
930  1.691322e-04                 1
931  3.267099e-04                 1
932  6.182044e-05                 1
933  2.428453e-04                 1
934  9.576503e-05                 1
935  1.454957e-04                 1
936  1.236300e-03                 1
937  1.114558e-03                 1
938  2.033598e-03                 1
939  7.475919e-05                 1
940  3.881019e-04                 1
941  3.373385e-05                 1
942  1.516786e-04                 1
943  4.811860e-03                 1
944  1.448121e-03                 1
945  1.357849e-03                 1
946  3.934790e-03                 1
947  2.641905e-03                 1
948  4.913570e-04                 1
949  1.762011e-03                 1
950  3.173050e-03                 1
951  2.417673e-04                 1
952  3.340791e-04                 1
953  2.241870e-02                 1
954  4.240137e-04                 1
955  2.298326e-05                 1
956  1.194632e-06                 1
957  1.317693e-05                 1
958  2.344898e-03                 1
959  1.757180e-05                 1
960  3.009946e-04                 1
961  5.530674e-06                 1
962  4.723234e-04                 1
963  5.027983e-04                 1
964  3.585981e-05                 1
965  1.181054e-03                 1
966  2.481209e-04                 1
967  3.452808e-04                 1
968  1.097022e-05                 1
969  3.432217e-03                 1
970  2.065137e-04                 1
971  2.901415e-04                 1
972  6.497151e-06                 1
973  3.206085e-03                 1
974  1.152108e-04                 1
975  9.045918e-04                 1
976  7.613113e-05                 1
977  2.845333e-04                 1
978  2.718858e-04                 1
979  2.256368e-05                 1
980  2.566376e-04                 1
981  2.939626e-04                 1
982  1.521598e-03                 1
983  4.991524e-06                 1
984  6.919706e-04                 1
985  3.228350e-04                 1
986  3.140269e-05                 1
987  2.115395e-03                 1
988  7.489737e-06                 1
989  1.540463e-04                 1
990  4.755434e-04                 1
991  6.247793e-03                 1
992  6.443542e-05                 1
993  2.641319e-04                 1
994  5.121468e-09                 1
995  1.514354e-04                 1
996  6.169189e-04                 1
997  1.962470e-07                 1
998  1.396450e-03                 1
999  5.124686e-04                 1
1000 2.197721e-04                 1
1001 1.054955e-04                 1
1002 3.986933e-06                 1
1003 7.840218e-04                 1
1004 9.392131e-05                 1
1005 8.081661e-05                 1
1006 1.700407e-04                 1
1007 7.137172e-05                 1
1008 9.583856e-04                 1
1009 9.353932e-05                 1
1010 1.461511e-05                 1
1011 1.878809e-04                 1
1012 1.731005e-04                 1
1013 1.494147e-03                 1
1014 1.349549e-04                 1
1015 9.873219e-05                 1
1016 2.238296e-05                 1
1017 1.487183e-04                 1
1018 1.278660e-04                 1
1019 1.282786e-02                 1
1020 1.865965e-03                 1
1021 2.340829e-05                 1
1022 1.925710e-04                 1
1023 1.365590e-03                 1
1024 2.395407e-03                 1
1025 2.635411e-05                 1
1026 1.979793e-03                 1
1027 1.671815e-04                 1
1028 1.515458e-04                 1
1029 3.546635e-04                 1
1030 1.154630e-03                 1
1031 1.572380e-02                 1
1032 3.763070e-03                 1
1033 2.009132e-04                 1
1034 4.721028e-03                 1
1035 1.056706e-03                 1
1036 5.192494e-04                 1
1037 6.272789e-09                 1
1038 4.796129e-03                 1
1039 2.261497e-03                 1
1040 6.505196e-05                 1
1041 7.947038e-04                 1
1042 3.173257e-04                 1
1043 7.658021e-04                 1
1044 1.829107e-04                 1
1045 5.091294e-04                 1
1046 4.938201e-03                 1
1047 1.291158e-05                 1
1048 2.798472e-04                 1
1049 2.953839e-04                 1
1050 2.757799e-04                 1
1051 2.769964e-03                 1
1052 9.576952e-04                 1
1053 3.097380e-05                 1
1054 1.950920e-04                 1
1055 9.449735e-04                 1
1056 1.052693e-03                 1
1057 5.724961e-03                 1
1058 6.694183e-04                 1
1059 1.710298e-04                 1
1060 2.440431e-05                 1
1061 3.493490e-03                 1
1062 2.455267e-05                 1
1063 2.063437e-04                 1
1064 1.819858e-04                 1
1065 8.830960e-04                 1
1066 5.739439e-05                 1
1067 1.110609e-03                 1
1068 1.310833e-03                 1
1069 1.481884e-03                 1
1070 8.100734e-04                 1
1071 2.025228e-04                 1
1072 1.214986e-03                 1
1073 6.869271e-03                 1
1074 1.043749e-02                 1
1075 2.826549e-03                 1
1076 1.749604e-04                 1
1077 1.779191e-03                 1
1078 6.524593e-04                 1
1079 5.234999e-04                 1
1080 4.437701e-03                 1
1081 1.824300e-04                 1
1082 6.155024e-05                 1
1083 2.525898e-04                 1
1084 1.606131e-05                 1
1085 2.626839e-04                 1
1086 6.228311e-05                 1
1087 3.390431e-03                 1
1088 1.846748e-04                 1
1089 2.953842e-04                 1
1090 5.855505e-05                 1
1091 3.040463e-04                 1
1092 5.207367e-04                 1
1093 2.543538e-04                 1
1094 6.910553e-04                 1
1095 2.028731e-04                 1
1096 1.997414e-04                 1
1097 4.986151e-03                 1
1098 4.906779e-09                 1
1099 4.309538e-04                 1
1100 1.256471e-04                 1
1101 6.089519e-04                 1
1102 2.348483e-05                 1
1103 1.345802e-04                 1
1104 9.185231e-05                 1
1105 1.196153e-04                 1
1106 9.985693e-04                 1
1107 2.129003e-03                 1
1108 4.692189e-04                 1
1109 3.330918e-05                 1
1110 1.549644e-05                 1
1111 1.063069e-03                 1
1112 6.100269e-05                 1
1113 2.594500e-04                 1
1114 1.518232e-04                 1
1115 5.993904e-06                 1
1116 7.667357e-05                 1
1117 1.018841e-08                 1
1118 3.087696e-05                 1
1119 4.250107e-05                 1
1120 2.504170e-03                 1
1121 7.580061e-04                 1
1122 7.030675e-04                 1
1123 1.987283e-04                 1
1124 1.368370e-05                 1
1125 1.176970e-03                 1
1126 2.276061e-04                 1
1127 1.563603e-03                 1
1128 1.859383e-04                 1
1129 4.789773e-04                 1
1130 4.280035e-04                 1
1131 3.740934e-05                 1
1132 3.242751e-05                 1
1133 2.487398e-04                 1
1134 3.131184e-04                 1
1135 6.216263e-04                 1
1136 1.530293e-05                 1
1137 3.550033e-04                 1
1138 9.450085e-04                 1
1139 9.430639e-07                 1
1140 1.611140e-04                 1
1141 1.453217e-04                 1
1142 9.688871e-05                 1
1143 1.074974e-03                 1
1144 8.120678e-05                 1
1145 1.812549e-03                 1
1146 1.335140e-06                 1
1147 7.462918e-04                 1
1148 1.012381e-04                 1
1149 1.144105e-04                 1
1150 1.799219e-04                 1
1151 3.302303e-05                 1
1152 2.609113e-04                 1
1153 9.677275e-05                 1
1154 1.897004e-04                 1
1155 7.152057e-04                 1
1156 6.342966e-04                 1
1157 1.227218e-03                 1
1158 2.296239e-04                 1
1159 1.214546e-04                 1
1160 6.627321e-04                 1
1161 6.341384e-04                 1
1162 1.118919e-03                 1
1163 2.605592e-04                 1
1164 5.526878e-04                 1
1165 1.613268e-04                 1
1166 3.205284e-04                 1
1167 3.846591e-04                 1
1168 5.339753e-05                 1
1169 2.070867e-05                 1
1170 1.682540e-06                 1
1171 1.014834e-03                 1
1172 1.159780e-04                 1
1173 5.366032e-04                 1
1174 2.259217e-05                 1
1175 6.254763e-05                 1
1176 1.644945e-04                 1
1177 8.038022e-08                 1
1178 6.516202e-04                 1
1179 6.058182e-04                 1
1180 6.982296e-05                 1
1181 2.701196e-03                 1
1182 4.007683e-04                 1
1183 2.462967e-03                 1
1184 1.086903e-03                 1
1185 6.227083e-06                 1
1186 1.094706e-05                 1
1187 4.680787e-04                 1
1188 1.849091e-04                 1
1189 5.682280e-05                 1
1190 1.124007e-03                 1
1191 7.849024e-05                 1
1192 4.841420e-05                 1
1193 1.400202e-03                 1
1194 3.593180e-04                 1
1195 3.786818e-03                 1
1196 7.788029e-06                 1
1197 8.290632e-06                 1
1198 5.374631e-06                 1
1199 7.055565e-04                 1
1200 8.130382e-05                 1
1201 5.908577e-04                 1
1202 3.819206e-05                 1
1203 1.692173e-03                 1
1204 3.281206e-04                 1
1205 1.018786e-05                 1
1206 9.653823e-05                 1
1207 2.425382e-03                 1
1208 1.159909e-04                 1
1209 9.916878e-04                 1
1210 2.135430e-04                 1
1211 9.358057e-04                 1
1212 2.701045e-04                 1
1213 3.019167e-04                 1
1214 2.659434e-05                 1
1215 9.068301e-04                 1
1216 4.370200e-05                 1
1217 9.387906e-06                 1
1218 1.833213e-05                 1
1219 7.527051e-05                 1
1220 2.347849e-03                 1
1221 4.519927e-02                 1
1222 1.507587e-03                 1
1223 3.294998e-04                 1
1224 5.919478e-07                 1
1225 2.718258e-03                 1
1226 4.648846e-04                 1
1227 3.176940e-04                 1
1228 3.385753e-04                 1
1229 4.147095e-05                 1
1230 4.759579e-03                 1
1231 6.606430e-04                 1
1232 5.806210e-04                 1
1233 1.282836e-04                 1
1234 7.246027e-05                 1
1235 2.704295e-04                 1
1236 1.466808e-05                 1
1237 4.233797e-07                 1
1238 1.880092e-03                 1
1239 1.089141e-04                 1
1240 7.147734e-05                 1
1241 7.357261e-04                 1
1242 2.023471e-05                 1
1243 1.834336e-04                 1
1244 2.699818e-04                 1
1245 8.557831e-03                 1
1246 5.932092e-05                 1
1247 2.002402e-03                 1
1248 3.620488e-03                 1
1249 3.282510e-03                 1
1250 2.201799e-03                 1
1251 3.349620e-03                 1
1252 1.267252e-05                 1
1253 5.507685e-04                 1
1254 2.877849e-07                 1
1255 4.976232e-03                 1
1256 7.049029e-04                 1
1257 4.968171e-05                 1
1258 1.107541e-03                 1
1259 7.853283e-04                 1
1260 4.342988e-05                 1
1261 1.692587e-05                 1
1262 1.222923e-04                 1
1263 4.657607e-04                 1
1264 7.787637e-02 0.452026666666667
1265 2.037049e-05                 1
1266 1.842017e-05                 1
1267 3.555634e-05                 1
1268 1.293670e-03                 1
1269 2.241735e-02                 1
1270 3.764875e-05                 1
1271 8.470609e-03                 1
1272 1.818958e-04                 1
1273 1.012173e-03                 1
1274 9.474268e-04                 1
1275 3.070091e-08                 1
1276 1.834659e-05                 1
1277 4.027800e-04                 1
1278 2.234419e-03                 1
1279 4.065257e-05                 1
1280 2.348805e-05                 1
1281 2.461988e-04                 1
1282 1.217730e-04                 1
1283 2.261865e-02                 1
1284 2.706893e-02                 1
1285 4.605672e-05                 1
1286 1.494046e-05                 1
1287 6.071306e-04                 1
1288 5.084188e-04                 1
1289 2.584049e-06                 1
1290 5.138471e-04                 1
1291 5.577573e-04                 1
1292 1.103032e-02                 1
1293 5.902221e-05                 1
1294 3.676719e-05                 1
1295 2.158974e-03                 1
1296 4.388015e-04                 1
1297 3.146552e-03                 1
1298 8.294021e-07                 1
1299 2.416044e-04                 1
1300 1.172602e-05                 1
1301 1.333550e-06                 1
1302 2.142968e-04                 1
1303 6.920707e-05                 1
1304 9.554410e-05                 1
1305 9.141977e-05                 1
1306 1.296621e-02                 1
1307 1.075850e-04                 1
1308 1.322566e-05                 1
1309 1.752421e-05                 1
1310 9.555256e-04                 1
1311 5.791059e-04                 1
1312 5.087274e-03                 1
1313 2.014576e-05                 1
1314 8.292010e-05                 1
1315 3.134317e-04                 1
1316 3.866774e-05                 1
1317 4.691594e-04                 1
1318 4.040944e-05                 1
1319 7.242865e-04                 1
1320 1.707857e-03                 1
1321 2.372299e-04                 1
1322 3.451757e-05                 1
1323 8.689726e-04                 1
1324 1.142353e-04                 1
1325 2.967025e-04                 1
1326 3.352340e-06                 1
1327 6.701032e-04                 1
1328 2.935514e-04                 1
1329 3.654492e-05                 1
1330 4.280986e-05                 1
1331 3.337679e-06                 1
1332 2.474718e-03                 1
1333 6.444697e-03                 1
1334 1.592823e-04                 1
1335 1.379617e-04                 1
1336 7.058764e-05                 1
1337 1.908702e-04                 1
1338 3.112783e-05                 1
1339 6.507945e-05                 1
1340 3.791068e-04                 1
1341 4.242279e-03                 1
1342 4.324070e-05                 1
1343 5.998460e-08                 1
1344 1.329316e-05                 1
1345 6.625879e-05                 1
1346 2.530743e-04                 1
1347 7.712512e-04                 1
1348 7.322403e-03                 1
1349 1.686152e-02                 1
1350 3.486646e-04                 1
1351 1.084994e-04                 1
1352 1.031462e-02                 1
1353 3.595083e-03                 1
1354 2.107493e-04                 1
1355 1.500644e-04                 1
1356 8.271388e-04                 1
1357 2.882006e-04                 1
1358 6.889122e-04                 1
1359 2.592092e-05                 1
1360 1.698104e-04                 1
1361 1.744181e-04                 1
1362 3.370111e-04                 1
1363 2.887889e-03                 1
1364 2.493169e-04                 1
1365 1.197181e-04                 1
1366 9.566583e-04                 1
1367 3.660391e-03                 1
1368 9.264791e-06                 1
1369 9.565082e-03                 1
1370 2.092548e-04                 1
1371 8.515577e-06                 1
1372 8.482513e-05                 1
1373 4.880228e-03                 1
1374 4.661578e-03                 1
1375 1.281245e-02                 1
1376 1.147554e-03                 1
1377 8.795071e-04                 1
1378 2.361775e-03                 1
1379 3.762232e-07                 1
1380 5.496077e-06                 1
1381 5.754049e-03                 1
1382 2.579236e-04                 1
1383 8.849427e-04                 1
1384 8.576967e-06                 1
1385 3.517740e-04                 1
1386 3.632606e-03                 1
1387 3.760549e-03                 1
1388 3.334996e-05                 1
1389 4.111551e-03                 1
1390 1.264356e-04                 1
1391 8.602644e-04                 1
1392 3.916255e-05                 1
1393 5.413388e-03                 1
1394 2.557178e-04                 1
1395 1.675722e-03                 1
1396 2.089438e-03                 1
1397 1.587284e-04                 1
1398 9.380242e-05                 1
1399 1.051550e-04                 1
1400 1.192190e-05                 1
1401 1.515217e-05                 1
1402 1.318116e-05                 1
1403 7.697623e-03                 1
1404 8.976308e-03                 1
1405 1.539524e-06                 1
1406 5.346802e-04                 1
1407 3.686815e-04                 1
1408 1.445393e-04                 1
1409 4.900921e-05                 1
1410 1.833201e-04                 1
1411 2.897786e-04                 1
1412 3.665283e-06                 1
1413 4.287070e-04                 1
1414 1.208973e-04                 1
1415 4.994476e-04                 1
1416 1.837346e-03                 1
1417 2.639615e-05                 1
1418 2.846987e-04                 1
1419 3.970089e-07                 1
1420 7.681880e-04                 1
1421 3.411490e-04                 1
1422 2.339535e-04                 1
1423 5.363674e-05                 1
1424 7.020130e-04                 1
1425 2.756428e-05                 1
1426 2.081072e-04                 1
1427 5.433048e-06                 1
1428 6.899339e-04                 1
1429 2.183669e-04                 1
1430 1.313477e-04                 1
1431 3.506375e-03                 1
1432 4.850387e-05                 1
1433 9.504076e-04                 1
1434 2.423784e-04                 1
1435 3.000997e-02                 1
1436 2.613661e-03                 1
1437 1.538862e-04                 1
1438 2.181659e-05                 1
1439 1.071367e-03                 1
1440 1.331173e-03                 1
1441 2.734966e-04                 1
1442 1.519031e-04                 1
1443 4.016636e-04                 1
1444 9.149980e-04                 1
1445 3.573074e-03                 1
1446 3.010329e-04                 1
1447 4.425447e-04                 1
1448 3.493765e-04                 1
1449 1.215275e-04                 1
1450 7.816106e-07                 1
1451 4.034714e-05                 1
1452 1.675847e-03                 1
1453 1.439331e-04                 1
1454 3.539508e-04                 1
1455 1.286925e-03                 1
1456 3.316240e-04                 1
1457 3.775989e-04                 1
1458 8.956681e-08                 1
1459 1.965850e-04                 1
1460 6.034009e-05                 1
1461 7.190123e-05                 1
1462 9.271837e-07                 1
1463 1.032387e-04                 1
1464 7.979619e-04                 1
1465 1.290736e-03                 1
1466 3.117587e-05                 1
1467 3.216758e-04                 1
1468 8.585413e-05                 1
1469 1.866963e-05                 1
1470 1.378645e-05                 1
1471 3.915498e-04                 1
1472 1.455351e-04                 1
1473 2.367378e-04                 1
1474 7.192862e-04                 1
1475 3.622649e-04                 1
1476 1.281187e-06                 1
1477 1.503767e-07                 1
1478 1.650862e-05                 1
1479 3.535815e-06                 1
1480 3.521653e-03                 1
1481 1.497511e-04                 1
1482 9.831537e-04                 1
1483 2.022290e-04                 1
1484 1.114930e-03                 1
1485 6.553912e-05                 1
1486 1.742419e-03                 1
1487 2.673106e-04                 1
1488 1.544783e-03                 1
1489 1.405787e-04                 1
1490 6.597497e-04                 1
1491 3.516890e-04                 1
1492 6.834975e-04                 1
1493 2.841515e-04                 1
1494 1.096059e-04                 1
1495 1.561849e-04                 1
1496 7.768053e-04                 1
1497 4.670324e-04                 1
1498 1.016975e-04                 1
1499 1.077275e-05                 1
1500 3.280269e-09                 1
1501 3.280193e-04                 1
1502 2.787747e-05                 1
1503 1.162962e-04                 1
1504 9.805957e-04                 1
1505 4.164755e-04                 1
1506 2.508876e-04                 1
1507 5.336579e-04                 1
1508 4.246391e-06                 1
1509 6.710179e-04                 1
1510 2.005226e-04                 1
1511 1.008202e-10                 1
1512 9.161574e-05                 1
1513 1.628940e-03                 1
1514 1.552602e-03                 1
1515 4.066811e-04                 1
1516 2.424992e-03                 1
1517 2.539260e-05                 1
1518 5.193401e-04                 1
1519 5.598028e-04                 1
1520 1.375597e-03                 1
1521 3.430357e-04                 1
1522 4.417688e-06                 1
1523 1.513336e-06                 1
1524 4.286509e-05                 1
1525 1.195291e-06                 1
1526 4.932253e-04                 1
1527 1.362337e-04                 1
1528 1.781006e-05                 1
1529 5.019093e-05                 1
1530 3.688668e-04                 1
1531 4.794420e-04                 1
1532 3.841237e-07                 1
1533 1.566222e-03                 1
1534 1.574202e-03                 1
1535 1.560171e-06                 1
1536 1.559667e-05                 1
1537 1.094305e-03                 1
1538 5.537985e-05                 1
1539 4.741268e-04                 1
1540 3.958881e-04                 1
1541 2.090746e-06                 1

$`MR-PRESSO results`$`Distortion Test`
$`MR-PRESSO results`$`Distortion Test`$`Outliers Indices`
[1] "No significant outliers"

$`MR-PRESSO results`$`Distortion Test`$`Distortion Coefficient`
[1] NA

$`MR-PRESSO results`$`Distortion Test`$Pvalue
[1] NA



