$`Main MR results`
       Exposure       MR Analysis Causal Estimate           Sd     T-stat
1 beta.exposure               Raw    1.576903e-05 0.0005642653 0.02794613
2 beta.exposure Outlier-corrected              NA           NA         NA
    P-value
1 0.9777104
2        NA

$`MR-PRESSO results`
$`MR-PRESSO results`$`Global Test`
$`MR-PRESSO results`$`Global Test`$RSSobs
[1] 1166.358

$`MR-PRESSO results`$`Global Test`$Pvalue
[1] 0.01312


$`MR-PRESSO results`$`Outlier Test`
           RSSobs Pvalue
1    2.112920e-06      1
2    1.080909e-05      1
3    1.160026e-06      1
4    1.109008e-04      1
5    2.080891e-04      1
6    2.204104e-04      1
7    1.032758e-06      1
8    2.870848e-05      1
9    1.890671e-05      1
10   7.878609e-08      1
11   3.983359e-06      1
12   1.024543e-05      1
13   7.255081e-06      1
14   1.817829e-04      1
15   5.374338e-05      1
16   9.623118e-08      1
17   1.999146e-05      1
18   2.896550e-05      1
19   1.436435e-06      1
20   4.625944e-05      1
21   2.133292e-05      1
22   1.234455e-05      1
23   2.139943e-05      1
24   2.539217e-05      1
25   1.146494e-06      1
26   3.469882e-06      1
27   3.308434e-05      1
28   9.553747e-06      1
29   1.189389e-06      1
30   5.671134e-06      1
31   1.484205e-05      1
32   1.347982e-05      1
33   5.911807e-05      1
34   1.074595e-04      1
35   3.116272e-07      1
36   1.379656e-05      1
37   2.969671e-06      1
38   9.528198e-06      1
39   1.103212e-05      1
40   2.094245e-06      1
41   7.843416e-08      1
42   2.972313e-05      1
43   8.659106e-05      1
44   7.841063e-05      1
45   3.296253e-04      1
46   3.306063e-05      1
47   2.515806e-07      1
48   8.733790e-06      1
49   4.706798e-04      1
50   8.753769e-06      1
51   3.864105e-05      1
52   4.482319e-07      1
53   6.391214e-05      1
54   1.144372e-05      1
55   1.241265e-05      1
56   1.033589e-07      1
57   5.860127e-05      1
58   2.477408e-05      1
59   2.202778e-05      1
60   1.325702e-09      1
61   8.102255e-05      1
62   1.252699e-05      1
63   2.150610e-07      1
64   1.402069e-04      1
65   5.589895e-07      1
66   2.907169e-08      1
67   4.331868e-05      1
68   7.770309e-05      1
69   5.070189e-05      1
70   6.051606e-06      1
71   2.633344e-06      1
72   1.020249e-04      1
73   1.279787e-05      1
74   1.600496e-05      1
75   2.977027e-07      1
76   2.246955e-06      1
77   1.736581e-05      1
78   4.267895e-06      1
79   2.260127e-05      1
80   6.854672e-05      1
81   8.767884e-07      1
82   7.232416e-05      1
83   1.258593e-05      1
84   2.482355e-06      1
85   5.630450e-05      1
86   2.447541e-07      1
87   6.715759e-05      1
88   1.444820e-04      1
89   4.989153e-05      1
90   1.195641e-05      1
91   5.354022e-05      1
92   1.853887e-04      1
93   2.603144e-05      1
94   1.533643e-10      1
95   5.925723e-05      1
96   9.237164e-05      1
97   9.485548e-07      1
98   6.792295e-05      1
99   9.142955e-05      1
100  1.499522e-04      1
101  2.642156e-06      1
102  7.042924e-05      1
103  7.869662e-05      1
104  7.762538e-05      1
105  7.055149e-05      1
106  1.161603e-04      1
107  1.137593e-05      1
108  4.908689e-05      1
109  4.932535e-05      1
110  1.890603e-06      1
111  2.913996e-06      1
112  1.767882e-05      1
113  2.273613e-04      1
114  3.537054e-06      1
115  1.555690e-05      1
116  8.991266e-05      1
117  2.796515e-06      1
118  9.720837e-05      1
119  4.678041e-06      1
120  1.907212e-06      1
121  1.022840e-04      1
122  3.960723e-05      1
123  4.713692e-05      1
124  4.441081e-04      1
125  1.168372e-05      1
126  4.201291e-07      1
127  4.875890e-07      1
128  6.582693e-05      1
129  2.058689e-05      1
130  3.763558e-08      1
131  7.272848e-05      1
132  4.558666e-06      1
133  9.693999e-06      1
134  1.291495e-05      1
135  1.448362e-05      1
136  1.865146e-06      1
137  5.142172e-05      1
138  5.690015e-05      1
139  8.557171e-06      1
140  8.871922e-05      1
141  9.036953e-06      1
142  1.728092e-05      1
143  1.529695e-05      1
144  6.561618e-06      1
145  7.038946e-06      1
146  1.029696e-05      1
147  9.591688e-07      1
148  2.943666e-06      1
149  5.421493e-06      1
150  6.052968e-05      1
151  5.307575e-08      1
152  2.323273e-07      1
153  3.665185e-05      1
154  2.064490e-05      1
155  4.497642e-04      1
156  5.419106e-06      1
157  1.872932e-05      1
158  1.129252e-04      1
159  1.469860e-04      1
160  8.615439e-06      1
161  4.274585e-05      1
162  4.506202e-04      1
163  1.842646e-05      1
164  4.193162e-06      1
165  1.322197e-04      1
166  9.045760e-05      1
167  3.505187e-06      1
168  5.539385e-04      1
169  2.836687e-06      1
170  4.281805e-04      1
171  2.921328e-05      1
172  6.880552e-06      1
173  1.371910e-05      1
174  1.671653e-05      1
175  5.183483e-05      1
176  1.232883e-04      1
177  1.913043e-05      1
178  1.414143e-05      1
179  1.521449e-06      1
180  5.157651e-06      1
181  1.391021e-05      1
182  7.886286e-06      1
183  9.630002e-08      1
184  4.387501e-05      1
185  4.082842e-06      1
186  1.989974e-04      1
187  8.221915e-05      1
188  4.968931e-07      1
189  1.642972e-05      1
190  2.420688e-05      1
191  2.809289e-06      1
192  5.168250e-05      1
193  8.112460e-05      1
194  1.912176e-06      1
195  1.443012e-04      1
196  7.892809e-05      1
197  2.005064e-06      1
198  1.981633e-08      1
199  6.535337e-05      1
200  2.666120e-05      1
201  4.800926e-05      1
202  1.472929e-08      1
203  1.092252e-05      1
204  2.276984e-07      1
205  1.750099e-05      1
206  5.909594e-06      1
207  1.017170e-05      1
208  1.268520e-04      1
209  3.492122e-05      1
210  1.144927e-05      1
211  2.910315e-06      1
212  1.948834e-05      1
213  3.469776e-06      1
214  3.189901e-05      1
215  4.183182e-05      1
216  1.417917e-05      1
217  9.910301e-07      1
218  3.529910e-05      1
219  1.218035e-05      1
220  4.007311e-06      1
221  1.251357e-05      1
222  4.727617e-06      1
223  3.614796e-06      1
224  6.576877e-06      1
225  2.241193e-04      1
226  1.925895e-05      1
227  3.305977e-05      1
228  9.510676e-06      1
229  4.515463e-05      1
230  5.898762e-06      1
231  1.640956e-05      1
232  3.390097e-08      1
233  4.917879e-05      1
234  1.267220e-05      1
235  7.677531e-05      1
236  8.724104e-07      1
237  1.633958e-05      1
238  3.094970e-05      1
239  2.756258e-05      1
240  1.208171e-06      1
241  4.277545e-05      1
242  2.678324e-05      1
243  1.308859e-05      1
244  8.943178e-05      1
245  7.675485e-06      1
246  1.802581e-05      1
247  1.153052e-05      1
248  7.267610e-05      1
249  1.488580e-08      1
250  7.775803e-06      1
251  3.658174e-05      1
252  7.740605e-06      1
253  1.429357e-05      1
254  2.561043e-05      1
255  2.319402e-09      1
256  7.145212e-07      1
257  1.528006e-05      1
258  5.372128e-06      1
259  4.576945e-06      1
260  7.064845e-06      1
261  2.436416e-05      1
262  3.454018e-05      1
263  1.081161e-05      1
264  1.873398e-09      1
265  3.053739e-08      1
266  3.958633e-06      1
267  1.573933e-05      1
268  3.235765e-06      1
269  1.128946e-08      1
270  4.932296e-06      1
271  4.831946e-06      1
272  1.128781e-07      1
273  8.042322e-05      1
274  7.678278e-05      1
275  9.762424e-06      1
276  8.431962e-05      1
277  3.696014e-04      1
278  5.488343e-07      1
279  1.778481e-05      1
280  1.027321e-04      1
281  8.878815e-05      1
282  4.404986e-05      1
283  7.024042e-05      1
284  1.128789e-04      1
285  3.666124e-08      1
286  2.879318e-06      1
287  1.044049e-05      1
288  1.741432e-05      1
289  1.110922e-04      1
290  2.558019e-05      1
291  1.206759e-04      1
292  3.690690e-06      1
293  1.033389e-04      1
294  4.177090e-05      1
295  1.093402e-04      1
296  1.827688e-05      1
297  8.148057e-04      1
298  1.530533e-05      1
299  2.397993e-04      1
300  1.286902e-06      1
301  1.091857e-05      1
302  3.462452e-04      1
303  5.846032e-05      1
304  2.475730e-06      1
305  2.171969e-06      1
306  1.682228e-04      1
307  6.207393e-06      1
308  2.255167e-07      1
309  5.440191e-06      1
310  4.038886e-05      1
311  1.257032e-08      1
312  1.170866e-05      1
313  9.159637e-08      1
314  2.424654e-05      1
315  3.053177e-05      1
316  6.336868e-06      1
317  4.385523e-05      1
318  2.781738e-05      1
319  1.116325e-05      1
320  1.081046e-05      1
321  5.308595e-06      1
322  5.539000e-06      1
323  7.291212e-05      1
324  2.860603e-06      1
325  2.755054e-05      1
326  5.477677e-05      1
327  7.374040e-05      1
328  7.454185e-06      1
329  7.865864e-06      1
330  1.309856e-07      1
331  4.859309e-05      1
332  3.600243e-04      1
333  1.393573e-04      1
334  4.066762e-05      1
335  7.626845e-06      1
336  9.339052e-05      1
337  1.235321e-04      1
338  6.361982e-06      1
339  9.615146e-08      1
340  8.531796e-06      1
341  2.633547e-06      1
342  7.248101e-05      1
343  3.952316e-05      1
344  7.446224e-05      1
345  1.268948e-08      1
346  1.324921e-05      1
347  9.622916e-05      1
348  6.524954e-06      1
349  2.277826e-07      1
350  3.145333e-06      1
351  1.114697e-08      1
352  2.877288e-05      1
353  2.166785e-05      1
354  4.996987e-05      1
355  3.121110e-07      1
356  2.669263e-05      1
357  4.225140e-05      1
358  1.975313e-06      1
359  4.114448e-05      1
360  5.916740e-06      1
361  2.492561e-06      1
362  3.000389e-06      1
363  5.390726e-06      1
364  6.816966e-04      1
365  1.347918e-05      1
366  5.616062e-07      1
367  1.171485e-05      1
368  1.207010e-05      1
369  1.279654e-05      1
370  9.762838e-06      1
371  2.980509e-04      1
372  3.883025e-05      1
373  1.259322e-04      1
374  7.872969e-09      1
375  2.227922e-05      1
376  1.776247e-06      1
377  8.222788e-07      1
378  6.810519e-11      1
379  6.717809e-10      1
380  8.034561e-06      1
381  5.044509e-05      1
382  1.506487e-06      1
383  6.472910e-07      1
384  1.347479e-05      1
385  1.300309e-07      1
386  4.387392e-05      1
387  4.830951e-05      1
388  4.348473e-05      1
389  6.846328e-06      1
390  2.425472e-07      1
391  5.192177e-06      1
392  1.168298e-05      1
393  2.210824e-08      1
394  1.976010e-05      1
395  1.819215e-05      1
396  1.614516e-06      1
397  5.983601e-06      1
398  1.246357e-06      1
399  2.418985e-06      1
400  6.545284e-07      1
401  1.411012e-06      1
402  1.523822e-04      1
403  2.081293e-06      1
404  8.413036e-06      1
405  9.492639e-06      1
406  5.272867e-07      1
407  1.395962e-05      1
408  1.936536e-06      1
409  6.320526e-07      1
410  2.504276e-06      1
411  6.978680e-07      1
412  1.804160e-05      1
413  7.723448e-07      1
414  2.074967e-06      1
415  4.220620e-06      1
416  8.641304e-05      1
417  2.507448e-05      1
418  3.869414e-07      1
419  4.448645e-08      1
420  5.639489e-07      1
421  5.364973e-06      1
422  4.163887e-05      1
423  9.495338e-06      1
424  1.631313e-04      1
425  1.839651e-05      1
426  3.899640e-08      1
427  2.199927e-04      1
428  1.955549e-05      1
429  8.166919e-06      1
430  4.608271e-05      1
431  1.130727e-04      1
432  2.335535e-05      1
433  8.621755e-07      1
434  1.147867e-05      1
435  5.050692e-04      1
436  5.426025e-08      1
437  3.547313e-07      1
438  1.718932e-07      1
439  5.241576e-05      1
440  1.429761e-07      1
441  3.945372e-05      1
442  2.727425e-06      1
443  2.268958e-05      1
444  3.878210e-05      1
445  2.172843e-05      1
446  2.740602e-05      1
447  5.175060e-05      1
448  1.478605e-05      1
449  6.041867e-05      1
450  6.692613e-05      1
451  3.557953e-07      1
452  4.172325e-08      1
453  9.094374e-07      1
454  5.559110e-05      1
455  1.600907e-07      1
456  4.970304e-08      1
457  1.902438e-05      1
458  6.206388e-05      1
459  1.367097e-05      1
460  9.266118e-07      1
461  7.746690e-06      1
462  1.347586e-06      1
463  6.453711e-06      1
464  8.674822e-07      1
465  1.266598e-05      1
466  6.469794e-06      1
467  7.531512e-05      1
468  8.758430e-05      1
469  1.135819e-05      1
470  3.637819e-05      1
471  1.126140e-08      1
472  1.254374e-04      1
473  2.977604e-06      1
474  3.725035e-07      1
475  2.918436e-05      1
476  2.031861e-06      1
477  8.871294e-06      1
478  3.072907e-05      1
479  2.353535e-06      1
480  8.926216e-06      1
481  5.140029e-05      1
482  1.203544e-05      1
483  4.526918e-05      1
484  4.462456e-06      1
485  1.069313e-05      1
486  1.546997e-07      1
487  8.754083e-06      1
488  1.398057e-04      1
489  1.508620e-04      1
490  4.481723e-05      1
491  5.321511e-05      1
492  3.982062e-05      1
493  4.068592e-05      1
494  6.917744e-05      1
495  1.836338e-06      1
496  9.320769e-06      1
497  6.957175e-05      1
498  8.246005e-05      1
499  1.708903e-04      1
500  8.095571e-06      1
501  6.785264e-09      1
502  3.647729e-05      1
503  1.242839e-06      1
504  1.173309e-05      1
505  3.425852e-06      1
506  1.498525e-05      1
507  4.205410e-05      1
508  1.844449e-06      1
509  1.151612e-05      1
510  4.203098e-05      1
511  4.209344e-05      1
512  1.558427e-05      1
513  1.375138e-05      1
514  1.083089e-05      1
515  2.211720e-05      1
516  5.487913e-05      1
517  6.961132e-06      1
518  8.595584e-06      1
519  1.114172e-06      1
520  2.112696e-05      1
521  2.193650e-05      1
522  5.252290e-05      1
523  2.696996e-05      1
524  1.682899e-05      1
525  3.338335e-06      1
526  1.350470e-06      1
527  1.931177e-05      1
528  1.421404e-04      1
529  3.564177e-06      1
530  2.056325e-05      1
531  3.771040e-06      1
532  1.753829e-07      1
533  1.784349e-05      1
534  2.335362e-05      1
535  3.273249e-06      1
536  2.551914e-07      1
537  1.155683e-04      1
538  1.603701e-04      1
539  5.838831e-06      1
540  1.541487e-05      1
541  7.901486e-08      1
542  3.202935e-06      1
543  7.419379e-05      1
544  3.197064e-06      1
545  2.536687e-05      1
546  9.205426e-05      1
547  4.158648e-04      1
548  7.935086e-05      1
549  8.929104e-06      1
550  1.121130e-08      1
551  1.879224e-06      1
552  2.741508e-06      1
553  9.394799e-06      1
554  3.062975e-06      1
555  1.011852e-07      1
556  1.914243e-05      1
557  3.962171e-05      1
558  8.954326e-07      1
559  4.677579e-06      1
560  7.586449e-06      1
561  1.390789e-06      1
562  2.285335e-05      1
563  3.608910e-05      1
564  5.674705e-05      1
565  1.241331e-05      1
566  6.708660e-06      1
567  2.001756e-04      1
568  7.428270e-05      1
569  9.731376e-05      1
570  3.808647e-05      1
571  7.251408e-05      1
572  1.199355e-05      1
573  5.238640e-06      1
574  1.042641e-05      1
575  7.795660e-07      1
576  3.844853e-06      1
577  3.234325e-04      1
578  2.279963e-06      1
579  7.945686e-05      1
580  3.834264e-05      1
581  1.726649e-05      1
582  4.740188e-06      1
583  1.048412e-04      1
584  1.370033e-06      1
585  2.122703e-05      1
586  1.127022e-06      1
587  2.411076e-05      1
588  6.860821e-06      1
589  2.539215e-05      1
590  2.404374e-06      1
591  6.374406e-07      1
592  4.229086e-08      1
593  5.250675e-06      1
594  5.697118e-05      1
595  2.705601e-05      1
596  3.293916e-06      1
597  3.014614e-05      1
598  3.872990e-05      1
599  1.356100e-05      1
600  3.112955e-06      1
601  9.234055e-06      1
602  2.261630e-05      1
603  1.917194e-05      1
604  5.312748e-05      1
605  3.475459e-06      1
606  1.587738e-06      1
607  1.671028e-05      1
608  5.791741e-05      1
609  3.270304e-05      1
610  1.769333e-04      1
611  5.739202e-05      1
612  2.739971e-05      1
613  1.416477e-05      1
614  1.623829e-05      1
615  1.279531e-04      1
616  2.924050e-07      1
617  1.079501e-05      1
618  8.744467e-06      1
619  2.716491e-05      1
620  9.343818e-06      1
621  3.832985e-06      1
622  1.313520e-06      1
623  1.244460e-04      1
624  4.064547e-05      1
625  2.213928e-08      1
626  3.996077e-06      1
627  3.003384e-06      1
628  1.025155e-05      1
629  3.393506e-05      1
630  1.035254e-06      1
631  4.966402e-06      1
632  1.171479e-04      1
633  1.138667e-05      1
634  1.725894e-05      1
635  6.283703e-08      1
636  1.008383e-05      1
637  9.589290e-06      1
638  4.929778e-07      1
639  1.118933e-05      1
640  5.536908e-06      1
641  4.629553e-06      1
642  2.161052e-06      1
643  2.746186e-05      1
644  1.216820e-05      1
645  1.615748e-04      1
646  9.209280e-06      1
647  3.038484e-05      1
648  2.947966e-05      1
649  1.409603e-07      1
650  8.624582e-04      1
651  5.430072e-05      1
652  6.048641e-06      1
653  8.568549e-06      1
654  2.531256e-04      1
655  4.653098e-07      1
656  1.109218e-06      1
657  4.227400e-05      1
658  3.873651e-06      1
659  1.912974e-05      1
660  1.026998e-06      1
661  2.475226e-05      1
662  1.560697e-04      1
663  6.294661e-06      1
664  5.093512e-05      1
665  3.712520e-06      1
666  4.621728e-05      1
667  6.901378e-06      1
668  4.467300e-04      1
669  7.643316e-06      1
670  1.236819e-04      1
671  6.476711e-06      1
672  1.357349e-05      1
673  1.203611e-06      1
674  6.659122e-06      1
675  1.295583e-05      1
676  1.046885e-04      1
677  5.440640e-06      1
678  2.050819e-05      1
679  1.014186e-05      1
680  2.275226e-05      1
681  2.671063e-05      1
682  1.190389e-05      1
683  3.977600e-07      1
684  2.697285e-04      1
685  6.816508e-06      1
686  2.267360e-06      1
687  1.680917e-06      1
688  5.657517e-05      1
689  6.040309e-05      1
690  1.091529e-05      1
691  1.199006e-04      1
692  3.959142e-06      1
693  5.225875e-08      1
694  5.642773e-05      1
695  2.254147e-05      1
696  1.717655e-05      1
697  1.737035e-04      1
698  6.522059e-05      1
699  1.497325e-05      1
700  3.863436e-06      1
701  1.840854e-06      1
702  1.880529e-05      1
703  2.799252e-06      1
704  1.437705e-05      1
705  2.377910e-04      1
706  2.975638e-08      1
707  9.102751e-07      1
708  5.382108e-07      1
709  3.201885e-07      1
710  2.110726e-05      1
711  1.658384e-05      1
712  5.956632e-05      1
713  3.918803e-05      1
714  1.651818e-04      1
715  1.584556e-05      1
716  8.456688e-05      1
717  1.172919e-04      1
718  1.528905e-05      1
719  8.449184e-06      1
720  3.727109e-05      1
721  6.671286e-05      1
722  1.973989e-05      1
723  2.272743e-07      1
724  7.979445e-05      1
725  5.200313e-06      1
726  1.711828e-05      1
727  2.543028e-05      1
728  3.462911e-06      1
729  1.679565e-05      1
730  2.473013e-03 0.1061
731  6.593092e-05      1
732  6.532359e-05      1
733  1.845621e-04      1
734  1.300365e-04      1
735  1.945258e-05      1
736  4.401002e-05      1
737  2.043532e-06      1
738  5.652220e-05      1
739  6.372709e-08      1
740  4.439460e-06      1
741  1.326095e-05      1
742  1.661611e-07      1
743  2.017120e-05      1
744  1.965842e-05      1
745  2.501347e-05      1
746  4.634237e-05      1
747  2.903447e-06      1
748  8.495453e-06      1
749  1.343151e-05      1
750  5.282447e-06      1
751  4.675691e-06      1
752  6.977417e-07      1
753  1.288997e-05      1
754  2.310226e-05      1
755  2.553128e-06      1
756  6.913671e-05      1
757  4.767932e-06      1
758  1.051063e-06      1
759  7.574317e-06      1
760  5.037116e-05      1
761  9.332899e-05      1
762  3.661058e-06      1
763  2.016270e-05      1
764  1.924211e-05      1
765  2.148847e-06      1
766  2.040214e-05      1
767  2.509018e-05      1
768  6.464039e-05      1
769  7.001104e-05      1
770  3.983983e-06      1
771  3.152391e-05      1
772  5.729631e-07      1
773  5.962892e-06      1
774  7.929831e-07      1
775  6.532654e-06      1
776  1.010200e-05      1
777  6.626180e-06      1
778  5.172024e-06      1
779  4.537564e-05      1
780  2.308570e-05      1
781  6.037049e-06      1
782  3.695980e-05      1
783  1.166176e-06      1
784  3.520339e-06      1
785  6.440371e-06      1
786  1.872520e-06      1
787  1.273886e-04      1
788  3.802305e-06      1
789  2.692049e-05      1
790  2.159459e-05      1
791  7.130265e-05      1
792  6.903355e-08      1
793  2.408628e-06      1
794  1.919314e-06      1
795  3.195056e-05      1
796  4.568437e-08      1
797  1.765868e-08      1
798  1.378692e-05      1
799  9.170983e-07      1
800  3.364930e-06      1
801  7.117265e-07      1
802  3.840014e-07      1
803  3.430101e-05      1
804  7.907050e-05      1
805  3.619303e-05      1
806  2.993174e-06      1
807  1.282498e-06      1
808  1.248924e-05      1
809  8.468993e-05      1
810  3.862161e-05      1
811  2.041004e-09      1
812  5.891522e-05      1
813  1.081732e-05      1
814  2.510653e-05      1
815  5.578423e-05      1
816  2.104654e-07      1
817  3.334286e-06      1
818  6.875654e-05      1
819  3.703496e-04      1
820  2.050897e-08      1
821  1.093334e-04      1
822  3.009527e-05      1
823  1.658518e-07      1
824  1.269632e-06      1
825  4.708308e-05      1
826  1.797124e-07      1
827  5.750841e-07      1
828  3.396142e-05      1
829  1.124106e-05      1
830  2.266811e-07      1
831  9.368544e-07      1
832  7.777048e-06      1
833  7.843740e-06      1
834  1.069670e-05      1
835  1.056200e-05      1
836  1.274903e-05      1
837  3.252608e-05      1
838  6.063587e-09      1
839  1.233888e-05      1
840  1.122035e-04      1
841  4.384596e-07      1
842  2.983644e-05      1
843  1.730156e-04      1
844  2.650853e-07      1
845  9.171974e-07      1
846  4.031269e-04      1
847  1.299645e-08      1
848  9.310552e-06      1
849  9.874152e-06      1
850  4.830647e-05      1
851  3.354542e-05      1
852  7.065897e-06      1
853  2.216836e-07      1
854  4.435388e-05      1
855  2.260472e-04      1
856  4.343993e-07      1
857  1.028475e-05      1
858  8.243169e-07      1
859  1.247430e-04      1
860  2.812683e-05      1
861  3.390911e-05      1
862  1.556899e-06      1
863  3.567468e-06      1
864  1.695643e-07      1
865  9.291687e-08      1
866  9.997871e-05      1
867  3.387808e-05      1
868  3.791225e-05      1
869  1.484530e-05      1
870  5.657574e-06      1
871  2.095012e-06      1
872  7.479093e-06      1
873  1.883115e-06      1
874  2.765418e-07      1
875  2.473537e-04      1
876  1.805308e-05      1
877  1.047216e-06      1
878  1.041096e-04      1
879  9.270979e-06      1
880  2.178025e-05      1
881  7.406114e-05      1
882  1.504458e-04      1
883  5.474990e-05      1
884  1.189309e-05      1
885  1.554048e-05      1
886  4.799602e-06      1
887  1.778460e-07      1
888  3.309624e-04      1
889  1.017711e-06      1
890  9.071589e-05      1
891  5.889793e-07      1
892  1.440869e-05      1
893  1.837849e-04      1
894  1.143680e-07      1
895  2.601135e-05      1
896  9.519241e-06      1
897  5.849834e-05      1
898  2.761370e-05      1
899  7.071788e-06      1
900  3.640025e-05      1
901  2.917338e-05      1
902  2.139723e-05      1
903  7.801940e-07      1
904  7.102633e-06      1
905  2.138591e-05      1
906  1.614718e-05      1
907  2.675570e-06      1
908  1.043855e-08      1
909  5.283874e-05      1
910  7.948637e-05      1
911  2.812832e-08      1
912  7.989524e-06      1
913  1.448561e-07      1
914  3.347970e-05      1
915  4.072607e-05      1
916  6.600002e-05      1
917  4.231533e-05      1
918  6.882094e-07      1
919  1.400299e-06      1
920  2.114815e-04      1
921  1.409576e-07      1
922  1.546776e-05      1
923  3.082710e-07      1
924  5.214952e-09      1
925  4.287174e-07      1
926  4.364752e-05      1
927  2.839355e-05      1
928  4.563822e-05      1
929  3.667250e-05      1
930  8.439575e-05      1
931  2.260807e-05      1
932  3.970555e-05      1
933  1.082625e-05      1
934  1.710188e-05      1
935  3.085340e-05      1
936  4.907368e-05      1
937  1.054997e-05      1
938  2.759824e-05      1
939  5.902781e-05      1
940  1.905206e-06      1
941  5.941441e-05      1
942  9.418601e-04      1
943  6.265013e-04      1
944  1.694764e-04      1
945  7.681242e-06      1
946  1.583199e-05      1
947  5.453801e-05      1
948  1.888772e-05      1
949  3.222370e-06      1
950  1.103060e-07      1
951  6.745922e-05      1
952  1.008442e-06      1
953  9.759558e-06      1
954  1.514194e-05      1
955  2.319660e-04      1
956  2.711366e-04      1
957  1.397327e-04      1
958  3.485422e-06      1
959  1.896148e-05      1
960  5.186271e-08      1
961  1.466011e-04      1
962  7.377369e-07      1
963  1.022440e-06      1
964  1.087968e-05      1
965  4.878336e-05      1
966  5.440501e-06      1
967  3.679740e-06      1
968  3.929743e-05      1
969  2.905787e-05      1
970  4.113877e-05      1
971  1.017743e-08      1
972  3.872528e-05      1
973  9.248164e-05      1
974  2.155258e-04      1
975  1.488517e-09      1
976  1.787655e-04      1
977  2.819074e-06      1
978  1.844689e-04      1
979  6.206082e-05      1
980  2.220414e-07      1
981  8.877162e-05      1
982  7.798019e-06      1
983  9.142402e-05      1
984  9.772914e-05      1
985  7.685548e-07      1
986  3.346422e-06      1
987  3.188394e-06      1
988  1.803829e-04      1
989  1.176972e-04      1
990  1.412118e-06      1
991  8.013102e-05      1
992  7.533790e-09      1
993  1.765804e-05      1
994  1.647766e-06      1
995  1.147966e-05      1
996  8.276177e-05      1
997  1.168515e-05      1
998  2.325528e-06      1
999  8.272730e-06      1
1000 1.080571e-05      1
1001 1.830197e-05      1
1002 6.153428e-06      1
1003 1.679487e-06      1
1004 3.852042e-05      1
1005 7.621085e-07      1
1006 1.666546e-06      1
1007 6.182897e-06      1
1008 1.217392e-06      1
1009 3.663375e-06      1
1010 6.064131e-06      1
1011 5.372864e-05      1
1012 3.637142e-05      1
1013 4.528260e-05      1
1014 8.378865e-07      1
1015 8.442726e-07      1
1016 6.439656e-05      1
1017 6.873094e-08      1
1018 1.246547e-04      1
1019 5.331852e-05      1
1020 1.605271e-05      1
1021 8.591319e-06      1
1022 8.133477e-06      1
1023 1.019555e-05      1
1024 3.909459e-06      1
1025 8.618280e-06      1
1026 4.783151e-05      1
1027 1.978271e-05      1
1028 5.235148e-08      1
1029 1.016929e-05      1
1030 7.422703e-06      1
1031 1.808880e-07      1
1032 3.760324e-06      1
1033 6.730829e-07      1
1034 3.982549e-05      1
1035 1.417352e-05      1
1036 1.853639e-06      1
1037 4.641918e-05      1
1038 2.234525e-05      1
1039 1.271911e-07      1
1040 8.528451e-06      1
1041 4.554735e-06      1
1042 2.562547e-06      1
1043 1.108200e-05      1
1044 2.071536e-05      1
1045 4.616129e-07      1
1046 3.133533e-07      1
1047 6.708259e-08      1
1048 6.501093e-06      1
1049 1.986044e-05      1
1050 4.506275e-06      1
1051 2.578454e-05      1
1052 3.697025e-06      1
1053 2.674898e-06      1
1054 4.915168e-06      1
1055 1.771640e-05      1
1056 1.345223e-05      1
1057 2.033648e-05      1
1058 1.828816e-07      1
1059 2.682660e-06      1
1060 6.552114e-08      1
1061 1.672336e-05      1

$`MR-PRESSO results`$`Distortion Test`
$`MR-PRESSO results`$`Distortion Test`$`Outliers Indices`
[1] "No significant outliers"

$`MR-PRESSO results`$`Distortion Test`$`Distortion Coefficient`
[1] NA

$`MR-PRESSO results`$`Distortion Test`$Pvalue
[1] NA



