$`Main MR results`
       Exposure       MR Analysis Causal Estimate          Sd    T-stat
1 beta.exposure               Raw     -0.01249994 0.003242578 -3.854937
2 beta.exposure Outlier-corrected     -0.01325907 0.003219436 -4.118446
       P-value
1 1.208361e-04
2 4.030459e-05

$`MR-PRESSO results`
$`MR-PRESSO results`$`Global Test`
$`MR-PRESSO results`$`Global Test`$RSSobs
[1] 1845.247

$`MR-PRESSO results`$`Global Test`$Pvalue
[1] "<1.33333333333333e-05"


$`MR-PRESSO results`$`Outlier Test`
           RSSobs              Pvalue
1    6.984529e-04                   1
2    8.230960e-07                   1
3    3.763875e-04                   1
4    1.243842e-03                   1
5    3.120871e-03                   1
6    2.046565e-06                   1
7    1.738620e-03                   1
8    3.454646e-05                   1
9    5.134969e-07                   1
10   1.526934e-03                   1
11   8.209040e-05                   1
12   2.480672e-05                   1
13   9.117572e-04                   1
14   2.769735e-04                   1
15   7.483492e-04                   1
16   2.329774e-04                   1
17   1.136350e-04                   1
18   9.433655e-05                   1
19   3.865295e-04                   1
20   6.565339e-06                   1
21   5.201551e-04                   1
22   4.571081e-04                   1
23   1.398795e-03                   1
24   2.380908e-04                   1
25   3.209500e-04                   1
26   1.788248e-04                   1
27   3.047732e-06                   1
28   9.942944e-06                   1
29   2.680511e-04                   1
30   9.551669e-04                   1
31   7.530126e-05                   1
32   5.048179e-05                   1
33   3.382374e-05                   1
34   5.387904e-04                   1
35   5.320196e-05                   1
36   2.185941e-04                   1
37   8.261515e-04                   1
38   9.800367e-04                   1
39   3.790040e-04                   1
40   2.517406e-04                   1
41   1.045517e-03                   1
42   2.159888e-05                   1
43   4.934659e-03                   1
44   6.152185e-04                   1
45   1.065094e-03                   1
46   3.148298e-05                   1
47   3.791242e-04                   1
48   1.439438e-04                   1
49   1.139105e-04                   1
50   1.274757e-04                   1
51   2.266011e-04                   1
52   9.416607e-04                   1
53   5.470067e-06                   1
54   2.121584e-05                   1
55   1.256138e-04                   1
56   1.216490e-04                   1
57   8.046050e-05                   1
58   3.047889e-06                   1
59   2.623036e-04                   1
60   2.676836e-04                   1
61   7.195179e-04                   1
62   1.352810e-04                   1
63   6.203703e-04                   1
64   1.309536e-05                   1
65   2.152951e-06                   1
66   3.872488e-04                   1
67   6.633944e-03 <0.0192933333333333
68   1.621020e-03                   1
69   6.149191e-06                   1
70   5.110940e-05                   1
71   5.077403e-06                   1
72   1.812286e-04                   1
73   9.507544e-06                   1
74   1.143330e-04                   1
75   2.104231e-05                   1
76   4.838151e-05                   1
77   2.507960e-04                   1
78   4.514739e-04                   1
79   5.642735e-05                   1
80   2.801583e-04                   1
81   1.862859e-05                   1
82   1.841704e-03                   1
83   2.975971e-04                   1
84   3.771480e-04                   1
85   7.479895e-04                   1
86   3.787233e-04                   1
87   1.429722e-03                   1
88   4.165897e-04                   1
89   1.534634e-04                   1
90   3.856966e-04                   1
91   4.675682e-04                   1
92   8.959597e-06                   1
93   8.874855e-05                   1
94   9.336086e-05                   1
95   1.091126e-03                   1
96   6.589137e-05                   1
97   1.344508e-03                   1
98   3.508828e-03                   1
99   7.826764e-06                   1
100  2.514547e-04                   1
101  1.653118e-03                   1
102  4.825866e-06                   1
103  2.083515e-03                   1
104  4.402518e-05                   1
105  4.726851e-05                   1
106  5.996299e-04                   1
107  1.057412e-03                   1
108  8.048651e-05                   1
109  4.134059e-05                   1
110  2.819430e-05                   1
111  6.751460e-04                   1
112  3.021525e-04                   1
113  1.407871e-09                   1
114  6.701234e-04                   1
115  5.112713e-05                   1
116  6.784470e-05                   1
117  5.899113e-05                   1
118  9.035800e-05                   1
119  6.330028e-06                   1
120  6.275513e-04                   1
121  7.768112e-05                   1
122  4.028198e-04                   1
123  2.155572e-04                   1
124  2.124964e-03                   1
125  9.261027e-04                   1
126  4.158223e-04                   1
127  4.450347e-03                   1
128  7.497053e-05                   1
129  5.940332e-03                   1
130  8.485259e-05                   1
131  5.567895e-03                   1
132  1.660303e-03                   1
133  5.851941e-04                   1
134  3.358114e-03                   1
135  3.613848e-04                   1
136  8.993523e-04                   1
137  1.510442e-03                   1
138  5.337294e-03                   1
139  2.707245e-03                   1
140  3.137569e-05                   1
141  4.364056e-04                   1
142  8.393971e-06                   1
143  1.657998e-05                   1
144  4.269082e-05                   1
145  1.170239e-02                   1
146  1.239094e-03                   1
147  2.697744e-03                   1
148  8.724674e-03                   1
149  2.744186e-03                   1
150  6.817139e-06                   1
151  2.835113e-03                   1
152  2.234347e-03                   1
153  3.707658e-04                   1
154  1.150877e-06                   1
155  1.513457e-05                   1
156  2.502596e-04                   1
157  6.315388e-03                   1
158  3.514167e-05                   1
159  3.539940e-05                   1
160  4.668732e-03                   1
161  7.853465e-05                   1
162  2.105843e-04                   1
163  1.866293e-04                   1
164  8.292154e-04                   1
165  1.001078e-02                   1
166  3.027773e-07                   1
167  3.641026e-03                   1
168  1.995646e-05                   1
169  1.913154e-03                   1
170  1.279034e-04                   1
171  1.173146e-04                   1
172  1.023385e-04                   1
173  4.069884e-03                   1
174  9.464304e-03                   1
175  3.708039e-05                   1
176  3.479834e-04                   1
177  3.041659e-03                   1
178  3.409478e-02                   1
179  1.084177e-03                   1
180  1.941465e-04                   1
181  4.021403e-04                   1
182  2.655445e-04                   1
183  5.978494e-03                   1
184  3.279936e-06                   1
185  1.335839e-04                   1
186  1.079663e-03                   1
187  1.232167e-03                   1
188  4.029967e-04                   1
189  4.259893e-04                   1
190  2.356303e-04                   1
191  3.065230e-03                   1
192  3.874779e-05                   1
193  1.693744e-05                   1
194  6.866834e-05                   1
195  1.701511e-04                   1
196  1.973249e-05                   1
197  1.189224e-06                   1
198  1.066269e-05                   1
199  5.589043e-03                   1
200  1.531463e-04                   1
201  1.081025e-02                   1
202  1.269437e-03                   1
203  1.019671e-05                   1
204  1.743792e-03                   1
205  4.575799e-03                   1
206  2.968385e-04                   1
207  3.062189e-04                   1
208  2.751728e-03                   1
209  1.788220e-03                   1
210  7.030258e-05                   1
211  5.351574e-05                   1
212  1.102369e-05                   1
213  8.644667e-04                   1
214  9.474700e-06                   1
215  3.564232e-04                   1
216  2.309429e-05                   1
217  3.561294e-05                   1
218  1.985355e-05                   1
219  1.927784e-04                   1
220  5.353719e-08                   1
221  1.851995e-06                   1
222  3.216845e-04                   1
223  1.134500e-03                   1
224  1.428672e-04                   1
225  4.604111e-04                   1
226  8.764232e-04                   1
227  1.241571e-04                   1
228  4.764347e-07                   1
229  2.031364e-04                   1
230  5.959062e-03                   1
231  4.777462e-04                   1
232  6.170209e-05                   1
233  1.148779e-06                   1
234  1.323484e-05                   1
235  1.649009e-04                   1
236  1.449013e-05                   1
237  5.502498e-05                   1
238  1.577185e-06                   1
239  2.999331e-05                   1
240  1.543255e-04                   1
241  4.635972e-05                   1
242  1.070019e-04                   1
243  8.158869e-04                   1
244  1.357635e-05                   1
245  4.890022e-04                   1
246  8.560575e-06                   1
247  1.269877e-04                   1
248  5.697123e-04                   1
249  4.020491e-04                   1
250  2.166256e-06                   1
251  1.601172e-03                   1
252  6.587063e-05                   1
253  1.326570e-03                   1
254  1.268417e-04                   1
255  6.560740e-05                   1
256  8.762054e-05                   1
257  5.191831e-04                   1
258  1.615780e-04                   1
259  5.260107e-04                   1
260  6.535547e-06                   1
261  2.405166e-04                   1
262  2.949119e-04                   1
263  2.031299e-04                   1
264  2.948253e-04                   1
265  7.095607e-04                   1
266  3.247397e-04                   1
267  2.054056e-03                   1
268  2.299777e-03                   1
269  2.164586e-07                   1
270  9.756167e-05                   1
271  1.406162e-05                   1
272  3.931756e-06                   1
273  3.352194e-07                   1
274  1.741168e-04                   1
275  1.856286e-04                   1
276  7.009359e-06                   1
277  5.032801e-06                   1
278  9.342646e-05                   1
279  8.996513e-04                   1
280  3.898603e-04                   1
281  7.519709e-04                   1
282  3.284057e-04                   1
283  1.708507e-04                   1
284  3.625013e-04                   1
285  2.940307e-03                   1
286  1.118102e-04                   1
287  4.278572e-05                   1
288  1.079743e-05                   1
289  1.214297e-05                   1
290  3.684625e-04                   1
291  5.177921e-06                   1
292  1.120437e-03                   1
293  5.324082e-05                   1
294  3.291071e-04                   1
295  4.064432e-04                   1
296  8.732206e-06                   1
297  5.779160e-05                   1
298  1.793995e-04                   1
299  1.302564e-04                   1
300  3.151605e-04                   1
301  1.673942e-04                   1
302  9.814819e-07                   1
303  4.126625e-06                   1
304  5.180067e-08                   1
305  2.530956e-04                   1
306  5.463160e-06                   1
307  1.678563e-04                   1
308  3.607551e-05                   1
309  5.215276e-05                   1
310  1.256063e-03                   1
311  5.694621e-04                   1
312  9.968958e-04                   1
313  2.010988e-06                   1
314  1.157068e-04                   1
315  4.285056e-04                   1
316  2.154708e-03                   1
317  2.440671e-03                   1
318  1.152599e-04                   1
319  3.943614e-04                   1
320  3.842763e-04                   1
321  2.615703e-07                   1
322  7.733068e-04                   1
323  1.398517e-04                   1
324  2.476733e-04                   1
325  9.665301e-04                   1
326  4.100527e-05                   1
327  3.057381e-04                   1
328  1.308907e-03                   1
329  2.547075e-04                   1
330  5.033739e-05                   1
331  2.274203e-06                   1
332  2.128638e-04                   1
333  2.386064e-05                   1
334  7.130721e-05                   1
335  6.545265e-05                   1
336  6.255104e-06                   1
337  4.326923e-06                   1
338  8.679748e-07                   1
339  5.955471e-07                   1
340  3.155726e-04                   1
341  7.320345e-03                   1
342  2.032934e-03                   1
343  8.291284e-03                   1
344  4.278420e-06                   1
345  3.447196e-03                   1
346  5.826478e-04                   1
347  1.454316e-05                   1
348  1.875590e-04                   1
349  6.099042e-03                   1
350  2.622727e-03                   1
351  1.106041e-06                   1
352  3.588610e-03                   1
353  5.354343e-05                   1
354  1.335173e-04                   1
355  1.141580e-09                   1
356  6.421329e-05                   1
357  1.993697e-03                   1
358  2.796983e-04                   1
359  2.029244e-04                   1
360  1.134581e-02                   1
361  7.186384e-04                   1
362  1.830791e-04                   1
363  1.209044e-04                   1
364  1.964061e-05                   1
365  1.757474e-03                   1
366  1.947598e-03                   1
367  6.140158e-03                   1
368  2.646938e-04                   1
369  1.268458e-03                   1
370  2.949275e-04                   1
371  8.828564e-05                   1
372  1.558837e-05                   1
373  7.481395e-04                   1
374  6.396742e-05                   1
375  1.252154e-07                   1
376  1.628160e-04                   1
377  2.057756e-03                   1
378  1.636262e-05                   1
379  1.055273e-04                   1
380  4.177616e-03                   1
381  1.089995e-03                   1
382  1.655694e-03                   1
383  9.739134e-05                   1
384  2.796079e-04                   1
385  1.318919e-03                   1
386  3.957583e-04                   1
387  1.118417e-04                   1
388  4.764735e-03                   1
389  9.172901e-05                   1
390  6.266561e-07                   1
391  3.580198e-04                   1
392  1.663335e-04                   1
393  9.528261e-03                   1
394  3.038008e-05                   1
395  1.638571e-03                   1
396  5.154016e-05                   1
397  4.926953e-06                   1
398  5.377694e-05                   1
399  3.759917e-04                   1
400  1.272336e-04                   1
401  4.501411e-04                   1
402  3.702316e-05                   1
403  3.787077e-07                   1
404  4.896130e-04                   1
405  7.596152e-04                   1
406  2.478530e-04                   1
407  2.346410e-05                   1
408  5.295860e-05                   1
409  5.657893e-05                   1
410  7.568985e-08                   1
411  7.210209e-04                   1
412  1.334621e-04                   1
413  2.780866e-06                   1
414  3.908114e-04                   1
415  1.299608e-04                   1
416  1.752434e-05                   1
417  3.282624e-04                   1
418  5.921234e-03                   1
419  3.423299e-04                   1
420  9.683382e-04                   1
421  1.543816e-05                   1
422  5.200021e-04                   1
423  2.516568e-05                   1
424  4.729553e-04                   1
425  3.542167e-04                   1
426  1.725895e-03                   1
427  1.683215e-03                   1
428  7.035531e-06                   1
429  2.909001e-04                   1
430  4.511241e-07                   1
431  1.036128e-04                   1
432  6.563487e-06                   1
433  3.044211e-05                   1
434  6.414027e-04                   1
435  2.498229e-05                   1
436  1.274164e-04                   1
437  3.037218e-04                   1
438  3.877398e-03                   1
439  1.944431e-04                   1
440  1.759554e-04                   1
441  1.022124e-03                   1
442  2.833759e-03                   1
443  4.150096e-06                   1
444  2.388248e-04                   1
445  1.859907e-03                   1
446  5.681403e-06                   1
447  8.541193e-05                   1
448  2.986087e-04                   1
449  6.408869e-09                   1
450  1.665750e-04                   1
451  3.714196e-05                   1
452  4.723351e-06                   1
453  2.889579e-03                   1
454  2.321661e-04                   1
455  3.711541e-04                   1
456  1.204286e-03                   1
457  1.560413e-04                   1
458  2.972368e-03                   1
459  3.346826e-06                   1
460  8.652056e-06                   1
461  9.787333e-06                   1
462  6.925741e-03                   1
463  2.278433e-06                   1
464  3.916500e-05                   1
465  6.645817e-03                   1
466  2.492003e-05                   1
467  6.379907e-05                   1
468  1.196738e-04                   1
469  8.613149e-05                   1
470  2.193695e-03                   1
471  5.016816e-04                   1
472  7.203669e-04                   1
473  1.182973e-04                   1
474  2.121213e-05                   1
475  8.289888e-05                   1
476  8.279597e-04                   1
477  1.117871e-04                   1
478  9.884589e-05                   1
479  6.739557e-04                   1
480  2.038001e-04                   1
481  3.017035e-06                   1
482  3.815408e-06                   1
483  2.069266e-03                   1
484  1.383397e-03                   1
485  1.346076e-04                   1
486  2.853926e-05                   1
487  4.501866e-05                   1
488  3.712873e-05                   1
489  9.219556e-04                   1
490  6.274798e-05                   1
491  9.993612e-05                   1
492  1.119610e-03                   1
493  8.547533e-03                   1
494  3.758031e-03                   1
495  3.530937e-03                   1
496  6.323221e-05                   1
497  1.083688e-04                   1
498  1.304138e-04                   1
499  4.755154e-05                   1
500  1.030553e-04                   1
501  4.910245e-04                   1
502  4.655255e-04                   1
503  4.664141e-04                   1
504  1.138805e-03                   1
505  2.395786e-05                   1
506  1.498423e-04                   1
507  1.086108e-04                   1
508  3.560606e-04                   1
509  1.620036e-04                   1
510  7.439414e-04                   1
511  2.196737e-05                   1
512  2.466100e-04                   1
513  1.348526e-04                   1
514  5.981941e-04                   1
515  2.812235e-04                   1
516  1.312553e-05                   1
517  1.455070e-07                   1
518  1.773954e-05                   1
519  2.087418e-04                   1
520  1.225926e-05                   1
521  1.286453e-06                   1
522  4.670129e-04                   1
523  2.385755e-05                   1
524  7.848449e-04                   1
525  7.916248e-05                   1
526  4.499988e-04                   1
527  1.098411e-03                   1
528  7.710682e-05                   1
529  9.039132e-04                   1
530  3.619359e-05                   1
531  8.585863e-04                   1
532  3.165211e-03                   1
533  2.563376e-04                   1
534  4.226739e-06                   1
535  8.156887e-05                   1
536  7.593878e-04                   1
537  1.831806e-04                   1
538  2.370498e-04                   1
539  3.062411e-06                   1
540  3.765389e-04                   1
541  1.045458e-05                   1
542  3.844249e-04                   1
543  3.148897e-05                   1
544  2.001314e-03                   1
545  9.498862e-04                   1
546  1.136546e-05                   1
547  6.577890e-05                   1
548  7.754046e-05                   1
549  4.100572e-05                   1
550  1.895816e-05                   1
551  9.134622e-04                   1
552  8.408286e-05                   1
553  4.976059e-04                   1
554  1.510890e-04                   1
555  8.177397e-04                   1
556  1.177496e-04                   1
557  6.963401e-05                   1
558  5.791143e-05                   1
559  5.163927e-05                   1
560  2.835829e-03   0.308693333333333
561  8.440251e-05                   1
562  1.000289e-03                   1
563  2.648358e-04                   1
564  4.457977e-04                   1
565  7.897539e-05                   1
566  6.119883e-05                   1
567  2.769264e-05                   1
568  6.272548e-04                   1
569  1.715326e-05                   1
570  6.702615e-05                   1
571  9.756233e-05                   1
572  2.924081e-04                   1
573  7.566884e-06                   1
574  8.455174e-05                   1
575  1.069752e-06                   1
576  1.166709e-03                   1
577  4.707480e-06                   1
578  7.576240e-04                   1
579  9.032753e-07                   1
580  1.568200e-03                   1
581  3.676896e-04                   1
582  8.254747e-05                   1
583  4.143351e-04                   1
584  5.825046e-06                   1
585  3.742667e-05                   1
586  1.751574e-04                   1
587  1.399519e-06                   1
588  1.142511e-05                   1
589  1.894227e-05                   1
590  4.049862e-04                   1
591  2.070463e-03                   1
592  1.280969e-04                   1
593  2.707755e-05                   1
594  7.814752e-04                   1
595  1.651853e-04                   1
596  1.278836e-04                   1
597  8.117864e-04                   1
598  2.471627e-06                   1
599  3.762880e-05                   1
600  3.294333e-04                   1
601  9.858976e-04                   1
602  7.105226e-04                   1
603  8.022817e-04                   1
604  3.476781e-04                   1
605  2.203273e-04                   1
606  4.794104e-04                   1
607  1.002594e-10                   1
608  2.457914e-03                   1
609  3.528327e-06                   1
610  1.304311e-04                   1
611  3.200887e-04                   1
612  4.337188e-04                   1
613  4.163259e-07                   1
614  1.359858e-04                   1
615  1.299920e-04                   1
616  3.109683e-04                   1
617  2.656056e-06                   1
618  2.021034e-05                   1
619  2.401238e-04                   1
620  5.409230e-04                   1
621  1.332817e-05                   1
622  7.930360e-04                   1
623  1.939869e-03                   1
624  5.668935e-05                   1
625  5.740094e-04                   1
626  1.215310e-03                   1
627  1.003996e-03                   1
628  1.154278e-03                   1
629  1.952666e-03                   1
630  4.380470e-04                   1
631  3.253651e-04                   1
632  5.553744e-05                   1
633  8.092944e-06                   1
634  3.506672e-06                   1
635  1.724252e-06                   1
636  6.850238e-05                   1
637  1.001904e-03                   1
638  1.287123e-04                   1
639  1.051005e-04                   1
640  2.036286e-05                   1
641  3.731586e-05                   1
642  1.030294e-04                   1
643  4.268230e-04                   1
644  1.298037e-05                   1
645  1.661574e-05                   1
646  1.028241e-05                   1
647  7.254039e-05                   1
648  1.008638e-04                   1
649  3.625307e-04                   1
650  1.580385e-04                   1
651  2.217910e-04                   1
652  6.462254e-04                   1
653  2.126043e-06                   1
654  1.001015e-04                   1
655  1.289509e-04                   1
656  3.689070e-04                   1
657  4.557380e-05                   1
658  1.113469e-04                   1
659  8.960947e-05                   1
660  2.824777e-06                   1
661  1.258864e-06                   1
662  3.355976e-04                   1
663  2.053073e-04                   1
664  1.055962e-03                   1
665  4.723561e-05                   1
666  2.149020e-03                   1
667  1.922177e-04                   1
668  4.166871e-05                   1
669  3.285921e-04                   1
670  2.378839e-03                   1
671  1.027362e-03                   1
672  5.202266e-04                   1
673  1.227611e-04                   1
674  2.065420e-04                   1
675  2.267795e-04                   1
676  2.259635e-05                   1
677  5.966467e-04                   1
678  9.144409e-05                   1
679  1.397077e-05                   1
680  3.673794e-03                   1
681  3.981184e-05                   1
682  1.327102e-06                   1
683  1.257847e-04                   1
684  7.439563e-04                   1
685  1.303353e-05                   1
686  1.048108e-04                   1
687  1.955129e-05                   1
688  1.510248e-03                   1
689  5.538666e-04                   1
690  4.558024e-06                   1
691  5.325309e-04                   1
692  7.359062e-07                   1
693  9.402882e-04                   1
694  1.731313e-05                   1
695  2.705652e-04                   1
696  4.534409e-04                   1
697  3.115131e-05                   1
698  1.384891e-04                   1
699  3.678201e-04                   1
700  3.636296e-05                   1
701  5.211525e-04                   1
702  9.112430e-05                   1
703  2.655667e-04                   1
704  3.536983e-05                   1
705  5.522574e-05                   1
706  3.297705e-04                   1
707  1.394772e-04                   1
708  5.034005e-04                   1
709  3.553790e-04                   1
710  6.795351e-05                   1
711  5.214614e-04                   1
712  2.618870e-05                   1
713  3.971485e-04                   1
714  2.135205e-05                   1
715  1.031637e-04                   1
716  9.592065e-04                   1
717  6.090671e-08                   1
718  8.075785e-04                   1
719  5.450843e-03                   1
720  8.572909e-04                   1
721  3.853974e-04                   1
722  2.138255e-03                   1
723  5.788884e-05                   1
724  9.131817e-05                   1
725  9.863501e-05                   1
726  1.492103e-04                   1
727  1.512487e-04                   1
728  3.210321e-04                   1
729  1.453945e-04                   1
730  8.808745e-06                   1
731  2.364232e-04                   1
732  5.062794e-06                   1
733  1.451761e-04                   1
734  7.012436e-04                   1
735  1.985202e-04                   1
736  1.608865e-03                   1
737  5.045251e-07                   1
738  2.944384e-05                   1
739  2.597683e-05                   1
740  6.585973e-07                   1
741  1.506950e-04                   1
742  1.613687e-04                   1
743  6.798598e-06                   1
744  3.341527e-04                   1
745  7.128062e-04                   1
746  2.089017e-03                   1
747  2.268790e-05                   1
748  9.718981e-06                   1
749  6.599361e-04                   1
750  1.425029e-04                   1
751  5.497744e-04                   1
752  8.909278e-04                   1
753  9.437048e-06                   1
754  2.856543e-04                   1
755  6.542663e-05                   1
756  1.366711e-04                   1
757  1.369703e-03                   1
758  4.349550e-04                   1
759  1.142681e-05                   1
760  1.487034e-03                   1
761  1.759957e-03                   1
762  3.295276e-05                   1
763  1.697613e-05                   1
764  4.112796e-05                   1
765  3.147655e-03                   1
766  4.530882e-04                   1
767  1.311584e-04                   1
768  4.117836e-07                   1
769  3.247671e-05                   1
770  1.634897e-04                   1
771  2.971247e-04                   1
772  3.716967e-04                   1
773  3.782903e-04                   1
774  1.255611e-04                   1
775  1.677131e-05                   1
776  8.005314e-04                   1
777  2.184840e-04                   1
778  9.041693e-04                   1
779  6.211939e-04                   1
780  3.971041e-05                   1
781  1.427861e-04                   1
782  7.664217e-05                   1
783  5.826107e-08                   1
784  6.840265e-04                   1
785  2.885105e-06                   1
786  7.760730e-04                   1
787  9.795986e-06                   1
788  9.601280e-05                   1
789  7.440030e-05                   1
790  3.886463e-06                   1
791  2.205569e-05                   1
792  1.910522e-04                   1
793  4.426225e-04                   1
794  6.808565e-04                   1
795  2.172310e-05                   1
796  1.869950e-04                   1
797  1.136751e-03                   1
798  3.735521e-04                   1
799  1.533862e-03                   1
800  1.012701e-04                   1
801  3.658040e-04                   1
802  9.886610e-06                   1
803  1.319389e-04                   1
804  5.393477e-04                   1
805  4.364432e-06                   1
806  5.264143e-04                   1
807  1.739373e-04                   1
808  4.633239e-06                   1
809  1.123988e-03                   1
810  4.422881e-06                   1
811  6.705583e-04                   1
812  6.500437e-04                   1
813  9.662906e-05                   1
814  1.623716e-06                   1
815  1.241875e-04                   1
816  7.819114e-03                   1
817  3.136980e-05                   1
818  8.587241e-07                   1
819  5.713232e-05                   1
820  1.272351e-03                   1
821  1.586454e-06                   1
822  8.550882e-04                   1
823  6.775752e-04                   1
824  4.396185e-04                   1
825  1.513891e-02                   1
826  8.859026e-04                   1
827  1.071920e-03                   1
828  6.624536e-04                   1
829  1.244114e-04                   1
830  5.352608e-08                   1
831  2.652130e-04                   1
832  2.924705e-05                   1
833  2.542982e-05                   1
834  1.572890e-05                   1
835  1.255006e-05                   1
836  2.202437e-05                   1
837  4.923686e-05                   1
838  2.031997e-04                   1
839  5.041108e-05                   1
840  1.490740e-04                   1
841  1.556961e-04                   1
842  1.233402e-03                   1
843  2.972333e-05                   1
844  4.739960e-04                   1
845  1.371771e-04                   1
846  8.612357e-05                   1
847  3.499973e-04                   1
848  6.100598e-06                   1
849  1.123986e-03                   1
850  1.298586e-04                   1
851  1.711079e-03                   1
852  2.881118e-04                   1
853  8.427433e-04                   1
854  1.487311e-04                   1
855  2.791189e-04                   1
856  4.171231e-05                   1
857  2.533346e-03                   1
858  1.881687e-05                   1
859  9.463568e-06                   1
860  4.780764e-04                   1
861  8.120239e-04                   1
862  4.692202e-04                   1
863  1.119891e-06                   1
864  1.100877e-06                   1
865  5.080476e-04                   1
866  3.511427e-06                   1
867  9.186204e-06                   1
868  1.515532e-04                   1
869  5.894909e-06                   1
870  2.608536e-04                   1
871  7.855914e-05                   1
872  8.314997e-05                   1
873  2.866952e-04                   1
874  4.789528e-05                   1
875  8.887533e-04                   1
876  9.645049e-05                   1
877  1.672728e-04                   1
878  5.640893e-05                   1
879  2.933317e-06                   1
880  1.330812e-05                   1
881  1.326080e-04                   1
882  1.316952e-03                   1
883  8.273477e-05                   1
884  1.053596e-05                   1
885  2.530332e-06                   1
886  5.579741e-04                   1
887  1.690556e-05                   1
888  3.155056e-04                   1
889  5.938235e-04                   1
890  4.556821e-06                   1
891  1.188360e-03                   1
892  1.061396e-03                   1
893  1.086264e-03                   1
894  2.996663e-05                   1
895  2.189963e-04                   1
896  1.380849e-04                   1
897  4.522679e-04                   1
898  8.431074e-05                   1
899  1.584448e-04                   1
900  2.594812e-06                   1
901  1.399735e-04                   1
902  2.171885e-04                   1
903  6.635857e-04                   1
904  8.688547e-06                   1
905  1.958311e-06                   1
906  7.751525e-05                   1
907  2.391972e-04                   1
908  2.566840e-03                   1
909  2.249288e-04                   1
910  1.687646e-03                   1
911  1.162988e-04                   1
912  2.654302e-05                   1
913  1.151245e-03                   1
914  3.168695e-05                   1
915  1.921273e-04                   1
916  1.052204e-05                   1
917  6.700575e-04                   1
918  1.896212e-04                   1
919  6.513573e-03                   1
920  2.991172e-04                   1
921  3.927539e-04                   1
922  3.577469e-05                   1
923  8.119178e-04                   1
924  1.302382e-05                   1
925  9.023056e-06                   1
926  5.212624e-05                   1
927  3.131793e-05                   1
928  4.741824e-04                   1
929  3.158446e-04                   1
930  1.948169e-04                   1
931  4.907546e-04                   1
932  4.312693e-04                   1
933  1.201072e-03                   1
934  5.946014e-06                   1
935  2.490316e-04                   1
936  8.758571e-05                   1
937  4.057280e-04                   1
938  8.976331e-04                   1
939  8.464388e-04                   1
940  1.608563e-04                   1
941  8.636734e-06                   1
942  7.196493e-05                   1
943  3.093641e-04                   1
944  3.926923e-04                   1
945  3.567434e-04                   1
946  1.187584e-04                   1
947  1.875298e-04                   1
948  7.777166e-05                   1
949  1.481406e-04                   1
950  1.698163e-03                   1
951  3.005528e-04                   1
952  5.164485e-04                   1
953  1.981271e-03                   1
954  6.521169e-04                   1
955  1.699934e-05                   1
956  1.291876e-05                   1
957  2.425200e-05                   1
958  2.880810e-06                   1
959  1.917773e-04                   1
960  1.829631e-03                   1
961  1.069627e-03                   1
962  2.377398e-05                   1
963  3.838795e-04                   1
964  1.001959e-04                   1
965  4.996619e-04                   1
966  3.408866e-05                   1
967  1.485536e-05                   1
968  8.938169e-05                   1
969  2.563650e-04                   1
970  9.868212e-04                   1
971  1.762366e-04                   1
972  1.948081e-04                   1
973  8.203782e-06                   1
974  5.360273e-04                   1
975  3.402120e-05                   1
976  3.525321e-04                   1
977  1.069522e-03                   1
978  5.672064e-05                   1
979  2.976528e-05                   1
980  1.091275e-04                   1
981  1.030092e-03                   1
982  2.240686e-06                   1
983  1.543065e-04                   1
984  2.847833e-04                   1
985  1.127569e-05                   1
986  3.477235e-04                   1
987  3.673892e-03                   1
988  3.201803e-04                   1
989  1.810248e-06                   1
990  2.725986e-04                   1
991  2.398343e-03                   1
992  9.356016e-04                   1
993  1.728657e-04                   1
994  3.223143e-04                   1
995  7.353072e-04                   1
996  3.880785e-04                   1
997  3.954959e-04                   1
998  2.275669e-06                   1
999  2.765164e-04                   1
1000 2.848100e-03                   1
1001 5.613022e-03                   1
1002 1.282406e-03                   1
1003 5.302181e-07                   1
1004 3.217838e-05                   1
1005 2.312689e-05                   1
1006 2.568266e-03                   1
1007 5.802990e-05                   1
1008 1.401161e-04                   1
1009 1.158637e-04                   1
1010 4.623630e-04                   1
1011 6.054317e-04                   1
1012 1.297231e-04                   1
1013 1.591173e-03                   1
1014 1.890303e-04                   1
1015 1.023905e-03                   1
1016 2.458395e-04                   1
1017 2.065766e-03                   1
1018 4.453836e-04                   1
1019 5.221508e-04                   1
1020 1.012871e-05                   1
1021 1.548857e-05                   1
1022 6.447089e-03                   1
1023 4.154007e-03                   1
1024 4.868887e-05                   1
1025 4.156126e-06                   1
1026 2.209922e-03                   1
1027 1.417917e-03                   1
1028 4.911119e-05                   1
1029 8.687882e-04                   1
1030 9.750776e-04                   1
1031 5.984841e-04                   1
1032 4.896377e-06                   1
1033 3.292599e-06                   1
1034 5.132738e-04                   1
1035 2.320311e-04                   1
1036 2.808758e-08                   1
1037 1.223624e-03                   1
1038 7.513804e-05                   1
1039 1.278268e-03                   1
1040 1.572063e-04                   1
1041 2.621413e-05                   1
1042 5.432458e-05                   1
1043 7.822586e-04                   1
1044 4.571203e-04                   1
1045 1.749747e-05                   1
1046 8.064608e-04                   1
1047 7.474482e-06                   1
1048 2.038723e-03                   1
1049 1.361555e-06                   1
1050 2.610087e-04                   1
1051 1.644428e-04                   1
1052 1.025092e-05                   1
1053 1.100411e-04                   1
1054 4.261374e-07                   1
1055 1.292479e-05                   1
1056 7.295101e-06                   1
1057 1.327198e-04                   1
1058 3.201798e-04                   1
1059 1.100992e-03                   1
1060 1.206951e-04                   1
1061 7.744374e-05                   1
1062 2.354195e-06                   1
1063 2.778981e-04                   1
1064 4.551864e-04                   1
1065 2.320749e-05                   1
1066 3.855814e-05                   1
1067 6.234316e-05                   1
1068 5.332667e-04                   1
1069 3.319859e-05                   1
1070 1.034626e-03                   1
1071 2.766949e-04                   1
1072 3.676705e-04                   1
1073 4.289493e-03                   1
1074 3.576621e-04                   1
1075 7.731651e-04                   1
1076 1.109200e-03                   1
1077 4.851313e-04                   1
1078 1.480349e-06                   1
1079 6.540514e-04                   1
1080 3.082862e-04                   1
1081 6.551666e-04                   1
1082 5.144660e-04                   1
1083 8.809901e-04                   1
1084 5.232549e-04                   1
1085 3.584565e-04                   1
1086 4.687206e-04                   1
1087 7.672262e-04                   1
1088 4.141883e-04                   1
1089 3.182079e-06                   1
1090 2.167525e-04                   1
1091 2.351826e-03                   1
1092 1.045059e-05                   1
1093 2.810872e-04                   1
1094 1.846512e-04                   1
1095 3.170000e-04                   1
1096 4.956935e-07                   1
1097 6.095227e-05                   1
1098 2.467053e-04                   1
1099 1.935023e-04                   1
1100 9.717605e-06                   1
1101 2.506726e-05                   1
1102 4.602218e-06                   1
1103 6.397312e-04                   1
1104 3.864905e-05                   1
1105 1.190668e-03                   1
1106 8.130713e-04                   1
1107 2.003179e-04                   1
1108 1.773361e-04                   1
1109 3.765543e-04                   1
1110 2.919436e-05                   1
1111 2.469158e-04                   1
1112 4.502061e-04                   1
1113 2.430686e-04                   1
1114 2.840379e-04                   1
1115 7.786182e-04                   1
1116 3.304994e-06                   1
1117 2.599439e-04                   1
1118 7.749287e-05                   1
1119 2.501683e-03                   1
1120 2.589517e-03                   1
1121 6.214654e-05                   1
1122 1.111789e-04                   1
1123 2.109873e-04                   1
1124 3.473175e-03                   1
1125 9.243623e-05                   1
1126 2.890682e-05                   1
1127 6.266911e-04                   1
1128 1.258358e-03                   1
1129 2.801788e-04                   1
1130 6.038104e-05                   1
1131 2.393784e-04                   1
1132 1.044308e-04                   1
1133 4.045295e-06                   1
1134 1.682127e-04                   1
1135 3.857905e-03                   1
1136 2.755374e-04                   1
1137 7.323158e-04                   1
1138 4.921591e-04                   1
1139 7.450040e-04                   1
1140 3.778743e-04                   1
1141 1.972769e-04                   1
1142 1.454180e-03                   1
1143 2.518044e-06                   1
1144 9.507294e-04                   1
1145 3.918814e-05                   1
1146 4.273127e-04                   1
1147 6.614214e-04                   1
1148 4.214297e-05                   1
1149 1.910363e-04                   1
1150 1.403436e-04                   1
1151 1.290834e-03                   1
1152 8.252388e-04                   1
1153 8.007152e-04                   1
1154 4.335278e-04                   1
1155 2.763455e-05                   1
1156 1.084925e-04                   1
1157 1.899289e-04                   1
1158 1.215678e-02                   1
1159 1.532481e-06                   1
1160 7.656882e-05                   1
1161 2.530656e-04                   1
1162 4.772063e-04                   1
1163 1.145876e-03                   1
1164 4.606359e-05                   1
1165 1.069191e-04                   1
1166 5.972612e-07                   1
1167 5.531711e-04                   1
1168 1.080576e-04                   1
1169 2.186676e-03                   1
1170 2.911998e-05                   1
1171 3.636670e-02                   1
1172 1.672369e-04                   1
1173 1.762513e-04                   1
1174 1.048642e-03                   1
1175 4.167143e-04                   1
1176 4.546767e-04                   1
1177 2.268480e-04                   1
1178 3.252691e-03                   1
1179 3.543305e-05                   1
1180 1.944214e-03                   1
1181 1.783543e-04                   1
1182 5.322184e-04                   1
1183 2.790015e-04                   1
1184 1.761614e-04                   1
1185 1.482463e-05                   1
1186 1.936089e-03                   1
1187 3.409936e-03   0.964666666666667
1188 5.811761e-04                   1
1189 4.172489e-04                   1
1190 1.160612e-03                   1
1191 2.465010e-03                   1
1192 7.321970e-05                   1
1193 5.978132e-04                   1
1194 5.361723e-04                   1
1195 6.603036e-06                   1
1196 1.296062e-04                   1
1197 2.394955e-03                   1
1198 7.843793e-04                   1
1199 1.667086e-04                   1
1200 1.443504e-02                   1
1201 4.608030e-05                   1
1202 1.586967e-03                   1
1203 3.121915e-06                   1
1204 2.638514e-03                   1
1205 5.419219e-04                   1
1206 5.509580e-03                   1
1207 2.245599e-04                   1
1208 1.153677e-03                   1
1209 9.188031e-05                   1
1210 6.493847e-05                   1
1211 1.607573e-04                   1
1212 3.082622e-06                   1
1213 4.517298e-03                   1
1214 1.980477e-04                   1
1215 6.310854e-06                   1
1216 1.036174e-02                   1
1217 4.768912e-04                   1
1218 6.621091e-05                   1
1219 1.124013e-03                   1
1220 2.281175e-04                   1
1221 5.006860e-04                   1
1222 7.629769e-04                   1
1223 2.668927e-04                   1
1224 3.596932e-04                   1
1225 2.261994e-04                   1
1226 4.880015e-03                   1
1227 4.104835e-06                   1
1228 1.072874e-03                   1
1229 5.052426e-05                   1
1230 2.049136e-03                   1
1231 1.902747e-03                   1
1232 2.653337e-04                   1
1233 1.710307e-04                   1
1234 1.885529e-04                   1
1235 4.410176e-04                   1
1236 4.055727e-03                   1
1237 1.153679e-04                   1
1238 6.001824e-04                   1
1239 9.123248e-04                   1
1240 1.459969e-03                   1
1241 9.994076e-05                   1
1242 1.248686e-02                   1
1243 6.098636e-04                   1
1244 9.975205e-04                   1
1245 3.186934e-03                   1
1246 9.038392e-05                   1
1247 1.913740e-03                   1
1248 5.359969e-04                   1
1249 8.018734e-07                   1
1250 3.820708e-04                   1
1251 1.262711e-04                   1
1252 1.447102e-03                   1
1253 4.653046e-05                   1
1254 1.794557e-04                   1
1255 4.354597e-04                   1
1256 4.745419e-05                   1
1257 1.327217e-04                   1
1258 1.724127e-04                   1
1259 2.220708e-05                   1
1260 2.696848e-03                   1
1261 4.581189e-05                   1
1262 6.106422e-03                   1
1263 7.928166e-04                   1
1264 1.018818e-03                   1
1265 1.350901e-04                   1
1266 1.365341e-05                   1
1267 2.484580e-04                   1
1268 2.572895e-05                   1
1269 6.347306e-04                   1
1270 2.499590e-04                   1
1271 7.728907e-05                   1
1272 2.018937e-04                   1
1273 1.197074e-02                   1
1274 5.301063e-04                   1
1275 1.626388e-03                   1
1276 3.340927e-03                   1
1277 1.451252e-04                   1
1278 4.474085e-04                   1
1279 7.562448e-04                   1
1280 1.760545e-04                   1
1281 2.514518e-07                   1
1282 4.418517e-04                   1
1283 1.001344e-03                   1
1284 1.655211e-03                   1
1285 2.921785e-04                   1
1286 1.194562e-03                   1
1287 1.970627e-04                   1
1288 2.937650e-04                   1
1289 1.290761e-04                   1
1290 8.151034e-06                   1
1291 1.047562e-03                   1
1292 5.127024e-04                   1
1293 9.985991e-06                   1
1294 5.238202e-05                   1
1295 1.822278e-05                   1
1296 4.972823e-05                   1
1297 5.511826e-05                   1
1298 8.644076e-04                   1
1299 1.024362e-03                   1
1300 3.481871e-03                   1
1301 2.787658e-06                   1
1302 1.811970e-04                   1
1303 6.431951e-04                   1
1304 2.630090e-07                   1
1305 2.030278e-03                   1
1306 7.065601e-04                   1
1307 1.246768e-03                   1
1308 2.557262e-04                   1
1309 1.446859e-05                   1
1310 7.988377e-04                   1
1311 1.306664e-03                   1
1312 9.371453e-05                   1
1313 1.192248e-03                   1
1314 2.948219e-04                   1
1315 8.666722e-05                   1
1316 2.490704e-04                   1
1317 1.717595e-03                   1
1318 2.614345e-04                   1
1319 5.465874e-04                   1
1320 5.070686e-05                   1
1321 9.062495e-04                   1
1322 3.071660e-04                   1
1323 3.230857e-04                   1
1324 1.241444e-06                   1
1325 1.989378e-04                   1
1326 2.792856e-05                   1
1327 4.169023e-04                   1
1328 1.196388e-05                   1
1329 1.263624e-03                   1
1330 5.204443e-04                   1
1331 2.357987e-03                   1
1332 4.206435e-05                   1
1333 5.877545e-03                   1
1334 1.701747e-04                   1
1335 5.838532e-04                   1
1336 4.019203e-04                   1
1337 2.288535e-04                   1
1338 3.844221e-04                   1
1339 6.633766e-05                   1
1340 9.743800e-06                   1
1341 1.111757e-02                   1
1342 1.106709e-03                   1
1343 1.398712e-03                   1
1344 2.177224e-03                   1
1345 1.450556e-04                   1
1346 1.894492e-10                   1
1347 3.735958e-05                   1
1348 1.441186e-04                   1
1349 3.168195e-05                   1
1350 1.876107e-04                   1
1351 1.577365e-04                   1
1352 1.577099e-03                   1
1353 2.942443e-04                   1
1354 2.477809e-04                   1
1355 5.386059e-04                   1
1356 1.678239e-04                   1
1357 3.909410e-04                   1
1358 3.070996e-04                   1
1359 2.769513e-04                   1
1360 5.580288e-04                   1
1361 3.489650e-05                   1
1362 7.613277e-04                   1
1363 4.665419e-07                   1
1364 3.328894e-04                   1
1365 1.748840e-05                   1
1366 2.538378e-05                   1
1367 2.111117e-04                   1
1368 4.835770e-07                   1
1369 3.443723e-04                   1
1370 1.659203e-06                   1
1371 1.868996e-04                   1
1372 2.440911e-05                   1
1373 1.585143e-04                   1
1374 4.909871e-04                   1
1375 1.441898e-03                   1
1376 4.649848e-04                   1
1377 1.293165e-06                   1
1378 1.860475e-04                   1
1379 3.934226e-04                   1
1380 6.565218e-04                   1
1381 8.783301e-06                   1
1382 3.853936e-04                   1
1383 2.443009e-03                   1
1384 3.180829e-05                   1
1385 3.150166e-04                   1
1386 1.499660e-03                   1
1387 2.118295e-04                   1
1388 3.132100e-04                   1
1389 2.382628e-04                   1
1390 5.071554e-05                   1
1391 1.316309e-04                   1
1392 4.189269e-05                   1
1393 1.331803e-04                   1
1394 8.883044e-05                   1
1395 1.699681e-04                   1
1396 4.360055e-04                   1
1397 1.284360e-04                   1
1398 4.159895e-06                   1
1399 2.425021e-04                   1
1400 2.214258e-04                   1
1401 1.202616e-04                   1
1402 1.052591e-04                   1
1403 4.105593e-06                   1
1404 1.201788e-04                   1
1405 5.743341e-05                   1
1406 8.783736e-05                   1
1407 1.849792e-04                   1
1408 1.524091e-04                   1
1409 1.254387e-05                   1
1410 5.942311e-07                   1
1411 9.199373e-05                   1
1412 2.053068e-04                   1
1413 5.419316e-06                   1
1414 1.626385e-05                   1
1415 4.526146e-07                   1
1416 4.041197e-05                   1
1417 5.928501e-05                   1
1418 1.077532e-03                   1
1419 7.466963e-04                   1
1420 1.197597e-03                   1
1421 1.951817e-03                   1
1422 1.392574e-03                   1
1423 7.073062e-04                   1
1424 3.056301e-05                   1
1425 5.543482e-04                   1
1426 6.512801e-05                   1
1427 1.693507e-03                   1
1428 2.416611e-05                   1
1429 5.256614e-05                   1
1430 4.047137e-03                   1
1431 2.026320e-04                   1
1432 6.346866e-04                   1
1433 2.714484e-05                   1
1434 4.456620e-04                   1
1435 7.584703e-04                   1
1436 1.397583e-04                   1
1437 9.127335e-04                   1
1438 1.133356e-03                   1
1439 2.314864e-04                   1
1440 2.820170e-06                   1
1441 2.433259e-04                   1
1442 6.796316e-04                   1
1443 7.943503e-04                   1
1444 1.373201e-03                   1
1445 8.004538e-05                   1
1446 6.326482e-05                   1
1447 6.811756e-05                   1

$`MR-PRESSO results`$`Distortion Test`
$`MR-PRESSO results`$`Distortion Test`$`Outliers Indices`
[1] 67

$`MR-PRESSO results`$`Distortion Test`$`Distortion Coefficient`
beta.exposure 
     5.725402 

$`MR-PRESSO results`$`Distortion Test`$Pvalue
[1] 0.82268



