$`Main MR results`
       Exposure       MR Analysis Causal Estimate          Sd    T-stat
1 beta.exposure               Raw     -0.01274681 0.003066516 -4.156774
2 beta.exposure Outlier-corrected     -0.01390756 0.002760673 -5.037743
       P-value
1 3.895109e-05
2 6.972004e-07

$`MR-PRESSO results`
$`MR-PRESSO results`$`Global Test`
$`MR-PRESSO results`$`Global Test`$RSSobs
[1] 775.2401

$`MR-PRESSO results`$`Global Test`$Pvalue
[1] "<4e-05"


$`MR-PRESSO results`$`Outlier Test`
          RSSobs   Pvalue
1   1.453499e-05        1
2   3.584775e-05        1
3   1.726924e-05        1
4   4.072303e-06        1
5   1.868412e-06        1
6   9.076368e-08        1
7   3.336284e-05        1
8   1.006114e-06        1
9   1.408130e-05        1
10  2.987156e-06        1
11  1.069688e-05        1
12  1.158776e-05        1
13  5.013200e-06        1
14  4.448352e-05        1
15  2.323576e-06        1
16  1.327247e-04  0.03456
17  5.099602e-07        1
18  1.731960e-06        1
19  5.337629e-06        1
20  1.094835e-06        1
21  1.307020e-07        1
22  6.097822e-07        1
23  8.242409e-06        1
24  8.644835e-06        1
25  1.059592e-06        1
26  3.717102e-07        1
27  3.005891e-06        1
28  4.055322e-06        1
29  3.080538e-08        1
30  1.661510e-05        1
31  2.581892e-05        1
32  1.794388e-05        1
33  1.155563e-04  0.12096
34  1.711610e-08        1
35  8.260202e-06        1
36  4.756192e-06        1
37  1.602813e-05        1
38  5.930084e-06        1
39  8.381378e-06        1
40  3.758480e-06        1
41  1.658799e-06        1
42  7.073566e-06        1
43  6.386045e-07        1
44  2.816782e-08        1
45  8.395506e-06        1
46  8.253704e-07        1
47  8.056857e-05        1
48  2.005180e-09        1
49  1.816898e-07        1
50  9.087302e-07        1
51  1.850856e-06        1
52  3.073302e-07        1
53  1.426286e-05        1
54  3.426321e-07        1
55  7.463400e-06        1
56  3.415287e-06        1
57  9.445354e-06        1
58  1.618619e-04 <0.01728
59  2.778084e-06        1
60  6.838954e-08        1
61  9.030004e-07        1
62  1.284177e-06        1
63  1.647071e-05        1
64  2.479641e-05        1
65  3.345294e-06        1
66  5.470696e-06        1
67  4.711051e-06        1
68  9.692585e-06        1
69  1.253243e-05        1
70  3.507935e-07        1
71  4.691324e-07        1
72  5.162387e-07        1
73  4.587458e-06        1
74  9.227541e-07        1
75  1.125517e-08        1
76  1.273878e-05        1
77  3.253036e-07        1
78  1.885774e-07        1
79  1.364091e-05        1
80  1.101293e-05        1
81  2.463252e-05        1
82  1.734708e-05        1
83  6.925172e-06        1
84  3.198469e-07        1
85  5.527550e-09        1
86  2.850130e-05        1
87  1.864839e-06        1
88  1.269199e-05        1
89  9.335056e-06        1
90  7.053695e-07        1
91  2.383387e-05        1
92  1.706101e-05        1
93  1.088099e-05        1
94  2.678849e-06        1
95  5.801324e-07        1
96  8.528576e-07        1
97  8.065985e-06        1
98  2.170447e-05        1
99  1.591102e-05        1
100 3.737587e-05        1
101 1.470786e-06        1
102 8.133791e-06        1
103 4.452566e-05        1
104 2.881916e-05        1
105 7.706448e-05        1
106 8.433770e-09        1
107 1.148740e-04  0.15552
108 4.157060e-08        1
109 4.366022e-05        1
110 2.355425e-05        1
111 6.690964e-06        1
112 4.207440e-06        1
113 1.820331e-07        1
114 2.966439e-05        1
115 4.944057e-05        1
116 5.878022e-07        1
117 7.286429e-06        1
118 3.549496e-09        1
119 6.104339e-06        1
120 2.946871e-06        1
121 2.525623e-05        1
122 3.084365e-06        1
123 1.383298e-05        1
124 5.546657e-07        1
125 5.847407e-06        1
126 4.406895e-06        1
127 3.781409e-06        1
128 7.957564e-06        1
129 8.582945e-06        1
130 9.473522e-06        1
131 2.779279e-05        1
132 5.798876e-06        1
133 4.121941e-05        1
134 1.065582e-05        1
135 1.392094e-06        1
136 6.902196e-06        1
137 1.177630e-07        1
138 8.780103e-07        1
139 3.138448e-07        1
140 2.276122e-07        1
141 9.299208e-07        1
142 9.340964e-07        1
143 7.374003e-06        1
144 2.184432e-06        1
145 2.345552e-05        1
146 1.163930e-06        1
147 2.278320e-06        1
148 3.663500e-08        1
149 1.554229e-05        1
150 1.488716e-05        1
151 5.495569e-09        1
152 1.504998e-05        1
153 6.660887e-06        1
154 9.455282e-06        1
155 2.706246e-05        1
156 4.010066e-05        1
157 1.218448e-05        1
158 3.266783e-05        1
159 5.369874e-06        1
160 3.458355e-05        1
161 2.082620e-06        1
162 1.306037e-05        1
163 5.889224e-05        1
164 7.096744e-07        1
165 1.877428e-05        1
166 1.179813e-05        1
167 5.885638e-06        1
168 2.012674e-05        1
169 4.862175e-05        1
170 1.984349e-06        1
171 4.899605e-07        1
172 1.067791e-04  0.31104
173 4.971500e-06        1
174 3.661022e-06        1
175 4.855682e-06        1
176 9.821435e-06        1
177 1.886546e-05        1
178 1.965874e-06        1
179 2.132450e-06        1
180 3.609055e-08        1
181 1.482347e-05        1
182 6.583101e-05        1
183 1.128208e-06        1
184 6.558851e-06        1
185 1.549884e-06        1
186 2.020786e-06        1
187 4.135827e-07        1
188 1.164474e-05        1
189 2.347922e-06        1
190 7.336226e-05        1
191 4.044056e-06        1
192 1.227209e-05        1
193 2.461466e-06        1
194 4.188763e-05        1
195 2.297181e-05        1
196 2.922464e-05        1
197 1.268846e-05        1
198 4.879702e-06        1
199 2.355189e-07        1
200 1.340149e-05        1
201 9.652224e-06        1
202 2.251970e-08        1
203 4.236858e-06        1
204 2.999108e-09        1
205 3.766298e-05        1
206 2.686399e-05        1
207 1.750040e-05        1
208 4.227655e-05        1
209 4.621058e-06        1
210 4.233244e-06        1
211 4.477033e-06        1
212 1.930163e-05        1
213 1.206923e-09        1
214 1.968871e-05        1
215 1.333768e-06        1
216 7.275742e-05        1
217 2.724209e-05        1
218 1.316594e-05        1
219 6.508180e-06        1
220 5.087023e-08        1
221 8.999895e-07        1
222 1.251987e-05        1
223 4.662031e-06        1
224 1.993981e-05        1
225 7.712958e-06        1
226 8.652826e-06        1
227 3.063173e-05        1
228 2.915644e-11        1
229 8.877185e-06        1
230 3.754915e-07        1
231 7.820716e-06        1
232 8.197259e-06        1
233 1.066628e-05        1
234 1.536157e-07        1
235 3.239170e-07        1
236 1.431919e-05        1
237 3.053813e-06        1
238 3.380761e-08        1
239 2.941957e-07        1
240 3.056395e-05        1
241 5.063230e-05        1
242 4.129038e-06        1
243 1.024222e-05        1
244 2.291179e-06        1
245 4.203463e-09        1
246 3.397260e-05        1
247 1.236680e-05        1
248 9.487203e-06        1
249 4.903063e-06        1
250 3.787746e-05        1
251 1.130493e-05        1
252 2.338848e-05        1
253 5.553911e-06        1
254 4.417581e-05        1
255 2.945396e-06        1
256 1.251572e-05        1
257 6.206974e-06        1
258 2.006910e-06        1
259 4.421419e-05        1
260 7.290161e-07        1
261 1.223126e-06        1
262 4.107986e-05        1
263 8.160613e-06        1
264 1.302453e-06        1
265 2.067480e-05        1
266 6.711511e-08        1
267 3.212656e-08        1
268 8.563846e-07        1
269 1.285567e-07        1
270 1.893226e-07        1
271 3.012515e-06        1
272 1.073562e-06        1
273 1.413009e-05        1
274 3.101304e-06        1
275 3.460510e-06        1
276 1.953503e-05        1
277 1.849142e-06        1
278 2.203882e-05        1
279 1.446735e-05        1
280 2.944856e-05        1
281 1.001002e-05        1
282 3.769904e-06        1
283 1.756936e-06        1
284 6.305707e-06        1
285 4.319684e-07        1
286 1.607301e-05        1
287 6.764163e-06        1
288 5.086991e-06        1
289 6.429413e-05        1
290 1.503352e-06        1
291 1.064275e-05        1
292 1.377016e-05        1
293 6.884578e-07        1
294 5.496004e-07        1
295 1.636301e-06        1
296 1.140404e-07        1
297 5.455205e-06        1
298 2.293823e-07        1
299 2.590447e-07        1
300 2.742103e-05        1
301 2.519538e-05        1
302 1.035554e-06        1
303 1.063688e-05        1
304 6.422147e-05        1
305 2.948705e-05        1
306 1.026149e-05        1
307 4.274711e-05        1
308 5.880429e-05        1
309 3.769567e-07        1
310 1.826431e-05        1
311 1.079341e-05        1
312 1.089333e-06        1
313 1.870094e-05        1
314 1.503589e-05        1
315 2.379057e-05        1
316 2.062389e-06        1
317 9.795885e-06        1
318 1.476151e-05        1
319 1.651590e-07        1
320 1.904695e-06        1
321 3.908205e-05        1
322 4.989107e-07        1
323 1.983541e-07        1
324 4.162602e-06        1
325 8.109628e-07        1
326 4.158355e-07        1
327 2.098652e-06        1
328 1.882112e-05        1
329 3.865355e-05        1
330 7.885061e-06        1
331 7.505299e-09        1
332 5.586239e-06        1
333 1.057759e-07        1
334 3.527964e-05        1
335 3.937774e-06        1
336 8.651829e-07        1
337 2.467719e-05        1
338 1.282109e-07        1
339 1.154346e-07        1
340 1.337542e-05        1
341 4.853819e-06        1
342 7.043938e-07        1
343 8.541653e-06        1
344 1.243217e-05        1
345 2.111128e-05        1
346 3.189173e-05        1
347 1.537240e-06        1
348 1.438360e-04  0.03456
349 3.489747e-06        1
350 1.765081e-05        1
351 1.806479e-05        1
352 5.037468e-05        1
353 5.255014e-07        1
354 2.701738e-07        1
355 1.050412e-05        1
356 2.282124e-05        1
357 4.229302e-06        1
358 8.225327e-06        1
359 1.765512e-06        1
360 1.227329e-05        1
361 5.806934e-06        1
362 8.137225e-05        1
363 2.268126e-06        1
364 1.705618e-05        1
365 2.787045e-05        1
366 2.879545e-05        1
367 1.228753e-04  0.12096
368 4.882913e-06        1
369 4.998589e-06        1
370 8.677898e-07        1
371 5.190767e-06        1
372 3.396003e-05        1
373 5.208479e-05        1
374 3.700238e-06        1
375 2.305162e-05        1
376 6.557491e-08        1
377 9.859885e-06        1
378 9.993167e-06        1
379 7.392385e-06        1
380 2.111511e-06        1
381 1.591512e-06        1
382 2.327997e-07        1
383 8.308280e-04 <0.01728
384 1.756084e-06        1
385 6.049101e-05        1
386 5.858636e-07        1
387 2.911648e-05        1
388 1.587461e-06        1
389 1.870874e-05        1
390 5.163128e-05        1
391 2.297470e-05        1
392 9.432430e-06        1
393 1.558747e-06        1
394 6.319031e-06        1
395 1.702484e-06        1
396 8.013659e-07        1
397 3.902596e-08        1
398 7.091448e-06        1
399 1.011342e-05        1
400 1.547700e-06        1
401 9.061611e-06        1
402 2.754312e-05        1
403 1.453976e-05        1
404 7.496924e-07        1
405 5.171128e-05        1
406 8.129403e-06        1
407 1.684861e-05        1
408 9.967121e-07        1
409 6.067110e-06        1
410 6.539425e-08        1
411 3.558264e-06        1
412 2.353933e-05        1
413 1.078374e-06        1
414 4.239196e-05        1
415 6.777091e-07        1
416 8.131367e-06        1
417 2.713960e-06        1
418 1.830475e-05        1
419 3.428857e-08        1
420 7.633283e-07        1
421 3.035177e-07        1
422 2.044036e-05        1
423 1.882426e-08        1
424 3.124621e-05        1
425 1.330283e-06        1
426 1.515714e-05        1
427 8.392301e-05        1
428 8.125549e-06        1
429 1.780090e-06        1
430 1.392781e-04  0.03456
431 3.026299e-08        1
432 8.777139e-08        1

$`MR-PRESSO results`$`Distortion Test`
$`MR-PRESSO results`$`Distortion Test`$`Outliers Indices`
[1]  16  58 348 383 430

$`MR-PRESSO results`$`Distortion Test`$`Distortion Coefficient`
beta.exposure 
     8.346162 

$`MR-PRESSO results`$`Distortion Test`$Pvalue
[1] 0.69492



