$`Main MR results`
       Exposure       MR Analysis Causal Estimate          Sd   T-stat
1 beta.exposure               Raw     0.005454662 0.001581276 3.449532
2 beta.exposure Outlier-corrected     0.005301345 0.001571348 3.373756
       P-value
1 0.0005693465
2 0.0007509684

$`MR-PRESSO results`
$`MR-PRESSO results`$`Global Test`
$`MR-PRESSO results`$`Global Test`$RSSobs
[1] 3383.69

$`MR-PRESSO results`$`Global Test`$Pvalue
[1] "<1e-05"


$`MR-PRESSO results`$`Outlier Test`
           RSSobs   Pvalue
1    1.342650e-03        1
2    7.851482e-05        1
3    2.112166e-04        1
4    1.245615e-03        1
5    1.414932e-04        1
6    2.258602e-04        1
7    1.456550e-04        1
8    2.239557e-05        1
9    7.251494e-03        1
10   1.244042e-03        1
11   9.676628e-04        1
12   1.783387e-03        1
13   1.447449e-03        1
14   6.501925e-05        1
15   1.532168e-06        1
16   1.026087e-03        1
17   2.840528e-03        1
18   5.410210e-04        1
19   3.902307e-04        1
20   2.281359e-05        1
21   9.134703e-06        1
22   5.621829e-06        1
23   5.372659e-06        1
24   2.229340e-06        1
25   7.135564e-05        1
26   3.255816e-03        1
27   4.421993e-05        1
28   7.609977e-04        1
29   6.972224e-04        1
30   4.646344e-04        1
31   5.532569e-06        1
32   1.234952e-05        1
33   2.951387e-04        1
34   1.694162e-04        1
35   4.272826e-05        1
36   1.200204e-05        1
37   1.549208e-03        1
38   1.939016e-05        1
39   1.852907e-03        1
40   6.440295e-05        1
41   8.739935e-04        1
42   3.046321e-05        1
43   5.540667e-04        1
44   1.327541e-03        1
45   1.291152e-03        1
46   3.050641e-04        1
47   5.773717e-04        1
48   9.918417e-05        1
49   5.412121e-04        1
50   1.620940e-04        1
51   3.419722e-04        1
52   2.916070e-04        1
53   5.725032e-04        1
54   1.954168e-05        1
55   4.645790e-04        1
56   2.144084e-04        1
57   6.638544e-05        1
58   7.335124e-04        1
59   1.484284e-07        1
60   4.848149e-04        1
61   1.115713e-03        1
62   1.029721e-04        1
63   3.171147e-04        1
64   2.053928e-05        1
65   9.996455e-04        1
66   1.301319e-05        1
67   4.787856e-04        1
68   2.976213e-04        1
69   3.874734e-04        1
70   7.735578e-02        1
71   5.036460e-06        1
72   1.015964e-03        1
73   3.912073e-06        1
74   1.364423e-04        1
75   2.209812e-04        1
76   2.098308e-04        1
77   4.352327e-04        1
78   8.026920e-05        1
79   1.201956e-03        1
80   7.867735e-06        1
81   8.233765e-05        1
82   1.354812e-05        1
83   1.088702e-06        1
84   2.072350e-04        1
85   4.748982e-04        1
86   4.336672e-04        1
87   1.459586e-03        1
88   7.928020e-04        1
89   8.132105e-05        1
90   3.760619e-03        1
91   8.802157e-04        1
92   8.750498e-05        1
93   1.918342e-04        1
94   3.869096e-06        1
95   2.802347e-07        1
96   1.967922e-04        1
97   6.161257e-05        1
98   8.885541e-05        1
99   3.284901e-04        1
100  1.124660e-03        1
101  7.387843e-04        1
102  1.926552e-05        1
103  6.966406e-04        1
104  5.218356e-05        1
105  2.565193e-03        1
106  2.179262e-03        1
107  1.823591e-03        1
108  1.450994e-05        1
109  5.426770e-05        1
110  5.505554e-03  0.32835
111  1.187696e-03        1
112  2.274067e-05        1
113  2.342950e-04        1
114  1.127183e-03        1
115  3.182452e-04        1
116  4.695048e-05        1
117  7.361891e-05        1
118  2.642282e-04        1
119  1.286966e-05        1
120  1.012716e-04        1
121  9.521201e-05        1
122  5.108417e-05        1
123  4.019267e-04        1
124  1.019108e-04        1
125  4.054258e-04        1
126  2.583636e-04        1
127  1.553256e-05        1
128  5.439149e-04        1
129  2.071799e-05        1
130  9.619428e-05        1
131  6.151225e-04        1
132  5.643052e-04        1
133  1.872218e-05        1
134  7.444349e-05        1
135  2.212719e-03        1
136  1.110611e-03        1
137  9.702005e-04        1
138  2.442705e-06        1
139  2.113263e-03        1
140  2.072582e-04        1
141  9.472659e-04        1
142  9.730034e-04        1
143  8.254558e-04        1
144  6.410101e-04        1
145  8.798176e-04        1
146  1.427292e-03        1
147  3.400437e-05        1
148  1.279127e-05        1
149  7.526089e-06        1
150  5.506513e-06        1
151  1.433060e-04        1
152  6.391031e-04        1
153  4.382968e-05        1
154  9.422660e-05        1
155  7.867455e-05        1
156  1.412902e-03        1
157  2.531064e-03        1
158  1.497433e-04        1
159  2.737513e-04        1
160  8.188125e-04        1
161  4.194959e-05        1
162  8.072027e-02        1
163  1.165994e-05        1
164  6.612814e-04        1
165  6.276094e-04        1
166  6.628337e-05        1
167  7.715843e-05        1
168  6.814736e-05        1
169  1.470669e-03        1
170  4.665059e-03        1
171  3.568589e-04        1
172  9.785739e-05        1
173  3.452036e-04        1
174  3.811465e-06        1
175  2.222542e-04        1
176  4.314645e-03        1
177  1.232756e-04        1
178  2.344785e-03        1
179  9.429844e-06        1
180  3.871987e-04        1
181  1.569202e-04        1
182  3.952190e-06        1
183  7.498658e-04        1
184  1.803036e-04        1
185  6.272145e-05        1
186  6.282170e-06        1
187  6.960537e-04        1
188  6.599960e-04        1
189  6.394558e-04        1
190  2.100310e-04        1
191  1.549387e-03        1
192  1.947578e-03        1
193  2.175441e-04        1
194  2.188602e-04        1
195  3.970161e-04        1
196  1.043241e-06        1
197  2.690591e-04        1
198  2.554987e-03        1
199  5.832229e-04        1
200  9.950012e-04        1
201  8.597576e-04        1
202  4.321540e-04        1
203  5.779839e-04        1
204  5.561321e-07        1
205  2.378298e-04        1
206  9.709242e-05        1
207  3.241164e-04        1
208  2.534596e-03        1
209  3.065060e-06        1
210  3.457511e-05        1
211  6.372382e-04        1
212  1.204307e-03        1
213  5.849790e-04        1
214  2.124530e-05        1
215  5.214903e-03        1
216  1.775911e-03        1
217  1.191054e-05        1
218  3.618145e-05        1
219  1.553757e-02        1
220  3.232636e-04        1
221  2.237403e-04        1
222  1.695749e-05        1
223  2.046592e-05        1
224  2.609397e-03        1
225  9.836247e-04        1
226  2.367519e-04        1
227  7.222495e-04        1
228  7.140127e-03        1
229  1.912082e-03        1
230  6.648744e-04        1
231  5.992789e-05        1
232  9.010478e-05        1
233  1.125441e-07        1
234  9.310722e-04        1
235  9.642288e-03        1
236  1.056433e-04        1
237  1.449127e-07        1
238  1.748375e-05        1
239  5.690680e-04        1
240  1.754123e-05        1
241  6.161413e-03        1
242  2.277022e-04        1
243  6.607768e-04        1
244  1.841653e-04        1
245  9.349015e-05        1
246  1.429896e-04        1
247  1.025761e-05        1
248  1.726971e-03        1
249  4.726959e-05        1
250  1.995734e-03        1
251  1.190436e-03        1
252  4.209738e-05        1
253  2.200926e-04        1
254  9.739882e-05        1
255  5.026883e-04        1
256  6.237353e-04        1
257  1.636552e-04        1
258  3.273741e-05        1
259  1.373797e-06        1
260  1.551783e-05        1
261  3.937732e-04        1
262  2.119420e-05        1
263  3.941232e-08        1
264  3.053684e-04        1
265  1.230921e-02        1
266  1.488740e-05        1
267  4.180332e-04        1
268  2.551563e-05        1
269  6.115717e-03   0.8955
270  6.551471e-05        1
271  1.796212e-03        1
272  8.704861e-07        1
273  2.172610e-03        1
274  2.911460e-05        1
275  5.012850e-04        1
276  3.335314e-03        1
277  3.677151e-04        1
278  2.077398e-03        1
279  1.044328e-02        1
280  7.808499e-04        1
281  2.607639e-04        1
282  1.131706e-04        1
283  1.586860e-04        1
284  1.909422e-04        1
285  2.185794e-04        1
286  2.526073e-03        1
287  1.918159e-03        1
288  9.265671e-03        1
289  5.810314e-04        1
290  1.217585e-03        1
291  2.196699e-06        1
292  5.957215e-04        1
293  1.239016e-03        1
294  6.854993e-05        1
295  1.541933e-06        1
296  1.180742e-03        1
297  5.681646e-08        1
298  1.561660e-03        1
299  2.147104e-03        1
300  2.197004e-04        1
301  2.093389e-03        1
302  9.239026e-05        1
303  5.373358e-03        1
304  1.479966e-03        1
305  2.942932e-02        1
306  2.103361e-03        1
307  3.635522e-02        1
308  9.881016e-04        1
309  3.330839e-02        1
310  8.457812e-04        1
311  1.792875e-04        1
312  3.122568e-05        1
313  1.001869e-03        1
314  1.165157e-04        1
315  4.418884e-05        1
316  1.662169e-03        1
317  2.535174e-03        1
318  1.051944e-03        1
319  6.340080e-03        1
320  2.637814e-06        1
321  5.740757e-03        1
322  7.377669e-05        1
323  3.781087e-03        1
324  1.429172e-03        1
325  1.343818e-03        1
326  2.088533e-03        1
327  1.638599e-03        1
328  3.427260e-05        1
329  2.037125e-08        1
330  1.798481e-03        1
331  1.457925e-07        1
332  2.100027e-02        1
333  3.844884e-04        1
334  1.192631e-04        1
335  1.063462e-02        1
336  1.494588e-05        1
337  2.270126e-03        1
338  1.572025e-05        1
339  7.203129e-04        1
340  1.163723e-03        1
341  8.289098e-04        1
342  2.027753e-04        1
343  9.556293e-02        1
344  1.864238e-03        1
345  1.062033e-03        1
346  1.053716e-02        1
347  2.161749e-02        1
348  1.920008e-04        1
349  3.266566e-05        1
350  5.176173e-03        1
351  1.118377e-03        1
352  2.629117e-02        1
353  2.998640e-04        1
354  2.677467e-03        1
355  2.345492e-03        1
356  3.394160e-02        1
357  2.270558e-03        1
358  1.772726e-05        1
359  2.894270e-04        1
360  6.904631e-06        1
361  3.564408e-04        1
362  3.488529e-04        1
363  1.451627e-03        1
364  1.146313e-03        1
365  9.620957e-05        1
366  5.237453e-04        1
367  3.072336e-03        1
368  1.333483e-04        1
369  3.482967e-03        1
370  8.320842e-05        1
371  4.806034e-04        1
372  2.556775e-05        1
373  3.600195e-03        1
374  4.527062e-03        1
375  9.595823e-06        1
376  5.136541e-06        1
377  1.281073e-05        1
378  8.094421e-04        1
379  1.551243e-03        1
380  2.395807e-03        1
381  8.175120e-04        1
382  6.259612e-04        1
383  4.336229e-04        1
384  4.137637e-03        1
385  4.570620e-04        1
386  5.123388e-06        1
387  4.109305e-06        1
388  2.839713e-04        1
389  1.082386e-04        1
390  2.659366e-05        1
391  5.090734e-05        1
392  2.407326e-04        1
393  3.097364e-06        1
394  5.492196e-05        1
395  8.697570e-05        1
396  3.771477e-04        1
397  2.060136e-05        1
398  4.983602e-04        1
399  6.327021e-04        1
400  1.825592e-03        1
401  1.372525e-03        1
402  2.488185e-03        1
403  2.387921e-03        1
404  1.523919e-03        1
405  6.998381e-04        1
406  1.561186e-03        1
407  2.983757e-05        1
408  4.082255e-04        1
409  4.141152e-04        1
410  1.315750e-03        1
411  6.132052e-04        1
412  4.771422e-04        1
413  7.394667e-04        1
414  9.027175e-04        1
415  6.540131e-05        1
416  6.655634e-04        1
417  1.144518e-04        1
418  5.292720e-05        1
419  1.630161e-03        1
420  4.803629e-05        1
421  3.333347e-04        1
422  3.200218e-06        1
423  1.494160e-05        1
424  6.694933e-06        1
425  5.962320e-05        1
426  2.289185e-05        1
427  1.113553e-05        1
428  1.951850e-03        1
429  3.060467e-06        1
430  5.734893e-05        1
431  4.827062e-04        1
432  1.974791e-03        1
433  3.305327e-04        1
434  5.888807e-03        1
435  2.343001e-02        1
436  1.967722e-04        1
437  1.516398e-03        1
438  3.289825e-04        1
439  3.472412e-04        1
440  1.440284e-01        1
441  4.324692e-04        1
442  7.426954e-04        1
443  5.595561e-03        1
444  5.168539e-07        1
445  9.075163e-04        1
446  1.851184e-03        1
447  4.182904e-03        1
448  1.263315e-04        1
449  2.918234e-05        1
450  5.303953e-03        1
451  4.793362e-05        1
452  6.393820e-06        1
453  3.809605e-04        1
454  3.023192e-04        1
455  1.344763e-03        1
456  1.601895e-04        1
457  7.219806e-04        1
458  1.913909e-05        1
459  3.139506e-03        1
460  1.002110e-03        1
461  4.981919e-05        1
462  5.561180e-04        1
463  3.460907e-04        1
464  1.808244e-03        1
465  2.176792e-04        1
466  1.566823e-06        1
467  2.202669e-04        1
468  4.163342e-05        1
469  8.036008e-04        1
470  4.711838e-04        1
471  7.432856e-04        1
472  2.222188e-05        1
473  3.023080e-02        1
474  1.411724e-03        1
475  7.871798e-04        1
476  4.282263e-05        1
477  8.180115e-07        1
478  3.169221e-03        1
479  2.089022e-03        1
480  1.641005e-04        1
481  1.792973e-03        1
482  8.118963e-04        1
483  7.306070e-03        1
484  4.798243e-04        1
485  4.784375e-03        1
486  1.092484e-04        1
487  1.673932e-03        1
488  5.459125e-03        1
489  1.807518e-04        1
490  1.154954e-04        1
491  3.788909e-04        1
492  6.155008e-05        1
493  3.798042e-04        1
494  1.856004e-04        1
495  9.075706e-06        1
496  6.053534e-06        1
497  7.086995e-06        1
498  1.584167e-03        1
499  1.452468e-06        1
500  1.802909e-04        1
501  4.312697e-04        1
502  4.744077e-04        1
503  7.391913e-04        1
504  1.676169e-03        1
505  9.058230e-05        1
506  6.528413e-04        1
507  1.284882e-04        1
508  9.086628e-06        1
509  2.131215e-04        1
510  1.397766e-06        1
511  3.082993e-04        1
512  1.169264e-03        1
513  3.552779e-05        1
514  1.207887e-04        1
515  3.099691e-05        1
516  6.682508e-05        1
517  3.971345e-05        1
518  6.931047e-04        1
519  1.550642e-04        1
520  3.291180e-04        1
521  4.706067e-05        1
522  1.533482e-05        1
523  1.927787e-04        1
524  2.060140e-05        1
525  5.994679e-04        1
526  4.880971e-05        1
527  1.180039e-05        1
528  1.870032e-03        1
529  2.940977e-06        1
530  3.530098e-03        1
531  3.321329e-05        1
532  1.142532e-04        1
533  2.299725e-04        1
534  1.719644e-04        1
535  1.580822e-04        1
536  2.212752e-04        1
537  5.528357e-05        1
538  5.899263e-03        1
539  7.591271e-04        1
540  1.020012e-04        1
541  2.576963e-03        1
542  1.943514e-04        1
543  2.755340e-03        1
544  6.101297e-07        1
545  4.533263e-05        1
546  3.922777e-05        1
547  8.262619e-07        1
548  2.189245e-05        1
549  9.257160e-03        1
550  1.266556e-05        1
551  5.111487e-04        1
552  7.595157e-05        1
553  9.904493e-06        1
554  4.811150e-03        1
555  4.956801e-05        1
556  3.450055e-04        1
557  7.644886e-05        1
558  4.165105e-05        1
559  2.561317e-04        1
560  4.140250e-05        1
561  8.283567e-04        1
562  1.797461e-04        1
563  1.552606e-06        1
564  8.931543e-05        1
565  1.824904e-04        1
566  1.072679e-03        1
567  1.315911e-03        1
568  3.648257e-05        1
569  8.889911e-05        1
570  1.265436e-02        1
571  6.449404e-04        1
572  8.377248e-05        1
573  1.834394e-03        1
574  8.513730e-04        1
575  1.681518e-03        1
576  8.367497e-05        1
577  5.920353e-05        1
578  2.426808e-03        1
579  2.649016e-04        1
580  1.530344e-03        1
581  8.306308e-05        1
582  6.700774e-04        1
583  1.654833e-03        1
584  3.411632e-04        1
585  1.835983e-05        1
586  1.171188e-03        1
587  3.537853e-04        1
588  4.180724e-04        1
589  2.580095e-04        1
590  3.851943e-06        1
591  6.991440e-04        1
592  1.523557e-03        1
593  7.411410e-07        1
594  4.749684e-05        1
595  3.992530e-06        1
596  6.762868e-09        1
597  2.519886e-04        1
598  2.619872e-04        1
599  1.310073e-07        1
600  6.449527e-04        1
601  2.903195e-03        1
602  1.230382e-03        1
603  1.630905e-03        1
604  3.266854e-04        1
605  1.573336e-04        1
606  6.342402e-05        1
607  2.548657e-04        1
608  2.410852e-03        1
609  2.713473e-04        1
610  1.459208e-03        1
611  1.666256e-03        1
612  3.951035e-05        1
613  9.490084e-04        1
614  9.231529e-04        1
615  4.108321e-05        1
616  1.194941e-04        1
617  5.970467e-04        1
618  1.012170e-03        1
619  1.901329e-05        1
620  1.238035e-02  0.74625
621  1.277577e-03        1
622  1.756148e-04        1
623  4.797792e-04        1
624  2.887354e-05        1
625  6.789249e-04        1
626  4.462396e-04        1
627  9.820902e-06        1
628  7.236116e-04        1
629  3.164130e-04        1
630  8.426332e-04        1
631  8.027763e-05        1
632  4.752411e-04        1
633  4.690067e-06        1
634  2.693956e-04        1
635  9.104755e-05        1
636  4.079040e-03        1
637  2.296916e-05        1
638  2.410677e-05        1
639  3.958912e-04        1
640  2.005850e-05        1
641  1.604488e-03        1
642  6.929562e-06        1
643  2.946608e-05        1
644  4.728148e-06        1
645  4.518487e-05        1
646  9.174098e-06        1
647  1.809682e-03        1
648  1.077168e-04        1
649  4.768443e-06        1
650  1.667502e-03        1
651  2.810418e-05        1
652  2.563745e-03        1
653  7.551127e-04        1
654  2.129264e-04        1
655  2.777255e-03        1
656  4.683679e-06        1
657  1.976924e-04        1
658  5.916036e-04        1
659  8.251478e-05        1
660  7.806536e-05        1
661  1.913863e-04        1
662  2.962727e-03        1
663  1.778596e-04        1
664  1.249903e-06        1
665  2.596726e-04        1
666  3.620525e-04        1
667  2.003500e-03        1
668  4.983138e-04        1
669  1.557125e-03        1
670  8.092013e-06        1
671  8.884826e-04        1
672  2.108932e-03        1
673  8.746256e-06        1
674  5.148746e-04        1
675  6.990549e-04        1
676  4.333171e-04        1
677  5.341031e-05        1
678  7.449554e-06        1
679  5.316203e-04        1
680  4.993061e-04        1
681  3.157668e-04        1
682  7.267540e-04        1
683  2.069505e-04        1
684  7.441828e-04        1
685  6.447061e-04        1
686  1.854780e-04        1
687  2.071302e-03        1
688  2.249835e-04        1
689  6.325795e-07        1
690  4.802693e-06        1
691  1.568032e-03        1
692  9.068501e-05        1
693  1.054136e-04        1
694  2.345503e-03        1
695  2.433692e-03        1
696  9.241738e-04        1
697  5.557009e-04        1
698  3.474250e-03        1
699  4.524599e-05        1
700  4.470350e-04        1
701  1.858672e-04        1
702  1.638873e-04        1
703  1.119553e-05        1
704  5.518765e-06        1
705  1.784821e-03        1
706  1.691862e-04        1
707  1.199942e-04        1
708  8.437493e-06        1
709  2.448230e-04        1
710  8.564753e-04        1
711  7.067587e-04        1
712  2.388119e-05        1
713  2.779524e-05        1
714  5.501395e-06        1
715  1.232732e-03        1
716  1.866581e-05        1
717  8.790707e-05        1
718  1.748805e-05        1
719  2.669405e-06        1
720  4.944410e-03        1
721  1.596542e-04        1
722  1.862434e-04        1
723  5.355796e-04        1
724  2.489357e-04        1
725  5.158336e-06        1
726  4.089800e-04        1
727  7.480516e-04        1
728  1.896748e-04        1
729  4.190733e-03        1
730  3.894870e-04        1
731  4.741136e-03        1
732  9.075278e-04        1
733  2.058718e-05        1
734  7.227503e-04        1
735  1.820711e-04        1
736  6.087638e-05        1
737  8.126587e-05        1
738  6.947459e-04        1
739  2.081870e-07        1
740  4.282411e-04        1
741  4.363726e-07        1
742  6.994177e-03        1
743  5.404794e-04        1
744  1.085538e-04        1
745  3.093110e-04        1
746  3.934282e-05        1
747  1.357236e-04        1
748  4.663031e-04        1
749  8.957213e-05        1
750  4.763370e-04        1
751  1.042611e-06        1
752  2.360512e-07        1
753  1.187192e-05        1
754  1.744205e-04        1
755  4.713932e-04        1
756  1.005282e-05        1
757  3.754768e-04        1
758  5.746870e-04        1
759  8.156524e-05        1
760  5.781419e-03        1
761  2.342040e-04        1
762  1.024084e-04        1
763  6.031419e-05        1
764  2.477188e-04        1
765  1.492852e-04        1
766  1.362758e-05        1
767  3.022322e-02        1
768  6.422197e-02        1
769  4.240555e-04        1
770  4.417169e-04        1
771  7.379759e-04        1
772  2.494121e-03        1
773  5.701240e-03        1
774  2.698411e-02        1
775  9.819382e-06        1
776  5.576749e-03        1
777  3.072968e-03        1
778  3.055629e-02        1
779  3.170264e-03        1
780  1.500050e-02        1
781  6.630217e-04        1
782  8.314084e-07        1
783  1.608101e-02        1
784  2.868465e-07        1
785  5.684256e-03        1
786  3.279634e-03        1
787  8.375154e-06        1
788  6.801816e-04        1
789  9.311686e-04        1
790  3.314337e-03        1
791  5.499346e-04        1
792  2.126042e-06        1
793  1.876759e-02        1
794  1.877508e-03        1
795  8.299799e-03        1
796  4.466152e-03        1
797  1.853728e-03        1
798  5.055864e-03        1
799  1.313822e-04        1
800  7.748113e-04        1
801  8.688944e-06        1
802  5.863061e-03        1
803  1.752208e-06        1
804  1.180860e-04        1
805  1.616832e-05        1
806  6.037288e-03        1
807  1.028747e-02        1
808  1.752856e-03        1
809  3.225321e-04        1
810  1.900117e-06        1
811  1.373023e-03        1
812  3.440848e-02        1
813  9.252257e-05        1
814  2.326071e-04        1
815  1.289334e-03        1
816  5.688792e-03        1
817  4.400704e-03        1
818  1.419756e-02        1
819  2.620734e-04        1
820  5.144049e-03        1
821  5.767930e-04        1
822  7.189395e-04        1
823  8.961169e-02        1
824  1.941714e-03        1
825  3.290550e-03        1
826  2.223393e-02        1
827  9.895195e-03        1
828  1.659162e-02        1
829  1.563373e-03        1
830  7.606595e-06        1
831  3.235152e-04        1
832  2.660885e-03        1
833  5.715728e-05        1
834  1.833907e-04        1
835  1.100642e-02        1
836  6.654140e-05        1
837  2.919159e-05        1
838  1.964363e-04        1
839  3.701467e-03        1
840  2.271551e-04        1
841  4.698592e-05        1
842  1.615022e-03        1
843  3.475597e-04        1
844  4.260149e-04        1
845  6.573142e-03        1
846  6.154831e-04        1
847  2.225479e-03        1
848  2.755543e-02        1
849  6.150568e-02        1
850  6.207102e-07        1
851  7.878696e-03        1
852  4.714234e-05        1
853  1.767313e-02        1
854  1.008128e-02        1
855  5.184039e-04        1
856  1.792216e-03        1
857  2.044541e-02        1
858  5.213758e-03        1
859  4.188691e-03        1
860  1.125787e-05        1
861  4.471272e-03        1
862  1.287260e-03        1
863  5.395256e-04        1
864  1.714717e-02        1
865  1.295082e-04        1
866  1.872801e-04        1
867  5.875082e-04        1
868  7.143628e-03        1
869  9.550053e-05        1
870  9.405734e-03        1
871  6.230762e-04        1
872  2.186240e-03        1
873  9.668818e-02        1
874  1.048761e-04        1
875  1.804426e-04        1
876  7.332651e-02        1
877  4.411657e-03        1
878  1.929457e-02        1
879  2.097750e-04        1
880  5.087129e-04        1
881  9.753490e-05        1
882  6.243009e-05        1
883  1.306231e-03        1
884  3.263914e-03        1
885  2.459936e-03        1
886  1.807133e-05        1
887  3.867709e-02        1
888  9.627746e-04        1
889  1.086081e-02        1
890  3.583086e-05        1
891  1.488065e-02        1
892  2.210099e-04        1
893  1.701743e-05        1
894  5.511351e-07        1
895  3.695050e-02        1
896  2.183733e-05        1
897  1.282901e-05        1
898  8.834903e-03        1
899  4.037453e-04        1
900  4.725592e-04        1
901  1.817513e-01        1
902  2.255144e-06        1
903  4.270538e-02        1
904  1.395517e-03        1
905  6.155026e-06        1
906  3.111308e-03        1
907  1.081009e-02        1
908  5.940085e-05        1
909  1.085901e-05        1
910  1.544022e-03        1
911  4.708396e-05        1
912  5.935510e-04        1
913  4.153360e-04        1
914  1.090912e-03        1
915  2.323359e-05        1
916  2.882476e-04        1
917  1.318438e-04        1
918  8.308912e-05        1
919  7.837196e-04        1
920  4.102142e-04        1
921  4.681616e-05        1
922  5.986733e-05        1
923  8.288576e-08        1
924  1.559710e-05        1
925  5.725440e-04        1
926  1.938588e-03        1
927  2.809328e-04        1
928  2.812908e-06        1
929  5.154654e-04        1
930  4.004085e-04        1
931  1.198134e-03        1
932  8.646957e-04        1
933  1.802244e-04        1
934  5.915083e-05        1
935  2.834712e-05        1
936  1.570090e-05        1
937  3.300715e-04        1
938  7.328727e-04        1
939  1.622877e-04        1
940  2.160649e-03        1
941  1.652412e-04        1
942  2.895263e-04        1
943  4.831554e-03        1
944  4.415892e-03        1
945  4.035147e-05        1
946  7.772835e-05        1
947  9.093419e-04        1
948  7.861305e-03        1
949  2.744511e-05        1
950  5.470768e-04        1
951  1.158108e-02        1
952  8.524650e-05        1
953  2.141294e-04        1
954  8.480440e-04        1
955  2.841788e-04        1
956  7.736969e-05        1
957  6.960592e-06        1
958  8.710141e-05        1
959  2.913766e-05        1
960  2.219441e-03        1
961  7.530590e-04        1
962  1.617194e-04        1
963  1.721232e-02        1
964  5.425459e-04        1
965  2.966513e-05        1
966  1.047678e-06        1
967  2.596066e-05        1
968  1.796029e-03        1
969  7.825633e-03        1
970  4.343565e-04        1
971  2.912696e-05        1
972  5.376477e-06        1
973  9.475218e-04        1
974  1.639568e-05        1
975  2.040535e-06        1
976  2.883165e-04        1
977  3.820013e-05        1
978  6.892566e-04        1
979  1.466497e-05        1
980  5.968953e-05        1
981  2.150893e-05        1
982  1.054587e-04        1
983  1.635343e-03        1
984  5.864697e-06        1
985  3.900350e-04        1
986  1.401489e-03        1
987  7.742485e-09        1
988  1.438724e-03        1
989  3.949213e-06        1
990  6.028063e-05        1
991  6.245476e-03        1
992  5.348791e-03        1
993  1.061885e-03        1
994  2.242166e-05        1
995  2.055680e-03        1
996  7.794848e-05        1
997  3.555951e-05        1
998  4.281614e-04        1
999  4.112365e-05        1
1000 1.578153e-05        1
1001 1.221642e-03        1
1002 1.729579e-04        1
1003 1.359835e-04        1
1004 5.410059e-06        1
1005 6.226281e-05        1
1006 1.030669e-04        1
1007 3.350375e-04        1
1008 3.202928e-03        1
1009 1.980598e-03        1
1010 1.225228e-05        1
1011 2.063406e-04        1
1012 1.476366e-05        1
1013 8.907069e-04        1
1014 2.815742e-04        1
1015 1.210807e-05        1
1016 1.426529e-04        1
1017 3.127727e-05        1
1018 2.218648e-03        1
1019 3.539420e-04        1
1020 2.550092e-04        1
1021 6.836165e-04        1
1022 3.156978e-03        1
1023 2.921229e-04        1
1024 1.209605e-04        1
1025 8.510424e-05        1
1026 1.257975e-04        1
1027 1.252720e-05        1
1028 1.564727e-02        1
1029 2.659020e-04        1
1030 8.135984e-04        1
1031 2.609844e-03        1
1032 3.122189e-02        1
1033 1.357010e-04        1
1034 4.836932e-04        1
1035 9.988778e-03        1
1036 2.085648e-04        1
1037 9.982591e-03        1
1038 2.568602e-03        1
1039 2.539257e-05        1
1040 1.521624e-04        1
1041 2.480714e-09        1
1042 6.708255e-04        1
1043 2.936481e-05        1
1044 6.663807e-06        1
1045 2.682958e-05        1
1046 2.409498e-06        1
1047 5.191758e-05        1
1048 4.434224e-04        1
1049 2.293006e-04        1
1050 1.397840e-04        1
1051 2.034854e-05        1
1052 1.300369e-03        1
1053 4.976391e-04        1
1054 3.888506e-04        1
1055 5.523678e-05        1
1056 8.442656e-06        1
1057 1.694448e-04        1
1058 8.346698e-03        1
1059 2.780941e-08        1
1060 1.674618e-04        1
1061 3.024375e-05        1
1062 3.975962e-05        1
1063 7.043502e-05        1
1064 1.571663e-02        1
1065 8.518529e-03        1
1066 6.040160e-03        1
1067 1.469893e-03        1
1068 3.488960e-04        1
1069 7.203755e-04        1
1070 4.127127e-05        1
1071 6.571138e-04        1
1072 5.563376e-04        1
1073 4.233413e-05        1
1074 1.624171e-05        1
1075 7.899246e-03        1
1076 6.554542e-04        1
1077 8.416698e-05        1
1078 7.418131e-05        1
1079 3.830949e-05        1
1080 6.738310e-04        1
1081 7.555589e-05        1
1082 1.120141e-02        1
1083 4.247799e-03        1
1084 1.508985e-02        1
1085 1.806639e-05        1
1086 1.079829e-04        1
1087 2.762977e-04        1
1088 1.337216e-02        1
1089 5.917576e-03        1
1090 1.157336e-02        1
1091 3.327294e-04        1
1092 5.101585e-05        1
1093 1.391607e-02        1
1094 1.922406e-03        1
1095 5.772006e-04        1
1096 4.378433e-05        1
1097 2.952820e-04        1
1098 2.267544e-05        1
1099 4.125345e-04        1
1100 7.614156e-05        1
1101 1.878076e-07        1
1102 1.187196e-03        1
1103 7.063444e-07        1
1104 3.725942e-05        1
1105 2.695899e-04        1
1106 1.618800e-04        1
1107 2.037781e-04        1
1108 1.831552e-03        1
1109 5.209017e-04        1
1110 6.506539e-04        1
1111 2.300083e-05        1
1112 1.318616e-06        1
1113 2.320628e-04        1
1114 1.371461e-04        1
1115 6.098088e-07        1
1116 1.201388e-03        1
1117 9.494342e-05        1
1118 2.150338e-04        1
1119 6.192888e-05        1
1120 6.054770e-05        1
1121 8.813461e-05        1
1122 1.045059e-05        1
1123 9.725516e-05        1
1124 1.774694e-05        1
1125 1.649365e-04        1
1126 3.160630e-05        1
1127 1.006619e-03        1
1128 6.056914e-04        1
1129 5.234337e-04        1
1130 2.776400e-04        1
1131 3.272821e-04        1
1132 1.424057e-04        1
1133 1.386957e-03        1
1134 3.458155e-03        1
1135 1.472887e-05        1
1136 1.489187e-03        1
1137 5.346487e-06        1
1138 3.368126e-10        1
1139 5.170537e-04        1
1140 3.607889e-04        1
1141 2.582357e-03        1
1142 1.475278e-04        1
1143 5.193884e-03        1
1144 2.207970e-04        1
1145 4.946336e-03        1
1146 2.178856e-03        1
1147 7.802782e-04        1
1148 1.370765e-05        1
1149 7.289267e-05        1
1150 6.244659e-04        1
1151 6.475067e-05        1
1152 3.741975e-06        1
1153 1.111300e-04        1
1154 7.443191e-05        1
1155 4.674104e-04        1
1156 2.277310e-04        1
1157 1.121899e-04        1
1158 4.141312e-04        1
1159 2.861921e-05        1
1160 5.622396e-06        1
1161 1.470978e-04        1
1162 5.445501e-05        1
1163 4.383525e-05        1
1164 7.925364e-08        1
1165 1.154513e-04        1
1166 1.850301e-04        1
1167 6.446333e-04        1
1168 4.940094e-03        1
1169 1.469640e-05        1
1170 5.524732e-05        1
1171 1.218010e-03        1
1172 1.782352e-04        1
1173 3.069615e-04        1
1174 2.863024e-04        1
1175 3.396329e-04        1
1176 5.052059e-06        1
1177 5.038895e-05        1
1178 1.153854e-04        1
1179 1.511977e-03        1
1180 1.144895e-03        1
1181 6.401617e-04        1
1182 5.306173e-05        1
1183 6.270811e-05        1
1184 2.049436e-09        1
1185 8.424919e-04        1
1186 5.383544e-06        1
1187 1.859723e-04        1
1188 2.048046e-03        1
1189 3.055848e-04        1
1190 1.178245e-03        1
1191 7.581611e-04        1
1192 2.851562e-06        1
1193 1.126374e-03        1
1194 1.539300e-07        1
1195 1.113905e-05        1
1196 3.949282e-04        1
1197 5.773873e-04        1
1198 5.405052e-04        1
1199 9.668991e-04        1
1200 2.029526e-04        1
1201 1.822679e-05        1
1202 1.349267e-03        1
1203 2.631873e-04        1
1204 1.148590e-04        1
1205 3.458188e-04        1
1206 1.443735e-04        1
1207 1.611504e-03        1
1208 6.372159e-04        1
1209 3.614796e-05        1
1210 6.681360e-05        1
1211 6.870347e-05        1
1212 8.769424e-04        1
1213 3.116547e-04        1
1214 4.256179e-07        1
1215 1.327568e-04        1
1216 6.489356e-04        1
1217 2.749900e-04        1
1218 1.043014e-04        1
1219 7.818562e-05        1
1220 2.246996e-05        1
1221 5.012356e-05        1
1222 2.608272e-04        1
1223 1.411795e-04        1
1224 1.804188e-04        1
1225 1.594639e-04        1
1226 1.133481e-05        1
1227 7.958393e-04        1
1228 4.484030e-03        1
1229 2.178153e-05        1
1230 1.398568e-03        1
1231 4.198193e-04        1
1232 1.577224e-03        1
1233 1.932849e-04        1
1234 4.557723e-05        1
1235 1.676333e-04        1
1236 7.211066e-05        1
1237 9.874319e-05        1
1238 1.910503e-05        1
1239 1.866449e-03        1
1240 2.952952e-03        1
1241 7.149250e-05        1
1242 3.269357e-03        1
1243 9.952454e-05        1
1244 2.382056e-04        1
1245 6.152463e-04        1
1246 1.260571e-03        1
1247 1.210442e-04        1
1248 3.763187e-06        1
1249 2.279743e-04        1
1250 1.539096e-04        1
1251 1.356258e-03        1
1252 2.585286e-05        1
1253 7.829549e-04        1
1254 9.106658e-06        1
1255 1.599137e-06        1
1256 3.068208e-05        1
1257 2.918547e-05        1
1258 4.401202e-04        1
1259 3.032033e-05        1
1260 1.858759e-04        1
1261 2.626867e-04        1
1262 2.021119e-04        1
1263 2.152514e-07        1
1264 5.704720e-04        1
1265 1.695286e-03        1
1266 1.624952e-03        1
1267 2.326470e-03        1
1268 1.406607e-06        1
1269 5.048919e-07        1
1270 8.515937e-05        1
1271 3.789440e-04        1
1272 4.990675e-04        1
1273 1.087098e-03        1
1274 1.392183e-04        1
1275 3.012958e-05        1
1276 2.447842e-05        1
1277 1.809486e-06        1
1278 5.339080e-04        1
1279 3.847527e-04        1
1280 1.870535e-04        1
1281 4.578182e-03        1
1282 4.056197e-04        1
1283 1.046538e-04        1
1284 9.246871e-05        1
1285 3.932919e-05        1
1286 2.458900e-04        1
1287 9.482788e-04        1
1288 3.479475e-04        1
1289 1.066000e-04        1
1290 2.879597e-04        1
1291 9.765346e-03        1
1292 3.002405e-04        1
1293 1.108612e-04        1
1294 6.218265e-05        1
1295 3.483824e-05        1
1296 9.834359e-05        1
1297 3.012101e-03        1
1298 4.954865e-05        1
1299 1.864250e-05        1
1300 1.070076e-04        1
1301 2.284854e-05        1
1302 7.248966e-04        1
1303 1.825271e-03        1
1304 5.850625e-06        1
1305 1.277406e-04        1
1306 1.894561e-08        1
1307 7.095048e-05        1
1308 1.316719e-03        1
1309 3.173553e-04        1
1310 7.568984e-04        1
1311 3.857587e-04        1
1312 1.822266e-03        1
1313 1.325661e-05        1
1314 1.622363e-03        1
1315 1.023116e-02        1
1316 3.448211e-03        1
1317 2.115497e-05        1
1318 3.495263e-04        1
1319 2.082341e-03        1
1320 1.383367e-05        1
1321 6.960912e-05        1
1322 1.047238e-03        1
1323 3.601940e-04        1
1324 3.896395e-04        1
1325 9.305576e-04        1
1326 3.015436e-04        1
1327 1.314968e-03        1
1328 2.251109e-03        1
1329 3.363673e-07        1
1330 2.768475e-04        1
1331 2.390155e-04        1
1332 1.071668e-05        1
1333 3.852097e-05        1
1334 4.294043e-04        1
1335 2.024752e-05        1
1336 2.993004e-03        1
1337 5.315500e-04        1
1338 7.044560e-04        1
1339 2.043238e-03        1
1340 6.623792e-06        1
1341 1.021654e-03        1
1342 4.084268e-06        1
1343 1.544149e-04        1
1344 8.176567e-06        1
1345 7.417790e-04        1
1346 1.297057e-04        1
1347 1.327908e-04        1
1348 1.442919e-04        1
1349 5.761680e-03        1
1350 1.789274e-05        1
1351 1.504098e-03        1
1352 2.664040e-04        1
1353 1.598597e-03        1
1354 3.388716e-04        1
1355 1.974508e-04        1
1356 1.291565e-03        1
1357 2.513298e-04        1
1358 5.421302e-05        1
1359 4.477686e-05        1
1360 2.814237e-04        1
1361 1.367031e-03        1
1362 8.751898e-05        1
1363 2.010570e-03        1
1364 1.404593e-05        1
1365 5.208449e-05        1
1366 1.285225e-03        1
1367 7.652040e-04        1
1368 3.086339e-04        1
1369 9.968271e-04        1
1370 4.797389e-05        1
1371 9.703976e-05        1
1372 3.027737e-05        1
1373 6.147784e-05        1
1374 5.064641e-05        1
1375 1.939900e-04        1
1376 1.108532e-05        1
1377 7.364520e-03        1
1378 7.090037e-04        1
1379 1.155119e-03        1
1380 5.157167e-05        1
1381 4.921313e-04        1
1382 9.125354e-04        1
1383 1.259084e-03        1
1384 1.032011e-04        1
1385 2.508787e-03        1
1386 1.518423e-04        1
1387 6.588289e-04        1
1388 1.563832e-03        1
1389 2.519791e-04        1
1390 1.585839e-05        1
1391 7.481341e-05        1
1392 5.519444e-04        1
1393 6.864959e-04        1
1394 8.072170e-07        1
1395 3.252212e-03        1
1396 2.466386e-06        1
1397 1.427432e-06        1
1398 2.816003e-02        1
1399 8.395136e-05        1
1400 8.508696e-07        1
1401 9.653161e-05        1
1402 3.435199e-04        1
1403 6.495016e-04        1
1404 2.742150e-04        1
1405 7.054197e-06        1
1406 8.865864e-08        1
1407 1.321310e-04        1
1408 8.012045e-03        1
1409 1.010594e-04        1
1410 3.445541e-04        1
1411 6.484806e-04        1
1412 6.225521e-08        1
1413 4.310225e-06        1
1414 4.659185e-05        1
1415 2.305700e-05        1
1416 5.550363e-04        1
1417 1.213591e-04        1
1418 8.264686e-04        1
1419 8.190734e-04        1
1420 3.440627e-04        1
1421 8.285037e-04        1
1422 1.955778e-10        1
1423 5.761629e-07        1
1424 9.341167e-05        1
1425 5.193366e-04        1
1426 1.823901e-04        1
1427 1.361439e-05        1
1428 2.359068e-03        1
1429 5.526838e-04        1
1430 5.407856e-04        1
1431 2.861237e-07        1
1432 5.471138e-04        1
1433 2.274147e-03        1
1434 1.938771e-04        1
1435 5.814241e-06        1
1436 4.834609e-05        1
1437 2.005826e-03        1
1438 1.332107e-04        1
1439 3.686473e-05        1
1440 2.990271e-03        1
1441 5.084156e-04        1
1442 5.442228e-06        1
1443 1.244352e-03        1
1444 4.742515e-05        1
1445 4.916164e-04        1
1446 8.372651e-05        1
1447 1.232643e-03        1
1448 1.056140e-06        1
1449 7.715338e-04        1
1450 4.218467e-04        1
1451 1.077571e-04        1
1452 4.621862e-04        1
1453 2.764204e-06        1
1454 2.668925e-06        1
1455 7.903375e-07        1
1456 2.792891e-04        1
1457 1.192051e-04        1
1458 2.164495e-06        1
1459 2.811995e-04        1
1460 1.437549e-07        1
1461 5.448080e-04        1
1462 3.284429e-02        1
1463 3.037100e-05        1
1464 5.043269e-04        1
1465 2.964053e-05        1
1466 3.857900e-04        1
1467 9.309040e-06        1
1468 2.943196e-03        1
1469 1.076087e-04        1
1470 2.455850e-02        1
1471 1.471580e-02        1
1472 2.005128e-03        1
1473 2.944340e-04        1
1474 1.230363e-03        1
1475 1.532547e-04        1
1476 7.239126e-03        1
1477 1.882758e-03        1
1478 5.390767e-05        1
1479 8.429318e-04        1
1480 7.459067e-05        1
1481 1.166355e-03        1
1482 2.364287e-03        1
1483 9.694600e-04        1
1484 1.770879e-04        1
1485 6.489941e-04        1
1486 1.641160e-03        1
1487 2.192349e-04        1
1488 2.496044e-04        1
1489 1.204659e-03        1
1490 7.845711e-05        1
1491 5.861835e-04        1
1492 2.971995e-04        1
1493 5.104450e-03        1
1494 1.594556e-03        1
1495 1.690504e-02        1
1496 9.504645e-04        1
1497 1.904520e-04        1
1498 5.694113e-04        1
1499 2.888459e-03        1
1500 9.323280e-07        1
1501 7.392350e-07        1
1502 5.452100e-07        1
1503 2.832897e-04        1
1504 9.597087e-06        1
1505 1.555105e-03        1
1506 2.250848e-03        1
1507 1.328010e-07        1
1508 1.953877e-05        1
1509 7.267023e-07        1
1510 5.975321e-03        1
1511 9.159726e-05        1
1512 2.192930e-03        1
1513 1.918137e-04        1
1514 6.621724e-05        1
1515 3.203776e-03        1
1516 4.516194e-04        1
1517 2.232199e-03        1
1518 5.350488e-04        1
1519 3.632301e-04        1
1520 9.760697e-06        1
1521 2.667172e-06        1
1522 7.457346e-05        1
1523 1.544676e-04        1
1524 1.973799e-06        1
1525 9.683103e-04        1
1526 1.722789e-03        1
1527 7.264713e-04        1
1528 2.435294e-04        1
1529 4.811686e-04        1
1530 1.481126e-04        1
1531 2.884320e-04        1
1532 3.993506e-03        1
1533 7.139894e-04        1
1534 3.359190e-03        1
1535 2.439201e-04        1
1536 1.268267e-03        1
1537 2.044736e-03        1
1538 1.926656e-02        1
1539 9.040155e-06        1
1540 3.009489e-05        1
1541 1.040943e-05        1
1542 3.422729e-05        1
1543 6.418970e-07        1
1544 3.716059e-04        1
1545 9.752777e-04        1
1546 7.426594e-04        1
1547 5.122315e-05        1
1548 2.442618e-04        1
1549 1.408439e-02        1
1550 9.326794e-04        1
1551 6.133752e-05        1
1552 7.017901e-06        1
1553 2.911812e-06        1
1554 1.060844e-03        1
1555 4.780499e-05        1
1556 7.034928e-04        1
1557 5.491991e-05        1
1558 3.697875e-04        1
1559 2.927612e-04        1
1560 7.706203e-04        1
1561 6.522938e-05        1
1562 1.135655e-03        1
1563 1.886779e-04        1
1564 6.442663e-05        1
1565 2.065208e-04        1
1566 2.745667e-04        1
1567 2.354337e-05        1
1568 2.958577e-04        1
1569 3.482748e-06        1
1570 2.413851e-08        1
1571 2.499854e-04        1
1572 2.708362e-05        1
1573 1.749727e-03        1
1574 1.248563e-03        1
1575 1.712067e-04        1
1576 5.909947e-04        1
1577 2.237248e-04        1
1578 8.681960e-04        1
1579 3.403582e-04        1
1580 3.295760e-04        1
1581 9.170790e-05        1
1582 5.017538e-05        1
1583 2.457818e-05        1
1584 1.388412e-04        1
1585 5.614240e-04        1
1586 2.362248e-07        1
1587 1.897154e-06        1
1588 1.807963e-04        1
1589 1.833728e-04        1
1590 4.382036e-04        1
1591 4.017773e-04        1
1592 2.752452e-05        1
1593 2.566700e-04        1
1594 4.058545e-04        1
1595 2.455810e-05        1
1596 2.051637e-03        1
1597 5.741708e-04        1
1598 8.112920e-05        1
1599 3.014087e-04        1
1600 3.256526e-03        1
1601 2.054768e-03        1
1602 4.696904e-05        1
1603 1.533090e-03        1
1604 2.651961e-04        1
1605 1.293988e-03        1
1606 1.425941e-05        1
1607 1.379021e-03        1
1608 2.066707e-04        1
1609 4.458674e-05        1
1610 3.677590e-03        1
1611 6.959969e-05        1
1612 1.625127e-03        1
1613 8.549792e-05        1
1614 1.232949e-06        1
1615 1.041709e-03        1
1616 1.233274e-03        1
1617 5.734792e-04        1
1618 1.098175e-04        1
1619 9.589429e-05        1
1620 2.082840e-03        1
1621 4.612335e-04        1
1622 7.357977e-04        1
1623 3.532145e-04        1
1624 1.731452e-04        1
1625 8.322879e-02        1
1626 2.461757e-05        1
1627 6.594814e-04        1
1628 2.921849e-04        1
1629 3.298414e-05        1
1630 2.438252e-04        1
1631 2.744679e-04        1
1632 3.296815e-03        1
1633 1.098710e-03        1
1634 2.601319e-05        1
1635 3.193052e-04        1
1636 6.474498e-04        1
1637 5.036312e-04        1
1638 2.287585e-03        1
1639 2.419687e-05        1
1640 1.036449e-03        1
1641 1.060699e-08        1
1642 3.012656e-04        1
1643 1.405865e-05        1
1644 2.526735e-06        1
1645 5.801782e-06        1
1646 4.786442e-04        1
1647 1.940057e-04        1
1648 6.110065e-10        1
1649 1.117655e-03        1
1650 8.522668e-06        1
1651 2.443443e-04        1
1652 5.298069e-08        1
1653 4.405634e-04        1
1654 4.523313e-04        1
1655 1.276600e-03        1
1656 2.468402e-04        1
1657 3.117807e-04        1
1658 6.990758e-06        1
1659 6.320732e-04        1
1660 8.177855e-03        1
1661 2.555409e-04        1
1662 2.630302e-04        1
1663 2.722037e-04        1
1664 2.926223e-03        1
1665 1.092098e-02        1
1666 7.363213e-04        1
1667 3.383023e-03        1
1668 4.515451e-05        1
1669 3.243551e-06        1
1670 2.110179e-05        1
1671 8.976908e-04        1
1672 3.846398e-04        1
1673 2.865319e-04        1
1674 3.340135e-03        1
1675 4.804371e-04        1
1676 4.088117e-05        1
1677 5.643512e-05        1
1678 6.784862e-05        1
1679 1.176301e-03        1
1680 6.420960e-04        1
1681 8.806107e-04        1
1682 6.987948e-06        1
1683 6.105047e-06        1
1684 4.542692e-04        1
1685 6.164652e-06        1
1686 1.348421e-04        1
1687 6.057225e-04        1
1688 6.719807e-04        1
1689 7.662501e-06        1
1690 2.764277e-04        1
1691 1.506778e-03        1
1692 2.463575e-03        1
1693 1.387000e-03        1
1694 3.926229e-04        1
1695 1.720079e-03        1
1696 3.501774e-07        1
1697 2.009490e-06        1
1698 1.723822e-04        1
1699 8.643390e-05        1
1700 3.131237e-05        1
1701 4.348433e-06        1
1702 8.152215e-04        1
1703 2.584750e-04        1
1704 5.722451e-05        1
1705 2.080005e-02        1
1706 1.096531e-05        1
1707 1.277386e-06        1
1708 3.136930e-04        1
1709 1.883625e-05        1
1710 6.229555e-04        1
1711 2.937485e-03        1
1712 1.754989e-04        1
1713 1.600631e-04        1
1714 1.563265e-05        1
1715 2.803943e-03        1
1716 8.028950e-05        1
1717 2.223043e-04        1
1718 1.760612e-04        1
1719 4.964833e-06        1
1720 2.373973e-04        1
1721 3.770486e-04        1
1722 1.051784e-03        1
1723 8.862179e-05        1
1724 3.155894e-04        1
1725 7.222271e-05        1
1726 3.938770e-04        1
1727 5.762014e-05        1
1728 1.354806e-04        1
1729 1.099196e-04        1
1730 5.810296e-04        1
1731 1.563863e-03        1
1732 4.637603e-04        1
1733 5.004982e-05        1
1734 3.330640e-04        1
1735 3.570589e-03        1
1736 1.219871e-03        1
1737 6.468444e-09        1
1738 2.176825e-05        1
1739 1.831924e-06        1
1740 5.351150e-04        1
1741 6.887649e-06        1
1742 5.587447e-04        1
1743 9.436787e-06        1
1744 2.398907e-04        1
1745 5.175469e-05        1
1746 2.940517e-07        1
1747 9.635339e-04        1
1748 6.455010e-04        1
1749 4.831321e-04        1
1750 1.030600e-03        1
1751 9.141188e-06        1
1752 5.773480e-04        1
1753 1.089804e-04        1
1754 3.288248e-05        1
1755 1.120062e-04        1
1756 1.084079e-04        1
1757 2.346886e-06        1
1758 4.881957e-04        1
1759 2.109621e-05        1
1760 1.682926e-04        1
1761 2.164125e-04        1
1762 1.271662e-05        1
1763 1.703330e-03        1
1764 9.009829e-07        1
1765 4.926741e-05        1
1766 5.531777e-04        1
1767 3.227051e-04        1
1768 4.362984e-04        1
1769 1.086000e-03        1
1770 3.888091e-05        1
1771 7.051437e-04        1
1772 5.957784e-05        1
1773 1.439054e-04        1
1774 5.848643e-04        1
1775 2.066023e-04        1
1776 1.771216e-03        1
1777 9.990233e-04        1
1778 2.716426e-05        1
1779 1.025156e-03        1
1780 2.156582e-04        1
1781 1.674052e-04        1
1782 4.415594e-04        1
1783 4.358598e-04        1
1784 1.211467e-04        1
1785 4.848800e-05        1
1786 1.082492e-03        1
1787 3.133723e-04        1
1788 1.447130e-04        1
1789 2.715204e-04        1
1790 1.230253e-04        1
1791 1.012388e-06        1
1792 8.736316e-06        1
1793 4.472891e-04        1
1794 1.990799e-03        1
1795 6.855584e-05        1
1796 8.953022e-04        1
1797 3.355624e-03        1
1798 4.738667e-05        1
1799 4.621079e-05        1
1800 1.320107e-05        1
1801 2.715859e-04        1
1802 1.014140e-03        1
1803 1.698611e-04        1
1804 3.282525e-04        1
1805 1.094249e-04        1
1806 6.327728e-05        1
1807 1.484949e-04        1
1808 4.386073e-05        1
1809 3.902952e-03        1
1810 2.406496e-04        1
1811 9.480947e-05        1
1812 1.447521e-04        1
1813 1.116908e-03        1
1814 1.238930e-03        1
1815 4.641147e-05        1
1816 5.314835e-04        1
1817 1.914164e-03        1
1818 1.112352e-03        1
1819 1.429390e-03        1
1820 2.029959e-03        1
1821 1.459063e-03        1
1822 7.535541e-05        1
1823 5.708921e-05        1
1824 3.856263e-04        1
1825 1.259856e-03        1
1826 6.044318e-04        1
1827 2.187920e-02        1
1828 3.331517e-05        1
1829 1.508595e-04        1
1830 4.801853e-03        1
1831 1.353188e-03        1
1832 2.533419e-05        1
1833 3.943641e-03        1
1834 2.644784e-03        1
1835 3.909181e-04        1
1836 4.933718e-04        1
1837 1.132783e-04        1
1838 5.287942e-04        1
1839 1.759848e-03        1
1840 2.142843e-04        1
1841 3.169279e-03        1
1842 6.070234e-06        1
1843 2.407790e-04        1
1844 3.331128e-04        1
1845 2.239786e-02        1
1846 7.024844e-04        1
1847 3.356014e-04        1
1848 4.750506e-04        1
1849 3.855727e-05        1
1850 4.261863e-04        1
1851 2.344466e-05        1
1852 3.686995e-04        1
1853 7.554638e-04        1
1854 1.250031e-06        1
1855 6.597842e-04        1
1856 1.298655e-05        1
1857 2.349111e-03        1
1858 8.365142e-06        1
1859 2.979804e-04        1
1860 1.949325e-03        1
1861 5.372060e-06        1
1862 4.736125e-04        1
1863 5.786059e-08        1
1864 5.002245e-04        1
1865 3.562370e-04        1
1866 3.618256e-05        1
1867 1.183487e-03        1
1868 2.471160e-04        1
1869 2.055438e-04        1
1870 3.435590e-04        1
1871 1.082736e-04        1
1872 1.143223e-03        1
1873 1.051020e-03        1
1874 1.161419e-05        1
1875 1.816762e-03        1
1876 3.423097e-03        1
1877 1.692494e-04        1
1878 1.216696e-03        1
1879 2.073119e-04        1
1880 1.049496e-03        1
1881 4.487831e-05        1
1882 3.508219e-03        1
1883 2.918533e-04        1
1884 6.655749e-06        1
1885 3.202399e-03        1
1886 5.798629e-04        1
1887 1.088134e-03        1
1888 1.830785e-05        1
1889 2.971183e-04        1
1890 1.884259e-04        1
1891 4.592780e-04        1
1892 1.664874e-04        1
1893 1.146788e-04        1
1894 9.061793e-04        1
1895 7.694429e-05        1
1896 4.613204e-04        1
1897 2.895676e-04        1
1898 2.696576e-04        1
1899 2.285920e-05        1
1900 2.132290e-06        1
1901 2.555626e-04        1
1902 2.923478e-04        1
1903 1.517723e-03        1
1904 4.290494e-04        1
1905 4.841840e-06        1
1906 6.932440e-04        1
1907 3.236737e-04        1
1908 3.175049e-05        1
1909 2.122567e-03        1
1910 7.690304e-06        1
1911 1.531852e-04        1
1912 4.735196e-04        1
1913 6.267167e-03        1
1914 1.133920e-04        1
1915 6.357721e-05        1
1916 2.171234e-04        1
1917 2.661207e-04        1
1918 1.783571e-09        1
1919 1.520047e-04        1
1920 2.022795e-04        1
1921 6.185968e-04        1
1922 4.186056e-04        1
1923 1.574985e-07        1
1924 7.350915e-04        1
1925 1.398926e-03        1
1926 5.104561e-04        1
1927 2.182778e-04        1
1928 1.059976e-04        1
1929 4.137972e-06        1
1930 7.803456e-04        1
1931 9.450162e-05        1
1932 8.172734e-05        1
1933 1.681437e-04        1
1934 1.891329e-02        1
1935 2.489088e-06        1
1936 7.073009e-05        1
1937 9.611974e-04        1
1938 9.457470e-05        1
1939 1.430120e-05        1
1940 8.850230e-06        1
1941 1.888939e-04        1
1942 1.738711e-04        1
1943 7.515153e-04        1
1944 1.497364e-03        1
1945 2.803621e-05        1
1946 1.334711e-04        1
1947 9.821101e-05        1
1948 2.261148e-05        1
1949 5.183214e-05        1
1950 3.390844e-04        1
1951 1.494146e-04        1
1952 1.293287e-04        1
1953 1.401588e-04        1
1954 7.523767e-04        1
1955 4.408400e-03        1
1956 1.283957e-02        1
1957 1.858981e-03        1
1958 2.373787e-05        1
1959 1.916040e-04        1
1960 1.368226e-03        1
1961 2.392494e-03        1
1962 2.709323e-05        1
1963 5.492907e-04        1
1964 1.656062e-04        1
1965 1.528787e-04        1
1966 3.529012e-04        1
1967 1.152358e-03        1
1968 1.573315e-02        1
1969 3.752542e-03        1
1970 3.078279e-03        1
1971 4.718885e-04        1
1972 1.313788e-04        1
1973 2.016267e-04        1
1974 4.725568e-03        1
1975 1.058403e-03        1
1976 5.213851e-04        1
1977 1.865938e-04        1
1978 2.881814e-08        1
1979 4.783537e-03        1
1980 2.265702e-03        1
1981 6.460214e-05        1
1982 8.045256e-05        1
1983 7.919937e-04        1
1984 3.155135e-04        1
1985 3.076417e-05        1
1986 7.635749e-04        1
1987 8.738266e-04        1
1988 8.697626e-05        1
1989 3.670444e-04        1
1990 4.006074e-03        1
1991 1.853198e-04        1
1992 5.069573e-04        1
1993 4.927748e-03        1
1994 7.580066e-04        1
1995 1.340183e-05        1
1996 2.779423e-04        1
1997 2.926270e-04        1
1998 2.732879e-04        1
1999 2.761045e-03        1
2000 9.601672e-04        1
2001 3.022820e-05        1
2002 1.931375e-04        1
2003 9.507521e-04        1
2004 1.050148e-03        1
2005 6.764609e-03        1
2006 5.720594e-03        1
2007 6.676001e-04        1
2008 4.689926e-04        1
2009 7.218129e-04        1
2010 1.056241e-03        1
2011 2.766095e-02 <0.02985
2012 3.151647e-04        1
2013 2.717237e-05        1
2014 1.957876e-03        1
2015 1.287908e-04        1
2016 5.559222e-03        1
2017 7.343671e-04        1
2018 8.576042e-04        1
2019 1.721452e-04        1
2020 7.702329e-05        1
2021 2.465847e-05        1
2022 1.196317e-04        1
2023 8.434504e-05        1
2024 3.486076e-03        1
2025 7.731249e-03        1
2026 2.411138e-05        1
2027 2.818299e-03        1
2028 5.986727e-05        1
2029 4.752045e-04        1
2030 1.987186e-04        1
2031 6.355091e-03        1
2032 2.073728e-04        1
2033 1.831978e-04        1
2034 1.707979e-03        1
2035 2.485817e-04        1
2036 1.787489e-04        1
2037 1.700159e-03        1
2038 8.786866e-04        1
2039 5.668146e-05        1
2040 1.105450e-03        1
2041 1.315257e-03        1
2042 1.478267e-03        1
2043 8.081909e-04        1
2044 1.443712e-04        1
2045 2.009966e-04        1
2046 1.219699e-03        1
2047 6.877068e-03        1
2048 4.244515e-05        1
2049 3.876121e-04        1
2050 1.042068e-02        1
2051 2.832929e-03        1
2052 1.729852e-04        1
2053 2.641987e-05        1
2054 8.346931e-04        1
2055 3.472886e-04        1
2056 6.492948e-04        1
2057 5.217805e-04        1
2058 3.195275e-04        1
2059 1.926802e-04        1
2060 4.433077e-03        1
2061 2.127814e-03        1
2062 5.063710e-04        1
2063 1.812030e-04        1
2064 6.101530e-05        1
2065 1.797656e-04        1
2066 1.766026e-04        1
2067 2.514931e-04        1
2068 3.833799e-04        1
2069 1.865783e-04        1
2070 1.575409e-05        1
2071 3.139010e-04        1
2072 2.601377e-04        1
2073 2.186736e-04        1
2074 6.271822e-05        1
2075 5.377214e-04        1
2076 1.298182e-03        1
2077 1.637339e-06        1
2078 5.105064e-04        1
2079 3.395211e-03        1
2080 8.121905e-04        1
2081 1.708856e-03        1
2082 1.855719e-04        1
2083 1.291024e-03        1
2084 1.390088e-03        1
2085 1.571170e-04        1
2086 6.163518e-04        1
2087 6.341302e-05        1
2088 2.840497e-03        1
2089 1.605129e-04        1
2090 2.943221e-04        1
2091 5.918780e-05        1
2092 4.347845e-06        1
2093 5.218058e-04        1
2094 2.531348e-04        1
2095 6.895668e-04        1
2096 3.752151e-04        1
2097 2.015485e-04        1
2098 2.009639e-04        1
2099 4.975285e-03        1
2100 9.178901e-09        1
2101 4.287358e-04        1
2102 5.686806e-05        1
2103 1.265554e-04        1
2104 3.624603e-09        1
2105 6.067810e-04        1
2106 2.140496e-03        1
2107 3.461662e-04        1
2108 3.773475e-04        1
2109 2.589438e-03        1
2110 1.914811e-04        1
2111 9.942050e-06        1
2112 2.319912e-05        1
2113 1.093769e-05        1
2114 1.339625e-04        1
2115 2.048224e-04        1
2116 5.877769e-05        1
2117 9.122487e-05        1
2118 1.708886e-03        1
2119 1.201808e-04        1
2120 9.969236e-04        1
2121 9.414213e-06        1
2122 2.124579e-03        1
2123 1.277193e-04        1
2124 1.762927e-03        1
2125 4.703982e-04        1
2126 3.364950e-05        1
2127 7.965718e-07        1
2128 1.526968e-05        1
2129 1.859031e-03        1
2130 1.059463e-03        1
2131 6.156842e-05        1
2132 7.938929e-05        1
2133 2.584597e-04        1
2134 8.476005e-06        1
2135 8.351982e-05        1
2136 1.529516e-04        1
2137 5.839210e-06        1
2138 2.122264e-05        1
2139 6.159837e-05        1
2140 4.732339e-05        1
2141 1.010275e-04        1
2142 4.216064e-03        1
2143 7.723917e-05        1
2144 5.231780e-08        1
2145 9.891787e-04        1
2146 3.055398e-05        1
2147 3.139664e-04        1
2148 4.202909e-05        1
2149 2.021064e-04        1
2150 2.507881e-03        1
2151 7.592912e-04        1
2152 1.247896e-04        1
2153 7.059098e-04        1
2154 1.994931e-04        1
2155 1.401110e-05        1
2156 1.178851e-03        1
2157 1.976026e-04        1
2158 2.283204e-04        1
2159 1.560427e-03        1
2160 1.852531e-04        1
2161 4.776579e-04        1
2162 3.554626e-03        1
2163 6.954299e-03        1
2164 3.657875e-05        1
2165 2.376519e-03        1
2166 1.662839e-04        1
2167 4.085785e-03        1
2168 2.166366e-04        1
2169 4.300900e-04        1
2170 3.773187e-05        1
2171 3.286336e-05        1
2172 6.036011e-04        1
2173 1.742479e-04        1
2174 6.345059e-04        1
2175 1.429256e-04        1
2176 2.477869e-04        1
2177 3.114718e-04        1
2178 4.453433e-06        1
2179 6.196792e-04        1
2180 1.414693e-06        1
2181 2.121145e-03        1
2182 9.278596e-07        1
2183 2.698759e-06        1
2184 2.614319e-05        1
2185 1.549499e-05        1
2186 3.534737e-04        1
2187 9.433447e-04        1
2188 8.539362e-07        1
2189 2.284169e-03        1
2190 6.798657e-05        1
2191 1.603453e-04        1
2192 1.173025e-04        1
2193 1.460862e-04        1
2194 9.744254e-05        1
2195 1.279588e-04        1
2196 1.072946e-03        1
2197 1.180995e-04        1
2198 8.171551e-05        1
2199 3.022740e-04        1
2200 1.814317e-03        1
2201 1.274635e-06        1
2202 7.481051e-04        1
2203 2.743454e-03        1
2204 1.004278e-04        1
2205 5.959335e-04        1
2206 1.151645e-04        1
2207 1.809930e-04        1
2208 3.255587e-05        1
2209 2.594005e-04        1
2210 9.728976e-05        1
2211 7.157581e-05        1
2212 1.905921e-04        1
2213 4.738701e-03        1
2214 7.119169e-04        1
2215 6.309218e-04        1
2216 2.043972e-04        1
2217 1.222574e-03        1
2218 1.790085e-05        1
2219 2.304354e-04        1
2220 1.206783e-04        1
2221 6.640674e-04        1
2222 2.283641e-06        1
2223 5.438615e-05        1
2224 6.352215e-04        1
2225 1.117106e-03        1
2226 2.584811e-04        1
2227 5.509744e-04        1
2228 1.889136e-03        1
2229 1.140979e-03        1
2230 1.623216e-04        1
2231 3.193415e-04        1
2232 4.124159e-04        1
2233 6.405583e-05        1
2234 3.856733e-04        1
2235 9.885671e-04        1
2236 3.035095e-06        1
2237 1.309984e-03        1
2238 5.384286e-05        1
2239 8.671724e-05        1
2240 4.828907e-06        1
2241 3.427834e-04        1
2242 2.103456e-05        1
2243 1.599236e-06        1
2244 1.016274e-03        1
2245 8.485816e-06        1
2246 3.476181e-05        1
2247 1.150932e-04        1
2248 5.377323e-04        1
2249 3.910712e-04        1
2250 2.197884e-05        1
2251 1.396236e-03        1
2252 6.178481e-05        1
2253 1.654403e-04        1
2254 1.065228e-07        1
2255 1.770155e-03        1
2256 6.532058e-04        1
2257 1.886025e-05        1
2258 1.490684e-03        1
2259 6.069738e-04        1
2260 8.457648e-04        1
2261 6.909391e-05        1
2262 2.697871e-03        1
2263 1.123278e-03        1
2264 1.394528e-05        1
2265 3.984157e-04        1
2266 2.466284e-03        1
2267 1.088694e-03        1
2268 6.377776e-06        1
2269 5.685591e-05        1
2270 1.067577e-05        1
2271 4.695168e-04        1
2272 1.839407e-04        1
2273 6.554359e-04        1
2274 4.090413e-04        1
2275 5.619663e-05        1
2276 1.118929e-03        1
2277 1.812277e-05        1
2278 7.792057e-05        1
2279 6.281096e-04        1
2280 4.765398e-05        1
2281 1.398031e-03        1
2282 3.552388e-04        1
2283 9.691859e-04        1
2284 8.794616e-05        1
2285 2.325321e-05        1
2286 3.778709e-03        1
2287 7.043816e-03        1
2288 7.941294e-06        1
2289 8.492230e-06        1
2290 6.448333e-04        1
2291 3.767851e-04        1
2292 1.964555e-03        1
2293 5.208098e-06        1
2294 7.031165e-04        1
2295 7.890037e-04        1
2296 8.177150e-05        1
2297 5.885218e-04        1
2298 2.122836e-03        1
2299 2.011455e-06        1
2300 3.852423e-05        1
2301 1.326404e-03        1
2302 3.249999e-03        1
2303 1.778832e-04        1
2304 1.695412e-03        1
2305 3.267655e-04        1
2306 1.001376e-05        1
2307 1.636015e-04        1
2308 8.741340e-06        1
2309 6.251069e-05        1
2310 3.133497e-04        1
2311 9.601155e-05        1
2312 2.420401e-03        1
2313 1.040638e-03        1
2314 4.165233e-05        1
2315 1.146034e-04        1
2316 9.893837e-04        1
2317 2.211867e-03        1
2318 2.141985e-04        1
2319 3.197305e-03        1
2320 9.372113e-04        1
2321 2.711625e-04        1
2322 1.890597e-04        1
2323 3.030640e-04        1
2324 4.375842e-08        1
2325 2.688603e-05        1
2326 4.131750e-05        1
2327 1.879584e-04        1
2328 8.894730e-05        1
2329 1.665542e-03        1
2330 9.045118e-04        1
2331 4.404878e-05        1
2332 6.403733e-04        1
2333 9.544804e-06        1
2334 2.378527e-04        1
2335 2.548305e-02        1
2336 6.340779e-04        1
2337 1.807873e-05        1
2338 1.236082e-02        1
2339 7.466696e-05        1
2340 5.913327e-09        1
2341 6.333282e-03        1
2342 2.350513e-03        1
2343 8.274067e-04        1
2344 4.038017e-03        1
2345 2.833089e-02        1
2346 4.524904e-02        1
2347 5.237035e-03        1
2348 2.633447e-05        1
2349 1.504354e-03        1
2350 1.184191e-04        1
2351 8.628253e-05        1
2352 3.305731e-04        1
2353 3.945979e-05        1
2354 5.477565e-07        1
2355 2.712540e-03        1
2356 3.792416e-03        1
2357 4.219251e-03        1
2358 1.259260e-04        1
2359 5.454946e-03        1
2360 4.626105e-04        1
2361 6.148682e-04        1
2362 3.319512e-06        1
2363 1.965245e-03        1
2364 2.539402e-04        1
2365 3.151105e-04        1
2366 1.905551e-04        1
2367 8.627617e-03        1
2368 1.970747e-04        1
2369 6.450235e-04        1
2370 2.060724e-03        1
2371 5.369579e-04        1
2372 3.615742e-04        1
2373 3.619195e-05        1
2374 3.373328e-04        1
2375 3.899721e-03        1
2376 4.093912e-05        1
2377 1.694932e-02        1
2378 4.747248e-03        1
2379 6.627219e-04        1
2380 1.744765e-02        1
2381 5.820403e-04        1
2382 3.587299e-02        1
2383 1.274735e-04        1
2384 7.141833e-05        1
2385 2.694171e-04        1
2386 2.460572e-04        1
2387 4.463837e-03        1
2388 7.043586e-04        1
2389 1.382720e-05        1
2390 3.803203e-07        1
2391 1.427740e-04        1
2392 5.056907e-03        1
2393 7.676216e-04        1
2394 1.745817e-04        1
2395 1.874929e-03        1
2396 1.091767e-03        1
2397 1.080487e-04        1
2398 7.084368e-05        1
2399 1.250734e-04        1
2400 7.324187e-04        1
2401 1.993796e-05        1
2402 1.816342e-04        1
2403 2.680579e-04        1
2404 1.568806e-04        1
2405 9.406508e-07        1
2406 8.538152e-03        1
2407 6.001871e-05        1
2408 9.643503e-06        1
2409 1.998758e-03        1
2410 5.350511e-06        1
2411 1.489096e-04        1
2412 3.626468e-03        1
2413 2.401340e-03        1
2414 7.934743e-04        1
2415 3.288669e-03        1
2416 2.015649e-04        1
2417 2.206179e-03        1
2418 3.353217e-03        1
2419 1.242993e-05        1
2420 1.469873e-04        1
2421 5.475207e-04        1
2422 1.534642e-03        1
2423 2.021493e-05        1
2424 6.253084e-03        1
2425 1.067889e-05        1
2426 3.312374e-07        1
2427 4.970855e-03        1
2428 6.994695e-04        1
2429 3.087893e-04        1
2430 5.007572e-05        1
2431 1.031618e-06        1
2432 1.154276e-03        1
2433 1.104736e-03        1
2434 7.810271e-04        1
2435 4.381305e-05        1
2436 3.390533e-05        1
2437 1.712851e-05        1
2438 7.307666e-04        1
2439 2.913446e-04        1
2440 4.719026e-04        1
2441 5.762174e-05        1
2442 1.231145e-04        1
2443 2.797745e-05        1
2444 8.063367e-03        1
2445 2.906498e-03        1
2446 1.062596e-02        1
2447 3.021615e-05        1
2448 2.492625e-03        1
2449 4.675757e-04        1
2450 7.781554e-02        1
2451 4.934335e-03        1
2452 3.505308e-04        1
2453 8.779159e-05        1
2454 1.931077e-03        1
2455 3.843342e-03        1
2456 1.138714e-03        1
2457 3.995132e-04        1
2458 2.087370e-05        1
2459 1.805155e-05        1
2460 3.513296e-05        1
2461 1.289909e-03        1
2462 1.336862e-03        1
2463 3.378242e-03        1
2464 2.239485e-02        1
2465 5.741171e-04        1
2466 2.190180e-03        1
2467 2.149380e-04        1
2468 1.308957e-03        1
2469 3.704150e-05        1
2470 7.445602e-05        1
2471 8.460668e-03        1
2472 3.495142e-09        1
2473 1.259517e-04        1
2474 1.811498e-04        1
2475 8.960313e-05        1
2476 2.795113e-04        1
2477 6.067783e-04        1
2478 1.015940e-03        1
2479 4.337200e-05        1
2480 1.905458e-04        1
2481 9.453535e-04        1
2482 1.982387e-08        1
2483 1.802866e-05        1
2484 4.013541e-04        1
2485 2.228621e-03        1
2486 4.140559e-05        1
2487 2.320937e-05        1
2488 2.469936e-04        1
2489 1.210814e-04        1
2490 2.263513e-02        1
2491 2.710781e-02        1
2492 4.526898e-05        1
2493 2.026339e-04        1
2494 1.515474e-05        1
2495 6.090009e-04        1
2496 5.064739e-04        1
2497 2.486827e-06        1
2498 5.161912e-04        1
2499 5.536559e-04        1
2500 1.103952e-02        1
2501 5.809396e-05        1
2502 3.722377e-05        1
2503 1.503153e-02        1
2504 2.166423e-03        1
2505 1.501475e-04        1
2506 2.162506e-03        1
2507 2.320749e-03        1
2508 2.487853e-04        1
2509 4.511132e-04        1
2510 3.636483e-04        1
2511 4.401936e-04        1
2512 3.009470e-03        1
2513 2.317283e-04        1
2514 1.060787e-02        1
2515 3.155905e-03        1
2516 4.997171e-03        1
2517 1.231875e-03        1
2518 3.311285e-03        1
2519 7.748851e-07        1
2520 2.272941e-04        1
2521 2.423338e-04        1
2522 1.146295e-05        1
2523 3.780077e-04        1
2524 6.949615e-04        1
2525 1.406074e-06        1
2526 1.327670e-03        1
2527 2.126776e-04        1
2528 6.872130e-05        1
2529 4.311658e-03        1
2530 9.608326e-05        1
2531 3.088526e-04        1
2532 7.261286e-03        1
2533 5.229506e-03        1
2534 9.078746e-05        1
2535 1.294376e-02        1
2536 4.229093e-03        1
2537 3.014697e-02        1
2538 1.069938e-04        1
2539 1.373236e-05        1
2540 2.878745e-06        1
2541 1.714103e-05        1
2542 1.866534e-04        1
2543 1.967273e-03        1
2544 2.782150e-04        1
2545 2.848728e-03        1
2546 9.513790e-04        1
2547 5.805269e-04        1
2548 3.636897e-04        1
2549 5.075102e-03        1
2550 2.039361e-05        1
2551 8.341517e-05        1
2552 3.143842e-04        1
2553 3.906227e-05        1
2554 7.747350e-03        1
2555 4.671139e-04        1
2556 1.610469e-03        1
2557 3.990079e-05        1
2558 7.259355e-04        1
2559 2.282547e-04        1
2560 2.462494e-04        1
2561 4.326901e-04        1
2562 1.701131e-03        1
2563 6.776391e-04        1
2564 2.383691e-04        1
2565 6.995315e-04        1
2566 1.033582e-05        1
2567 3.480818e-05        1
2568 1.831174e-04        1
2569 1.694869e-03        1
2570 1.683515e-04        1
2571 8.648556e-04        1
2572 1.150935e-04        1
2573 5.158921e-03        1
2574 1.005420e-05        1
2575 2.978704e-04        1
2576 6.790756e-03        1
2577 3.257708e-06        1
2578 6.722688e-04        1
2579 4.945308e-04        1
2580 2.926478e-04        1
2581 1.991348e-04        1
2582 1.307456e-05        1
2583 2.819755e-04        1
2584 3.657210e-04        1
2585 3.685541e-05        1
2586 4.315383e-05        1
2587 4.771485e-05        1
2588 5.526213e-05        1
2589 4.915780e-03        1
2590 8.559423e-05        1
2591 1.677923e-02        1
2592 4.551106e-03        1
2593 8.376186e-06        1
2594 1.465031e-05        1
2595 3.101688e-06        1
2596 1.288399e-06        1
2597 2.478587e-03        1
2598 6.432427e-03        1
2599 1.601353e-04        1
2600 7.033308e-04        1
2601 1.388394e-04        1
2602 6.882485e-05        1
2603 1.930220e-04        1
2604 3.141121e-05        1
2605 6.565476e-05        1
2606 3.805748e-04        1
2607 4.234162e-03        1
2608 4.362548e-05        1
2609 1.375634e-03        1
2610 3.744864e-08        1
2611 9.647265e-03        1
2612 8.098746e-05        1
2613 2.125427e-04        1
2614 1.417447e-03        1
2615 1.351850e-05        1
2616 6.583198e-05        1
2617 2.516235e-04        1
2618 2.131679e-03        1
2619 1.162138e-02        1
2620 7.749363e-04        1
2621 6.600123e-03        1
2622 7.305880e-03        1
2623 1.688505e-02        1
2624 3.510729e-04        1
2625 1.139242e-04        1
2626 1.002618e-02        1
2627 1.078895e-04        1
2628 9.188701e-04        1
2629 9.982177e-04        1
2630 1.030029e-02        1
2631 3.604666e-03        1
2632 2.122800e-04        1
2633 1.506877e-04        1
2634 1.325177e-03        1
2635 8.205393e-04        1
2636 2.897056e-04        1
2637 1.261245e-05        1
2638 6.869473e-04        1
2639 2.138724e-04        1
2640 2.655737e-05        1
2641 7.198389e-05        1
2642 1.703965e-04        1
2643 3.175643e-03        1
2644 1.352870e-03        1
2645 1.416432e-03        1
2646 6.590581e-07        1
2647 1.750956e-04        1
2648 9.029879e-03        1
2649 3.358257e-04        1
2650 3.019674e-04        1
2651 2.930660e-04        1
2652 4.673754e-06        1
2653 2.880122e-03        1
2654 2.501120e-04        1
2655 1.206173e-04        1
2656 3.246293e-04        1
2657 9.548310e-04        1
2658 2.265524e-04        1
2659 3.654311e-03        1
2660 9.119156e-06        1
2661 1.274328e-03        1
2662 9.554582e-03        1
2663 6.024603e-04        1
2664 2.866291e-04        1
2665 2.102702e-04        1
2666 4.734007e-03        1
2667 7.098665e-04        1
2668 5.284667e-03        1
2669 8.247901e-05        1
2670 8.850154e-06        1
2671 5.346931e-03        1
2672 8.568129e-05        1
2673 3.931241e-04        1
2674 4.869855e-03        1
2675 4.673263e-03        1
2676 1.279425e-02        1
2677 1.152304e-03        1
2678 1.969761e-03        1
2679 7.846189e-06        1
2680 8.809939e-04        1
2681 2.364785e-03        1
2682 4.942945e-07        1
2683 5.768941e-06        1
2684 3.632000e-03        1
2685 5.743118e-03        1
2686 1.698577e-04        1
2687 2.591543e-04        1
2688 6.599511e-06        1
2689 8.828833e-04        1
2690 8.761502e-06        1
2691 1.205893e-04        1
2692 9.239184e-04        1
2693 2.863498e-02        1
2694 3.531134e-04        1
2695 3.619745e-03        1
2696 3.764907e-03        1
2697 3.410214e-05        1
2698 2.256424e-03        1
2699 4.116267e-03        1
2700 1.256199e-04        1
2701 8.567605e-04        1
2702 3.882681e-05        1
2703 1.447603e-03        1
2704 5.398742e-03        1
2705 2.588052e-04        1
2706 1.678831e-03        1
2707 2.083667e-03        1
2708 1.596640e-04        1
2709 4.231671e-06        1
2710 9.578357e-05        1
2711 1.943427e-04        1
2712 1.057146e-04        1
2713 1.331065e-02        1
2714 2.248249e-05        1
2715 4.751014e-03        1
2716 1.695469e-03        1
2717 5.780445e-03        1
2718 1.761749e-03        1
2719 1.479967e-05        1
2720 1.633751e-04        1
2721 1.342982e-05        1
2722 7.682877e-03        1
2723 1.326268e-02        1
2724 8.961801e-03        1
2725 1.403505e-06        1
2726 5.363573e-04        1
2727 3.674091e-04        1
2728 1.454068e-04        1
2729 4.858569e-05        1
2730 1.802504e-04        1
2731 2.887495e-04        1
2732 3.483139e-06        1
2733 4.299145e-04        1
2734 1.217264e-04        1
2735 4.980032e-04        1
2736 2.692366e-05        1
2737 1.941561e-05        1
2738 3.537980e-05        1
2739 3.890572e-04        1
2740 2.859410e-04        1
2741 6.357526e-04        1
2742 4.378742e-07        1
2743 4.727174e-04        1
2744 2.133112e-03        1
2745 2.102499e-05        1
2746 7.648339e-04        1
2747 8.999229e-05        1
2748 3.423386e-04        1
2749 6.844571e-04        1
2750 1.282136e-04        1
2751 2.353338e-04        1
2752 1.664380e-03        1
2753 5.313892e-05        1
2754 6.983420e-04        1
2755 8.557214e-05        1
2756 2.789208e-05        1
2757 6.573654e-03        1
2758 2.101680e-04        1
2759 4.735332e-04        1
2760 5.688382e-06        1
2761 3.120061e-03        1
2762 6.859624e-04        1
2763 2.198949e-04        1
2764 1.338234e-04        1
2765 3.516289e-03        1
2766 1.543764e-04        1
2767 9.264969e-05        1
2768 4.753128e-05        1
2769 7.358207e-04        1
2770 9.482525e-04        1
2771 2.437868e-04        1
2772 4.284345e-04        1
2773 9.353852e-04        1
2774 3.003099e-02        1
2775 5.230512e-02        1
2776 1.750227e-05        1
2777 1.277441e-04        1
2778 2.607025e-03        1
2779 1.532212e-04        1
2780 1.152211e-06        1
2781 2.454198e-05        1
2782 2.031287e-05        1
2783 1.548010e-03        1
2784 8.542028e-04        1
2785 1.073706e-03        1
2786 1.333660e-03        1
2787 2.638342e-05        1
2788 1.856117e-03        1
2789 2.752040e-04        1
2790 8.203618e-04        1
2791 1.524650e-04        1
2792 5.216817e-03        1
2793 4.034585e-04        1
2794 1.692041e-04        1
2795 1.939755e-04        1
2796 2.387430e-04        1
2797 9.116938e-04        1
2798 3.566675e-03        1
2799 6.865406e-04        1
2800 3.024884e-04        1
2801 1.817789e-03        1
2802 7.722079e-03        1
2803 4.410011e-04        1
2804 5.267173e-04        1
2805 6.560198e-03        1
2806 3.477542e-04        1
2807 1.224441e-04        1
2808 7.169186e-07        1
2809 4.000281e-05        1
2810 2.669123e-04        1
2811 3.023978e-03        1
2812 2.498403e-04        1
2813 1.092680e-03        1
2814 1.163611e-05        1
2815 1.673213e-03        1
2816 2.254782e-05        1
2817 1.445865e-04        1
2818 7.654826e-04        1
2819 3.548603e-04        1
2820 2.984435e-05        1
2821 1.283511e-03        1
2822 1.655131e-03        1
2823 3.329517e-04        1
2824 1.322209e-05        1
2825 1.393201e-03        1
2826 3.787862e-04        1
2827 1.051561e-07        1
2828 1.058878e-03        1
2829 1.975744e-04        1
2830 1.886478e-03        1
2831 6.087469e-05        1
2832 3.305764e-04        1
2833 5.258641e-04        1
2834 7.137841e-05        1
2835 3.133626e-03        1
2836 9.726224e-07        1
2837 6.948560e-05        1
2838 1.081977e-03        1
2839 1.036896e-04        1
2840 6.362380e-05        1
2841 4.975079e-06        1
2842 5.594689e-04        1
2843 7.963002e-05        1
2844 3.820347e-04        1
2845 7.994842e-04        1
2846 1.288437e-03        1
2847 3.077246e-05        1
2848 3.206372e-04        1
2849 8.533095e-05        1
2850 1.887634e-05        1
2851 1.450436e-04        1
2852 1.399382e-04        1
2853 1.359825e-05        1
2854 3.928117e-04        1
2855 1.448435e-04        1
2856 3.166122e-04        1
2857 2.358032e-04        1
2858 7.206656e-04        1
2859 3.632595e-04        1
2860 1.423910e-07        1
2861 6.548508e-04        1
2862 1.871718e-04        1
2863 1.377268e-06        1
2864 1.475508e-03        1
2865 2.339831e-05        1
2866 1.853817e-07        1
2867 1.125137e-04        1
2868 1.610884e-05        1
2869 1.027029e-04        1
2870 3.416103e-06        1
2871 5.753256e-05        1
2872 3.526130e-03        1
2873 1.505120e-04        1
2874 1.492025e-04        1
2875 9.799510e-04        1
2876 2.012111e-04        1
2877 2.351682e-03        1
2878 1.539983e-03        1
2879 1.411302e-04        1
2880 1.828261e-05        1
2881 6.583112e-04        1
2882 7.029123e-03        1
2883 1.717705e-04        1
2884 3.527904e-04        1
2885 3.042940e-04        1
2886 1.776227e-04        1
2887 6.849760e-04        1
2888 1.663332e-03        1
2889 2.421868e-04        1
2890 3.996845e-04        1
2891 2.041687e-03        1
2892 2.830090e-04        1
2893 4.787919e-07        1
2894 2.913993e-04        1
2895 1.103784e-04        1
2896 6.775754e-05        1
2897 2.582114e-05        1
2898 1.552081e-04        1
2899 7.779851e-04        1
2900 4.682919e-04        1
2901 3.268177e-03        1
2902 7.192265e-06        1
2903 1.010097e-04        1
2904 9.895932e-04        1
2905 9.625847e-04        1
2906 1.059282e-05        1
2907 2.139342e-04        1
2908 1.772164e-10        1
2909 3.304549e-04        1
2910 2.818918e-05        1
2911 4.625371e-05        1
2912 4.029149e-03        1
2913 5.192894e-04        1
2914 6.625267e-03        1
2915 1.172289e-03        1
2916 1.168129e-04        1
2917 2.488561e-03        1
2918 9.778031e-04        1
2919 5.593949e-04        1
2920 4.182829e-04        1
2921 5.346616e-04        1
2922 6.703390e-04        1
2923 4.363277e-06        1
2924 6.695460e-04        1
2925 1.656151e-04        1
2926 2.013043e-04        1
2927 2.228696e-04        1
2928 4.228934e-05        1
2929 4.577586e-04        1
2930 1.400308e-04        1
2931 1.585178e-09        1
2932 9.238592e-05        1
2933 1.260562e-04        1
2934 1.624500e-03        1
2935 1.547949e-03        1
2936 4.914729e-03        1
2937 4.052389e-04        1
2938 2.429373e-03        1
2939 2.064541e-04        1
2940 2.116694e-05        1
2941 2.509934e-05        1
2942 5.207667e-04        1
2943 5.709764e-05        1
2944 5.582586e-04        1
2945 1.369102e-03        1
2946 9.823520e-05        1
2947 5.393230e-04        1
2948 4.266931e-04        1
2949 5.921544e-06        1
2950 3.419836e-04        1
2951 4.258030e-06        1
2952 5.395027e-04        1
2953 1.450135e-06        1
2954 5.514100e-07        1
2955 4.355589e-05        1
2956 6.668537e-04        1
2957 5.272228e-05        1
2958 1.295700e-06        1
2959 4.945574e-04        1
2960 1.559668e-04        1
2961 7.164436e-05        1
2962 1.356346e-04        1
2963 3.576923e-05        1
2964 1.757291e-05        1
2965 4.982763e-05        1
2966 3.702241e-04        1
2967 4.779773e-04        1
2968 3.441114e-07        1
2969 1.568044e-03        1
2970 1.576364e-03        1
2971 6.195798e-04        1
2972 1.244835e-05        1
2973 1.626033e-06        1
2974 1.536914e-05        1
2975 1.096074e-03        1
2976 4.373574e-05        1
2977 5.909752e-04        1
2978 5.597905e-05        1
2979 5.338839e-05        1
2980 3.434385e-10        1
2981 4.716071e-04        1
2982 3.968729e-04        1
2983 2.218906e-06        1
2984 4.956951e-04        1
2985 1.056866e-04        1

$`MR-PRESSO results`$`Distortion Test`
$`MR-PRESSO results`$`Distortion Test`$`Outliers Indices`
[1] 2011

$`MR-PRESSO results`$`Distortion Test`$`Distortion Coefficient`
beta.exposure 
     2.892042 

$`MR-PRESSO results`$`Distortion Test`$Pvalue
[1] 0.92142



