$`Main MR results`
       Exposure       MR Analysis Causal Estimate           Sd   T-stat
1 beta.exposure               Raw    0.0005145580 0.0003182709 1.616730
2 beta.exposure Outlier-corrected    0.0005639453 0.0003151860 1.789246
     P-value
1 0.10606703
2 0.07370044

$`MR-PRESSO results`
$`MR-PRESSO results`$`Global Test`
$`MR-PRESSO results`$`Global Test`$RSSobs
[1] 3163.69

$`MR-PRESSO results`$`Global Test`$Pvalue
[1] "<1e-05"


$`MR-PRESSO results`$`Outlier Test`
           RSSobs  Pvalue
1    1.421955e-07       1
2    3.632333e-06       1
3    7.839631e-06       1
4    1.405760e-07       1
5    1.812522e-05       1
6    2.841190e-05       1
7    4.896997e-06       1
8    2.577273e-06       1
9    7.980927e-06       1
10   2.218190e-06       1
11   1.262821e-05       1
12   3.889618e-05       1
13   4.122535e-05       1
14   6.140513e-06       1
15   1.013609e-04       1
16   3.778800e-06       1
17   4.051463e-05       1
18   1.882520e-06       1
19   1.530616e-05       1
20   5.759885e-06       1
21   2.616083e-06       1
22   2.203598e-06       1
23   2.916661e-06       1
24   2.334887e-07       1
25   5.568739e-07       1
26   4.027109e-09       1
27   3.055882e-06       1
28   4.909044e-06       1
29   3.182374e-05       1
30   1.719353e-08       1
31   3.890885e-06       1
32   3.033211e-06       1
33   7.964844e-06       1
34   1.293244e-06       1
35   9.155211e-09       1
36   8.736737e-06       1
37   9.333826e-06       1
38   4.325790e-07       1
39   2.157789e-07       1
40   2.074214e-08       1
41   4.794746e-06       1
42   2.095144e-05       1
43   1.886920e-06       1
44   3.714656e-07       1
45   2.372915e-06       1
46   2.129483e-05       1
47   1.063191e-07       1
48   6.777755e-05       1
49   7.886787e-06       1
50   3.596750e-06       1
51   5.546502e-06       1
52   3.765944e-08       1
53   3.841508e-07       1
54   1.143709e-06       1
55   1.173731e-05       1
56   2.262224e-06       1
57   2.233011e-05       1
58   4.637799e-06       1
59   1.501445e-07       1
60   7.287582e-10       1
61   1.467633e-05       1
62   5.044862e-06       1
63   2.604211e-05       1
64   7.640594e-06       1
65   6.877186e-06       1
66   1.211126e-07       1
67   1.714978e-06       1
68   8.079423e-07       1
69   5.243289e-06       1
70   1.617858e-05       1
71   3.928610e-06       1
72   3.093279e-05       1
73   2.893471e-07       1
74   1.320096e-06       1
75   8.109765e-06       1
76   2.407665e-05       1
77   9.816314e-06       1
78   3.745170e-07       1
79   2.653748e-06       1
80   1.880732e-05       1
81   1.545646e-05       1
82   4.627430e-05       1
83   7.310649e-06       1
84   2.436620e-05       1
85   1.280804e-06       1
86   7.648862e-05       1
87   2.153688e-06       1
88   3.526274e-05       1
89   2.350457e-05       1
90   5.747311e-07       1
91   7.604938e-06       1
92   3.821973e-05       1
93   1.913738e-06       1
94   1.092517e-05       1
95   4.153117e-06       1
96   8.638621e-06       1
97   4.945659e-05       1
98   8.480357e-06       1
99   7.812372e-07       1
100  2.752802e-06       1
101  5.368547e-06       1
102  5.400936e-06       1
103  1.183419e-06       1
104  2.521674e-05       1
105  3.958689e-06       1
106  2.002190e-06       1
107  1.446956e-06       1
108  7.581280e-06       1
109  7.067699e-08       1
110  3.101680e-06       1
111  7.921438e-06       1
112  1.777632e-06       1
113  1.412600e-06       1
114  1.307321e-06       1
115  5.078267e-06       1
116  1.772457e-06       1
117  4.138620e-06       1
118  7.467143e-06       1
119  2.967891e-06       1
120  4.501751e-06       1
121  1.292185e-05       1
122  1.381182e-06       1
123  7.865898e-06       1
124  3.119210e-05       1
125  1.625182e-05       1
126  5.289272e-05       1
127  1.472513e-05       1
128  2.111721e-07       1
129  1.791332e-06       1
130  2.642308e-05       1
131  1.887562e-05       1
132  5.453329e-06       1
133  4.860857e-07       1
134  4.502798e-06       1
135  2.071185e-05       1
136  5.164629e-05       1
137  2.262550e-05       1
138  1.987291e-06       1
139  1.102787e-05       1
140  3.722534e-05       1
141  9.697604e-06       1
142  7.739635e-07       1
143  2.514220e-06       1
144  2.826123e-07       1
145  1.709862e-05       1
146  5.612021e-06       1
147  8.536799e-07       1
148  4.249309e-06       1
149  7.124478e-09       1
150  9.257452e-06       1
151  4.621754e-08       1
152  2.506922e-06       1
153  3.303545e-07       1
154  2.834846e-06       1
155  1.825517e-07       1
156  1.318273e-05       1
157  8.544435e-06       1
158  2.038833e-05       1
159  1.684448e-06       1
160  3.633347e-07       1
161  1.241670e-05       1
162  4.582894e-06       1
163  6.034656e-06       1
164  2.600339e-07       1
165  4.611255e-05       1
166  1.254847e-05       1
167  7.996312e-07       1
168  3.212343e-06       1
169  1.056360e-05       1
170  8.926857e-06       1
171  7.102428e-05       1
172  5.453381e-06       1
173  2.418891e-08       1
174  3.354822e-07       1
175  1.546073e-05       1
176  1.039888e-05       1
177  3.762620e-05       1
178  1.435607e-05       1
179  3.804642e-08       1
180  1.354071e-04  0.3146
181  3.063653e-05       1
182  9.324924e-07       1
183  2.105430e-06       1
184  1.681801e-05       1
185  2.071001e-08       1
186  1.531731e-06       1
187  1.179172e-05       1
188  3.064525e-05       1
189  1.916588e-06       1
190  9.047398e-06       1
191  1.989131e-05       1
192  9.082934e-06       1
193  4.071858e-07       1
194  7.374173e-06       1
195  8.278657e-06       1
196  1.989987e-05       1
197  2.795232e-06       1
198  3.838304e-05       1
199  1.336083e-06       1
200  2.380625e-07       1
201  3.289576e-06       1
202  8.800889e-07       1
203  1.458405e-05       1
204  2.017838e-05       1
205  7.912383e-06       1
206  1.302650e-06       1
207  1.376733e-07       1
208  4.532112e-05       1
209  2.039664e-05       1
210  2.683065e-05       1
211  3.847371e-05       1
212  1.954875e-05       1
213  3.754212e-06       1
214  2.123305e-05       1
215  1.614053e-06       1
216  3.024861e-06       1
217  1.191772e-05       1
218  2.662256e-06       1
219  3.521772e-06       1
220  6.455004e-06       1
221  4.052306e-06       1
222  3.164614e-06       1
223  1.976002e-06       1
224  4.189272e-08       1
225  2.666299e-05       1
226  4.216975e-06       1
227  3.262271e-07       1
228  8.348759e-06       1
229  4.244433e-08       1
230  3.837993e-06       1
231  4.395137e-05       1
232  5.891416e-06       1
233  2.255289e-05       1
234  1.223812e-05       1
235  1.264956e-05       1
236  1.107198e-05       1
237  4.585169e-06       1
238  3.108201e-05       1
239  5.249489e-05       1
240  8.704837e-07       1
241  2.590237e-06       1
242  5.866802e-07       1
243  2.081197e-05       1
244  1.230099e-05       1
245  2.953883e-05       1
246  2.987431e-08       1
247  7.584201e-06       1
248  2.105106e-05       1
249  3.009815e-05       1
250  5.704286e-06       1
251  1.663281e-07       1
252  1.486155e-05       1
253  1.029579e-07       1
254  5.718763e-06       1
255  3.632522e-07       1
256  2.442490e-06       1
257  7.651801e-07       1
258  1.370893e-05       1
259  5.366993e-05       1
260  1.698606e-05       1
261  3.253358e-05       1
262  3.373784e-08       1
263  7.462114e-06       1
264  1.434636e-06       1
265  5.108554e-05       1
266  5.039834e-06       1
267  6.053115e-06       1
268  2.781396e-06       1
269  1.497660e-05       1
270  7.355856e-08       1
271  1.857972e-05       1
272  7.704352e-06       1
273  9.691348e-05       1
274  6.609458e-06       1
275  3.861737e-07       1
276  1.733998e-07       1
277  2.152235e-05       1
278  2.964772e-07       1
279  3.774373e-05       1
280  4.014798e-05       1
281  1.177915e-05       1
282  5.997702e-06       1
283  6.702229e-07       1
284  1.665207e-06       1
285  6.513398e-06       1
286  5.196973e-07       1
287  2.362014e-06       1
288  5.171077e-05       1
289  2.494777e-05       1
290  1.308150e-06       1
291  2.014081e-06       1
292  1.184710e-07       1
293  8.709886e-06       1
294  9.586360e-06       1
295  4.806599e-08       1
296  9.328851e-07       1
297  2.440506e-06       1
298  1.129376e-05       1
299  1.224061e-05       1
300  2.202460e-07       1
301  2.153032e-06       1
302  2.757389e-05       1
303  2.388063e-05       1
304  3.610638e-06       1
305  5.117965e-05       1
306  1.860993e-06       1
307  7.467415e-05       1
308  2.988285e-07       1
309  1.736233e-05       1
310  8.365412e-06       1
311  5.757415e-06       1
312  4.347428e-06       1
313  8.541298e-06       1
314  2.765133e-06       1
315  1.266491e-06       1
316  6.022403e-06       1
317  7.412642e-07       1
318  3.860504e-06       1
319  1.155878e-06       1
320  3.932806e-07       1
321  2.238024e-06       1
322  1.623432e-05       1
323  5.595494e-05       1
324  3.143949e-06       1
325  7.649535e-05       1
326  8.198338e-06       1
327  4.846940e-06       1
328  6.890455e-06       1
329  2.270686e-05       1
330  7.230413e-06       1
331  1.870970e-08       1
332  1.254028e-05       1
333  3.017806e-06       1
334  6.048012e-07       1
335  5.877740e-06       1
336  4.709022e-07       1
337  1.733886e-05       1
338  3.860852e-06       1
339  2.115729e-05       1
340  1.232995e-07       1
341  1.014075e-06       1
342  2.625302e-05       1
343  1.128297e-05       1
344  5.710291e-07       1
345  5.569357e-05       1
346  2.348271e-06       1
347  7.015080e-06       1
348  3.934374e-06       1
349  5.637222e-05       1
350  2.061551e-04 <0.0242
351  2.577190e-07       1
352  3.441575e-07       1
353  1.841744e-08       1
354  5.498182e-06       1
355  2.341302e-06       1
356  8.619416e-06       1
357  5.780756e-07       1
358  1.339500e-05       1
359  1.295028e-06       1
360  1.435721e-05       1
361  1.101770e-05       1
362  6.028597e-07       1
363  2.696072e-06       1
364  1.334312e-05       1
365  5.739083e-06       1
366  3.463363e-07       1
367  9.728629e-06       1
368  2.111408e-06       1
369  8.094422e-06       1
370  4.915770e-07       1
371  2.345984e-06       1
372  6.321743e-06       1
373  4.191114e-07       1
374  6.534591e-08       1
375  8.952239e-06       1
376  1.340424e-05       1
377  7.858415e-06       1
378  9.514205e-06       1
379  1.381659e-06       1
380  1.942881e-05       1
381  7.865119e-06       1
382  4.224087e-06       1
383  2.321843e-06       1
384  1.271464e-05       1
385  8.835891e-06       1
386  6.814641e-06       1
387  2.193210e-05       1
388  1.550613e-07       1
389  2.410140e-08       1
390  2.055739e-06       1
391  4.414406e-07       1
392  3.620567e-06       1
393  5.747467e-12       1
394  3.962610e-05       1
395  9.508208e-06       1
396  1.838354e-05       1
397  2.502746e-06       1
398  1.812205e-05       1
399  4.659984e-09       1
400  2.885011e-05       1
401  5.068332e-07       1
402  6.522844e-06       1
403  1.595519e-05       1
404  2.927223e-08       1
405  2.466920e-06       1
406  4.269795e-05       1
407  9.705952e-08       1
408  2.737696e-05       1
409  2.682177e-06       1
410  4.149279e-06       1
411  1.660801e-05       1
412  2.811396e-05       1
413  4.336502e-05       1
414  3.837417e-05       1
415  5.907438e-05       1
416  3.326115e-05       1
417  1.306452e-05       1
418  2.959419e-06       1
419  3.020629e-07       1
420  5.322249e-05       1
421  4.979571e-08       1
422  3.765852e-05       1
423  1.402082e-06       1
424  5.738062e-08       1
425  1.050583e-05       1
426  1.893453e-07       1
427  2.336873e-05       1
428  6.077879e-06       1
429  6.855522e-09       1
430  1.533807e-06       1
431  2.495691e-05       1
432  1.105688e-05       1
433  2.609057e-09       1
434  3.862674e-05       1
435  1.302795e-05       1
436  4.995212e-07       1
437  5.821058e-07       1
438  8.671083e-07       1
439  4.878281e-05       1
440  6.119768e-05       1
441  3.001890e-05       1
442  2.541373e-08       1
443  2.810866e-05       1
444  8.245514e-06       1
445  9.775479e-06       1
446  1.496133e-06       1
447  2.679682e-06       1
448  5.462066e-06       1
449  3.811720e-06       1
450  8.588744e-06       1
451  1.016877e-06       1
452  5.072596e-06       1
453  1.469977e-06       1
454  1.535228e-05       1
455  2.705389e-05       1
456  1.637251e-06       1
457  2.476819e-07       1
458  2.295625e-05       1
459  1.493350e-05       1
460  8.510564e-07       1
461  2.210382e-07       1
462  2.507996e-05       1
463  2.603888e-05       1
464  1.939656e-06       1
465  3.358458e-07       1
466  4.043502e-07       1
467  9.474443e-09       1
468  1.683168e-05       1
469  1.781896e-06       1
470  5.779173e-06       1
471  6.412548e-06       1
472  5.479936e-06       1
473  9.437577e-06       1
474  2.684255e-07       1
475  2.060036e-05       1
476  2.120117e-08       1
477  1.815209e-06       1
478  3.063825e-11       1
479  1.272563e-06       1
480  1.625722e-06       1
481  7.946312e-07       1
482  9.626363e-06       1
483  1.196354e-06       1
484  2.647025e-05       1
485  4.997560e-05       1
486  1.482775e-06       1
487  1.218833e-06       1
488  8.758477e-07       1
489  8.937649e-06       1
490  5.208463e-05       1
491  5.859878e-06       1
492  1.564997e-06       1
493  1.561489e-05       1
494  2.155724e-06       1
495  3.902678e-06       1
496  9.599783e-06       1
497  1.392151e-06       1
498  9.816682e-06       1
499  8.744799e-08       1
500  7.667078e-05       1
501  6.875542e-06       1
502  1.562471e-05       1
503  1.835945e-06       1
504  1.366673e-09       1
505  2.320720e-05       1
506  7.055249e-05       1
507  2.408505e-06       1
508  5.171442e-07       1
509  1.989927e-06       1
510  7.370399e-06       1
511  5.953397e-05       1
512  5.403080e-08       1
513  1.826853e-05       1
514  7.319111e-06       1
515  3.696984e-07       1
516  9.639548e-06       1
517  4.794094e-06       1
518  1.053754e-05       1
519  5.346090e-07       1
520  1.450161e-06       1
521  1.599152e-06       1
522  1.278845e-06       1
523  4.091161e-06       1
524  1.093553e-05       1
525  4.044721e-07       1
526  5.100706e-08       1
527  3.915143e-06       1
528  1.163109e-06       1
529  3.421543e-07       1
530  1.802434e-05       1
531  4.214802e-06       1
532  1.501976e-09       1
533  7.256063e-06       1
534  7.976861e-06       1
535  1.942536e-05       1
536  1.707951e-05       1
537  2.718739e-05       1
538  1.421815e-05       1
539  2.173674e-05       1
540  3.971279e-07       1
541  6.133383e-06       1
542  2.387539e-05       1
543  1.850994e-05       1
544  1.271983e-06       1
545  4.728767e-05       1
546  1.452477e-05       1
547  2.601997e-05       1
548  6.299672e-08       1
549  6.021042e-06       1
550  4.693935e-06       1
551  9.593072e-05       1
552  1.662705e-06       1
553  6.343052e-05       1
554  1.856498e-06       1
555  7.174956e-06       1
556  2.616504e-06       1
557  4.066521e-05       1
558  1.973673e-06       1
559  9.622802e-08       1
560  3.261494e-06       1
561  3.072055e-05       1
562  1.624694e-05       1
563  3.110962e-06       1
564  7.775848e-06       1
565  6.796389e-06       1
566  2.567087e-07       1
567  1.054317e-06       1
568  8.140705e-06       1
569  1.831187e-06       1
570  1.234814e-06       1
571  8.822054e-07       1
572  1.782634e-06       1
573  2.811856e-06       1
574  5.301557e-05       1
575  3.072836e-07       1
576  1.067230e-04       1
577  3.228296e-07       1
578  4.842050e-06       1
579  2.756126e-05       1
580  6.984549e-06       1
581  6.325693e-07       1
582  1.619878e-06       1
583  6.007855e-08       1
584  6.654631e-07       1
585  1.754551e-05       1
586  1.198226e-05       1
587  3.338152e-05       1
588  1.224169e-06       1
589  1.063997e-05       1
590  1.045465e-06       1
591  1.711622e-06       1
592  6.738570e-07       1
593  2.552954e-06       1
594  1.936806e-05       1
595  5.233295e-06       1
596  3.016075e-08       1
597  1.480303e-04  0.1694
598  8.764436e-08       1
599  5.766170e-07       1
600  1.710039e-05       1
601  1.881143e-05       1
602  1.916083e-06       1
603  4.875946e-07       1
604  8.943116e-08       1
605  2.198904e-05       1
606  9.946488e-06       1
607  2.553761e-05       1
608  1.826236e-08       1
609  1.472964e-05       1
610  7.081442e-06       1
611  1.390367e-05       1
612  3.808993e-09       1
613  1.888431e-07       1
614  5.852638e-08       1
615  5.706489e-05       1
616  9.275011e-06       1
617  2.755655e-07       1
618  2.920599e-05       1
619  1.551220e-06       1
620  1.094685e-07       1
621  1.837433e-06       1
622  1.574528e-05       1
623  1.052731e-05       1
624  9.426160e-07       1
625  1.787402e-07       1
626  1.032192e-05       1
627  2.649434e-05       1
628  4.589904e-07       1
629  4.364166e-06       1
630  5.884096e-06       1
631  2.003609e-09       1
632  2.549344e-05       1
633  1.184555e-06       1
634  1.223920e-06       1
635  2.780061e-06       1
636  1.485237e-05       1
637  4.620574e-06       1
638  3.389550e-06       1
639  1.992294e-05       1
640  5.625362e-07       1
641  4.940410e-08       1
642  6.219930e-07       1
643  1.441762e-05       1
644  2.020527e-05       1
645  1.935568e-05       1
646  3.587985e-06       1
647  7.302683e-06       1
648  1.226505e-05       1
649  4.906535e-08       1
650  4.680774e-06       1
651  5.541799e-05       1
652  1.326427e-05       1
653  3.000393e-05       1
654  7.562818e-06       1
655  4.604326e-06       1
656  3.210167e-06       1
657  6.408155e-06       1
658  3.894548e-06       1
659  8.028384e-09       1
660  8.450550e-07       1
661  2.364493e-05       1
662  2.992985e-07       1
663  5.609755e-07       1
664  7.457451e-06       1
665  5.039896e-06       1
666  2.087684e-06       1
667  5.689007e-05       1
668  2.181471e-05       1
669  1.992195e-06       1
670  4.050586e-07       1
671  9.053973e-06       1
672  2.961468e-07       1
673  3.048131e-05       1
674  6.299592e-06       1
675  2.902651e-06       1
676  3.673733e-06       1
677  9.917288e-07       1
678  7.166685e-08       1
679  1.279443e-05       1
680  5.499761e-06       1
681  4.846430e-06       1
682  1.339727e-05       1
683  1.694853e-05       1
684  1.928124e-05       1
685  6.156502e-05       1
686  2.406320e-06       1
687  1.694760e-06       1
688  3.663177e-06       1
689  5.905839e-06       1
690  4.600427e-06       1
691  4.805458e-05       1
692  3.148214e-05       1
693  7.980208e-09       1
694  1.099004e-08       1
695  1.530030e-05       1
696  5.924351e-07       1
697  2.310706e-07       1
698  1.227342e-06       1
699  4.182392e-06       1
700  4.317773e-05       1
701  1.203659e-05       1
702  9.396920e-06       1
703  2.738818e-06       1
704  2.445714e-07       1
705  1.358030e-06       1
706  4.940705e-06       1
707  5.284719e-07       1
708  1.488641e-06       1
709  2.027210e-05       1
710  6.591931e-07       1
711  5.226956e-06       1
712  1.673886e-06       1
713  1.328117e-05       1
714  2.198117e-08       1
715  4.611737e-06       1
716  4.963004e-07       1
717  4.536600e-06       1
718  3.020591e-05       1
719  4.205530e-06       1
720  1.474276e-05       1
721  2.032402e-05       1
722  2.661765e-05       1
723  4.622281e-07       1
724  7.337600e-05       1
725  1.609171e-05       1
726  9.649656e-06       1
727  2.286252e-07       1
728  6.207379e-06       1
729  1.106073e-07       1
730  1.826161e-06       1
731  2.460737e-05       1
732  3.487744e-06       1
733  1.295516e-06       1
734  1.385118e-06       1
735  2.060613e-05       1
736  2.934561e-08       1
737  3.143453e-07       1
738  9.515139e-06       1
739  8.035645e-06       1
740  3.978719e-06       1
741  3.154862e-06       1
742  3.642826e-06       1
743  7.254360e-06       1
744  7.730795e-06       1
745  8.934280e-07       1
746  1.655089e-05       1
747  3.675934e-06       1
748  7.098863e-06       1
749  2.352597e-05       1
750  1.560364e-05       1
751  1.274932e-06       1
752  1.268903e-07       1
753  1.211058e-05       1
754  2.803968e-05       1
755  3.403014e-07       1
756  2.584650e-06       1
757  1.369369e-05       1
758  5.404286e-08       1
759  1.409879e-05       1
760  1.280875e-06       1
761  1.559136e-06       1
762  6.230070e-06       1
763  3.729475e-05       1
764  8.844896e-06       1
765  3.275435e-07       1
766  1.036695e-05       1
767  1.707470e-05       1
768  1.575894e-05       1
769  7.585323e-06       1
770  4.661844e-08       1
771  3.550429e-05       1
772  3.843386e-07       1
773  5.534887e-06       1
774  4.641211e-08       1
775  7.936707e-07       1
776  5.794915e-07       1
777  1.941541e-05       1
778  8.361742e-06       1
779  8.332995e-07       1
780  1.408920e-05       1
781  3.662058e-06       1
782  2.038920e-07       1
783  3.223134e-06       1
784  3.684199e-09       1
785  1.341683e-05       1
786  1.780998e-05       1
787  2.616955e-06       1
788  3.634045e-08       1
789  6.627077e-06       1
790  5.746629e-06       1
791  8.194947e-06       1
792  4.896757e-06       1
793  2.175167e-05       1
794  1.305569e-05       1
795  7.388084e-06       1
796  1.381678e-06       1
797  2.029486e-06       1
798  2.387933e-06       1
799  5.616797e-05       1
800  2.379761e-06       1
801  1.444864e-06       1
802  2.029223e-06       1
803  3.003082e-07       1
804  3.748007e-06       1
805  5.664474e-10       1
806  1.530252e-05       1
807  5.281351e-05       1
808  9.373310e-05       1
809  1.893511e-09       1
810  4.670408e-07       1
811  4.919258e-06       1
812  1.128088e-05       1
813  1.766306e-05       1
814  4.249528e-06       1
815  3.838523e-07       1
816  1.592883e-06       1
817  5.273733e-06       1
818  1.770836e-06       1
819  1.062347e-05       1
820  1.449335e-07       1
821  4.399307e-08       1
822  3.407443e-06       1
823  5.135933e-05       1
824  6.955959e-07       1
825  5.831747e-07       1
826  1.419921e-05       1
827  1.008517e-06       1
828  2.012628e-05       1
829  8.860551e-06       1
830  8.768182e-06       1
831  1.264007e-05       1
832  9.108937e-06       1
833  4.326760e-06       1
834  1.354596e-05       1
835  6.459028e-06       1
836  1.950926e-05       1
837  8.039968e-06       1
838  1.854407e-05       1
839  3.780729e-05       1
840  1.413425e-07       1
841  1.622649e-05       1
842  1.285696e-05       1
843  7.658140e-08       1
844  2.280666e-07       1
845  1.019658e-05       1
846  3.017464e-06       1
847  6.585663e-06       1
848  6.706011e-06       1
849  2.180875e-07       1
850  5.859463e-07       1
851  2.252950e-05       1
852  1.917806e-05       1
853  1.072100e-06       1
854  3.392213e-06       1
855  1.432708e-05       1
856  8.734489e-06       1
857  4.659604e-05       1
858  2.626717e-06       1
859  1.398549e-06       1
860  2.004564e-06       1
861  2.174103e-05       1
862  3.282534e-06       1
863  3.427933e-08       1
864  1.444385e-06       1
865  4.082397e-05       1
866  2.928853e-06       1
867  8.961946e-06       1
868  3.061287e-06       1
869  2.917954e-06       1
870  1.205655e-05       1
871  1.603114e-06       1
872  2.981910e-05       1
873  3.412438e-06       1
874  5.315693e-06       1
875  1.154826e-07       1
876  2.281391e-07       1
877  2.369136e-06       1
878  1.532403e-06       1
879  8.245546e-07       1
880  1.377763e-05       1
881  2.170230e-06       1
882  8.227107e-06       1
883  5.605026e-06       1
884  1.483068e-07       1
885  4.099579e-06       1
886  5.311862e-06       1
887  2.390871e-05       1
888  1.247452e-05       1
889  3.909963e-06       1
890  1.018379e-07       1
891  1.783507e-07       1
892  3.511643e-05       1
893  1.469914e-05       1
894  1.228564e-05       1
895  1.393138e-05       1
896  1.196392e-06       1
897  1.320259e-06       1
898  3.918866e-06       1
899  7.129551e-07       1
900  1.233313e-05       1
901  1.207195e-05       1
902  2.507494e-05       1
903  1.491407e-07       1
904  1.293004e-05       1
905  1.236793e-05       1
906  2.912023e-07       1
907  1.969146e-05       1
908  1.385751e-05       1
909  4.676707e-06       1
910  3.161212e-05       1
911  1.249689e-06       1
912  9.419143e-07       1
913  4.357938e-06       1
914  1.645131e-05       1
915  2.240639e-05       1
916  1.157290e-05       1
917  2.411977e-07       1
918  3.879459e-06       1
919  7.115688e-06       1
920  7.377103e-06       1
921  1.084044e-07       1
922  1.593567e-05       1
923  1.719149e-06       1
924  2.080445e-05       1
925  2.099505e-05       1
926  3.442798e-05       1
927  3.840354e-06       1
928  1.841845e-07       1
929  2.307273e-06       1
930  1.841000e-05       1
931  7.440743e-06       1
932  1.717895e-05       1
933  2.511664e-06       1
934  9.016578e-07       1
935  5.306398e-07       1
936  1.505099e-06       1
937  5.584760e-07       1
938  2.332383e-06       1
939  4.946463e-05       1
940  2.224143e-06       1
941  9.190165e-06       1
942  1.370494e-05       1
943  1.915006e-06       1
944  1.923425e-08       1
945  5.879689e-06       1
946  4.409433e-06       1
947  3.709500e-06       1
948  5.563086e-08       1
949  3.361282e-06       1
950  6.416298e-07       1
951  5.383234e-06       1
952  9.932391e-06       1
953  1.062677e-06       1
954  2.318448e-10       1
955  2.939629e-06       1
956  5.411238e-06       1
957  6.098517e-07       1
958  1.443326e-05       1
959  1.789405e-06       1
960  1.977155e-05       1
961  1.897882e-06       1
962  3.923689e-06       1
963  1.403396e-05       1
964  4.290520e-05       1
965  2.540274e-08       1
966  1.015833e-07       1
967  2.675482e-06       1
968  1.163175e-06       1
969  8.669905e-06       1
970  3.573544e-05       1
971  9.477596e-07       1
972  8.568856e-05       1
973  1.504333e-06       1
974  8.783921e-06       1
975  1.825637e-06       1
976  8.206085e-06       1
977  1.601815e-08       1
978  1.162272e-05       1
979  2.357486e-06       1
980  2.643738e-05       1
981  7.624829e-06       1
982  9.328728e-06       1
983  9.531531e-07       1
984  3.124366e-07       1
985  9.671693e-08       1
986  5.610368e-05       1
987  3.175467e-06       1
988  1.105672e-05       1
989  6.951478e-06       1
990  6.383424e-07       1
991  3.144367e-06       1
992  9.856908e-06       1
993  1.729313e-06       1
994  3.255040e-06       1
995  1.558041e-08       1
996  2.459818e-05       1
997  2.040555e-08       1
998  1.512582e-05       1
999  5.151701e-06       1
1000 2.765063e-05       1
1001 7.468318e-07       1
1002 1.918708e-10       1
1003 9.051552e-07       1
1004 1.312927e-05       1
1005 1.501038e-07       1
1006 2.402049e-05       1
1007 1.285486e-06       1
1008 1.250317e-09       1
1009 2.837514e-06       1
1010 3.901722e-07       1
1011 2.317172e-06       1
1012 2.507234e-06       1
1013 6.182053e-05       1
1014 5.411409e-06       1
1015 6.500154e-06       1
1016 1.230692e-05       1
1017 8.240658e-09       1
1018 2.750820e-05       1
1019 3.129745e-05       1
1020 1.279519e-05       1
1021 1.413034e-05       1
1022 5.097354e-06       1
1023 7.516078e-06       1
1024 1.521135e-08       1
1025 2.114607e-05       1
1026 3.977506e-06       1
1027 3.778043e-07       1
1028 9.639636e-06       1
1029 6.505954e-06       1
1030 1.342157e-06       1
1031 5.456760e-07       1
1032 2.092241e-06       1
1033 7.890642e-09       1
1034 1.733781e-08       1
1035 7.711871e-06       1
1036 4.388620e-05       1
1037 2.643551e-05       1
1038 8.612309e-06       1
1039 8.443257e-06       1
1040 5.133475e-06       1
1041 3.999892e-06       1
1042 1.199406e-05       1
1043 2.548448e-05       1
1044 1.725021e-05       1
1045 6.357509e-06       1
1046 3.987946e-05       1
1047 2.713194e-05       1
1048 8.355603e-07       1
1049 3.859444e-05       1
1050 3.293200e-06       1
1051 1.362147e-06       1
1052 2.534901e-10       1
1053 1.682560e-05       1
1054 2.729310e-07       1
1055 1.020324e-04       1
1056 1.612917e-09       1
1057 3.259865e-05       1
1058 3.436691e-05       1
1059 3.480285e-06       1
1060 3.114501e-06       1
1061 6.505721e-05       1
1062 4.590566e-07       1
1063 1.498473e-05       1
1064 5.448653e-06       1
1065 7.749219e-06       1
1066 1.132710e-05       1
1067 7.517245e-08       1
1068 7.338797e-07       1
1069 1.075561e-05       1
1070 1.952477e-06       1
1071 1.293879e-06       1
1072 2.996013e-06       1
1073 4.678577e-06       1
1074 3.386960e-06       1
1075 7.784206e-07       1
1076 3.075436e-07       1
1077 2.640324e-06       1
1078 1.962577e-06       1
1079 1.531092e-07       1
1080 9.950171e-07       1
1081 6.971249e-06       1
1082 8.715225e-06       1
1083 2.383991e-05       1
1084 5.640378e-08       1
1085 5.838958e-07       1
1086 6.462795e-06       1
1087 4.623248e-06       1
1088 8.636605e-06       1
1089 2.390236e-08       1
1090 4.371986e-06       1
1091 9.435390e-07       1
1092 2.468489e-06       1
1093 2.345023e-05       1
1094 1.130524e-06       1
1095 6.252317e-06       1
1096 1.012424e-05       1
1097 1.220347e-07       1
1098 7.828881e-06       1
1099 1.999130e-06       1
1100 3.704603e-08       1
1101 5.091336e-06       1
1102 4.134664e-05       1
1103 4.670261e-06       1
1104 4.180189e-06       1
1105 4.608991e-06       1
1106 2.336364e-06       1
1107 2.356668e-05       1
1108 7.021116e-07       1
1109 1.054515e-05       1
1110 2.611376e-09       1
1111 1.344603e-06       1
1112 1.390025e-06       1
1113 1.753864e-05       1
1114 8.502975e-06       1
1115 4.192444e-05       1
1116 1.064242e-05       1
1117 2.731892e-05       1
1118 8.162533e-06       1
1119 9.693813e-07       1
1120 1.472745e-05       1
1121 2.997000e-06       1
1122 2.446372e-07       1
1123 1.022233e-06       1
1124 1.642546e-05       1
1125 3.974007e-08       1
1126 1.453538e-07       1
1127 2.988768e-07       1
1128 5.444227e-06       1
1129 4.686836e-06       1
1130 5.915986e-06       1
1131 1.875602e-06       1
1132 3.900354e-06       1
1133 1.720783e-08       1
1134 6.189835e-05       1
1135 5.000397e-07       1
1136 2.804154e-05       1
1137 4.999039e-05       1
1138 1.426529e-05       1
1139 3.932361e-05       1
1140 6.262897e-06       1
1141 5.055390e-05       1
1142 8.746293e-06       1
1143 2.722865e-07       1
1144 4.518648e-05       1
1145 1.164632e-05       1
1146 1.249107e-05       1
1147 3.738414e-06       1
1148 1.542105e-06       1
1149 2.608458e-05       1
1150 8.248921e-06       1
1151 6.840255e-05       1
1152 2.221889e-07       1
1153 2.967357e-06       1
1154 2.225867e-06       1
1155 4.025978e-06       1
1156 3.467118e-06       1
1157 2.548551e-05       1
1158 1.093871e-07       1
1159 8.181478e-06       1
1160 6.291366e-06       1
1161 1.255367e-05       1
1162 7.634927e-06       1
1163 3.411315e-06       1
1164 1.126418e-04  0.7744
1165 4.330049e-07       1
1166 1.468504e-07       1
1167 4.861288e-05       1
1168 1.210467e-05       1
1169 4.814316e-05       1
1170 1.213341e-05       1
1171 1.464722e-10       1
1172 6.150246e-07       1
1173 2.344118e-05       1
1174 1.545408e-05       1
1175 3.397921e-07       1
1176 1.503745e-05       1
1177 2.392545e-05       1
1178 4.429088e-05       1
1179 1.889536e-05       1
1180 2.102267e-05       1
1181 5.077646e-05       1
1182 2.520885e-07       1
1183 1.333970e-05       1
1184 4.751641e-06       1
1185 1.429301e-05       1
1186 7.960092e-06       1
1187 1.665023e-06       1
1188 2.744720e-10       1
1189 1.925471e-05       1
1190 6.553679e-06       1
1191 4.685699e-06       1
1192 7.815621e-05       1
1193 2.303733e-05       1
1194 1.392331e-06       1
1195 4.418320e-05       1
1196 9.271112e-06       1
1197 8.884319e-07       1
1198 1.129593e-06       1
1199 1.618477e-05       1
1200 4.315260e-07       1
1201 3.816827e-05       1
1202 8.679633e-06       1
1203 1.171133e-05       1
1204 2.687656e-06       1
1205 7.005318e-06       1
1206 2.540482e-05       1
1207 1.990591e-05       1
1208 3.721818e-05       1
1209 1.073304e-05       1
1210 7.220919e-07       1
1211 8.913743e-06       1
1212 1.301196e-05       1
1213 8.885146e-05       1
1214 4.100814e-07       1
1215 1.380312e-05       1
1216 8.468758e-06       1
1217 2.015992e-08       1
1218 8.499540e-06       1
1219 1.143090e-05       1
1220 1.557257e-07       1
1221 9.510092e-07       1
1222 1.405610e-05       1
1223 4.516185e-05       1
1224 7.282687e-06       1
1225 5.728655e-06       1
1226 2.964079e-05       1
1227 5.939470e-06       1
1228 2.772175e-06       1
1229 1.711784e-05       1
1230 1.263879e-05       1
1231 2.366440e-05       1
1232 1.687760e-05       1
1233 3.530943e-05       1
1234 2.559841e-05       1
1235 4.204734e-06       1
1236 2.093142e-07       1
1237 1.184349e-06       1
1238 4.405826e-05       1
1239 7.941106e-07       1
1240 1.761454e-05       1
1241 2.848086e-06       1
1242 1.092634e-06       1
1243 4.525562e-05       1
1244 4.558634e-07       1
1245 4.759556e-05       1
1246 7.054240e-06       1
1247 3.830806e-05       1
1248 5.458096e-06       1
1249 2.592109e-06       1
1250 6.580440e-07       1
1251 2.310413e-05       1
1252 2.534913e-05       1
1253 1.334908e-05       1
1254 3.393203e-06       1
1255 6.467876e-06       1
1256 1.137794e-05       1
1257 1.127859e-04  0.9196
1258 4.508896e-05       1
1259 5.673540e-06       1
1260 4.870130e-06       1
1261 9.559032e-07       1
1262 7.304263e-07       1
1263 7.034160e-06       1
1264 2.952802e-06       1
1265 2.917231e-05       1
1266 6.916537e-06       1
1267 1.943900e-05       1
1268 1.119402e-05       1
1269 9.623871e-07       1
1270 3.350231e-06       1
1271 2.376494e-06       1
1272 1.316098e-05       1
1273 1.020219e-05       1
1274 3.103050e-05       1
1275 3.989881e-06       1
1276 7.980309e-06       1
1277 8.039545e-08       1
1278 7.009254e-06       1
1279 2.572085e-06       1
1280 2.052702e-05       1
1281 1.600537e-05       1
1282 8.223513e-06       1
1283 1.479810e-06       1
1284 1.801665e-06       1
1285 5.667029e-06       1
1286 2.073765e-05       1
1287 4.675161e-07       1
1288 4.704395e-08       1
1289 2.762465e-05       1
1290 3.104363e-07       1
1291 2.091604e-06       1
1292 2.925951e-06       1
1293 2.011101e-05       1
1294 2.520885e-06       1
1295 9.114441e-07       1
1296 6.996794e-05       1
1297 4.061856e-05       1
1298 5.261091e-06       1
1299 1.041607e-06       1
1300 3.421140e-05       1
1301 1.068131e-05       1
1302 5.107547e-05       1
1303 4.395035e-09       1
1304 1.549236e-05       1
1305 6.689379e-07       1
1306 2.153833e-05       1
1307 3.260831e-05       1
1308 6.824174e-06       1
1309 3.692342e-06       1
1310 1.324492e-04   0.363
1311 1.238533e-06       1
1312 4.418691e-06       1
1313 6.016807e-06       1
1314 1.241002e-05       1
1315 2.673844e-07       1
1316 6.871102e-07       1
1317 2.475626e-05       1
1318 1.280432e-05       1
1319 3.562852e-07       1
1320 5.722165e-08       1
1321 1.889632e-05       1
1322 2.798891e-06       1
1323 9.852040e-06       1
1324 3.323969e-05       1
1325 8.785234e-14       1
1326 2.701050e-07       1
1327 9.032082e-07       1
1328 1.277837e-06       1
1329 7.324565e-07       1
1330 7.913088e-08       1
1331 3.410155e-06       1
1332 1.893031e-07       1
1333 8.759725e-06       1
1334 8.280866e-08       1
1335 6.923089e-06       1
1336 4.494224e-06       1
1337 4.924665e-07       1
1338 5.240510e-06       1
1339 2.516006e-07       1
1340 1.027940e-05       1
1341 8.856127e-08       1
1342 6.945621e-07       1
1343 3.013908e-06       1
1344 3.349550e-06       1
1345 1.047892e-05       1
1346 2.087426e-05       1
1347 2.197323e-06       1
1348 8.112957e-10       1
1349 1.590125e-05       1
1350 2.610509e-06       1
1351 4.324889e-06       1
1352 1.380761e-05       1
1353 1.188579e-05       1
1354 7.225713e-06       1
1355 1.891793e-05       1
1356 1.165984e-05       1
1357 3.885885e-05       1
1358 8.354670e-06       1
1359 4.421971e-06       1
1360 3.333027e-07       1
1361 1.247609e-06       1
1362 3.590489e-05       1
1363 3.579451e-07       1
1364 3.171356e-07       1
1365 3.265496e-06       1
1366 1.456060e-05       1
1367 5.239625e-06       1
1368 1.083102e-07       1
1369 1.155561e-06       1
1370 1.818329e-07       1
1371 5.920793e-07       1
1372 3.032107e-05       1
1373 4.203172e-06       1
1374 1.892944e-05       1
1375 7.252828e-06       1
1376 1.452749e-05       1
1377 3.011083e-05       1
1378 7.849653e-06       1
1379 2.700523e-05       1
1380 5.574313e-07       1
1381 5.223459e-05       1
1382 1.702334e-05       1
1383 7.451857e-07       1
1384 5.031087e-06       1
1385 3.530776e-09       1
1386 7.601446e-07       1
1387 5.583517e-07       1
1388 3.243588e-08       1
1389 3.774952e-07       1
1390 2.041848e-05       1
1391 1.203977e-06       1
1392 9.019192e-06       1
1393 7.692262e-05       1
1394 4.672880e-05       1
1395 1.309459e-07       1
1396 1.395248e-06       1
1397 8.543879e-07       1
1398 3.802115e-06       1
1399 2.080745e-05       1
1400 9.262186e-06       1
1401 3.174330e-06       1
1402 4.143822e-06       1
1403 1.566344e-06       1
1404 5.117517e-07       1
1405 1.348094e-05       1
1406 8.562011e-06       1
1407 2.532115e-07       1
1408 7.779010e-06       1
1409 4.139578e-06       1
1410 1.561020e-06       1
1411 1.070704e-04       1
1412 1.047073e-05       1
1413 2.158128e-05       1
1414 4.530071e-05       1
1415 1.115777e-05       1
1416 9.416603e-06       1
1417 2.264503e-05       1
1418 2.185731e-06       1
1419 4.282083e-08       1
1420 5.129414e-07       1
1421 1.689074e-06       1
1422 2.819007e-06       1
1423 1.457761e-05       1
1424 4.650161e-06       1
1425 1.656917e-05       1
1426 1.561350e-07       1
1427 3.215519e-07       1
1428 5.466694e-06       1
1429 5.951459e-08       1
1430 5.320342e-07       1
1431 1.655832e-06       1
1432 2.018256e-05       1
1433 2.443014e-05       1
1434 5.856364e-05       1
1435 3.657517e-06       1
1436 7.852904e-07       1
1437 2.368218e-06       1
1438 4.032465e-05       1
1439 4.440363e-07       1
1440 2.611596e-07       1
1441 8.105931e-06       1
1442 3.555899e-05       1
1443 1.832276e-06       1
1444 3.695488e-06       1
1445 1.397124e-06       1
1446 1.105156e-05       1
1447 5.231988e-07       1
1448 2.158359e-05       1
1449 5.494878e-05       1
1450 1.658221e-05       1
1451 2.841476e-08       1
1452 1.941190e-07       1
1453 1.242097e-08       1
1454 9.552097e-08       1
1455 2.826687e-07       1
1456 1.920708e-08       1
1457 1.199207e-05       1
1458 1.550704e-06       1
1459 3.980369e-06       1
1460 2.607303e-07       1
1461 4.109749e-05       1
1462 6.109739e-06       1
1463 9.797713e-06       1
1464 2.483724e-06       1
1465 2.902778e-05       1
1466 6.614213e-06       1
1467 2.252404e-05       1
1468 1.231205e-05       1
1469 1.108006e-05       1
1470 1.073663e-06       1
1471 6.360716e-06       1
1472 2.718102e-07       1
1473 6.492306e-08       1
1474 4.365616e-06       1
1475 4.006974e-05       1
1476 3.501990e-06       1
1477 1.908226e-09       1
1478 2.323939e-06       1
1479 1.161772e-05       1
1480 4.109763e-05       1
1481 4.461752e-09       1
1482 3.583890e-05       1
1483 5.309366e-06       1
1484 1.369412e-05       1
1485 2.059776e-05       1
1486 2.604049e-05       1
1487 8.616836e-06       1
1488 6.995467e-06       1
1489 2.717348e-05       1
1490 3.217007e-06       1
1491 1.336056e-05       1
1492 2.598175e-06       1
1493 1.492527e-06       1
1494 7.109654e-06       1
1495 1.000202e-05       1
1496 1.257455e-05       1
1497 2.930847e-06       1
1498 7.594799e-06       1
1499 8.577323e-06       1
1500 1.736882e-06       1
1501 1.370492e-07       1
1502 2.118637e-08       1
1503 2.105890e-05       1
1504 7.416197e-09       1
1505 1.490580e-05       1
1506 1.954337e-06       1
1507 2.388926e-05       1
1508 4.226951e-07       1
1509 9.589868e-06       1
1510 9.302188e-06       1
1511 1.304634e-05       1
1512 4.743367e-08       1
1513 6.468738e-06       1
1514 8.504513e-06       1
1515 2.479368e-05       1
1516 4.191939e-06       1
1517 1.663386e-07       1
1518 8.606647e-05       1
1519 2.424576e-05       1
1520 4.885012e-06       1
1521 1.562348e-05       1
1522 1.575637e-05       1
1523 1.854273e-05       1
1524 2.671857e-05       1
1525 4.921128e-06       1
1526 7.054171e-06       1
1527 7.726616e-08       1
1528 2.819158e-06       1
1529 9.941240e-06       1
1530 4.705374e-06       1
1531 8.445372e-07       1
1532 3.899912e-07       1
1533 4.062384e-06       1
1534 1.409002e-05       1
1535 1.556757e-07       1
1536 3.796312e-07       1
1537 6.622926e-06       1
1538 1.238793e-06       1
1539 1.567606e-07       1
1540 4.831359e-07       1
1541 3.476348e-09       1
1542 2.904079e-05       1
1543 4.133768e-06       1
1544 4.256972e-06       1
1545 1.808642e-07       1
1546 3.109988e-05       1
1547 1.770055e-06       1
1548 4.115511e-05       1
1549 2.215043e-05       1
1550 2.982003e-06       1
1551 8.447428e-07       1
1552 2.507546e-06       1
1553 5.153640e-06       1
1554 1.402811e-05       1
1555 1.446210e-09       1
1556 8.521065e-07       1
1557 2.764762e-06       1
1558 8.091397e-06       1
1559 4.222912e-06       1
1560 9.652992e-08       1
1561 2.583725e-05       1
1562 5.818988e-05       1
1563 6.650720e-05       1
1564 3.887206e-06       1
1565 1.100844e-05       1
1566 4.843141e-06       1
1567 1.329525e-06       1
1568 7.427644e-05       1
1569 1.613036e-06       1
1570 1.900624e-06       1
1571 2.694305e-07       1
1572 9.215166e-06       1
1573 9.429153e-09       1
1574 9.075924e-06       1
1575 1.627745e-06       1
1576 5.062479e-07       1
1577 3.135270e-06       1
1578 1.565974e-05       1
1579 2.648405e-05       1
1580 9.982283e-07       1
1581 4.874550e-05       1
1582 1.180935e-08       1
1583 9.578595e-06       1
1584 1.494080e-05       1
1585 4.872183e-06       1
1586 7.796079e-06       1
1587 1.560954e-06       1
1588 3.273155e-05       1
1589 1.029897e-06       1
1590 7.294465e-07       1
1591 6.091306e-07       1
1592 1.007411e-05       1
1593 1.648081e-06       1
1594 2.927410e-05       1
1595 1.107605e-05       1
1596 6.778161e-06       1
1597 5.810918e-07       1
1598 5.728617e-06       1
1599 4.058052e-06       1
1600 4.020389e-06       1
1601 5.853313e-06       1
1602 2.645313e-06       1
1603 2.899772e-07       1
1604 3.811480e-06       1
1605 5.679714e-06       1
1606 2.151024e-07       1
1607 4.411798e-06       1
1608 1.397528e-05       1
1609 2.002882e-06       1
1610 5.825076e-06       1
1611 4.448511e-06       1
1612 7.487628e-07       1
1613 2.093755e-05       1
1614 3.959894e-07       1
1615 4.303688e-07       1
1616 3.638557e-06       1
1617 1.068880e-06       1
1618 4.404386e-06       1
1619 1.946541e-07       1
1620 1.053234e-05       1
1621 4.533054e-05       1
1622 3.652548e-05       1
1623 2.986981e-05       1
1624 5.378219e-05       1
1625 4.489120e-08       1
1626 3.708846e-07       1
1627 7.466654e-05       1
1628 6.540134e-06       1
1629 5.822071e-07       1
1630 5.550548e-07       1
1631 1.816840e-05       1
1632 7.723971e-06       1
1633 2.194557e-05       1
1634 8.200784e-07       1
1635 3.077495e-05       1
1636 3.588536e-07       1
1637 8.898590e-05       1
1638 2.041891e-05       1
1639 1.943372e-05       1
1640 1.892982e-05       1
1641 2.506569e-06       1
1642 2.013617e-06       1
1643 4.644415e-07       1
1644 9.479931e-06       1
1645 2.221507e-05       1
1646 5.857372e-07       1
1647 7.184402e-06       1
1648 2.068513e-05       1
1649 1.974100e-06       1
1650 1.578481e-06       1
1651 1.343227e-07       1
1652 4.207806e-06       1
1653 1.369548e-05       1
1654 1.555225e-06       1
1655 6.265266e-07       1
1656 2.360886e-05       1
1657 5.984014e-05       1
1658 1.066090e-05       1
1659 2.449544e-05       1
1660 2.651988e-05       1
1661 1.180571e-05       1
1662 8.202986e-06       1
1663 2.800827e-06       1
1664 1.404630e-05       1
1665 2.404537e-05       1
1666 5.731800e-06       1
1667 1.415751e-06       1
1668 5.677639e-06       1
1669 3.926169e-05       1
1670 2.877256e-05       1
1671 4.478337e-05       1
1672 2.927337e-05       1
1673 3.862237e-05       1
1674 2.074813e-05       1
1675 3.253863e-07       1
1676 3.962764e-05       1
1677 3.209186e-06       1
1678 2.004298e-06       1
1679 7.507864e-06       1
1680 7.504122e-06       1
1681 4.006557e-05       1
1682 2.665282e-06       1
1683 9.418798e-06       1
1684 7.477481e-05       1
1685 9.156826e-06       1
1686 4.771202e-07       1
1687 3.557725e-06       1
1688 1.022498e-05       1
1689 2.142794e-06       1
1690 2.113070e-06       1
1691 9.562228e-08       1
1692 9.488218e-06       1
1693 1.931581e-05       1
1694 1.151802e-06       1
1695 5.203023e-07       1
1696 1.212743e-07       1
1697 2.471737e-06       1
1698 1.562710e-05       1
1699 1.601193e-05       1
1700 2.112079e-08       1
1701 7.800588e-06       1
1702 4.877126e-07       1
1703 1.029093e-06       1
1704 1.288855e-05       1
1705 1.884589e-05       1
1706 4.683678e-06       1
1707 2.331129e-08       1
1708 1.332111e-08       1
1709 7.798463e-06       1
1710 2.371829e-06       1
1711 1.151396e-05       1
1712 9.062689e-07       1
1713 1.322889e-05       1
1714 1.301005e-05       1
1715 2.177254e-05       1
1716 6.268539e-06       1
1717 1.686822e-06       1
1718 1.566262e-06       1
1719 1.029063e-04       1
1720 6.598012e-06       1
1721 4.372228e-06       1
1722 1.414417e-06       1
1723 2.015954e-05       1
1724 9.387151e-07       1
1725 3.005384e-05       1
1726 9.661012e-07       1
1727 2.328894e-06       1
1728 2.214057e-05       1
1729 2.621359e-06       1
1730 4.218147e-08       1
1731 7.904118e-08       1
1732 5.268533e-06       1
1733 3.022628e-06       1
1734 1.339173e-05       1
1735 2.736286e-05       1
1736 1.275047e-06       1
1737 6.176729e-06       1
1738 1.899356e-06       1
1739 6.187320e-05       1
1740 2.229206e-05       1
1741 8.833718e-06       1
1742 7.953513e-05       1
1743 1.418830e-05       1
1744 1.515790e-05       1
1745 4.139069e-05       1
1746 2.020474e-07       1
1747 1.567989e-05       1
1748 8.326382e-06       1
1749 1.271991e-05       1
1750 1.388436e-05       1
1751 3.491042e-05       1
1752 6.648925e-05       1
1753 7.497325e-08       1
1754 3.081255e-07       1
1755 2.831105e-05       1
1756 2.225229e-06       1
1757 2.484600e-05       1
1758 2.561002e-05       1
1759 8.632069e-06       1
1760 3.974301e-06       1
1761 8.295200e-06       1
1762 6.821515e-08       1
1763 1.477070e-05       1
1764 1.831292e-05       1
1765 1.829179e-06       1
1766 5.922317e-06       1
1767 1.474921e-05       1
1768 4.273983e-07       1
1769 1.849798e-05       1
1770 1.158885e-05       1
1771 8.855545e-06       1
1772 5.520502e-10       1
1773 2.819769e-05       1
1774 1.267123e-07       1
1775 8.304473e-08       1
1776 2.750262e-05       1
1777 2.188844e-05       1
1778 2.782195e-05       1
1779 2.602143e-06       1
1780 5.383268e-06       1
1781 1.026796e-05       1
1782 1.305775e-06       1
1783 1.713759e-05       1
1784 1.797820e-05       1
1785 9.450488e-10       1
1786 3.782938e-06       1
1787 3.302749e-08       1
1788 2.125393e-07       1
1789 8.246244e-06       1
1790 3.271661e-06       1
1791 1.835924e-06       1
1792 2.671779e-06       1
1793 1.550281e-05       1
1794 2.725539e-07       1
1795 1.252811e-05       1
1796 2.163195e-05       1
1797 4.551402e-05       1
1798 1.116955e-05       1
1799 2.217221e-06       1
1800 9.007697e-06       1
1801 1.805433e-05       1
1802 5.815014e-06       1
1803 1.038289e-05       1
1804 3.193758e-05       1
1805 1.699576e-05       1
1806 2.562971e-06       1
1807 1.731970e-07       1
1808 4.065287e-05       1
1809 2.977748e-06       1
1810 7.615475e-06       1
1811 1.458560e-07       1
1812 1.663820e-05       1
1813 9.278206e-06       1
1814 1.331373e-05       1
1815 2.212906e-06       1
1816 2.309731e-05       1
1817 6.524594e-06       1
1818 3.526019e-06       1
1819 5.909819e-06       1
1820 4.744084e-06       1
1821 2.261538e-05       1
1822 8.709438e-08       1
1823 5.547755e-05       1
1824 2.006920e-05       1
1825 4.396963e-06       1
1826 2.190352e-05       1
1827 1.296882e-07       1
1828 4.870893e-06       1
1829 6.253048e-06       1
1830 3.492875e-05       1
1831 4.091109e-05       1
1832 3.451374e-07       1
1833 2.084156e-05       1
1834 8.552700e-06       1
1835 2.951228e-06       1
1836 3.704668e-05       1
1837 2.344321e-06       1
1838 3.172756e-06       1
1839 1.776365e-06       1
1840 1.630790e-06       1
1841 1.113119e-05       1
1842 2.942064e-07       1
1843 1.156575e-05       1
1844 7.356708e-07       1
1845 2.199415e-05       1
1846 5.511424e-06       1
1847 2.052397e-06       1
1848 4.652502e-06       1
1849 2.184754e-05       1
1850 2.200346e-06       1
1851 1.350647e-05       1
1852 1.260895e-05       1
1853 3.814320e-05       1
1854 5.425574e-08       1
1855 1.146572e-05       1
1856 1.169116e-06       1
1857 9.619164e-08       1
1858 2.225869e-05       1
1859 5.279958e-05       1
1860 4.940500e-05       1
1861 3.818724e-06       1
1862 1.514243e-04  0.1694
1863 6.289048e-06       1
1864 1.028374e-06       1
1865 4.570741e-09       1
1866 1.923820e-07       1
1867 7.007126e-06       1
1868 1.427470e-06       1
1869 6.883351e-05       1
1870 8.043508e-06       1
1871 5.721702e-06       1
1872 8.411827e-06       1
1873 4.858897e-06       1
1874 5.519259e-06       1
1875 2.461704e-07       1
1876 1.081014e-06       1
1877 1.745729e-06       1
1878 1.127037e-05       1
1879 6.709509e-08       1
1880 3.482704e-05       1
1881 2.188759e-05       1
1882 2.273037e-07       1
1883 1.164067e-05       1
1884 1.428092e-06       1
1885 1.436117e-06       1
1886 8.957154e-07       1
1887 2.648665e-06       1
1888 3.578077e-06       1
1889 1.463367e-05       1
1890 6.230793e-07       1
1891 9.885254e-06       1
1892 2.986230e-06       1
1893 2.038112e-06       1
1894 4.362203e-05       1
1895 1.620450e-05       1
1896 2.126713e-06       1
1897 3.179844e-07       1
1898 4.179776e-05       1
1899 1.313581e-06       1
1900 3.219452e-06       1
1901 5.021734e-06       1
1902 2.953317e-05       1
1903 1.421962e-06       1
1904 2.080002e-07       1
1905 1.406990e-06       1
1906 2.660538e-07       1
1907 3.363890e-06       1
1908 1.724932e-05       1
1909 2.562052e-09       1
1910 3.331679e-06       1
1911 1.230938e-06       1
1912 2.286681e-05       1
1913 6.787169e-06       1
1914 1.232720e-05       1
1915 9.894198e-07       1
1916 1.372808e-06       1
1917 5.431073e-06       1
1918 4.598312e-07       1
1919 2.356636e-05       1
1920 5.729585e-09       1
1921 1.524672e-06       1
1922 7.194435e-07       1
1923 4.026594e-06       1
1924 3.863018e-08       1
1925 8.007311e-06       1
1926 3.478261e-05       1
1927 2.550190e-06       1
1928 1.289650e-06       1
1929 2.038020e-05       1
1930 3.346115e-05       1
1931 1.095014e-07       1
1932 2.750359e-06       1
1933 1.360518e-05       1
1934 9.345235e-07       1
1935 9.091067e-07       1
1936 1.209413e-05       1
1937 2.225888e-05       1
1938 8.139122e-06       1
1939 2.007085e-06       1
1940 3.950837e-07       1
1941 1.876703e-07       1
1942 1.327146e-06       1
1943 1.123826e-05       1
1944 4.375879e-06       1
1945 7.118165e-06       1
1946 1.491988e-05       1
1947 2.485788e-05       1
1948 5.224610e-06       1
1949 9.944748e-06       1
1950 6.501453e-08       1
1951 1.403355e-07       1
1952 3.090483e-06       1
1953 1.665290e-05       1
1954 1.705929e-05       1
1955 3.043815e-06       1
1956 2.554561e-07       1
1957 2.590063e-06       1
1958 5.470307e-06       1
1959 7.513329e-07       1
1960 4.070592e-05       1
1961 4.221557e-06       1
1962 7.185722e-06       1
1963 4.010263e-05       1
1964 4.873404e-07       1
1965 6.524299e-08       1
1966 2.662230e-05       1
1967 1.335320e-05       1
1968 6.499456e-07       1
1969 7.375344e-06       1
1970 2.496793e-06       1
1971 2.527166e-05       1
1972 7.800349e-06       1
1973 5.851492e-06       1
1974 6.493517e-06       1
1975 3.812360e-06       1
1976 6.244897e-07       1
1977 9.446366e-06       1
1978 5.474612e-06       1
1979 1.045064e-05       1
1980 1.544278e-05       1
1981 7.718066e-07       1
1982 8.196317e-07       1
1983 6.132530e-06       1
1984 1.717929e-06       1
1985 1.312120e-05       1
1986 8.380973e-06       1
1987 6.064107e-06       1
1988 1.797142e-05       1
1989 4.375554e-06       1
1990 9.902601e-06       1
1991 1.840431e-07       1
1992 6.517578e-06       1
1993 2.142490e-07       1
1994 2.428368e-05       1
1995 2.205488e-05       1
1996 3.401177e-05       1
1997 5.445619e-06       1
1998 1.157593e-08       1
1999 1.035729e-05       1
2000 1.893729e-05       1
2001 2.327769e-06       1
2002 1.043333e-05       1
2003 1.951214e-06       1
2004 2.667742e-07       1
2005 6.207878e-07       1
2006 7.733284e-07       1
2007 1.171076e-06       1
2008 4.032786e-06       1
2009 6.055674e-07       1
2010 4.255264e-06       1
2011 9.042910e-06       1
2012 5.759882e-08       1
2013 3.097729e-07       1
2014 1.143197e-05       1
2015 1.056128e-07       1
2016 5.261964e-05       1
2017 3.996277e-06       1
2018 4.149780e-05       1
2019 2.363075e-05       1
2020 1.036451e-06       1
2021 1.961837e-05       1
2022 5.863831e-06       1
2023 2.915033e-06       1
2024 7.022935e-07       1
2025 2.900834e-06       1
2026 4.867601e-07       1
2027 1.312196e-06       1
2028 7.215741e-06       1
2029 1.361929e-05       1
2030 2.559659e-05       1
2031 1.689791e-05       1
2032 9.025034e-06       1
2033 7.473528e-08       1
2034 8.133292e-06       1
2035 6.228064e-07       1
2036 4.145704e-05       1
2037 1.065166e-06       1
2038 9.360622e-07       1
2039 4.423114e-05       1
2040 8.346816e-05       1
2041 2.234815e-06       1
2042 2.036739e-05       1
2043 1.310068e-05       1
2044 1.574284e-05       1
2045 1.839657e-05       1
2046 6.981738e-06       1
2047 2.698456e-05       1
2048 7.021292e-06       1
2049 1.532114e-06       1
2050 6.949888e-06       1
2051 1.797818e-05       1
2052 1.167545e-07       1
2053 1.459485e-05       1
2054 1.639907e-05       1
2055 6.757689e-07       1
2056 6.696521e-07       1
2057 9.005733e-06       1
2058 1.073869e-06       1
2059 1.051986e-06       1
2060 1.634807e-06       1
2061 3.304238e-06       1
2062 2.154252e-05       1
2063 9.557091e-08       1
2064 2.231679e-05       1
2065 6.434236e-06       1
2066 8.015559e-06       1
2067 2.353229e-07       1
2068 2.502726e-06       1
2069 8.433459e-07       1
2070 2.762178e-05       1
2071 1.515289e-06       1
2072 3.617299e-07       1
2073 6.885075e-07       1
2074 1.357268e-05       1
2075 1.887929e-06       1
2076 1.278426e-06       1
2077 5.936656e-07       1
2078 1.087461e-05       1
2079 3.262378e-06       1
2080 8.057279e-07       1
2081 7.048763e-07       1
2082 4.210642e-06       1
2083 5.582208e-06       1
2084 3.407896e-07       1
2085 3.907025e-06       1
2086 2.196506e-04 <0.0242
2087 1.499033e-05       1
2088 9.471119e-09       1
2089 9.432653e-07       1
2090 1.598143e-05       1
2091 2.847624e-05       1
2092 6.544235e-06       1
2093 1.631605e-06       1
2094 2.524008e-06       1
2095 4.451249e-07       1
2096 8.266143e-07       1
2097 5.458629e-06       1
2098 2.056368e-05       1
2099 6.982620e-06       1
2100 1.457683e-05       1
2101 5.731881e-07       1
2102 4.444046e-07       1
2103 5.978265e-06       1
2104 2.572494e-08       1
2105 9.042883e-06       1
2106 2.391639e-06       1
2107 1.153230e-05       1
2108 2.524367e-06       1
2109 1.527223e-06       1
2110 5.447327e-06       1
2111 4.820766e-08       1
2112 2.069520e-07       1
2113 3.827607e-06       1
2114 2.694591e-06       1
2115 1.251139e-05       1
2116 3.931445e-06       1
2117 3.630740e-05       1
2118 1.821037e-05       1
2119 1.806820e-05       1
2120 3.707586e-07       1
2121 1.525643e-05       1
2122 3.981835e-06       1
2123 8.780817e-06       1
2124 1.599572e-07       1
2125 1.005916e-05       1
2126 2.181875e-05       1
2127 1.301806e-06       1
2128 3.265326e-05       1
2129 9.783568e-08       1
2130 6.814990e-06       1
2131 4.034555e-06       1
2132 1.051755e-06       1
2133 1.231976e-05       1
2134 2.226768e-07       1
2135 1.737783e-09       1
2136 6.081793e-06       1
2137 6.096397e-06       1
2138 9.400399e-07       1
2139 2.126750e-05       1
2140 1.757228e-07       1
2141 6.594140e-06       1
2142 8.174789e-08       1
2143 3.225983e-07       1
2144 2.322776e-05       1
2145 1.099675e-07       1
2146 6.546976e-06       1
2147 4.079312e-06       1
2148 2.329382e-05       1
2149 1.259612e-05       1
2150 1.835575e-06       1
2151 3.140935e-06       1
2152 2.710457e-05       1
2153 6.089536e-06       1
2154 8.083108e-06       1
2155 1.822138e-06       1
2156 1.006970e-06       1
2157 3.232987e-06       1
2158 1.003079e-05       1
2159 5.358430e-07       1
2160 3.002308e-06       1
2161 1.393054e-05       1
2162 5.845579e-05       1
2163 2.701129e-05       1
2164 1.392699e-07       1
2165 3.448258e-05       1
2166 7.971944e-06       1
2167 3.316465e-07       1
2168 9.384177e-07       1
2169 2.867253e-05       1
2170 5.596777e-06       1
2171 2.511821e-06       1
2172 1.004510e-05       1
2173 1.625523e-05       1
2174 3.460672e-05       1
2175 3.203429e-07       1
2176 5.384091e-07       1
2177 1.229964e-05       1
2178 2.594868e-06       1
2179 7.218030e-06       1
2180 9.647087e-06       1
2181 2.115257e-06       1
2182 3.930938e-08       1
2183 1.273472e-05       1
2184 7.498160e-06       1
2185 9.779654e-08       1
2186 8.336022e-06       1
2187 1.305712e-05       1
2188 9.833337e-06       1
2189 8.201731e-09       1
2190 2.127207e-06       1
2191 1.052842e-05       1
2192 2.912038e-05       1
2193 6.256187e-06       1
2194 3.528276e-06       1
2195 1.696499e-06       1
2196 8.882572e-09       1
2197 5.395173e-07       1
2198 1.353626e-06       1
2199 2.306226e-05       1
2200 1.439439e-05       1
2201 2.531928e-05       1
2202 1.613863e-05       1
2203 4.091179e-06       1
2204 4.567809e-06       1
2205 4.050547e-06       1
2206 1.413985e-05       1
2207 4.946283e-07       1
2208 4.430733e-06       1
2209 8.265390e-06       1
2210 1.335105e-05       1
2211 2.977086e-07       1
2212 8.222095e-06       1
2213 6.344738e-06       1
2214 3.307459e-05       1
2215 5.369640e-06       1
2216 5.374633e-07       1
2217 1.596644e-05       1
2218 6.518837e-07       1
2219 2.126063e-05       1
2220 4.015899e-08       1
2221 5.171319e-06       1
2222 1.461567e-06       1
2223 2.228527e-05       1
2224 4.270259e-06       1
2225 2.318002e-06       1
2226 5.345402e-05       1
2227 1.315102e-05       1
2228 1.224835e-06       1
2229 1.624085e-05       1
2230 2.055466e-06       1
2231 2.435345e-06       1
2232 6.460571e-06       1
2233 3.041531e-07       1
2234 1.944075e-06       1
2235 7.387103e-06       1
2236 6.716467e-06       1
2237 1.753545e-07       1
2238 2.871629e-05       1
2239 4.954556e-06       1
2240 5.557802e-06       1
2241 1.242565e-05       1
2242 1.656029e-06       1
2243 1.683231e-05       1
2244 1.277489e-07       1
2245 1.839696e-05       1
2246 1.609824e-05       1
2247 7.239831e-06       1
2248 7.800476e-07       1
2249 3.585731e-07       1
2250 8.925811e-06       1
2251 7.032197e-07       1
2252 2.103131e-06       1
2253 4.817245e-05       1
2254 9.805150e-08       1
2255 3.806486e-06       1
2256 3.727441e-06       1
2257 5.634649e-06       1
2258 6.396142e-06       1
2259 2.079342e-05       1
2260 6.919616e-06       1
2261 3.825097e-08       1
2262 9.720567e-06       1
2263 1.228870e-05       1
2264 1.783021e-05       1
2265 4.708011e-08       1
2266 3.236090e-06       1
2267 2.496129e-06       1
2268 3.667091e-06       1
2269 1.717719e-06       1
2270 6.757821e-05       1
2271 3.641898e-06       1
2272 1.887629e-05       1
2273 7.078862e-06       1
2274 2.807739e-05       1
2275 4.730038e-05       1
2276 2.120576e-06       1
2277 3.269122e-08       1
2278 2.104606e-05       1
2279 7.000496e-05       1
2280 2.287396e-06       1
2281 1.815218e-08       1
2282 2.972716e-05       1
2283 3.620835e-07       1
2284 2.280822e-06       1
2285 2.712996e-06       1
2286 3.678028e-06       1
2287 2.785175e-06       1
2288 4.226243e-05       1
2289 1.242092e-05       1
2290 1.370873e-07       1
2291 6.915350e-07       1
2292 4.763451e-06       1
2293 8.082015e-05       1
2294 3.085820e-05       1
2295 2.242407e-06       1
2296 2.750529e-05       1
2297 4.012496e-05       1
2298 2.378682e-05       1
2299 1.135526e-06       1
2300 1.516385e-07       1
2301 1.508353e-05       1
2302 3.072927e-06       1
2303 8.519186e-06       1
2304 1.577707e-08       1
2305 4.141613e-07       1
2306 8.044078e-06       1
2307 1.297558e-05       1
2308 3.090583e-05       1
2309 2.679600e-05       1
2310 7.627166e-06       1
2311 6.612980e-06       1
2312 7.137499e-06       1
2313 8.047960e-07       1
2314 2.306350e-05       1
2315 5.839383e-05       1
2316 2.077682e-06       1
2317 1.975526e-07       1
2318 1.374132e-07       1
2319 9.710956e-06       1
2320 6.866150e-06       1
2321 1.202664e-06       1
2322 7.295917e-05       1
2323 1.104810e-06       1
2324 8.280730e-06       1
2325 4.243009e-05       1
2326 1.366737e-05       1
2327 5.610448e-06       1
2328 7.499181e-06       1
2329 2.011272e-06       1
2330 1.474392e-07       1
2331 7.213900e-08       1
2332 4.947956e-06       1
2333 2.883093e-05       1
2334 1.023705e-05       1
2335 8.892230e-05       1
2336 2.799566e-06       1
2337 9.811467e-07       1
2338 2.562182e-05       1
2339 2.833759e-07       1
2340 3.360788e-06       1
2341 4.967661e-06       1
2342 1.775486e-05       1
2343 3.207176e-05       1
2344 7.574698e-06       1
2345 2.956032e-05       1
2346 1.289497e-05       1
2347 3.965214e-06       1
2348 5.064654e-08       1
2349 1.273091e-06       1
2350 8.610277e-06       1
2351 3.267760e-08       1
2352 4.068033e-07       1
2353 9.908165e-06       1
2354 2.643680e-07       1
2355 9.557647e-08       1
2356 3.187515e-05       1
2357 7.818701e-06       1
2358 6.495462e-06       1
2359 7.435904e-06       1
2360 2.825700e-05       1
2361 9.418177e-06       1
2362 9.312820e-07       1
2363 1.602787e-07       1
2364 6.515795e-07       1
2365 1.291180e-05       1
2366 1.126804e-06       1
2367 5.022164e-06       1
2368 1.478521e-05       1
2369 1.072487e-06       1
2370 1.069886e-06       1
2371 7.531787e-07       1
2372 1.456459e-06       1
2373 2.531949e-05       1
2374 5.616472e-06       1
2375 2.121590e-05       1
2376 2.857692e-05       1
2377 3.687810e-06       1
2378 2.674007e-06       1
2379 1.327592e-06       1
2380 2.205547e-05       1
2381 3.093559e-05       1
2382 2.862035e-07       1
2383 1.976823e-06       1
2384 2.584165e-05       1
2385 9.065412e-07       1
2386 4.741370e-07       1
2387 9.847825e-06       1
2388 2.660482e-06       1
2389 1.814370e-04 <0.0242
2390 2.399769e-05       1
2391 1.301037e-04  0.1694
2392 3.767089e-05       1
2393 1.352016e-05       1
2394 2.014715e-05       1
2395 4.342680e-05       1
2396 3.649142e-06       1
2397 2.378802e-07       1
2398 3.939117e-05       1
2399 3.894716e-05       1
2400 4.273736e-07       1
2401 2.618765e-05       1
2402 6.612671e-06       1
2403 9.916765e-06       1
2404 8.733416e-06       1
2405 2.167953e-05       1
2406 9.992252e-06       1
2407 9.102920e-07       1
2408 3.799868e-05       1
2409 4.787420e-05       1
2410 2.860461e-06       1
2411 1.174184e-04  0.7744
2412 9.817669e-07       1
2413 2.798733e-05       1
2414 3.729364e-05       1
2415 2.162666e-05       1
2416 1.117082e-05       1
2417 1.363528e-04   0.363
2418 7.506640e-07       1
2419 2.064817e-05       1
2420 3.531325e-06       1

$`MR-PRESSO results`$`Distortion Test`
$`MR-PRESSO results`$`Distortion Test`$`Outliers Indices`
[1]  350 2086 2389

$`MR-PRESSO results`$`Distortion Test`$`Distortion Coefficient`
beta.exposure 
     -8.75747 

$`MR-PRESSO results`$`Distortion Test`$Pvalue
[1] 0.88195



