$`Main MR results`
       Exposure       MR Analysis Causal Estimate          Sd     T-stat
1 beta.exposure               Raw    -0.007555805 0.009112527 -0.8291668
2 beta.exposure Outlier-corrected    -0.003614167 0.008926093 -0.4048991
    P-value
1 0.4070723
2 0.6855790

$`MR-PRESSO results`
$`MR-PRESSO results`$`Global Test`
$`MR-PRESSO results`$`Global Test`$RSSobs
[1] 3324.104

$`MR-PRESSO results`$`Global Test`$Pvalue
[1] 0.03843


$`MR-PRESSO results`$`Outlier Test`
           RSSobs  Pvalue
1    1.243201e-05       1
2    4.088952e-05       1
3    1.159629e-05       1
4    4.002043e-05       1
5    4.700951e-06       1
6    1.400314e-05       1
7    7.290748e-06       1
8    1.565070e-04       1
9    2.232112e-04       1
10   1.730162e-05       1
11   9.386012e-05       1
12   2.513784e-05       1
13   1.846175e-05       1
14   1.063441e-04       1
15   4.995807e-05       1
16   3.036528e-05       1
17   7.209682e-05       1
18   9.529228e-07       1
19   7.679272e-05       1
20   1.875230e-07       1
21   4.126544e-05       1
22   1.175398e-05       1
23   6.002870e-06       1
24   1.313879e-04       1
25   8.071996e-05       1
26   4.274895e-06       1
27   1.034244e-06       1
28   2.568537e-05       1
29   6.125015e-09       1
30   9.404273e-07       1
31   1.072656e-06       1
32   8.265684e-05       1
33   6.296014e-05       1
34   8.310956e-06       1
35   1.277441e-05       1
36   1.390330e-07       1
37   5.751273e-05       1
38   3.434801e-06       1
39   9.781852e-05       1
40   2.997726e-05       1
41   4.042488e-05       1
42   5.046642e-05       1
43   6.558886e-05       1
44   2.132797e-05       1
45   3.356106e-05       1
46   8.452087e-05       1
47   9.203943e-06       1
48   1.490375e-06       1
49   3.499552e-05       1
50   4.317527e-05       1
51   1.765100e-05       1
52   4.488720e-05       1
53   2.980516e-05       1
54   7.296493e-05       1
55   3.109634e-05       1
56   6.000443e-05       1
57   1.168724e-04       1
58   3.714608e-05       1
59   2.586027e-06       1
60   7.185935e-05       1
61   3.755952e-06       1
62   1.172250e-04       1
63   1.066194e-03       1
64   1.608354e-05       1
65   1.541594e-04       1
66   3.589360e-06       1
67   8.793395e-05       1
68   9.286956e-05       1
69   1.617013e-04       1
70   6.790967e-06       1
71   1.306562e-04       1
72   5.412871e-10       1
73   1.198838e-07       1
74   2.949854e-05       1
75   5.482489e-05       1
76   1.793862e-04       1
77   6.602347e-05       1
78   2.550496e-06       1
79   1.108976e-05       1
80   6.752255e-05       1
81   3.729470e-05       1
82   8.591992e-08       1
83   2.045668e-05       1
84   1.454479e-04       1
85   5.185926e-06       1
86   1.778440e-04       1
87   2.315028e-06       1
88   2.951790e-05       1
89   1.079866e-04       1
90   3.697340e-05       1
91   7.319863e-06       1
92   1.733184e-05       1
93   1.008013e-05       1
94   8.587331e-12       1
95   8.259853e-06       1
96   5.869316e-07       1
97   1.747274e-06       1
98   5.367861e-05       1
99   3.078712e-05       1
100  1.379669e-05       1
101  1.575323e-05       1
102  2.493167e-05       1
103  3.808877e-06       1
104  3.821227e-06       1
105  2.607190e-04       1
106  1.511513e-05       1
107  3.807866e-06       1
108  3.093493e-05       1
109  2.537914e-06       1
110  3.354490e-04       1
111  2.900807e-05       1
112  1.230176e-06       1
113  1.053787e-07       1
114  9.014214e-07       1
115  7.309903e-08       1
116  4.650779e-08       1
117  2.416452e-05       1
118  6.707984e-06       1
119  5.569352e-06       1
120  4.663970e-06       1
121  6.325152e-07       1
122  7.618490e-04       1
123  1.652162e-05       1
124  8.570145e-06       1
125  1.278942e-04       1
126  3.202128e-05       1
127  4.631843e-06       1
128  2.519114e-04       1
129  1.157748e-04       1
130  2.378711e-06       1
131  7.771407e-05       1
132  9.383205e-05       1
133  7.731595e-05       1
134  1.438008e-05       1
135  1.925770e-05       1
136  1.203571e-05       1
137  7.182275e-07       1
138  9.052211e-06       1
139  1.340007e-04       1
140  1.192475e-07       1
141  1.531476e-05       1
142  1.044931e-04       1
143  3.476534e-05       1
144  8.161061e-05       1
145  7.801009e-06       1
146  2.477444e-06       1
147  2.629838e-06       1
148  1.528487e-04       1
149  5.017083e-06       1
150  1.052551e-04       1
151  1.649591e-05       1
152  1.227173e-05       1
153  6.282929e-05       1
154  7.324372e-07       1
155  1.949466e-05       1
156  6.792402e-05       1
157  1.499442e-04       1
158  3.368276e-05       1
159  2.395108e-05       1
160  5.559751e-05       1
161  1.039805e-06       1
162  5.955161e-06       1
163  4.710110e-05       1
164  1.113369e-05       1
165  1.050940e-08       1
166  6.403515e-08       1
167  3.056709e-05       1
168  1.688337e-06       1
169  7.491292e-05       1
170  3.932535e-05       1
171  1.376940e-05       1
172  2.609385e-06       1
173  3.199486e-06       1
174  4.312209e-05       1
175  1.176643e-06       1
176  2.803915e-08       1
177  1.395144e-05       1
178  8.370865e-05       1
179  5.130388e-05       1
180  1.074978e-04       1
181  1.023691e-07       1
182  1.729057e-07       1
183  7.465238e-05       1
184  2.368312e-05       1
185  1.335262e-04       1
186  6.427336e-06       1
187  1.456361e-05       1
188  7.010564e-06       1
189  1.254976e-04       1
190  4.457104e-05       1
191  2.104564e-06       1
192  1.892598e-05       1
193  1.186200e-05       1
194  6.915758e-05       1
195  4.236448e-06       1
196  6.412344e-06       1
197  1.583260e-05       1
198  5.146548e-05       1
199  1.029119e-05       1
200  1.896342e-05       1
201  7.112720e-05       1
202  3.356590e-06       1
203  1.902051e-05       1
204  3.035597e-06       1
205  4.721687e-05       1
206  1.381388e-05       1
207  1.202613e-04       1
208  1.398022e-05       1
209  9.489143e-06       1
210  3.836692e-05       1
211  8.958017e-05       1
212  4.915360e-06       1
213  4.618568e-05       1
214  2.297063e-06       1
215  2.453845e-06       1
216  1.091411e-06       1
217  3.535782e-06       1
218  8.852149e-05       1
219  1.985163e-04       1
220  7.821006e-05       1
221  3.672883e-05       1
222  7.041915e-06       1
223  1.671198e-05       1
224  3.495412e-06       1
225  1.262566e-06       1
226  2.012435e-05       1
227  2.859281e-06       1
228  8.816667e-05       1
229  7.693820e-05       1
230  2.631616e-05       1
231  3.910900e-05       1
232  1.063690e-04       1
233  6.395688e-06       1
234  2.890141e-05       1
235  3.487665e-06       1
236  3.282771e-05       1
237  2.796603e-05       1
238  4.911390e-06       1
239  1.034774e-04       1
240  4.125717e-05       1
241  9.030788e-06       1
242  4.480300e-06       1
243  1.518825e-05       1
244  6.183578e-06       1
245  1.191975e-05       1
246  5.077350e-05       1
247  4.930947e-05       1
248  6.775510e-05       1
249  4.052362e-06       1
250  4.763047e-06       1
251  2.557139e-05       1
252  8.946247e-06       1
253  1.309289e-05       1
254  4.008584e-05       1
255  8.403369e-07       1
256  2.094036e-04       1
257  8.174708e-06       1
258  1.961983e-05       1
259  5.544550e-06       1
260  3.130483e-06       1
261  9.677990e-05       1
262  1.797963e-04       1
263  1.899845e-06       1
264  5.214530e-06       1
265  2.623927e-05       1
266  2.108307e-05       1
267  1.986804e-05       1
268  1.992419e-05       1
269  2.942546e-05       1
270  1.032744e-05       1
271  1.749790e-05       1
272  4.415383e-05       1
273  1.979115e-04       1
274  4.563760e-06       1
275  1.162225e-04       1
276  3.928169e-04       1
277  9.262502e-05       1
278  1.171740e-06       1
279  3.950907e-05       1
280  4.126088e-08       1
281  5.316116e-08       1
282  1.333169e-04       1
283  1.112627e-04       1
284  2.355660e-04       1
285  2.432509e-05       1
286  2.271350e-05       1
287  8.401836e-06       1
288  3.808942e-06       1
289  9.976936e-05       1
290  1.834279e-05       1
291  1.121375e-08       1
292  6.512896e-08       1
293  3.895151e-06       1
294  1.163726e-06       1
295  5.132352e-08       1
296  7.481604e-05       1
297  3.175395e-05       1
298  6.648086e-05       1
299  1.150064e-05       1
300  1.984182e-05       1
301  3.778922e-04       1
302  4.536494e-05       1
303  1.374378e-05       1
304  1.413770e-06       1
305  6.963355e-06       1
306  9.235713e-09       1
307  3.486975e-05       1
308  5.416183e-06       1
309  3.394967e-06       1
310  1.343602e-05       1
311  1.169902e-05       1
312  3.697231e-07       1
313  4.497467e-07       1
314  5.990722e-05       1
315  8.851450e-06       1
316  2.608887e-05       1
317  3.144775e-04       1
318  2.871931e-05       1
319  2.938333e-06       1
320  2.315071e-07       1
321  8.630670e-06       1
322  2.323862e-05       1
323  2.222932e-04       1
324  1.449458e-06       1
325  1.341061e-05       1
326  9.697348e-07       1
327  1.391795e-06       1
328  8.594500e-06       1
329  3.799337e-05       1
330  1.258724e-04       1
331  1.332600e-04       1
332  1.327168e-04       1
333  4.258671e-05       1
334  4.136915e-06       1
335  5.809549e-07       1
336  3.516522e-09       1
337  1.369352e-05       1
338  5.743298e-05       1
339  2.002430e-05       1
340  2.771864e-05       1
341  1.828707e-06       1
342  1.570577e-04       1
343  1.223643e-08       1
344  1.898358e-06       1
345  1.279590e-05       1
346  1.165476e-05       1
347  6.686597e-06       1
348  3.065644e-07       1
349  4.122463e-06       1
350  2.971883e-04       1
351  2.838557e-06       1
352  3.628655e-07       1
353  1.977628e-05       1
354  1.172423e-04       1
355  6.767151e-07       1
356  7.290284e-05       1
357  1.220341e-05       1
358  8.119740e-05       1
359  1.206169e-05       1
360  2.293050e-05       1
361  1.050734e-05       1
362  1.973237e-04       1
363  1.725648e-05       1
364  5.437084e-05       1
365  8.735421e-07       1
366  3.990875e-05       1
367  5.309441e-04       1
368  8.414008e-05       1
369  1.650123e-06       1
370  3.137186e-06       1
371  3.066800e-06       1
372  1.889182e-04       1
373  5.841141e-05       1
374  2.556013e-09       1
375  5.804781e-05       1
376  8.306763e-06       1
377  3.356011e-06       1
378  4.628637e-06       1
379  3.770455e-05       1
380  4.827842e-05       1
381  3.878952e-05       1
382  8.292025e-06       1
383  1.861216e-05       1
384  2.654979e-06       1
385  1.559847e-04       1
386  2.866721e-05       1
387  2.733448e-05       1
388  4.253774e-05       1
389  4.849158e-06       1
390  1.709542e-06       1
391  1.230455e-05       1
392  3.656421e-06       1
393  1.091044e-04       1
394  3.302287e-06       1
395  1.085348e-04       1
396  5.186830e-05       1
397  2.071367e-05       1
398  1.139147e-05       1
399  1.722452e-05       1
400  5.957721e-05       1
401  8.961069e-07       1
402  8.704961e-06       1
403  3.135132e-05       1
404  8.464523e-04 <0.0318
405  9.826538e-05       1
406  4.146471e-07       1
407  2.472558e-05       1
408  1.626500e-05       1
409  3.394164e-05       1
410  1.540266e-04       1
411  5.101231e-05       1
412  1.468510e-06       1
413  1.728240e-04       1
414  2.702309e-07       1
415  1.386741e-04       1
416  2.320066e-04       1
417  3.674669e-05       1
418  6.536746e-07       1
419  6.196582e-06       1
420  7.089799e-05       1
421  2.135293e-06       1
422  1.090505e-05       1
423  4.505370e-06       1
424  8.593430e-05       1
425  3.008170e-07       1
426  3.375184e-06       1
427  1.929978e-06       1
428  5.054480e-05       1
429  1.230823e-05       1
430  8.190480e-05       1
431  3.578485e-05       1
432  4.888790e-05       1
433  1.479673e-04       1
434  8.699591e-07       1
435  1.461092e-04       1
436  1.692924e-05       1
437  7.435542e-07       1
438  3.925543e-05       1
439  5.877433e-05       1
440  6.491294e-06       1
441  1.056238e-05       1
442  2.730731e-05       1
443  4.010923e-06       1
444  3.317986e-04       1
445  1.148385e-04       1
446  1.644665e-04       1
447  3.190578e-05       1
448  7.993919e-07       1
449  6.606475e-06       1
450  2.606007e-06       1
451  3.492539e-05       1
452  9.294593e-08       1
453  2.553500e-05       1
454  5.450459e-05       1
455  5.146830e-06       1
456  1.131232e-04       1
457  1.460474e-05       1
458  1.196845e-09       1
459  4.167820e-04       1
460  9.555722e-07       1
461  2.683299e-04       1
462  2.082731e-05       1
463  1.416745e-06       1
464  4.373300e-04       1
465  7.316736e-05       1
466  1.433937e-06       1
467  1.860342e-05       1
468  3.379760e-04       1
469  2.362689e-05       1
470  2.518145e-04       1
471  3.136412e-05       1
472  3.081419e-05       1
473  7.832141e-07       1
474  2.786449e-05       1
475  3.256878e-06       1
476  6.106481e-05       1
477  1.173550e-06       1
478  1.721132e-04       1
479  1.976177e-06       1
480  1.476208e-05       1
481  2.008722e-06       1
482  1.832058e-06       1
483  4.333765e-06       1
484  9.412571e-05       1
485  4.116346e-07       1
486  4.834780e-05       1
487  1.097671e-05       1
488  5.402361e-06       1
489  2.006491e-07       1
490  9.334399e-05       1
491  1.330985e-05       1
492  2.915050e-06       1
493  1.243151e-05       1
494  9.720102e-06       1
495  4.034087e-06       1
496  2.472820e-05       1
497  2.368496e-04       1
498  1.619137e-05       1
499  2.661002e-05       1
500  8.799944e-06       1
501  1.715837e-05       1
502  1.202477e-05       1
503  1.179716e-04       1
504  4.252670e-05       1
505  6.709019e-05       1
506  4.992721e-05       1
507  3.104717e-08       1
508  8.634449e-05       1
509  7.144746e-05       1
510  2.557728e-05       1
511  1.168914e-05       1
512  1.886108e-05       1
513  5.649658e-05       1
514  2.892804e-05       1
515  4.495454e-06       1
516  1.781683e-04       1
517  8.087460e-05       1
518  8.195232e-06       1
519  2.843618e-06       1
520  1.390835e-04       1
521  2.659845e-07       1
522  3.703032e-05       1
523  1.322214e-04       1
524  4.332140e-07       1
525  1.895327e-05       1
526  7.611294e-05       1
527  2.905032e-05       1
528  1.637234e-04       1
529  1.536848e-05       1
530  1.103490e-05       1
531  5.249314e-05       1
532  9.718913e-05       1
533  1.950134e-05       1
534  3.033095e-05       1
535  1.798002e-05       1
536  8.759127e-06       1
537  3.364715e-05       1
538  1.258289e-05       1
539  2.482097e-06       1
540  1.621092e-05       1
541  6.629418e-04       1
542  5.114939e-05       1
543  1.204415e-05       1
544  5.104724e-06       1
545  1.251785e-05       1
546  3.646632e-06       1
547  3.242985e-06       1
548  3.112676e-05       1
549  1.639329e-05       1
550  5.095352e-06       1
551  1.815466e-04       1
552  9.135157e-05       1
553  1.759037e-05       1
554  3.564232e-05       1
555  5.537179e-05       1
556  6.891860e-06       1
557  1.461498e-05       1
558  4.319258e-08       1
559  6.930682e-07       1
560  1.012682e-04       1
561  3.072930e-05       1
562  2.420385e-05       1
563  5.101237e-05       1
564  4.427143e-05       1
565  2.374661e-05       1
566  2.481047e-05       1
567  1.077413e-05       1
568  1.360768e-04       1
569  1.069231e-04       1
570  2.656982e-06       1
571  6.912875e-06       1
572  8.784716e-07       1
573  3.705179e-05       1
574  1.533927e-04       1
575  7.941930e-07       1
576  5.105101e-05       1
577  6.376834e-05       1
578  8.873652e-06       1
579  6.308249e-06       1
580  8.922338e-04       1
581  2.687824e-05       1
582  3.056660e-07       1
583  1.222069e-06       1
584  5.463265e-05       1
585  3.262700e-07       1
586  1.558549e-04       1
587  7.127375e-05       1
588  1.209613e-04       1
589  7.142416e-06       1
590  3.380372e-05       1
591  1.930762e-06       1
592  6.436436e-05       1
593  1.919416e-04       1
594  2.076831e-05       1
595  4.898562e-05       1
596  6.005752e-06       1
597  7.737871e-07       1
598  5.505139e-05       1
599  1.121266e-05       1
600  1.483970e-05       1
601  1.414921e-06       1
602  2.945929e-07       1
603  1.093383e-05       1
604  5.085563e-05       1
605  3.870647e-05       1
606  8.697304e-05       1
607  9.812884e-05       1
608  4.398528e-04       1
609  2.742920e-05       1
610  2.626441e-07       1
611  7.743488e-05       1
612  1.592621e-04       1
613  2.401587e-04       1
614  1.659442e-07       1
615  8.512222e-06       1
616  2.605220e-05       1
617  5.907337e-04       1
618  2.197552e-04       1
619  1.153622e-04       1
620  2.569605e-06       1
621  6.040257e-06       1
622  9.100730e-06       1
623  2.749675e-05       1
624  6.462021e-06       1
625  1.502076e-05       1
626  2.080437e-05       1
627  1.221421e-06       1
628  5.506195e-05       1
629  1.644099e-08       1
630  3.107606e-05       1
631  4.291859e-08       1
632  6.860893e-05       1
633  1.468015e-04       1
634  7.459193e-06       1
635  1.364137e-06       1
636  3.381556e-05       1
637  5.262239e-05       1
638  4.067824e-05       1
639  1.476451e-05       1
640  8.916703e-05       1
641  8.289540e-05       1
642  2.172209e-06       1
643  5.000078e-05       1
644  3.912388e-06       1
645  3.736066e-05       1
646  4.259517e-07       1
647  9.166387e-06       1
648  2.364699e-05       1
649  2.141019e-05       1
650  4.853311e-08       1
651  2.302612e-08       1
652  1.590998e-05       1
653  6.269481e-06       1
654  2.777626e-09       1
655  5.228363e-06       1
656  3.760297e-05       1
657  1.733383e-05       1
658  2.983694e-04       1
659  2.671362e-06       1
660  4.720347e-06       1
661  3.702305e-05       1
662  7.806092e-06       1
663  1.631243e-04       1
664  2.228418e-05       1
665  1.547678e-05       1
666  1.527456e-06       1
667  1.663744e-04       1
668  6.085828e-05       1
669  3.181281e-06       1
670  2.995926e-06       1
671  1.241017e-06       1
672  4.435430e-05       1
673  2.135146e-08       1
674  5.485625e-05       1
675  9.313712e-05       1
676  2.957195e-05       1
677  2.611675e-05       1
678  3.209152e-05       1
679  7.822271e-06       1
680  7.269687e-06       1
681  5.827651e-05       1
682  1.473025e-05       1
683  5.249898e-05       1
684  2.985779e-04       1
685  7.426726e-06       1
686  1.712530e-05       1
687  1.575549e-04       1
688  2.795217e-04       1
689  1.310225e-05       1
690  5.340148e-06       1
691  1.702218e-05       1
692  4.625896e-07       1
693  2.819051e-04       1
694  5.011683e-06       1
695  1.083571e-06       1
696  2.470832e-05       1
697  2.705989e-05       1
698  1.108083e-04       1
699  5.238028e-08       1
700  6.004534e-05       1
701  5.410554e-07       1
702  1.054339e-04       1
703  5.168658e-07       1
704  2.361143e-05       1
705  3.728268e-05       1
706  3.847594e-05       1
707  2.913709e-05       1
708  3.549782e-06       1
709  3.422261e-04       1
710  3.099188e-05       1
711  4.062098e-05       1
712  1.564361e-05       1
713  2.382365e-04       1
714  1.920403e-05       1
715  2.848364e-04       1
716  1.614635e-05       1
717  7.072719e-05       1
718  8.208618e-06       1
719  2.414312e-05       1
720  6.023804e-05       1
721  1.719939e-05       1
722  1.256039e-05       1
723  1.895116e-06       1
724  9.239344e-05       1
725  5.991119e-05       1
726  1.977301e-05       1
727  5.086558e-06       1
728  7.807736e-06       1
729  5.701446e-08       1
730  3.905160e-06       1
731  1.370192e-05       1
732  1.121308e-06       1
733  9.500063e-07       1
734  4.614852e-06       1
735  4.865408e-05       1
736  2.992826e-07       1
737  3.854408e-06       1
738  4.382593e-06       1
739  1.037146e-04       1
740  3.687831e-06       1
741  8.292970e-05       1
742  1.384654e-05       1
743  3.449750e-05       1
744  5.080304e-06       1
745  3.224056e-05       1
746  5.302729e-06       1
747  2.965358e-04       1
748  9.695616e-05       1
749  2.600574e-05       1
750  1.401849e-04       1
751  2.276598e-06       1
752  9.640770e-06       1
753  1.745498e-04       1
754  5.883718e-05       1
755  3.048681e-04       1
756  5.661184e-06       1
757  6.930822e-05       1
758  9.637545e-06       1
759  8.960191e-07       1
760  8.748864e-05       1
761  6.691027e-08       1
762  5.066487e-05       1
763  4.184203e-05       1
764  7.870015e-05       1
765  7.145719e-05       1
766  3.914872e-07       1
767  1.804247e-04       1
768  1.225749e-05       1
769  6.050374e-05       1
770  3.373044e-04       1
771  3.046925e-05       1
772  3.146278e-04       1
773  4.873988e-05       1
774  2.994333e-04       1
775  3.844370e-04       1
776  3.205722e-05       1
777  6.493502e-06       1
778  8.636662e-05       1
779  1.785929e-05       1
780  4.799490e-06       1
781  2.228292e-05       1
782  2.990049e-05       1
783  1.846608e-06       1
784  2.531506e-05       1
785  4.596518e-05       1
786  3.893693e-05       1
787  5.363361e-07       1
788  9.571846e-05       1
789  2.291387e-05       1
790  1.651576e-05       1
791  3.901237e-05       1
792  2.677450e-07       1
793  5.400949e-09       1
794  4.051088e-05       1
795  6.381852e-06       1
796  2.718299e-04       1
797  2.891407e-06       1
798  1.695146e-04       1
799  1.299257e-04       1
800  2.052749e-05       1
801  1.321502e-06       1
802  2.331476e-10       1
803  2.548755e-05       1
804  1.365440e-05       1
805  3.596421e-07       1
806  8.824906e-05       1
807  4.766262e-05       1
808  1.593543e-05       1
809  1.989470e-04       1
810  1.415761e-06       1
811  2.920442e-05       1
812  2.200654e-04       1
813  2.093163e-05       1
814  3.907183e-06       1
815  1.427764e-05       1
816  1.722129e-05       1
817  1.511678e-05       1
818  4.788138e-05       1
819  3.270558e-04       1
820  2.826545e-06       1
821  4.195502e-05       1
822  7.659158e-08       1
823  4.519194e-06       1
824  4.347212e-05       1
825  2.849530e-04       1
826  3.881316e-06       1
827  1.286047e-04       1
828  4.164677e-05       1
829  4.588162e-04       1
830  2.372929e-04       1
831  3.264488e-05       1
832  2.464758e-04       1
833  4.868757e-06       1
834  4.111271e-05       1
835  3.495670e-04       1
836  6.967202e-05       1
837  1.034560e-05       1
838  4.749585e-05       1
839  5.984743e-06       1
840  6.619390e-04       1
841  1.130320e-04       1
842  4.640116e-05       1
843  1.393315e-04       1
844  1.225416e-09       1
845  2.118029e-05       1
846  6.434312e-05       1
847  1.065876e-04       1
848  2.655600e-06       1
849  1.346643e-04       1
850  1.524368e-05       1
851  9.407951e-06       1
852  1.459876e-05       1
853  7.983712e-07       1
854  1.068484e-07       1
855  1.341079e-04       1
856  8.236128e-06       1
857  2.468679e-06       1
858  7.554248e-06       1
859  5.169282e-06       1
860  3.123516e-07       1
861  2.002807e-07       1
862  4.417900e-06       1
863  1.620090e-06       1
864  7.842268e-05       1
865  9.497308e-06       1
866  3.332265e-07       1
867  3.380678e-05       1
868  4.005584e-05       1
869  7.032264e-09       1
870  3.640056e-05       1
871  7.891809e-07       1
872  3.807386e-08       1
873  9.749648e-05       1
874  2.413817e-04       1
875  1.046488e-07       1
876  3.083174e-05       1
877  6.207540e-06       1
878  1.023405e-04       1
879  4.506757e-05       1
880  3.509572e-06       1
881  1.545544e-05       1
882  8.251644e-05       1
883  1.469684e-04       1
884  8.413215e-05       1
885  3.768869e-06       1
886  1.878713e-05       1
887  1.425287e-05       1
888  3.551878e-05       1
889  8.416074e-05       1
890  1.931964e-07       1
891  1.780191e-07       1
892  4.762486e-06       1
893  3.242828e-05       1
894  2.625011e-05       1
895  2.759843e-04       1
896  6.475840e-05       1
897  1.942171e-05       1
898  9.021928e-06       1
899  6.963691e-06       1
900  7.015783e-08       1
901  4.374054e-06       1
902  2.565129e-05       1
903  1.133256e-04       1
904  1.256129e-06       1
905  2.755823e-05       1
906  5.036209e-05       1
907  1.917074e-06       1
908  5.493806e-05       1
909  1.233491e-04       1
910  6.686833e-05       1
911  7.085275e-05       1
912  8.023818e-06       1
913  1.947371e-05       1
914  6.943064e-06       1
915  1.332965e-06       1
916  2.807081e-07       1
917  1.204461e-05       1
918  6.379830e-05       1
919  8.613891e-05       1
920  3.170640e-05       1
921  1.596398e-04       1
922  5.193039e-07       1
923  1.434732e-05       1
924  3.245472e-05       1
925  1.184349e-04       1
926  5.215401e-05       1
927  5.318123e-06       1
928  3.178295e-05       1
929  1.979423e-04       1
930  5.953900e-06       1
931  3.837261e-05       1
932  1.028788e-05       1
933  1.377121e-03       1
934  6.020341e-06       1
935  1.011436e-05       1
936  7.097870e-08       1
937  2.582543e-05       1
938  2.376499e-05       1
939  1.276195e-05       1
940  4.286349e-06       1
941  5.636455e-05       1
942  4.404396e-05       1
943  3.964110e-05       1
944  6.251702e-05       1
945  4.194161e-05       1
946  1.677938e-05       1
947  1.695170e-05       1
948  3.745032e-06       1
949  1.139043e-04       1
950  4.287191e-05       1
951  5.624490e-06       1
952  2.090810e-05       1
953  3.208334e-07       1
954  2.696530e-05       1
955  6.284666e-05       1
956  1.004556e-05       1
957  7.700672e-05       1
958  3.375578e-05       1
959  8.557343e-05       1
960  6.462085e-05       1
961  8.700923e-06       1
962  1.012158e-08       1
963  1.760236e-05       1
964  5.043830e-06       1
965  5.073183e-05       1
966  3.515787e-05       1
967  1.800221e-05       1
968  2.272024e-04       1
969  1.008174e-06       1
970  1.088716e-04       1
971  3.752819e-05       1
972  7.262179e-07       1
973  1.297394e-04       1
974  1.379380e-04       1
975  4.198003e-05       1
976  4.371078e-08       1
977  6.444206e-06       1
978  2.952144e-05       1
979  3.552941e-07       1
980  3.514430e-05       1
981  5.941490e-06       1
982  9.522464e-06       1
983  1.087822e-05       1
984  1.119338e-06       1
985  6.029040e-06       1
986  2.985555e-06       1
987  1.516780e-05       1
988  2.421617e-05       1
989  1.265173e-05       1
990  1.289680e-05       1
991  1.198800e-05       1
992  1.332411e-05       1
993  2.364013e-05       1
994  1.415746e-05       1
995  1.183777e-05       1
996  1.785061e-05       1
997  5.168398e-06       1
998  2.476860e-06       1
999  5.509951e-05       1
1000 9.698568e-05       1
1001 4.113869e-07       1
1002 6.353322e-06       1
1003 9.063494e-07       1
1004 1.156125e-06       1
1005 2.303302e-05       1
1006 4.405111e-05       1
1007 1.020647e-05       1
1008 2.321452e-06       1
1009 2.519980e-06       1
1010 8.802213e-07       1
1011 1.138145e-06       1
1012 3.914222e-06       1
1013 3.225294e-06       1
1014 1.049245e-04       1
1015 4.837301e-07       1
1016 1.590787e-05       1
1017 1.039126e-05       1
1018 3.396569e-05       1
1019 1.595062e-05       1
1020 5.223133e-05       1
1021 2.135530e-08       1
1022 2.448358e-06       1
1023 1.358710e-05       1
1024 9.415878e-06       1
1025 6.440474e-06       1
1026 1.233228e-06       1
1027 3.844358e-05       1
1028 9.973291e-06       1
1029 2.943320e-05       1
1030 3.423426e-06       1
1031 2.434199e-05       1
1032 8.948702e-08       1
1033 4.533667e-08       1
1034 8.089066e-06       1
1035 1.353684e-06       1
1036 8.388662e-07       1
1037 6.483580e-05       1
1038 3.786280e-05       1
1039 1.110337e-05       1
1040 5.278151e-05       1
1041 1.516001e-07       1
1042 1.947459e-06       1
1043 1.299496e-06       1
1044 3.697779e-06       1
1045 5.093788e-07       1
1046 4.511162e-05       1
1047 8.335539e-05       1
1048 9.578527e-06       1
1049 1.193426e-07       1
1050 3.335239e-05       1
1051 5.518035e-05       1
1052 8.528884e-05       1
1053 3.362621e-04       1
1054 5.019149e-05       1
1055 1.408292e-05       1
1056 2.966475e-09       1
1057 1.630288e-05       1
1058 7.976782e-05       1
1059 9.137707e-06       1
1060 9.636153e-06       1
1061 2.084735e-04       1
1062 1.901373e-05       1
1063 1.438264e-04       1
1064 2.364869e-04       1
1065 9.043184e-05       1
1066 1.724080e-04       1
1067 2.488850e-06       1
1068 1.302534e-04       1
1069 2.523782e-04       1
1070 1.843179e-05       1
1071 3.765806e-05       1
1072 1.107671e-04       1
1073 5.195129e-06       1
1074 6.884792e-05       1
1075 2.382906e-07       1
1076 2.556374e-05       1
1077 3.343564e-04       1
1078 8.743164e-06       1
1079 2.619672e-05       1
1080 2.163239e-05       1
1081 8.323893e-04       1
1082 6.780303e-07       1
1083 7.383157e-05       1
1084 1.126593e-04       1
1085 3.165053e-04       1
1086 1.523912e-05       1
1087 4.321838e-04       1
1088 3.634599e-05       1
1089 3.894451e-05       1
1090 3.161036e-05       1
1091 1.045117e-05       1
1092 4.914739e-05       1
1093 7.938906e-05       1
1094 2.660570e-05       1
1095 6.406591e-07       1
1096 5.085829e-06       1
1097 4.325053e-04       1
1098 8.890426e-05       1
1099 2.844600e-05       1
1100 4.949046e-05       1
1101 1.118248e-05       1
1102 3.599086e-04       1
1103 2.316969e-04       1
1104 2.119994e-05       1
1105 6.757481e-06       1
1106 7.240555e-05       1
1107 1.113087e-04       1
1108 4.511749e-05       1
1109 9.237182e-06       1
1110 1.449791e-05       1
1111 1.200812e-04       1
1112 9.309873e-06       1
1113 5.766700e-06       1
1114 3.066967e-05       1
1115 3.296922e-04       1
1116 3.256703e-08       1
1117 6.140485e-06       1
1118 1.054653e-04       1
1119 1.256342e-05       1
1120 4.419294e-06       1
1121 2.110498e-04       1
1122 2.733434e-05       1
1123 4.790315e-07       1
1124 1.840118e-04       1
1125 1.021106e-05       1
1126 1.249346e-06       1
1127 5.691897e-06       1
1128 4.638682e-04       1
1129 6.978998e-05       1
1130 3.574506e-06       1
1131 9.645497e-05       1
1132 6.112617e-05       1
1133 1.111293e-04       1
1134 4.208482e-04       1
1135 8.686014e-05       1
1136 7.905231e-05       1
1137 6.521639e-04       1
1138 3.845408e-05       1
1139 2.462211e-06       1
1140 3.712822e-06       1
1141 4.291983e-08       1
1142 5.980170e-05       1
1143 5.611943e-06       1
1144 9.443490e-06       1
1145 3.217898e-05       1
1146 2.070206e-06       1
1147 1.653087e-04       1
1148 2.514386e-05       1
1149 6.446644e-05       1
1150 5.965987e-05       1
1151 6.881766e-05       1
1152 7.479053e-06       1
1153 9.931643e-05       1
1154 2.671292e-04       1
1155 1.674561e-07       1
1156 3.182934e-05       1
1157 6.258295e-06       1
1158 9.775351e-04       1
1159 2.742830e-07       1
1160 2.557978e-08       1
1161 3.711602e-05       1
1162 2.915758e-05       1
1163 4.330801e-05       1
1164 1.873556e-05       1
1165 3.547753e-05       1
1166 1.170930e-07       1
1167 8.944931e-05       1
1168 2.939291e-07       1
1169 6.892096e-04       1
1170 1.256582e-03       1
1171 4.156563e-05       1
1172 2.138479e-04       1
1173 2.566706e-04       1
1174 1.085823e-04       1
1175 2.517541e-05       1
1176 9.891963e-06       1
1177 7.802803e-08       1
1178 1.065343e-05       1
1179 1.968315e-04       1
1180 2.257045e-05       1
1181 1.032211e-05       1
1182 3.856761e-05       1
1183 4.016008e-08       1
1184 6.183569e-04       1
1185 3.642724e-05       1
1186 1.428334e-05       1
1187 1.620333e-04       1
1188 5.741445e-06       1
1189 5.414661e-05       1
1190 1.068206e-05       1
1191 2.550234e-05       1
1192 2.215909e-04       1
1193 2.425394e-05       1
1194 1.038864e-06       1
1195 5.823769e-06       1
1196 9.784079e-05       1
1197 2.491969e-05       1
1198 2.167841e-04       1
1199 1.182843e-06       1
1200 9.265272e-05       1
1201 3.137664e-05       1
1202 2.896537e-04       1
1203 1.195287e-04       1
1204 3.926685e-04       1
1205 1.953515e-09       1
1206 1.284925e-04       1
1207 1.903537e-05       1
1208 8.421936e-04       1
1209 3.241093e-07       1
1210 5.161748e-05       1
1211 2.655958e-06       1
1212 1.017799e-04       1
1213 1.186471e-04       1
1214 2.180495e-04       1
1215 1.214178e-05       1
1216 6.852959e-05       1
1217 2.693040e-07       1
1218 1.968844e-04       1
1219 5.524879e-05       1
1220 8.741739e-05       1
1221 1.234170e-04       1
1222 2.733743e-05       1
1223 3.985281e-04       1
1224 2.826442e-04       1
1225 2.444321e-05       1
1226 2.677528e-05       1
1227 4.782000e-04       1
1228 2.735785e-05       1
1229 7.876898e-08       1
1230 4.733467e-04       1
1231 1.862329e-06       1
1232 5.517068e-06       1
1233 9.018332e-05       1
1234 1.907758e-06       1
1235 5.136010e-05       1
1236 3.814084e-05       1
1237 8.753106e-06       1
1238 1.517326e-06       1
1239 1.587647e-06       1
1240 1.247010e-05       1
1241 3.641663e-04       1
1242 4.035135e-05       1
1243 7.655189e-06       1
1244 4.374885e-06       1
1245 3.050078e-05       1
1246 5.291030e-05       1
1247 9.798002e-07       1
1248 6.723303e-05       1
1249 7.898264e-08       1
1250 6.120966e-05       1
1251 1.426720e-04       1
1252 6.625582e-05       1
1253 1.891888e-08       1
1254 2.747424e-06       1
1255 4.888892e-05       1
1256 2.706711e-05       1
1257 1.446982e-04       1
1258 1.705183e-04       1
1259 5.035792e-05       1
1260 2.910604e-06       1
1261 8.891382e-07       1
1262 2.474640e-08       1
1263 1.069448e-04       1
1264 3.690108e-05       1
1265 2.359937e-04       1
1266 2.446871e-06       1
1267 5.316488e-05       1
1268 1.766132e-06       1
1269 5.786205e-05       1
1270 6.207878e-05       1
1271 3.942932e-05       1
1272 8.967520e-05       1
1273 5.451360e-05       1
1274 9.422726e-05       1
1275 2.138677e-05       1
1276 1.733427e-05       1
1277 9.290562e-06       1
1278 9.365235e-06       1
1279 2.358539e-06       1
1280 1.779353e-05       1
1281 7.709052e-06       1
1282 1.015423e-05       1
1283 3.969548e-06       1
1284 1.504758e-06       1
1285 5.099042e-06       1
1286 5.676841e-05       1
1287 1.217492e-04       1
1288 2.253874e-06       1
1289 6.546824e-04       1
1290 5.724783e-05       1
1291 6.179235e-06       1
1292 8.681141e-05       1
1293 2.806606e-05       1
1294 4.007721e-09       1
1295 7.086339e-06       1
1296 9.253190e-05       1
1297 9.775419e-06       1
1298 3.394685e-05       1
1299 1.081751e-06       1
1300 6.423875e-05       1
1301 1.643161e-05       1
1302 1.453417e-05       1
1303 9.755130e-09       1
1304 3.895650e-05       1
1305 1.716740e-05       1
1306 1.987125e-04       1
1307 4.042750e-05       1
1308 2.384159e-05       1
1309 3.354215e-05       1
1310 2.150383e-05       1
1311 4.168209e-04       1
1312 1.229786e-04       1
1313 2.041926e-08       1
1314 1.170977e-07       1
1315 2.685274e-05       1
1316 4.214803e-05       1
1317 2.599518e-05       1
1318 1.517724e-07       1
1319 3.082028e-05       1
1320 2.107437e-06       1
1321 6.777927e-06       1
1322 1.545557e-05       1
1323 2.039068e-05       1
1324 4.452008e-07       1
1325 4.254858e-07       1
1326 1.308416e-06       1
1327 1.411717e-04       1
1328 3.884841e-06       1
1329 1.395855e-06       1
1330 1.152456e-05       1
1331 3.549064e-05       1
1332 1.003917e-07       1
1333 6.882971e-06       1
1334 3.259402e-05       1
1335 4.999586e-05       1
1336 8.289931e-06       1
1337 2.540811e-06       1
1338 7.938612e-05       1
1339 2.225505e-06       1
1340 5.874619e-05       1
1341 1.053841e-04       1
1342 3.568707e-06       1
1343 7.077799e-05       1
1344 8.179470e-05       1
1345 2.330828e-05       1
1346 7.824669e-07       1
1347 1.289494e-05       1
1348 7.132671e-05       1
1349 2.881151e-05       1
1350 4.800704e-06       1
1351 3.596422e-04       1
1352 2.134504e-04       1
1353 1.267487e-05       1
1354 4.317957e-05       1
1355 6.216249e-05       1
1356 2.658234e-07       1
1357 3.685157e-07       1
1358 2.966938e-05       1
1359 3.637616e-05       1
1360 8.204489e-05       1
1361 9.630142e-05       1
1362 2.094763e-05       1
1363 2.847590e-06       1
1364 1.422605e-07       1
1365 6.283967e-05       1
1366 1.411362e-04       1
1367 1.249990e-05       1
1368 2.149829e-05       1
1369 2.943793e-07       1
1370 6.330101e-05       1
1371 1.279399e-04       1
1372 3.992768e-05       1
1373 3.300042e-06       1
1374 2.818761e-05       1
1375 2.206000e-06       1
1376 4.507975e-05       1
1377 2.466418e-05       1
1378 2.151512e-04       1
1379 1.450818e-06       1
1380 4.284105e-05       1
1381 1.850282e-04       1
1382 1.652937e-04       1
1383 3.200259e-06       1
1384 1.274936e-05       1
1385 2.285881e-05       1
1386 1.177037e-06       1
1387 1.735262e-06       1
1388 3.706533e-05       1
1389 2.763995e-05       1
1390 9.012534e-07       1
1391 7.553820e-06       1
1392 1.647096e-05       1
1393 6.069945e-05       1
1394 1.821774e-04       1
1395 8.828162e-05       1
1396 1.551321e-04       1
1397 7.724426e-05       1
1398 1.474568e-05       1
1399 1.784037e-05       1
1400 4.235872e-06       1
1401 5.456805e-06       1
1402 2.207287e-05       1
1403 8.812708e-05       1
1404 8.187589e-06       1
1405 5.107035e-05       1
1406 6.548509e-05       1
1407 9.429261e-05       1
1408 1.866750e-05       1
1409 4.357899e-05       1
1410 7.510965e-06       1
1411 7.476306e-05       1
1412 3.524032e-05       1
1413 3.327534e-05       1
1414 4.140020e-05       1
1415 5.255696e-05       1
1416 8.583126e-05       1
1417 7.886625e-05       1
1418 9.025667e-06       1
1419 1.501860e-06       1
1420 5.766696e-05       1
1421 7.318624e-06       1
1422 5.370240e-08       1
1423 1.137942e-04       1
1424 1.838238e-06       1
1425 2.285357e-06       1
1426 1.059223e-05       1
1427 1.797399e-07       1
1428 5.272962e-05       1
1429 2.986463e-05       1
1430 1.555718e-04       1
1431 1.684140e-05       1
1432 1.128913e-04       1
1433 8.140196e-06       1
1434 3.340279e-05       1
1435 4.690269e-03 <0.0318
1436 9.453576e-07       1
1437 4.835875e-06       1
1438 4.628602e-05       1
1439 4.547433e-06       1
1440 1.617111e-06       1
1441 1.053080e-06       1
1442 3.180744e-05       1
1443 3.975885e-06       1
1444 1.714617e-04       1
1445 1.301902e-04       1
1446 5.002066e-06       1
1447 1.106349e-05       1
1448 1.696293e-05       1
1449 5.621189e-04       1
1450 2.949880e-05       1
1451 5.681761e-05       1
1452 2.356457e-05       1
1453 3.723846e-05       1
1454 1.635745e-05       1
1455 8.001288e-07       1
1456 1.469897e-05       1
1457 6.859931e-06       1
1458 3.950114e-05       1
1459 1.340189e-05       1
1460 1.074929e-05       1
1461 1.119715e-04       1
1462 3.023051e-06       1
1463 6.255607e-06       1
1464 1.511886e-06       1
1465 3.507890e-06       1
1466 5.965623e-06       1
1467 1.970693e-06       1
1468 6.416880e-05       1
1469 7.211865e-06       1
1470 1.540553e-06       1
1471 2.160118e-04       1
1472 2.551962e-05       1
1473 4.205549e-05       1
1474 3.816842e-05       1
1475 3.775718e-06       1
1476 4.918476e-05       1
1477 1.585436e-04       1
1478 1.184381e-07       1
1479 1.149449e-04       1
1480 5.257391e-06       1
1481 5.874639e-05       1
1482 5.892369e-07       1
1483 4.890216e-06       1
1484 7.646764e-06       1
1485 3.090724e-05       1
1486 6.500580e-06       1
1487 2.079739e-06       1
1488 2.590873e-05       1
1489 4.488939e-05       1
1490 6.610476e-05       1
1491 1.647944e-04       1
1492 2.534881e-05       1
1493 1.391525e-04       1
1494 1.239688e-05       1
1495 4.790099e-06       1
1496 2.921396e-06       1
1497 5.444446e-05       1
1498 1.711829e-05       1
1499 2.569219e-04       1
1500 5.310499e-07       1
1501 4.079820e-05       1
1502 4.786605e-05       1
1503 4.136132e-05       1
1504 2.788520e-06       1
1505 8.829511e-07       1
1506 5.271393e-05       1
1507 2.669007e-06       1
1508 2.626628e-06       1
1509 1.948321e-05       1
1510 4.463356e-05       1
1511 2.345616e-04       1
1512 9.083785e-07       1
1513 2.751572e-05       1
1514 7.411247e-08       1
1515 1.402240e-05       1
1516 8.261709e-05       1
1517 2.046859e-05       1
1518 3.544836e-08       1
1519 3.749461e-05       1
1520 1.535337e-06       1
1521 6.745167e-05       1
1522 1.746050e-05       1
1523 7.633051e-05       1
1524 9.662618e-06       1
1525 2.925428e-06       1
1526 1.927183e-04       1
1527 2.169073e-05       1
1528 1.914881e-06       1
1529 3.140404e-06       1
1530 4.720920e-05       1
1531 5.630955e-06       1
1532 5.582129e-06       1
1533 1.479445e-04       1
1534 5.933797e-06       1
1535 3.989548e-05       1
1536 1.354199e-07       1
1537 2.058209e-07       1
1538 1.247614e-05       1
1539 1.569175e-05       1
1540 2.530618e-05       1
1541 7.523220e-06       1
1542 2.447516e-04       1
1543 1.814241e-05       1
1544 3.368700e-05       1
1545 2.882947e-05       1
1546 7.773830e-05       1
1547 7.698520e-06       1
1548 3.544294e-05       1
1549 1.120469e-04       1
1550 1.002928e-05       1
1551 1.018410e-05       1
1552 3.915717e-06       1
1553 8.639417e-05       1
1554 2.860815e-04       1
1555 1.514582e-04       1
1556 1.290006e-05       1
1557 3.506250e-05       1
1558 1.935697e-05       1
1559 1.995452e-05       1
1560 1.550867e-04       1
1561 1.045719e-05       1
1562 1.396905e-05       1
1563 1.510820e-05       1
1564 4.521771e-05       1
1565 9.311812e-05       1
1566 7.095495e-05       1
1567 2.122439e-04       1
1568 3.747923e-07       1
1569 1.855270e-05       1
1570 3.143710e-04       1
1571 1.459533e-05       1
1572 1.978456e-05       1
1573 2.713872e-05       1
1574 2.832024e-04       1
1575 5.507683e-05       1
1576 1.831477e-06       1
1577 4.979644e-06       1
1578 1.637880e-05       1
1579 2.957219e-08       1
1580 9.000636e-06       1
1581 1.529243e-06       1
1582 2.817796e-05       1
1583 3.890643e-05       1
1584 8.817463e-05       1
1585 2.039512e-07       1
1586 6.504878e-06       1
1587 6.301652e-06       1
1588 2.967478e-07       1
1589 8.867497e-05       1
1590 3.350897e-05       1
1591 1.131251e-06       1
1592 2.667813e-06       1
1593 5.176001e-06       1
1594 5.197125e-07       1
1595 1.685689e-05       1
1596 1.699348e-06       1
1597 9.790960e-05       1
1598 1.732326e-04       1
1599 1.539127e-08       1
1600 3.791486e-07       1
1601 1.453667e-05       1
1602 8.284922e-05       1
1603 5.477576e-04       1
1604 1.918669e-09       1
1605 6.962331e-07       1
1606 1.081351e-07       1
1607 1.728192e-05       1
1608 1.373264e-05       1
1609 2.031957e-05       1
1610 5.818027e-05       1
1611 1.552621e-06       1
1612 2.072794e-05       1
1613 9.386682e-05       1
1614 8.072605e-05       1
1615 6.216148e-05       1
1616 1.741392e-05       1
1617 3.058785e-05       1
1618 1.880904e-05       1
1619 1.861263e-05       1
1620 4.292326e-05       1
1621 8.916165e-06       1
1622 1.799197e-06       1
1623 1.246792e-04       1
1624 4.232863e-05       1
1625 1.590622e-05       1
1626 3.901161e-06       1
1627 1.835726e-05       1
1628 3.257347e-05       1
1629 2.356629e-05       1
1630 2.246995e-06       1
1631 3.339237e-05       1
1632 3.063241e-05       1
1633 5.732730e-05       1
1634 2.224102e-05       1
1635 1.034094e-05       1
1636 1.574498e-04       1
1637 1.869126e-04       1
1638 2.158822e-07       1
1639 4.831175e-06       1
1640 1.763834e-04       1
1641 1.284406e-04       1
1642 4.315640e-06       1
1643 2.469415e-06       1
1644 1.458046e-04       1
1645 1.519128e-06       1
1646 2.083591e-05       1
1647 2.832955e-05       1
1648 5.434468e-07       1
1649 2.039998e-04       1
1650 3.766179e-05       1
1651 3.848049e-06       1
1652 1.102400e-06       1
1653 3.086628e-05       1
1654 2.340181e-05       1
1655 5.372502e-05       1
1656 5.352656e-06       1
1657 8.505859e-07       1
1658 9.134372e-05       1
1659 7.484135e-06       1
1660 3.208584e-04       1
1661 1.299207e-04       1
1662 4.439905e-06       1
1663 2.862116e-06       1
1664 2.187033e-05       1
1665 3.867839e-05       1
1666 1.038679e-06       1
1667 5.717702e-06       1
1668 2.181120e-05       1
1669 1.358293e-06       1
1670 8.044204e-05       1
1671 5.030674e-06       1
1672 1.129513e-05       1
1673 4.515000e-08       1
1674 2.979123e-05       1
1675 1.118747e-06       1
1676 9.549925e-05       1
1677 9.223417e-05       1
1678 7.692331e-06       1
1679 1.915636e-06       1
1680 1.660820e-06       1
1681 9.796443e-06       1
1682 9.319179e-07       1
1683 1.308454e-05       1
1684 3.212134e-07       1
1685 1.254345e-04       1
1686 2.327518e-05       1
1687 6.236414e-06       1
1688 1.310828e-05       1
1689 2.619268e-05       1
1690 7.637959e-05       1
1691 5.315102e-05       1
1692 1.258615e-05       1
1693 1.086180e-04       1
1694 3.136116e-05       1
1695 1.694913e-04       1
1696 1.726770e-04       1
1697 2.384742e-05       1
1698 6.060059e-05       1
1699 2.679442e-06       1
1700 8.039055e-05       1
1701 1.584491e-05       1
1702 1.146832e-05       1
1703 3.033776e-05       1
1704 3.620008e-06       1
1705 1.743318e-04       1
1706 4.833777e-05       1
1707 3.939461e-07       1
1708 3.374211e-05       1
1709 5.772024e-05       1
1710 8.669362e-07       1
1711 2.497866e-06       1
1712 1.228175e-05       1
1713 2.139954e-07       1
1714 1.813942e-06       1
1715 4.371653e-06       1
1716 1.030221e-04       1
1717 3.854881e-05       1
1718 2.317822e-05       1
1719 1.004583e-04       1
1720 1.800762e-04       1
1721 5.584812e-06       1
1722 3.398468e-05       1
1723 3.607869e-05       1
1724 2.962144e-06       1
1725 6.126726e-06       1
1726 6.405053e-08       1
1727 7.344569e-06       1
1728 4.428958e-07       1
1729 6.960297e-05       1
1730 2.929255e-05       1
1731 8.625652e-06       1
1732 1.467768e-06       1
1733 3.764931e-04       1
1734 4.052375e-06       1
1735 2.445430e-06       1
1736 5.207385e-05       1
1737 1.335192e-06       1
1738 1.246785e-05       1
1739 3.308434e-07       1
1740 1.864329e-04       1
1741 1.618839e-05       1
1742 2.823481e-05       1
1743 1.863942e-08       1
1744 4.588861e-05       1
1745 9.832439e-06       1
1746 3.257260e-05       1
1747 1.752187e-05       1
1748 1.669684e-05       1
1749 4.377822e-06       1
1750 3.176457e-05       1
1751 2.717658e-07       1
1752 7.799862e-06       1
1753 4.484406e-05       1
1754 7.786088e-07       1
1755 3.526869e-05       1
1756 9.298090e-06       1
1757 1.691190e-05       1
1758 1.645020e-05       1
1759 1.115904e-05       1
1760 1.604691e-06       1
1761 1.145826e-05       1
1762 1.792214e-04       1
1763 1.429183e-04       1
1764 1.437609e-06       1
1765 1.237670e-05       1
1766 4.425993e-06       1
1767 1.120182e-05       1
1768 5.219442e-07       1
1769 1.045716e-05       1
1770 1.062990e-05       1
1771 3.596321e-06       1
1772 2.010850e-05       1
1773 2.640477e-05       1
1774 4.035393e-08       1
1775 1.279121e-08       1
1776 1.456650e-04       1
1777 1.055209e-04       1
1778 1.619867e-05       1
1779 5.485798e-05       1
1780 1.278770e-05       1
1781 2.513705e-05       1
1782 3.052160e-05       1
1783 7.632224e-05       1
1784 1.281362e-05       1
1785 2.909361e-05       1
1786 9.833698e-05       1
1787 1.367629e-05       1
1788 3.593191e-05       1
1789 6.825645e-06       1
1790 7.256885e-05       1
1791 1.704958e-07       1
1792 4.275588e-04  0.2544
1793 3.586892e-06       1
1794 4.413508e-05       1
1795 5.152623e-05       1
1796 1.313208e-06       1
1797 7.156976e-07       1
1798 1.674399e-06       1
1799 2.319223e-05       1
1800 9.177421e-06       1
1801 1.171418e-04       1
1802 5.422620e-07       1
1803 1.695250e-04       1
1804 6.733211e-06       1
1805 1.324452e-06       1
1806 2.291051e-05       1
1807 7.031152e-05       1
1808 1.189520e-05       1
1809 5.807671e-05       1
1810 5.791746e-05       1
1811 3.264727e-06       1
1812 5.025968e-06       1
1813 5.525834e-07       1
1814 1.335622e-05       1
1815 8.172865e-06       1
1816 2.480287e-05       1
1817 2.160230e-06       1
1818 9.518297e-05       1
1819 5.455384e-05       1
1820 5.380514e-05       1
1821 1.093689e-05       1
1822 3.813391e-08       1
1823 5.242964e-05       1
1824 5.074398e-05       1
1825 1.107559e-04       1
1826 5.092558e-05       1
1827 9.752422e-07       1
1828 4.548655e-07       1
1829 4.251764e-05       1
1830 8.993386e-06       1
1831 1.807293e-05       1
1832 4.030521e-04       1
1833 4.511118e-05       1
1834 2.949006e-05       1
1835 3.326340e-06       1
1836 5.547835e-05       1
1837 1.762525e-08       1
1838 5.082790e-06       1
1839 2.727926e-05       1
1840 1.601812e-05       1
1841 8.654006e-05       1
1842 6.697693e-06       1
1843 1.037287e-05       1
1844 6.455562e-06       1
1845 3.644748e-05       1
1846 2.935240e-05       1
1847 2.908967e-07       1
1848 7.479210e-05       1
1849 3.228936e-05       1
1850 4.935641e-06       1
1851 4.117810e-05       1
1852 4.943483e-09       1
1853 1.553220e-05       1
1854 2.352454e-06       1
1855 3.717626e-05       1
1856 5.088429e-06       1
1857 1.167054e-05       1
1858 6.770150e-05       1
1859 1.033200e-06       1
1860 2.480523e-05       1
1861 8.038250e-10       1
1862 1.392086e-05       1
1863 5.214723e-05       1
1864 6.700919e-05       1
1865 4.232761e-05       1
1866 2.147697e-06       1
1867 3.226947e-05       1
1868 5.323140e-09       1
1869 4.180815e-05       1
1870 1.044756e-04       1
1871 2.202844e-05       1
1872 2.951198e-04       1
1873 2.350131e-06       1
1874 1.710280e-05       1
1875 3.253135e-04       1
1876 1.042665e-06       1
1877 4.071669e-05       1
1878 4.324888e-07       1
1879 1.110693e-06       1
1880 8.986080e-07       1
1881 1.005033e-04       1
1882 3.474083e-05       1
1883 3.967770e-06       1
1884 1.893058e-05       1
1885 1.104856e-04       1
1886 8.579851e-06       1
1887 2.007470e-04       1
1888 1.035926e-04       1
1889 1.410447e-04       1
1890 3.334203e-06       1
1891 9.912030e-06       1
1892 9.539279e-06       1
1893 2.018088e-05       1
1894 7.637364e-05       1
1895 1.059209e-07       1
1896 3.545459e-05       1
1897 1.434038e-06       1
1898 1.844433e-06       1
1899 6.335951e-05       1
1900 5.900383e-09       1
1901 2.523277e-05       1
1902 7.710639e-05       1
1903 1.992816e-05       1
1904 3.300099e-07       1
1905 1.066089e-04       1
1906 1.291560e-05       1
1907 4.473532e-05       1
1908 2.505472e-08       1
1909 7.149974e-05       1
1910 8.327059e-07       1
1911 6.602231e-08       1
1912 3.717961e-06       1
1913 1.064311e-04       1
1914 6.400571e-06       1
1915 3.831943e-05       1
1916 3.071388e-07       1
1917 2.406040e-05       1
1918 5.951090e-06       1
1919 5.746908e-07       1
1920 4.842727e-05       1
1921 8.842494e-04       1
1922 4.224262e-05       1
1923 1.459436e-06       1
1924 8.470159e-05       1
1925 1.019045e-05       1
1926 8.239621e-05       1
1927 1.093033e-04       1
1928 1.430323e-05       1
1929 3.352330e-05       1
1930 6.111466e-08       1
1931 4.093763e-05       1
1932 1.130330e-04       1
1933 6.833353e-05       1
1934 7.527185e-05       1
1935 1.027773e-03       1
1936 1.207100e-04       1
1937 2.491247e-05       1
1938 1.359533e-05       1
1939 1.280288e-05       1
1940 3.046943e-05       1
1941 3.036364e-05       1
1942 1.251367e-04       1
1943 5.316413e-06       1
1944 2.345363e-05       1
1945 4.609524e-05       1
1946 1.231078e-04       1
1947 1.805124e-06       1
1948 2.860846e-06       1
1949 2.007956e-05       1
1950 1.982272e-05       1
1951 1.457999e-04       1
1952 2.431758e-05       1
1953 2.312973e-05       1
1954 1.223552e-05       1
1955 2.338759e-05       1
1956 5.124523e-04       1
1957 7.414975e-05       1
1958 2.776664e-05       1
1959 1.364989e-05       1
1960 4.778817e-05       1
1961 5.582735e-04       1
1962 5.743874e-06       1
1963 1.542028e-04       1
1964 1.631293e-07       1
1965 2.859081e-04       1
1966 9.285768e-06       1
1967 2.216178e-05       1
1968 4.307376e-05       1
1969 5.359281e-09       1
1970 1.058163e-04       1
1971 5.714319e-06       1
1972 8.918705e-06       1
1973 1.159977e-06       1
1974 1.921622e-05       1
1975 1.768393e-06       1
1976 1.758240e-06       1
1977 3.294577e-06       1
1978 7.521264e-05       1
1979 3.742769e-05       1
1980 5.120914e-05       1
1981 1.017036e-04       1
1982 8.476274e-06       1
1983 4.848749e-06       1
1984 1.615567e-07       1
1985 8.242315e-05       1
1986 5.431058e-05       1
1987 1.588706e-07       1
1988 3.975640e-05       1
1989 1.855414e-05       1
1990 2.471060e-05       1
1991 1.286669e-04       1
1992 1.346291e-05       1
1993 4.732080e-07       1
1994 8.743085e-05       1
1995 2.297175e-05       1
1996 1.290886e-06       1
1997 2.172072e-05       1
1998 1.687292e-05       1
1999 3.531752e-06       1
2000 1.981843e-06       1
2001 1.248124e-05       1
2002 5.783126e-08       1
2003 2.836504e-06       1
2004 2.089910e-05       1
2005 1.252745e-05       1
2006 2.051510e-06       1
2007 1.118710e-04       1
2008 1.240623e-04       1
2009 2.918206e-06       1
2010 8.391771e-06       1
2011 5.697752e-05       1
2012 8.143467e-05       1
2013 8.436035e-05       1
2014 2.934115e-07       1
2015 1.366715e-05       1
2016 3.945926e-06       1
2017 2.535626e-05       1
2018 7.794474e-07       1
2019 2.157782e-05       1
2020 7.356687e-07       1
2021 2.700678e-05       1
2022 2.056906e-05       1
2023 4.692839e-05       1
2024 3.631018e-06       1
2025 3.647804e-05       1
2026 3.834437e-05       1
2027 1.122921e-05       1
2028 1.183023e-05       1
2029 3.198966e-07       1
2030 1.122554e-07       1
2031 4.190987e-06       1
2032 6.996279e-05       1
2033 7.488464e-06       1
2034 1.166056e-05       1
2035 2.038276e-05       1
2036 5.480657e-05       1
2037 1.381872e-04       1
2038 7.820883e-06       1
2039 1.300841e-04       1
2040 9.914481e-06       1
2041 1.302488e-05       1
2042 6.380718e-07       1
2043 2.831706e-08       1
2044 4.037218e-05       1
2045 1.620390e-05       1
2046 1.786341e-04       1
2047 1.080708e-05       1
2048 5.587441e-08       1
2049 4.911411e-06       1
2050 7.610002e-06       1
2051 2.794146e-07       1
2052 1.016869e-04       1
2053 3.451039e-04       1
2054 3.314992e-05       1
2055 3.558956e-06       1
2056 5.921147e-06       1
2057 6.621152e-05       1
2058 3.317307e-05       1
2059 7.464585e-05       1
2060 8.717204e-06       1
2061 1.901986e-05       1
2062 1.121477e-07       1
2063 1.130301e-04       1
2064 6.377830e-05       1
2065 3.353413e-05       1
2066 8.864157e-05       1
2067 3.719214e-05       1
2068 5.014080e-05       1
2069 5.083131e-06       1
2070 1.572672e-05       1
2071 1.318305e-04       1
2072 5.336810e-05       1
2073 8.161556e-05       1
2074 4.124243e-06       1
2075 6.061161e-05       1
2076 3.977480e-05       1
2077 4.920192e-06       1
2078 3.013498e-08       1
2079 3.708553e-05       1
2080 8.324311e-06       1
2081 4.239351e-07       1
2082 1.606633e-05       1
2083 3.332554e-05       1
2084 3.363394e-06       1
2085 7.249800e-05       1
2086 1.091901e-08       1
2087 1.143358e-05       1
2088 3.774824e-05       1
2089 7.329484e-05       1
2090 8.519273e-06       1
2091 1.721836e-04       1
2092 1.080560e-04       1
2093 3.630601e-05       1
2094 1.215391e-04       1
2095 1.618944e-05       1
2096 7.949520e-05       1
2097 1.399589e-06       1
2098 5.669443e-06       1
2099 2.689345e-05       1
2100 2.486714e-04       1
2101 5.402756e-05       1
2102 3.053879e-06       1
2103 3.646609e-06       1
2104 3.133410e-08       1
2105 1.853673e-05       1
2106 5.148642e-05       1
2107 4.007878e-05       1
2108 6.184473e-06       1
2109 7.944334e-06       1
2110 9.769808e-08       1
2111 3.570763e-05       1
2112 1.363384e-06       1
2113 9.649709e-05       1
2114 4.781890e-05       1
2115 4.288831e-06       1
2116 1.226637e-06       1
2117 2.971038e-05       1
2118 1.301804e-04       1
2119 1.354460e-04       1
2120 4.937161e-05       1
2121 1.074591e-04       1
2122 1.604779e-05       1
2123 7.931428e-06       1
2124 1.326609e-07       1
2125 1.687899e-07       1
2126 4.553397e-06       1
2127 3.712771e-05       1
2128 4.947190e-06       1
2129 1.077890e-04       1
2130 4.789834e-06       1
2131 5.036166e-05       1
2132 4.974536e-05       1
2133 2.030305e-07       1
2134 7.939255e-05       1
2135 2.916934e-05       1
2136 1.838886e-07       1
2137 1.584977e-07       1
2138 7.370117e-05       1
2139 4.883447e-05       1
2140 3.837138e-06       1
2141 1.913689e-05       1
2142 3.447356e-05       1
2143 6.740747e-05       1
2144 3.388906e-04       1
2145 2.061599e-05       1
2146 6.091393e-07       1
2147 2.497662e-05       1
2148 1.494993e-05       1
2149 1.419402e-05       1
2150 2.241910e-05       1
2151 6.927908e-05       1
2152 3.399640e-05       1
2153 3.246717e-06       1
2154 4.724612e-04       1
2155 4.248280e-05       1
2156 1.015907e-04       1
2157 1.480795e-05       1
2158 1.930531e-06       1
2159 2.268707e-05       1
2160 3.069592e-07       1
2161 6.868478e-06       1
2162 7.056861e-06       1
2163 1.959544e-05       1
2164 2.499806e-08       1
2165 3.470272e-05       1
2166 4.509145e-06       1
2167 6.524906e-07       1
2168 5.376549e-05       1
2169 3.928565e-05       1
2170 2.695444e-05       1
2171 4.943225e-05       1
2172 9.810482e-05       1
2173 4.748033e-07       1
2174 6.049582e-06       1
2175 3.173851e-05       1
2176 2.193841e-05       1
2177 3.097701e-05       1
2178 9.861400e-05       1
2179 1.539444e-04       1
2180 7.304092e-06       1
2181 3.315810e-05       1
2182 1.794483e-05       1
2183 1.386227e-05       1
2184 3.584784e-05       1
2185 2.441139e-05       1
2186 6.246952e-05       1
2187 7.297563e-05       1
2188 1.203254e-05       1
2189 1.377166e-05       1
2190 1.848752e-05       1
2191 7.422479e-06       1
2192 1.428398e-04       1
2193 1.934551e-05       1
2194 1.202493e-05       1
2195 4.007605e-05       1
2196 2.258700e-05       1
2197 3.237772e-06       1
2198 1.340353e-05       1
2199 6.928017e-05       1
2200 1.417994e-07       1
2201 2.699910e-05       1
2202 1.526532e-06       1
2203 4.931615e-06       1
2204 9.945702e-05       1
2205 1.687943e-06       1
2206 9.860486e-05       1
2207 2.094771e-05       1
2208 4.511551e-05       1
2209 1.995781e-04       1
2210 6.863209e-05       1
2211 1.162260e-09       1
2212 9.100638e-05       1
2213 1.686620e-05       1
2214 4.373598e-06       1
2215 1.003136e-05       1
2216 1.737173e-06       1
2217 7.107477e-05       1
2218 2.607399e-05       1
2219 1.444233e-05       1
2220 2.751367e-05       1
2221 4.574042e-06       1
2222 2.718758e-05       1
2223 1.119081e-04       1
2224 1.099901e-04       1
2225 1.866237e-05       1
2226 9.551746e-06       1
2227 1.476990e-04       1
2228 2.788589e-05       1
2229 2.398895e-05       1
2230 3.841359e-05       1
2231 3.495007e-07       1
2232 1.001448e-04       1
2233 1.231338e-06       1
2234 1.861189e-06       1
2235 4.572561e-06       1
2236 9.607613e-05       1
2237 9.246258e-05       1
2238 1.015829e-06       1
2239 2.194791e-06       1
2240 1.276261e-05       1
2241 3.965862e-06       1
2242 2.357074e-05       1
2243 7.056338e-05       1
2244 4.687266e-06       1
2245 2.745394e-05       1
2246 6.149381e-05       1
2247 2.962847e-05       1
2248 2.160692e-04       1
2249 4.608800e-05       1
2250 1.901147e-06       1
2251 5.375993e-08       1
2252 2.958825e-05       1
2253 4.768941e-05       1
2254 4.049953e-05       1
2255 3.026533e-04       1
2256 2.860637e-05       1
2257 2.272825e-05       1
2258 9.156735e-05       1
2259 9.999183e-05       1
2260 2.391837e-06       1
2261 2.046394e-05       1
2262 3.212918e-06       1
2263 6.773867e-06       1
2264 3.222709e-06       1
2265 6.456634e-05       1
2266 4.761428e-06       1
2267 4.894557e-07       1
2268 9.820774e-06       1
2269 1.714878e-07       1
2270 4.703828e-05       1
2271 7.095962e-06       1
2272 5.178942e-05       1
2273 5.356417e-05       1
2274 2.492370e-05       1
2275 1.912795e-05       1
2276 6.645589e-05       1
2277 6.364339e-05       1
2278 1.554106e-06       1
2279 4.116396e-05       1
2280 3.026322e-07       1
2281 1.651244e-05       1
2282 4.091366e-05       1
2283 6.388210e-05       1
2284 7.484578e-06       1
2285 3.182582e-08       1
2286 2.342728e-06       1
2287 9.329365e-06       1
2288 8.738867e-05       1
2289 1.080804e-05       1
2290 1.237555e-04       1
2291 2.168506e-05       1
2292 1.965488e-07       1
2293 3.929914e-05       1
2294 3.090243e-05       1
2295 3.312440e-06       1
2296 4.029896e-05       1
2297 1.088206e-05       1
2298 8.229511e-05       1
2299 3.665596e-07       1
2300 1.475577e-04       1
2301 2.793370e-05       1
2302 1.411671e-05       1
2303 3.354439e-05       1
2304 1.480946e-05       1
2305 7.393962e-05       1
2306 2.837225e-05       1
2307 1.837875e-05       1
2308 1.954679e-05       1
2309 4.241895e-05       1
2310 9.893475e-05       1
2311 1.969853e-06       1
2312 8.076018e-05       1
2313 7.545850e-06       1
2314 1.116045e-04       1
2315 2.010796e-06       1
2316 8.291507e-07       1
2317 4.728376e-06       1
2318 1.170294e-04       1
2319 1.894383e-05       1
2320 2.203907e-09       1
2321 1.360925e-05       1
2322 1.037943e-04       1
2323 9.238540e-05       1
2324 7.284009e-06       1
2325 1.103695e-05       1
2326 1.395479e-04       1
2327 7.857140e-06       1
2328 1.357402e-05       1
2329 5.213037e-06       1
2330 4.311391e-06       1
2331 3.167234e-04       1
2332 4.064639e-06       1
2333 2.305407e-04       1
2334 2.400047e-05       1
2335 5.940527e-05       1
2336 8.374877e-05       1
2337 1.532355e-04       1
2338 4.237814e-06       1
2339 1.010984e-04       1
2340 3.194080e-06       1
2341 3.289331e-05       1
2342 9.999628e-06       1
2343 1.797335e-04       1
2344 7.992028e-05       1
2345 2.747648e-05       1
2346 4.102498e-07       1
2347 1.392572e-05       1
2348 3.844300e-04       1
2349 3.140250e-06       1
2350 8.674673e-06       1
2351 7.699027e-07       1
2352 1.187574e-04       1
2353 8.982022e-04       1
2354 9.303389e-05       1
2355 7.367963e-05       1
2356 8.407484e-06       1
2357 2.922360e-06       1
2358 2.321166e-05       1
2359 1.891644e-04       1
2360 2.926591e-05       1
2361 1.112088e-04       1
2362 2.685897e-05       1
2363 2.590155e-07       1
2364 6.430562e-06       1
2365 3.177243e-07       1
2366 9.649155e-06       1
2367 2.072119e-06       1
2368 1.037283e-05       1
2369 2.003309e-04       1
2370 9.569828e-05       1
2371 7.006195e-05       1
2372 1.460445e-06       1
2373 4.249894e-06       1
2374 1.947265e-04       1
2375 2.692497e-04       1
2376 1.908314e-05       1
2377 3.825421e-07       1
2378 1.281364e-05       1
2379 5.655659e-05       1
2380 3.470286e-06       1
2381 7.610154e-06       1
2382 5.886606e-05       1
2383 1.435818e-05       1
2384 9.658878e-06       1
2385 1.475395e-04       1
2386 4.688812e-06       1
2387 3.198886e-05       1
2388 1.835039e-06       1
2389 3.191024e-06       1
2390 1.248532e-04       1
2391 9.201220e-05       1
2392 9.201489e-06       1
2393 1.960507e-12       1
2394 1.253865e-05       1
2395 2.200055e-05       1
2396 2.149209e-07       1
2397 1.787016e-05       1
2398 3.077377e-05       1
2399 1.007028e-06       1
2400 2.284991e-05       1
2401 4.714351e-06       1
2402 6.610162e-05       1
2403 7.726880e-05       1
2404 6.577547e-05       1
2405 4.537679e-05       1
2406 1.987639e-09       1
2407 1.202447e-05       1
2408 5.234330e-05       1
2409 1.274717e-04       1
2410 4.677222e-06       1
2411 8.130770e-06       1
2412 6.265824e-08       1
2413 1.047731e-05       1
2414 2.816507e-05       1
2415 1.108995e-05       1
2416 6.335659e-05       1
2417 1.748129e-05       1
2418 6.927326e-06       1
2419 4.366320e-05       1
2420 2.930521e-05       1
2421 6.388310e-07       1
2422 1.271637e-05       1
2423 4.986984e-07       1
2424 7.485188e-05       1
2425 2.781391e-06       1
2426 3.431676e-06       1
2427 3.805435e-06       1
2428 2.470661e-06       1
2429 6.965910e-05       1
2430 2.721950e-05       1
2431 1.939706e-05       1
2432 1.531890e-04       1
2433 2.443952e-05       1
2434 9.689317e-06       1
2435 2.566455e-05       1
2436 3.489386e-05       1
2437 1.799404e-06       1
2438 1.476129e-04       1
2439 6.525718e-05       1
2440 2.642436e-08       1
2441 1.480086e-06       1
2442 3.108381e-06       1
2443 7.031466e-05       1
2444 2.151976e-05       1
2445 1.985081e-05       1
2446 2.336311e-05       1
2447 6.113103e-05       1
2448 1.285019e-07       1
2449 3.522125e-05       1
2450 1.307930e-05       1
2451 4.221050e-09       1
2452 1.326706e-05       1
2453 9.782218e-06       1
2454 1.330309e-06       1
2455 7.448051e-06       1
2456 2.460395e-05       1
2457 2.054618e-05       1
2458 2.183062e-07       1
2459 2.261065e-05       1
2460 1.077127e-04       1
2461 8.814071e-05       1
2462 2.119495e-06       1
2463 2.282635e-05       1
2464 1.426161e-05       1
2465 5.940601e-07       1
2466 3.108788e-05       1
2467 2.751905e-04       1
2468 1.603876e-04       1
2469 3.992589e-06       1
2470 6.137121e-07       1
2471 2.440849e-05       1
2472 1.288440e-04       1
2473 7.853617e-05       1
2474 1.155597e-04       1
2475 4.547697e-08       1
2476 6.496710e-09       1
2477 9.163426e-05       1
2478 6.504702e-06       1
2479 1.553617e-05       1
2480 1.322480e-04       1
2481 3.298084e-05       1
2482 1.339219e-04       1
2483 7.233054e-06       1
2484 4.477054e-05       1
2485 3.644835e-05       1
2486 9.038269e-06       1
2487 6.027402e-07       1
2488 6.120171e-07       1
2489 1.300323e-06       1
2490 7.453847e-05       1
2491 9.439758e-06       1
2492 7.960037e-05       1
2493 1.072804e-06       1
2494 4.338229e-05       1
2495 2.812458e-06       1
2496 3.898004e-06       1
2497 6.613404e-04       1
2498 1.223548e-05       1
2499 3.216103e-05       1
2500 3.966218e-05       1
2501 2.098335e-05       1
2502 2.795267e-05       1
2503 1.097710e-05       1
2504 6.753146e-07       1
2505 6.020213e-06       1
2506 6.441676e-05       1
2507 1.219950e-05       1
2508 4.011734e-06       1
2509 3.748241e-04       1
2510 9.942199e-05       1
2511 3.232484e-05       1
2512 3.539338e-06       1
2513 5.615414e-05       1
2514 8.703375e-08       1
2515 4.706174e-06       1
2516 9.485394e-07       1
2517 2.196502e-05       1
2518 4.977357e-05       1
2519 2.408147e-05       1
2520 2.263534e-05       1
2521 1.324028e-05       1
2522 1.983495e-05       1
2523 8.333705e-05       1
2524 4.719033e-06       1
2525 4.924979e-06       1
2526 8.364667e-05       1
2527 5.099328e-04       1
2528 1.545244e-07       1
2529 1.192634e-04       1
2530 1.493583e-04       1
2531 1.494938e-05       1
2532 8.626608e-05       1
2533 1.061933e-04       1
2534 4.609530e-05       1
2535 1.740874e-06       1
2536 6.111681e-06       1
2537 7.102243e-05       1
2538 8.809739e-08       1
2539 2.463661e-05       1
2540 7.938271e-06       1
2541 2.979865e-06       1
2542 1.076956e-05       1
2543 5.799983e-05       1
2544 2.195923e-05       1
2545 1.396752e-04       1
2546 1.009406e-06       1
2547 1.703145e-04       1
2548 9.356958e-05       1
2549 4.331292e-06       1
2550 6.908765e-06       1
2551 1.587821e-05       1
2552 1.344268e-05       1
2553 2.288048e-04       1
2554 1.962519e-05       1
2555 1.056897e-05       1
2556 1.785720e-05       1
2557 2.495936e-05       1
2558 2.933453e-05       1
2559 5.433870e-06       1
2560 4.100426e-05       1
2561 7.151370e-06       1
2562 8.734116e-07       1
2563 1.779794e-04       1
2564 2.987624e-07       1
2565 1.507120e-05       1
2566 1.891059e-04       1
2567 2.233397e-07       1
2568 6.826633e-06       1
2569 1.195862e-05       1
2570 5.622133e-06       1
2571 1.509540e-05       1
2572 3.193774e-05       1
2573 1.113468e-04       1
2574 1.327326e-04       1
2575 5.546875e-06       1
2576 1.286822e-05       1
2577 8.003774e-07       1
2578 7.833998e-06       1
2579 9.662103e-05       1
2580 2.303671e-04       1
2581 9.196431e-05       1
2582 1.729969e-04       1
2583 3.676345e-05       1
2584 2.310048e-06       1
2585 6.338123e-06       1
2586 6.213072e-08       1
2587 2.254299e-04       1
2588 3.668852e-06       1
2589 3.476653e-05       1
2590 7.706324e-06       1
2591 5.903995e-06       1
2592 1.651065e-05       1
2593 6.298459e-06       1
2594 5.261033e-05       1
2595 2.521224e-04       1
2596 2.582938e-06       1
2597 6.837867e-05       1
2598 9.846508e-05       1
2599 1.896677e-05       1
2600 2.895796e-06       1
2601 3.115129e-05       1
2602 1.897458e-05       1
2603 3.760408e-04       1
2604 2.639825e-08       1
2605 2.917512e-06       1
2606 1.033314e-07       1
2607 1.070867e-04       1
2608 8.077893e-05       1
2609 4.035113e-05       1
2610 5.157490e-09       1
2611 3.228817e-04       1
2612 3.115076e-05       1
2613 5.241681e-06       1
2614 3.683063e-07       1
2615 3.576773e-06       1
2616 4.430547e-05       1
2617 7.171100e-05       1
2618 1.503159e-05       1
2619 1.335677e-05       1
2620 8.518311e-05       1
2621 5.957216e-06       1
2622 3.000854e-05       1
2623 1.245407e-05       1
2624 6.129074e-07       1
2625 1.137569e-04       1
2626 2.260781e-05       1
2627 5.383197e-07       1
2628 1.792825e-06       1
2629 3.911537e-04       1
2630 1.223671e-04       1
2631 2.129751e-05       1
2632 8.667013e-05       1
2633 3.016996e-06       1
2634 4.362970e-06       1
2635 3.194945e-05       1
2636 4.847655e-05       1
2637 7.697447e-06       1
2638 4.698860e-05       1
2639 3.848671e-06       1
2640 2.019651e-04       1
2641 6.255273e-05       1
2642 1.815605e-05       1
2643 2.270530e-08       1
2644 2.938969e-05       1
2645 4.360951e-06       1
2646 4.940055e-05       1
2647 2.381287e-05       1
2648 7.569979e-06       1
2649 3.623321e-06       1
2650 3.443223e-03       1
2651 4.523550e-06       1
2652 1.106672e-04       1
2653 1.520498e-04       1
2654 1.155158e-04       1
2655 1.226882e-05       1
2656 2.852904e-05       1
2657 1.005686e-05       1
2658 1.228681e-04       1
2659 1.364671e-05       1
2660 1.606700e-05       1
2661 1.068142e-05       1
2662 7.495687e-06       1
2663 2.504904e-07       1
2664 8.655513e-06       1
2665 7.440854e-06       1
2666 2.112374e-06       1
2667 2.515215e-05       1
2668 4.810817e-05       1
2669 6.262508e-05       1
2670 2.084828e-04       1
2671 1.430725e-05       1
2672 7.358225e-06       1
2673 4.233473e-05       1
2674 1.494882e-04       1
2675 9.355697e-06       1
2676 6.543386e-06       1
2677 6.565049e-06       1
2678 8.007313e-06       1
2679 6.451289e-05       1
2680 1.153182e-07       1
2681 1.658453e-04       1
2682 2.772076e-05       1
2683 3.610683e-05       1
2684 2.509339e-07       1
2685 1.312268e-04       1
2686 1.084632e-05       1
2687 3.913088e-06       1
2688 4.539355e-06       1
2689 1.666329e-06       1
2690 1.717234e-04       1
2691 1.699646e-05       1
2692 4.226670e-06       1
2693 1.241391e-05       1
2694 1.698042e-05       1
2695 8.028774e-06       1
2696 4.599691e-06       1
2697 1.523930e-06       1
2698 4.504602e-05       1
2699 2.489984e-05       1
2700 1.361580e-04       1
2701 3.588125e-05       1
2702 3.806049e-05       1
2703 5.187656e-06       1
2704 4.174038e-05       1
2705 4.440775e-05       1
2706 2.294350e-05       1
2707 5.237661e-11       1
2708 6.932601e-06       1
2709 4.127546e-06       1
2710 1.188204e-04       1
2711 2.086791e-06       1
2712 2.611817e-05       1
2713 6.521184e-05       1
2714 5.900132e-05       1
2715 2.525134e-05       1
2716 6.564896e-06       1
2717 2.862956e-05       1
2718 2.773986e-05       1
2719 1.876411e-07       1
2720 5.489557e-05       1
2721 7.140737e-05       1
2722 6.041605e-05       1
2723 3.489042e-05       1
2724 2.263819e-05       1
2725 2.509792e-07       1
2726 8.580448e-05       1
2727 5.023597e-06       1
2728 2.042023e-04       1
2729 4.506737e-07       1
2730 1.782116e-06       1
2731 2.835567e-05       1
2732 1.275061e-08       1
2733 2.659887e-04       1
2734 6.421778e-05       1
2735 1.059667e-05       1
2736 4.698948e-05       1
2737 6.371176e-04       1
2738 1.648352e-05       1
2739 1.674049e-05       1
2740 1.151840e-07       1
2741 1.691159e-05       1
2742 1.541580e-05       1
2743 4.583039e-05       1
2744 9.558592e-06       1
2745 8.391277e-07       1
2746 1.808153e-04       1
2747 1.232432e-06       1
2748 2.014478e-06       1
2749 2.478147e-07       1
2750 8.890353e-07       1
2751 5.879142e-05       1
2752 6.201381e-06       1
2753 5.898581e-08       1
2754 1.793266e-05       1
2755 2.935691e-05       1
2756 6.674435e-06       1
2757 1.794989e-06       1
2758 9.668164e-06       1
2759 2.770242e-05       1
2760 6.871917e-05       1
2761 1.281587e-07       1
2762 6.013243e-07       1
2763 5.319025e-07       1
2764 6.855347e-06       1
2765 2.552427e-05       1
2766 2.366184e-12       1
2767 1.790156e-05       1
2768 3.263080e-04       1
2769 4.817914e-06       1
2770 8.834415e-05       1
2771 6.664691e-06       1
2772 1.485229e-04       1
2773 5.390392e-05       1
2774 1.433878e-05       1
2775 2.276835e-07       1
2776 4.147463e-06       1
2777 5.849032e-05       1
2778 4.670722e-05       1
2779 3.043941e-06       1
2780 6.613313e-05       1
2781 2.793830e-05       1
2782 6.339383e-06       1
2783 1.450177e-06       1
2784 9.214591e-06       1
2785 1.109902e-04       1
2786 2.035293e-05       1
2787 8.041489e-06       1
2788 1.325420e-05       1
2789 5.909815e-07       1
2790 1.055769e-07       1
2791 1.048316e-04       1
2792 4.524697e-05       1
2793 1.175679e-04       1
2794 4.334292e-04       1
2795 4.964598e-06       1
2796 2.272510e-04       1
2797 3.445839e-05       1
2798 3.475815e-05       1
2799 1.885559e-05       1
2800 1.461649e-04       1
2801 3.527581e-06       1
2802 4.935612e-05       1
2803 5.250298e-05       1
2804 6.852155e-05       1
2805 6.359410e-05       1
2806 6.288838e-06       1
2807 8.852545e-06       1
2808 5.731327e-05       1
2809 9.729045e-05       1
2810 2.426170e-04       1
2811 2.801625e-06       1
2812 1.851421e-05       1
2813 3.047685e-06       1
2814 7.951850e-06       1
2815 4.075618e-05       1
2816 2.849448e-04       1
2817 1.760357e-05       1
2818 3.401512e-05       1
2819 2.184350e-05       1
2820 3.240449e-06       1
2821 5.444841e-05       1
2822 9.073942e-06       1
2823 3.706564e-05       1
2824 1.520704e-04       1
2825 4.898462e-06       1
2826 9.710670e-06       1
2827 4.243091e-05       1
2828 4.167208e-05       1
2829 1.765890e-05       1
2830 1.698918e-05       1
2831 1.471932e-05       1
2832 1.082266e-03       1
2833 1.255242e-06       1
2834 8.011329e-06       1
2835 1.838432e-04       1
2836 6.870943e-07       1
2837 4.226051e-04       1
2838 1.413115e-06       1
2839 7.264486e-07       1
2840 4.613190e-05       1
2841 3.763936e-05       1
2842 2.143274e-06       1
2843 4.704808e-05       1
2844 3.735881e-04       1
2845 1.536845e-06       1
2846 1.152493e-05       1
2847 2.962799e-05       1
2848 1.790984e-05       1
2849 7.179871e-06       1
2850 2.460252e-05       1
2851 8.672235e-06       1
2852 1.999084e-04       1
2853 7.261612e-05       1
2854 1.897099e-06       1
2855 2.554754e-06       1
2856 8.452727e-06       1
2857 1.203821e-04       1
2858 4.809388e-08       1
2859 1.282366e-04       1
2860 2.639526e-06       1
2861 1.509764e-05       1
2862 5.048796e-05       1
2863 2.144703e-07       1
2864 8.932637e-05       1
2865 7.472543e-05       1
2866 1.552638e-06       1
2867 7.079261e-05       1
2868 5.624652e-06       1
2869 3.729788e-05       1
2870 1.254887e-05       1
2871 5.199078e-06       1
2872 1.252427e-04       1
2873 1.304900e-04       1
2874 5.827614e-06       1
2875 4.936511e-05       1
2876 1.590182e-05       1
2877 3.490233e-05       1
2878 2.793662e-06       1
2879 1.713563e-05       1
2880 2.847954e-06       1
2881 7.351127e-05       1
2882 5.587678e-07       1
2883 1.428428e-05       1
2884 3.166361e-04       1
2885 1.804326e-07       1
2886 1.665404e-05       1
2887 6.849824e-06       1
2888 2.434016e-07       1
2889 2.093586e-04       1
2890 5.747750e-07       1
2891 7.641353e-06       1
2892 8.721660e-06       1
2893 4.516642e-04       1
2894 4.742614e-07       1
2895 8.615041e-06       1
2896 4.089563e-08       1
2897 9.488224e-07       1
2898 5.790938e-10       1
2899 1.748738e-04       1
2900 2.601711e-06       1
2901 7.814093e-06       1
2902 4.534882e-05       1
2903 5.039404e-04       1
2904 3.094867e-07       1
2905 8.775325e-06       1
2906 3.944841e-06       1
2907 1.148552e-06       1
2908 1.491180e-04       1
2909 5.864449e-05       1
2910 2.840190e-04       1
2911 1.653996e-05       1
2912 1.616709e-06       1
2913 1.374845e-06       1
2914 8.638692e-06       1
2915 1.484916e-04       1
2916 1.247291e-06       1
2917 1.447878e-05       1
2918 2.162613e-05       1
2919 1.202265e-06       1
2920 1.066408e-04       1
2921 8.577676e-05       1
2922 2.597319e-05       1
2923 6.631438e-06       1
2924 2.699873e-05       1
2925 2.101240e-05       1
2926 4.073576e-06       1
2927 6.972432e-07       1
2928 5.641042e-05       1
2929 3.866416e-05       1
2930 1.559913e-04       1
2931 2.171378e-04       1
2932 1.639875e-07       1
2933 9.923661e-06       1
2934 2.628868e-04       1
2935 2.124428e-06       1
2936 2.837496e-05       1
2937 6.335774e-07       1
2938 1.039874e-05       1
2939 1.878465e-04       1
2940 3.445150e-06       1
2941 1.547401e-04       1
2942 2.833624e-04       1
2943 8.534878e-09       1
2944 8.600973e-05       1
2945 1.838361e-05       1
2946 2.201559e-04       1
2947 5.715099e-07       1
2948 4.389743e-05       1
2949 9.600023e-07       1
2950 1.356501e-04       1
2951 4.717952e-06       1
2952 7.246716e-06       1
2953 3.407662e-07       1
2954 8.485336e-04       1
2955 4.165559e-05       1
2956 4.548514e-05       1
2957 4.805217e-06       1
2958 4.284357e-05       1
2959 1.390443e-04       1
2960 8.154150e-06       1
2961 4.486393e-05       1
2962 4.723936e-05       1
2963 2.347123e-06       1
2964 6.244389e-06       1
2965 6.098099e-07       1
2966 1.038132e-05       1
2967 3.333973e-06       1
2968 7.273311e-06       1
2969 4.994237e-05       1
2970 3.747447e-06       1
2971 3.717713e-05       1
2972 1.789877e-05       1
2973 4.478938e-05       1
2974 9.215930e-06       1
2975 1.836546e-05       1
2976 3.122920e-06       1
2977 1.766484e-05       1
2978 1.358326e-07       1
2979 1.609987e-06       1
2980 2.039744e-05       1
2981 7.912554e-07       1
2982 6.077546e-06       1
2983 1.658888e-07       1
2984 1.549358e-06       1
2985 1.094735e-04       1
2986 1.609183e-04       1
2987 1.877309e-05       1
2988 1.155338e-05       1
2989 9.718332e-06       1
2990 1.823148e-05       1
2991 7.025059e-05       1
2992 3.878934e-04       1
2993 2.477758e-05       1
2994 4.594371e-05       1
2995 4.220724e-06       1
2996 6.091092e-06       1
2997 1.223081e-05       1
2998 5.137468e-05       1
2999 1.376952e-05       1
3000 1.216312e-04       1
3001 5.189968e-06       1
3002 1.471746e-05       1
3003 4.588492e-04       1
3004 8.503184e-06       1
3005 4.680939e-06       1
3006 2.139869e-05       1
3007 5.631684e-06       1
3008 1.452805e-04       1
3009 1.635226e-05       1
3010 1.511396e-05       1
3011 3.666466e-06       1
3012 1.035735e-05       1
3013 3.396662e-05       1
3014 5.730238e-05       1
3015 1.073803e-05       1
3016 1.311913e-05       1
3017 4.379654e-05       1
3018 4.554423e-05       1
3019 1.537924e-09       1
3020 2.574400e-05       1
3021 1.918887e-04       1
3022 9.268758e-05       1
3023 7.850901e-07       1
3024 1.652662e-04       1
3025 4.166155e-05       1
3026 5.220432e-05       1
3027 1.200400e-05       1
3028 1.638980e-05       1
3029 5.876554e-06       1
3030 3.231577e-05       1
3031 1.822686e-05       1
3032 1.187902e-05       1
3033 3.523182e-05       1
3034 1.310689e-05       1
3035 1.664970e-06       1
3036 2.408797e-04       1
3037 1.914112e-06       1
3038 1.057192e-04       1
3039 2.238125e-05       1
3040 3.156627e-06       1
3041 9.907063e-06       1
3042 6.625318e-06       1
3043 5.026989e-04       1
3044 4.563693e-07       1
3045 2.498322e-05       1
3046 1.772583e-04       1
3047 2.046940e-04       1
3048 2.089307e-08       1
3049 1.042032e-04       1
3050 2.810604e-07       1
3051 1.826696e-05       1
3052 1.078684e-04       1
3053 2.441330e-05       1
3054 1.223514e-05       1
3055 3.070894e-05       1
3056 3.457731e-05       1
3057 3.414454e-06       1
3058 1.125187e-04       1
3059 1.933732e-04       1
3060 5.435805e-04       1
3061 3.643693e-06       1
3062 1.574164e-04       1
3063 7.022245e-06       1
3064 6.314993e-05       1
3065 5.239080e-05       1
3066 5.079303e-05       1
3067 5.631546e-05       1
3068 1.045113e-04       1
3069 9.180343e-06       1
3070 6.201781e-05       1
3071 1.536707e-06       1
3072 1.861117e-05       1
3073 1.465119e-05       1
3074 1.587737e-03       1
3075 8.412607e-06       1
3076 1.636795e-05       1
3077 1.734651e-05       1
3078 1.484540e-05       1
3079 2.754605e-04       1
3080 5.979180e-06       1
3081 1.243074e-05       1
3082 1.239254e-05       1
3083 3.020554e-06       1
3084 5.992237e-05       1
3085 6.846941e-06       1
3086 2.154680e-05       1
3087 4.036805e-06       1
3088 1.995505e-05       1
3089 5.531666e-05       1
3090 1.158844e-05       1
3091 1.929876e-05       1
3092 4.604999e-04       1
3093 1.046372e-05       1
3094 3.263813e-05       1
3095 6.898653e-06       1
3096 1.440599e-05       1
3097 5.868860e-07       1
3098 1.083002e-05       1
3099 2.187417e-06       1
3100 3.150004e-05       1
3101 5.018301e-05       1
3102 2.063918e-05       1
3103 7.794042e-06       1
3104 3.073516e-05       1
3105 1.761691e-06       1
3106 1.564755e-05       1
3107 9.141717e-05       1
3108 5.415219e-05       1
3109 1.433184e-05       1
3110 5.284460e-06       1
3111 3.472291e-07       1
3112 4.674359e-07       1
3113 1.760351e-05       1
3114 1.524979e-04       1
3115 4.116872e-05       1
3116 3.837051e-06       1
3117 3.264583e-07       1
3118 4.644095e-07       1
3119 2.014721e-05       1
3120 2.985264e-07       1
3121 2.926132e-05       1
3122 2.555174e-05       1
3123 2.565959e-05       1
3124 5.323625e-06       1
3125 3.845034e-06       1
3126 2.848229e-06       1
3127 7.326654e-06       1
3128 2.439674e-05       1
3129 9.202127e-06       1
3130 3.032690e-05       1
3131 1.089183e-04       1
3132 3.712217e-05       1
3133 1.491503e-06       1
3134 2.874927e-07       1
3135 1.397014e-07       1
3136 9.530626e-06       1
3137 4.323273e-04       1
3138 5.821099e-09       1
3139 7.530720e-05       1
3140 1.483976e-05       1
3141 8.136094e-06       1
3142 1.333076e-05       1
3143 4.187825e-05       1
3144 1.336406e-05       1
3145 1.422674e-05       1
3146 7.697603e-05       1
3147 3.253727e-06       1
3148 9.933212e-05       1
3149 1.167501e-05       1
3150 1.853234e-05       1
3151 5.034230e-07       1
3152 2.677679e-04       1
3153 6.009216e-05       1
3154 3.538764e-05       1
3155 2.794397e-05       1
3156 1.789870e-04       1
3157 2.147447e-05       1
3158 8.489695e-05       1
3159 7.960273e-06       1
3160 5.187464e-05       1
3161 4.778566e-06       1
3162 7.175962e-05       1
3163 3.814429e-05       1
3164 5.675578e-08       1
3165 9.255025e-06       1
3166 2.611587e-06       1
3167 2.803339e-04       1
3168 5.073556e-06       1
3169 2.166382e-05       1
3170 3.810428e-07       1
3171 4.650128e-05       1
3172 6.259395e-06       1
3173 6.622159e-06       1
3174 9.516024e-07       1
3175 3.478689e-07       1
3176 1.146092e-07       1
3177 1.225764e-05       1
3178 3.185838e-06       1
3179 2.404006e-05       1
3180 4.873776e-06       1

$`MR-PRESSO results`$`Distortion Test`
$`MR-PRESSO results`$`Distortion Test`$`Outliers Indices`
[1]  404 1435

$`MR-PRESSO results`$`Distortion Test`$`Distortion Coefficient`
beta.exposure 
    -109.0608 

$`MR-PRESSO results`$`Distortion Test`$Pvalue
[1] 0.32576



