$`Main MR results`
       Exposure       MR Analysis Causal Estimate          Sd   T-stat
1 beta.exposure               Raw     0.003617369 0.002079338 1.739674
2 beta.exposure Outlier-corrected     0.009950349 0.002000438 4.974084
       P-value
1 8.566847e-02
2 3.611893e-06

$`MR-PRESSO results`
$`MR-PRESSO results`$`Global Test`
$`MR-PRESSO results`$`Global Test`$RSSobs
[1] 221.5924

$`MR-PRESSO results`$`Global Test`$Pvalue
[1] "<1e-04"


$`MR-PRESSO results`$`Outlier Test`
         RSSobs  Pvalue
1  3.954453e-06       1
2  5.578651e-06       1
3  4.070312e-07       1
4  7.515880e-06       1
5  4.859012e-05       1
6  8.655724e-07       1
7  3.218607e-07       1
8  1.497071e-07       1
9  5.889377e-07       1
10 1.402252e-05       1
11 3.091939e-05       1
12 1.716811e-06       1
13 1.771421e-07       1
14 2.935575e-07       1
15 4.937255e-05       1
16 2.196585e-04       1
17 7.451023e-07       1
18 2.575341e-05       1
19 2.548563e-07       1
20 8.587586e-06       1
21 7.743031e-04 <0.0083
22 9.811542e-05       1
23 1.073052e-03  0.8466
24 1.189714e-06       1
25 1.498705e-04       1
26 1.604676e-04       1
27 1.270765e-04       1
28 2.465269e-05       1
29 6.904264e-06       1
30 3.195346e-06       1
31 3.876750e-06       1
32 5.309837e-06       1
33 1.503406e-05       1
34 1.924119e-06       1
35 7.883862e-06       1
36 4.361517e-07       1
37 1.011361e-07       1
38 7.019976e-05  0.4731
39 5.197255e-06       1
40 9.381371e-08       1
41 4.402990e-06       1
42 3.671771e-07       1
43 5.500697e-05  0.2656
44 4.034568e-05       1
45 7.391777e-07       1
46 9.201004e-08       1
47 9.347380e-06       1
48 2.311220e-05       1
49 2.471775e-06       1
50 4.830575e-05       1
51 1.651290e-06       1
52 1.789101e-05       1
53 5.501701e-05  0.3237
54 1.234402e-07       1
55 3.991903e-05       1
56 8.911987e-07       1
57 2.934173e-06       1
58 5.314961e-05       1
59 9.217285e-06       1
60 6.652353e-06       1
61 1.961281e-05       1
62 2.859133e-06       1
63 2.974328e-06       1
64 5.648676e-05  0.0747
65 6.341641e-05  0.9545
66 2.103732e-05       1
67 3.464885e-06       1
68 1.889356e-06       1
69 3.606630e-07       1
70 1.182972e-06       1
71 3.711744e-07       1
72 3.444323e-07       1
73 4.567600e-04  0.1245
74 2.799372e-07       1
75 1.452671e-05       1
76 1.279078e-05       1
77 2.153265e-05       1
78 8.969994e-06       1
79 3.717380e-05       1
80 2.617895e-05       1
81 4.556316e-06       1
82 3.416425e-06       1
83 9.790071e-06       1

$`MR-PRESSO results`$`Distortion Test`
$`MR-PRESSO results`$`Distortion Test`$`Outliers Indices`
[1] 21

$`MR-PRESSO results`$`Distortion Test`$`Distortion Coefficient`
beta.exposure 
    -63.64581 

$`MR-PRESSO results`$`Distortion Test`$Pvalue
[1] 0.2554



