$`Main MR results`
       Exposure       MR Analysis Causal Estimate         Sd    T-stat
1 beta.exposure               Raw      -0.2761740 0.03779412 -7.307326
2 beta.exposure Outlier-corrected      -0.2856571 0.03500952 -8.159412
       P-value
1 3.491754e-13
2 4.931719e-16

$`MR-PRESSO results`
$`MR-PRESSO results`$`Global Test`
$`MR-PRESSO results`$`Global Test`$RSSobs
[1] 3885.898

$`MR-PRESSO results`$`Global Test`$Pvalue
[1] "<1e-05"


$`MR-PRESSO results`$`Outlier Test`
           RSSobs   Pvalue
1    1.523166e-04        1
2    9.477657e-05        1
3    5.103984e-05        1
4    9.303313e-04        1
5    4.825345e-02  0.05896
6    2.844281e-05        1
7    3.028231e-04        1
8    5.850650e-03        1
9    4.910337e-07        1
10   7.188998e-04        1
11   5.146830e-04        1
12   2.143831e-05        1
13   7.224804e-05        1
14   2.644630e-04        1
15   5.389303e-04        1
16   4.417768e-07        1
17   1.915638e-04        1
18   3.561671e-04        1
19   2.666381e-05        1
20   6.927983e-05        1
21   9.599236e-04        1
22   8.984781e-04        1
23   2.059369e-04        1
24   4.182179e-05        1
25   2.370411e-04        1
26   1.485986e-05        1
27   2.179490e-05        1
28   4.105439e-09        1
29   9.987675e-05        1
30   1.126924e-04        1
31   2.796990e-04        1
32   3.364583e-05        1
33   3.586018e-05        1
34   4.183199e-04        1
35   6.163464e-04        1
36   3.710286e-05        1
37   2.419799e-04        1
38   1.108111e-04        1
39   4.547085e-04        1
40   4.484910e-04        1
41   2.713195e-04        1
42   2.367179e-05        1
43   4.684714e-04        1
44   2.600458e-04        1
45   8.159702e-06        1
46   1.447100e-03        1
47   3.374481e-06        1
48   2.033771e-04        1
49   4.421887e-05        1
50   3.586756e-05        1
51   1.331160e-04        1
52   1.181092e-07        1
53   8.193567e-04        1
54   2.643112e-05        1
55   3.581987e-07        1
56   9.158077e-06        1
57   1.598834e-04        1
58   1.505758e-04        1
59   1.686181e-04        1
60   1.583234e-07        1
61   6.022798e-04        1
62   1.794185e-05        1
63   1.339654e-04        1
64   4.750978e-04        1
65   3.969255e-04        1
66   8.994022e-06        1
67   4.133800e-04        1
68   5.131616e-05        1
69   5.802768e-04        1
70   9.751333e-04        1
71   2.619798e-04        1
72   5.058706e-04        1
73   2.769360e-04        1
74   1.113451e-03        1
75   1.628003e-04        1
76   2.420772e-04        1
77   1.121001e-04        1
78   2.524934e-04        1
79   5.498165e-04        1
80   5.710996e-05        1
81   1.799464e-04        1
82   2.934529e-06        1
83   1.778883e-05        1
84   4.682261e-04        1
85   2.869797e-05        1
86   8.298386e-05        1
87   1.712546e-04        1
88   7.057028e-04        1
89   2.653221e-05        1
90   1.135316e-03        1
91   6.225134e-05        1
92   8.440494e-05        1
93   3.189921e-07        1
94   8.915429e-04        1
95   8.612592e-05        1
96   1.945916e-03        1
97   5.572995e-05        1
98   1.778215e-04        1
99   1.158752e-03        1
100  2.312478e-04        1
101  2.615286e-04        1
102  4.673200e-05        1
103  3.916119e-04        1
104  5.515074e-05        1
105  6.351101e-05        1
106  1.470114e-04        1
107  7.951124e-04        1
108  3.158272e-04        1
109  3.650838e-04        1
110  9.919504e-06        1
111  2.334182e-04        1
112  3.635400e-04        1
113  6.705288e-06        1
114  3.893185e-04        1
115  2.535455e-03        1
116  8.051194e-07        1
117  9.450529e-04        1
118  8.032303e-04        1
119  1.192418e-04        1
120  1.986587e-04        1
121  3.880873e-05        1
122  3.342672e-05        1
123  3.467403e-07        1
124  6.103024e-04        1
125  3.718065e-05        1
126  3.406972e-06        1
127  5.183045e-04        1
128  1.212484e-05        1
129  1.184379e-04        1
130  1.805780e-04        1
131  1.158937e-03        1
132  5.409226e-04        1
133  7.853384e-06        1
134  7.423630e-05        1
135  3.328598e-04        1
136  1.137807e-04        1
137  1.951959e-06        1
138  1.309009e-04        1
139  4.653351e-04        1
140  2.764421e-04        1
141  1.778821e-04        1
142  1.869931e-05        1
143  2.941626e-04        1
144  3.323779e-04        1
145  1.470879e-03        1
146  1.973624e-04        1
147  4.474792e-04        1
148  1.902197e-04        1
149  9.791342e-06        1
150  9.106926e-05        1
151  9.230430e-05        1
152  1.124782e-05        1
153  1.355784e-04        1
154  4.437840e-05        1
155  6.420165e-04        1
156  1.464991e-04        1
157  3.330215e-04        1
158  8.782814e-04        1
159  9.420524e-04        1
160  2.018495e-04        1
161  1.563832e-06        1
162  9.411486e-04        1
163  6.614108e-04        1
164  4.816287e-08        1
165  4.332737e-07        1
166  1.062712e-04        1
167  2.418155e-04        1
168  4.000891e-04        1
169  2.246584e-04        1
170  4.436681e-04        1
171  2.099817e-03        1
172  3.108654e-04        1
173  5.005580e-07        1
174  4.088952e-04        1
175  1.027642e-03        1
176  3.207045e-04        1
177  4.442621e-04        1
178  5.563706e-05        1
179  2.211295e-04        1
180  5.206248e-05        1
181  7.431906e-06        1
182  1.181893e-04        1
183  6.044001e-06        1
184  1.713097e-06        1
185  1.422710e-05        1
186  4.771807e-05        1
187  1.247375e-05        1
188  2.163066e-03        1
189  2.267573e-04        1
190  1.357738e-04        1
191  7.533129e-05        1
192  1.206488e-04        1
193  1.679546e-05        1
194  2.278260e-03        1
195  1.740113e-06        1
196  9.612891e-05        1
197  4.806864e-04        1
198  1.743810e-05        1
199  3.685139e-05        1
200  4.829712e-04        1
201  1.188485e-04        1
202  2.035330e-06        1
203  3.142844e-04        1
204  1.056657e-03        1
205  3.306714e-05        1
206  9.176771e-05        1
207  5.646275e-04        1
208  6.404429e-05        1
209  7.388824e-05        1
210  1.636218e-04        1
211  3.072435e-05        1
212  1.174511e-05        1
213  3.854612e-04        1
214  8.513474e-06        1
215  1.975993e-04        1
216  6.376191e-05        1
217  1.870889e-04        1
218  8.908368e-04        1
219  1.619703e-04        1
220  1.007546e-03        1
221  9.321297e-05        1
222  1.532150e-04        1
223  4.766294e-06        1
224  1.719290e-05        1
225  6.148395e-05        1
226  1.413969e-04        1
227  3.722197e-05        1
228  8.382412e-04        1
229  1.036772e-04        1
230  1.604045e-04        1
231  2.845865e-07        1
232  6.132553e-05        1
233  5.459457e-04        1
234  7.882807e-04        1
235  5.601204e-05        1
236  4.704584e-05        1
237  5.343355e-05        1
238  1.356843e-03        1
239  1.596123e-04        1
240  9.612243e-07        1
241  2.961357e-04        1
242  3.839106e-04        1
243  1.269369e-04        1
244  1.151861e-04        1
245  6.706840e-03        1
246  4.938547e-04        1
247  2.250410e-04        1
248  5.528534e-04        1
249  7.984033e-04        1
250  5.448588e-04        1
251  7.625355e-04        1
252  9.728128e-05        1
253  1.014847e-04        1
254  5.227581e-05        1
255  3.496026e-03        1
256  2.063130e-04        1
257  1.167828e-04        1
258  4.124876e-04        1
259  2.136558e-03        1
260  8.606753e-05        1
261  2.585119e-04        1
262  1.235029e-05        1
263  1.731958e-05        1
264  1.171693e-05        1
265  3.456674e-03        1
266  2.351576e-06        1
267  1.546252e-03        1
268  6.088857e-04        1
269  1.465804e-05        1
270  1.024027e-04        1
271  1.093661e-03        1
272  1.572535e-03        1
273  1.268520e-03        1
274  3.965249e-05        1
275  3.463974e-04        1
276  4.754508e-04        1
277  9.346772e-05        1
278  2.166494e-03        1
279  6.022960e-05        1
280  3.228077e-04        1
281  1.048213e-04        1
282  1.268819e-03        1
283  2.527538e-03        1
284  7.510044e-04        1
285  8.565123e-04        1
286  1.322770e-03        1
287  5.072447e-03        1
288  1.023855e-05        1
289  2.666085e-05        1
290  1.525248e-03        1
291  4.297933e-05        1
292  6.574402e-06        1
293  3.205027e-03        1
294  5.026844e-05        1
295  3.461528e-05        1
296  1.218895e-03        1
297  6.052472e-05        1
298  7.938763e-07        1
299  2.304396e-06        1
300  1.932751e-04        1
301  8.443230e-06        1
302  1.068933e-03        1
303  1.261405e-06        1
304  4.904367e-03        1
305  4.675464e-03        1
306  1.090822e-03        1
307  8.898726e-03        1
308  5.751237e-03        1
309  2.492478e-05        1
310  1.114879e-05        1
311  8.067869e-04        1
312  1.169139e-02        1
313  3.834606e-04        1
314  2.929107e-04        1
315  2.390287e-04        1
316  1.484043e-04        1
317  3.590210e-04        1
318  7.383050e-04        1
319  1.490480e-05        1
320  7.520508e-03        1
321  2.944788e-04        1
322  7.208210e-05        1
323  4.578482e-03        1
324  3.871582e-03        1
325  9.608609e-04        1
326  9.812823e-04        1
327  1.835875e-03        1
328  4.152448e-03        1
329  4.175013e-04        1
330  6.168984e-05        1
331  1.554205e-03        1
332  3.120958e-06        1
333  4.398611e-05        1
334  1.581541e-03        1
335  7.265969e-05        1
336  4.876078e-03        1
337  2.215973e-04        1
338  8.117483e-04        1
339  1.874273e-05        1
340  5.672654e-04        1
341  1.021384e-02        1
342  3.378920e-03        1
343  8.475070e-06        1
344  1.650642e-05        1
345  2.054560e-04        1
346  1.402400e-04        1
347  2.467892e-04        1
348  4.266888e-04        1
349  1.814573e-02        1
350  1.800104e-04        1
351  5.304120e-04        1
352  2.694008e-03        1
353  1.193824e-03        1
354  1.089616e-03        1
355  6.804832e-05        1
356  1.018977e-05        1
357  5.322701e-03        1
358  1.501486e-03        1
359  5.460886e-05        1
360  4.784286e-03        1
361  5.492202e-03        1
362  1.052807e-03        1
363  3.315437e-04        1
364  1.632982e-03        1
365  5.974520e-04        1
366  2.604517e-05        1
367  2.214367e-04        1
368  2.598386e-03        1
369  3.710259e-04        1
370  9.330511e-06        1
371  4.721166e-05        1
372  6.239998e-03        1
373  2.164726e-05        1
374  2.058876e-05        1
375  9.792096e-06        1
376  3.741713e-04        1
377  4.838558e-03        1
378  1.287417e-04        1
379  1.531159e-05        1
380  1.318940e-03        1
381  2.696085e-04        1
382  1.502330e-05        1
383  2.640789e-05        1
384  1.695861e-04        1
385  3.437102e-04        1
386  1.712552e-05        1
387  4.928165e-05        1
388  1.263029e-03        1
389  1.921517e-08        1
390  1.049017e-04        1
391  5.229350e-05        1
392  1.286032e-03        1
393  1.473532e-03        1
394  3.779321e-06        1
395  2.053994e-04        1
396  4.099150e-05        1
397  1.071392e-03        1
398  1.614974e-03        1
399  2.936182e-06        1
400  9.500714e-04        1
401  1.628753e-04        1
402  2.220986e-03        1
403  5.066598e-04        1
404  5.254900e-04        1
405  9.960832e-05        1
406  9.994383e-04        1
407  7.783078e-04        1
408  7.903175e-06        1
409  6.788202e-05        1
410  4.355342e-04        1
411  4.377108e-03        1
412  6.982525e-04        1
413  2.726555e-04        1
414  4.270354e-03        1
415  5.929643e-06        1
416  2.586800e-06        1
417  2.865838e-05        1
418  1.115114e-04        1
419  2.051564e-03        1
420  1.163596e-03        1
421  5.210980e-04        1
422  7.027507e-05        1
423  5.063210e-05        1
424  1.160025e-03        1
425  1.085281e-04        1
426  2.513946e-04        1
427  4.649094e-05        1
428  2.577590e-04        1
429  2.855410e-05        1
430  4.728598e-04        1
431  4.742730e-05        1
432  2.095850e-04        1
433  2.029606e-05        1
434  1.807954e-03        1
435  2.049704e-04        1
436  3.258738e-04        1
437  2.169978e-05        1
438  4.195842e-05        1
439  5.234238e-05        1
440  8.421830e-05        1
441  2.464981e-04        1
442  1.866958e-04        1
443  6.756126e-04        1
444  1.061848e-02        1
445  1.489670e-09        1
446  1.143339e-04        1
447  1.327513e-03        1
448  8.299674e-03        1
449  1.179119e-05        1
450  1.063963e-03        1
451  3.201850e-05        1
452  1.939321e-03        1
453  2.166322e-04        1
454  1.337404e-03        1
455  6.320706e-05        1
456  1.157038e-03        1
457  5.435361e-05        1
458  6.922950e-04        1
459  3.977129e-07        1
460  1.222894e-03        1
461  9.786892e-04        1
462  4.664621e-04        1
463  5.720385e-03        1
464  5.372494e-05        1
465  1.934952e-06        1
466  7.681136e-04        1
467  3.103782e-03        1
468  1.969231e-04        1
469  3.956226e-04        1
470  2.079433e-06        1
471  1.141115e-05        1
472  2.029926e-02        1
473  5.873826e-03        1
474  1.524637e-03        1
475  7.418535e-03        1
476  6.689025e-04        1
477  8.528897e-06        1
478  4.492294e-03        1
479  9.464039e-04        1
480  3.070633e-03        1
481  7.235664e-04        1
482  2.457329e-03        1
483  2.514880e-04        1
484  3.819220e-03        1
485  7.946304e-04        1
486  2.620770e-04        1
487  2.022385e-03        1
488  2.453199e-05        1
489  2.506430e-04        1
490  2.792777e-04        1
491  1.171494e-04        1
492  4.924988e-04        1
493  2.157594e-04        1
494  2.956670e-04        1
495  1.156305e-04        1
496  5.898719e-04        1
497  1.045863e-03        1
498  4.868911e-04        1
499  3.663273e-04        1
500  1.671322e-04        1
501  8.042391e-05        1
502  1.923005e-05        1
503  5.476302e-06        1
504  1.213214e-05        1
505  1.025562e-03        1
506  1.268867e-05        1
507  8.784306e-04        1
508  1.859070e-04        1
509  1.786337e-05        1
510  1.518232e-04        1
511  6.342931e-04        1
512  7.678118e-05        1
513  1.443997e-04        1
514  7.265207e-06        1
515  4.409014e-04        1
516  5.671202e-05        1
517  4.941904e-05        1
518  2.800277e-06        1
519  1.260417e-04        1
520  1.780877e-04        1
521  1.075535e-04        1
522  1.498698e-04        1
523  3.299300e-05        1
524  7.583970e-05        1
525  5.128949e-04        1
526  2.816442e-06        1
527  9.953254e-05        1
528  2.461792e-06        1
529  7.711117e-05        1
530  6.533151e-05        1
531  2.397400e-04        1
532  5.068517e-04        1
533  1.487313e-04        1
534  1.391020e-05        1
535  2.460546e-04        1
536  4.375674e-04        1
537  2.198484e-04        1
538  2.459714e-04        1
539  1.142643e-03        1
540  1.537542e-07        1
541  3.067950e-04        1
542  1.321733e-04        1
543  4.771634e-05        1
544  8.383330e-06        1
545  9.375759e-05        1
546  2.253573e-04        1
547  4.157781e-04        1
548  3.433302e-05        1
549  5.692038e-05        1
550  3.385608e-03        1
551  3.600006e-04        1
552  2.770832e-04        1
553  7.934483e-05        1
554  1.141293e-03        1
555  4.440973e-05        1
556  3.753265e-05        1
557  4.108590e-04        1
558  1.734533e-04        1
559  6.222536e-04        1
560  2.802070e-05        1
561  1.793822e-04        1
562  1.068277e-06        1
563  8.462259e-07        1
564  8.363664e-06        1
565  1.274263e-04        1
566  5.605821e-04        1
567  3.564416e-05        1
568  2.088925e-04        1
569  6.505671e-04        1
570  1.045772e-03        1
571  8.601338e-06        1
572  4.066208e-05        1
573  6.037050e-05        1
574  9.761128e-04        1
575  2.356194e-04        1
576  5.768041e-05        1
577  1.902066e-05        1
578  4.605516e-06        1
579  2.086159e-04        1
580  3.785469e-04        1
581  3.019237e-04        1
582  8.134991e-05        1
583  1.064582e-04        1
584  3.595375e-07        1
585  1.598682e-03        1
586  1.940697e-04        1
587  7.569268e-04        1
588  2.273388e-04        1
589  1.032574e-06        1
590  1.073415e-03        1
591  1.756429e-06        1
592  5.529044e-04        1
593  5.067622e-04        1
594  1.042956e-03        1
595  3.149801e-05        1
596  2.964049e-05        1
597  3.841075e-04        1
598  2.156903e-05        1
599  4.297508e-04        1
600  3.445627e-04        1
601  2.814333e-04        1
602  1.853634e-03        1
603  9.776822e-04        1
604  6.925346e-05        1
605  1.800988e-07        1
606  1.219723e-05        1
607  1.522720e-04        1
608  1.912035e-04        1
609  1.086024e-03        1
610  3.393325e-04        1
611  5.876222e-04        1
612  1.090594e-03        1
613  5.810412e-06        1
614  4.155893e-05        1
615  5.172634e-05        1
616  2.626964e-06        1
617  2.753723e-06        1
618  5.634116e-04        1
619  9.574416e-05        1
620  8.976949e-04        1
621  2.087052e-05        1
622  9.850747e-05        1
623  9.163124e-05        1
624  6.639337e-04        1
625  1.467985e-04        1
626  3.264614e-04        1
627  4.749993e-04        1
628  3.669334e-05        1
629  7.776941e-04        1
630  5.662480e-04        1
631  2.314832e-05        1
632  3.428979e-06        1
633  3.686794e-04        1
634  1.273108e-03        1
635  6.527563e-04        1
636  6.326638e-06        1
637  8.855314e-05        1
638  7.906701e-04        1
639  8.237960e-06        1
640  1.622522e-05        1
641  6.173545e-07        1
642  9.650319e-04        1
643  5.860760e-04        1
644  1.005084e-04        1
645  2.672651e-06        1
646  3.527606e-04        1
647  2.557492e-04        1
648  7.377000e-04        1
649  3.975173e-05        1
650  4.537741e-05        1
651  3.934415e-04        1
652  1.724905e-03        1
653  4.007601e-05        1
654  5.973719e-05        1
655  6.046637e-03        1
656  7.365366e-04        1
657  1.748315e-04        1
658  1.512419e-04        1
659  1.703877e-04        1
660  7.887568e-06        1
661  7.555884e-04        1
662  3.432874e-04        1
663  1.132969e-03        1
664  2.924983e-05        1
665  2.146242e-04        1
666  6.545426e-05        1
667  2.557932e-04        1
668  9.657702e-05        1
669  5.672152e-04        1
670  1.362217e-04        1
671  6.607054e-06        1
672  2.136415e-04        1
673  4.470730e-04        1
674  5.330433e-05        1
675  4.633984e-06        1
676  1.095902e-05        1
677  7.923879e-05        1
678  6.767923e-05        1
679  1.098015e-04        1
680  9.793588e-07        1
681  1.408471e-04        1
682  1.731972e-04        1
683  7.492694e-05        1
684  5.365360e-05        1
685  6.872905e-04        1
686  2.554948e-03        1
687  2.446849e-06        1
688  1.234880e-04        1
689  7.890963e-04        1
690  3.105235e-03        1
691  1.971044e-05        1
692  4.420336e-04        1
693  3.068931e-04        1
694  3.475059e-05        1
695  1.400142e-06        1
696  1.232016e-08        1
697  2.979469e-04        1
698  5.683218e-04        1
699  2.260197e-03        1
700  5.282959e-05        1
701  1.916002e-05        1
702  2.483689e-04        1
703  2.675803e-04        1
704  3.565721e-04        1
705  1.999986e-06        1
706  4.205040e-05        1
707  4.021263e-04        1
708  5.959165e-03        1
709  2.413200e-04        1
710  1.849527e-04        1
711  9.573735e-05        1
712  2.428096e-04        1
713  1.585432e-04        1
714  3.425279e-07        1
715  7.134244e-04        1
716  1.725014e-05        1
717  2.180275e-04        1
718  3.069271e-04        1
719  5.444408e-04        1
720  8.678315e-04        1
721  2.473273e-04        1
722  1.056659e-04        1
723  4.627626e-04        1
724  1.222244e-04        1
725  1.445957e-04        1
726  2.711770e-04        1
727  3.489202e-03        1
728  1.329525e-03        1
729  1.338297e-05        1
730  1.399327e-04        1
731  3.635600e-06        1
732  6.600300e-04        1
733  3.881840e-05        1
734  1.217352e-05        1
735  3.126698e-05        1
736  2.920465e-05        1
737  9.796633e-04        1
738  1.442308e-07        1
739  1.191434e-03        1
740  1.245188e-03        1
741  8.138269e-06        1
742  9.933475e-05        1
743  2.136830e-05        1
744  1.145719e-05        1
745  2.887822e-08        1
746  1.179074e-03        1
747  2.307110e-03        1
748  3.072869e-05        1
749  3.783962e-05        1
750  6.842789e-07        1
751  9.417496e-04        1
752  1.245367e-05        1
753  2.677382e-05        1
754  3.411811e-07        1
755  2.921337e-03        1
756  3.629834e-04        1
757  1.965112e-04        1
758  3.175716e-04        1
759  1.122536e-04        1
760  1.540906e-03        1
761  3.468133e-04        1
762  6.481043e-07        1
763  3.736618e-04        1
764  3.860073e-06        1
765  1.176852e-03        1
766  6.648224e-06        1
767  4.642265e-04        1
768  5.415345e-04        1
769  5.267309e-05        1
770  4.411126e-04        1
771  6.458612e-05        1
772  4.122507e-05        1
773  6.102924e-04        1
774  4.297508e-06        1
775  3.607113e-05        1
776  2.421581e-06        1
777  2.203201e-06        1
778  6.124075e-06        1
779  2.662648e-05        1
780  1.182690e-03        1
781  4.787666e-04        1
782  6.051640e-05        1
783  3.360027e-05        1
784  3.627194e-05        1
785  1.144962e-04        1
786  2.992279e-05        1
787  1.520651e-04        1
788  1.235440e-04        1
789  1.813434e-05        1
790  8.819260e-05        1
791  2.797202e-07        1
792  2.941979e-03        1
793  1.314286e-03        1
794  2.285743e-03        1
795  2.312980e-04        1
796  1.188905e-03        1
797  9.859294e-04        1
798  9.374202e-04        1
799  1.657478e-02        1
800  3.094437e-04        1
801  7.687159e-06        1
802  4.260614e-03        1
803  3.878767e-02        1
804  1.195513e-03        1
805  3.264300e-05        1
806  1.148334e-02        1
807  8.346023e-04        1
808  1.820549e-04        1
809  2.618020e-03        1
810  6.328974e-04        1
811  3.665714e-05        1
812  2.112691e-04        1
813  9.618947e-04        1
814  1.794142e-03        1
815  7.280610e-04        1
816  1.051063e-03        1
817  1.481874e-02        1
818  7.806618e-04        1
819  1.015681e-05        1
820  1.448551e-04        1
821  3.017040e-04        1
822  1.459837e-05        1
823  6.756990e-03        1
824  4.842303e-03        1
825  4.234234e-04        1
826  1.103571e-04        1
827  1.383279e-04        1
828  1.423430e-04        1
829  7.408090e-04        1
830  1.132195e-04        1
831  1.153097e-04        1
832  5.949602e-02        1
833  2.221922e-06        1
834  5.491018e-07        1
835  1.260090e-03        1
836  2.415822e-03        1
837  4.116301e-06        1
838  9.078468e-04        1
839  1.756451e-03        1
840  3.629374e-05        1
841  7.432771e-03        1
842  1.284851e-03        1
843  1.186422e-05        1
844  1.186292e-05        1
845  3.598217e-04        1
846  5.963389e-05        1
847  6.048767e-03        1
848  1.004850e-02        1
849  1.522549e-05        1
850  2.226253e-07        1
851  9.403293e-03        1
852  3.036878e-03        1
853  7.669166e-07        1
854  4.719796e-05        1
855  1.029856e-04        1
856  4.272921e-03        1
857  9.954761e-05        1
858  1.270880e-03        1
859  4.788005e-05        1
860  1.137789e-04        1
861  1.130513e-03        1
862  2.147292e-03        1
863  2.106081e-04        1
864  5.144146e-04        1
865  3.010042e-03        1
866  5.250252e-05        1
867  1.398996e-05        1
868  2.432477e-04        1
869  1.137425e-04        1
870  4.848054e-03        1
871  1.843857e-02        1
872  2.908511e-04        1
873  1.572469e-04        1
874  3.955112e-04        1
875  4.672058e-04        1
876  5.041656e-05        1
877  3.680846e-07        1
878  2.367914e-02        1
879  1.235540e-04        1
880  1.670144e-04        1
881  6.385923e-04        1
882  6.442785e-06        1
883  9.731665e-04        1
884  1.177678e-05        1
885  1.861111e-05        1
886  6.912703e-05        1
887  4.556473e-03        1
888  1.784816e-02        1
889  7.597021e-03        1
890  6.617618e-06        1
891  8.087886e-03        1
892  5.292300e-04        1
893  3.248207e-05        1
894  1.059548e-04        1
895  3.100829e-04        1
896  3.614839e-03        1
897  4.071659e-04        1
898  7.091587e-03        1
899  9.614949e-04        1
900  3.002361e-05        1
901  2.338743e-03        1
902  5.666913e-03        1
903  5.647495e-06        1
904  9.168541e-06        1
905  1.216456e-04        1
906  1.384492e-03        1
907  2.442823e-04        1
908  1.215205e-02        1
909  2.294501e-05        1
910  6.734850e-06        1
911  3.752318e-04        1
912  4.012152e-04        1
913  4.330862e-04        1
914  3.549265e-04        1
915  7.308438e-04        1
916  3.532838e-04        1
917  1.667261e-04        1
918  1.921730e-05        1
919  5.115889e-04        1
920  8.490289e-04        1
921  8.118941e-04        1
922  7.841720e-06        1
923  2.840655e-04        1
924  5.262449e-05        1
925  2.297156e-05        1
926  4.390491e-04        1
927  4.484617e-04        1
928  5.314100e-04        1
929  2.650179e-06        1
930  7.952703e-05        1
931  5.393996e-04        1
932  1.615307e-03        1
933  3.295647e-05        1
934  6.343791e-04        1
935  2.847857e-04        1
936  2.913304e-04        1
937  3.065638e-05        1
938  2.986388e-06        1
939  4.871269e-04        1
940  8.514057e-04        1
941  1.153541e-04        1
942  1.615920e-04        1
943  2.656255e-04        1
944  1.031469e-03        1
945  6.498551e-04        1
946  1.843642e-04        1
947  8.229902e-04        1
948  5.059420e-04        1
949  3.307007e-05        1
950  1.282401e-08        1
951  9.874174e-04        1
952  2.953610e-03        1
953  2.419432e-03        1
954  1.045165e-04        1
955  2.484515e-04        1
956  1.909415e-04        1
957  2.604555e-04        1
958  2.548807e-04        1
959  9.856429e-06        1
960  5.174268e-05        1
961  1.047831e-03        1
962  3.569480e-07        1
963  3.613763e-04        1
964  9.048306e-06        1
965  8.858068e-06        1
966  4.094260e-06        1
967  1.079299e-04        1
968  3.371073e-05        1
969  7.537497e-04        1
970  1.665188e-04        1
971  3.762456e-05        1
972  4.589267e-04        1
973  1.225696e-05        1
974  8.996441e-04        1
975  1.507395e-04        1
976  1.417414e-03        1
977  1.701630e-04        1
978  3.477042e-05        1
979  1.096529e-03        1
980  2.480004e-04        1
981  2.380977e-04        1
982  3.360986e-05        1
983  1.186450e-04        1
984  1.027410e-04        1
985  5.556958e-05        1
986  7.799320e-05        1
987  1.465431e-04        1
988  4.205919e-05        1
989  5.845094e-06        1
990  1.203914e-03        1
991  3.038868e-04        1
992  5.853012e-04        1
993  2.435525e-03        1
994  2.000092e-04        1
995  9.938809e-05        1
996  2.418758e-04        1
997  3.613761e-07        1
998  1.229043e-03        1
999  2.182007e-03        1
1000 1.805981e-05        1
1001 2.679804e-05        1
1002 1.323099e-04        1
1003 1.594170e-03        1
1004 1.670133e-04        1
1005 1.273542e-04        1
1006 9.532640e-04        1
1007 2.747413e-05        1
1008 8.040123e-05        1
1009 1.951980e-04        1
1010 1.030206e-03        1
1011 8.517855e-06        1
1012 4.973444e-04        1
1013 7.022918e-06        1
1014 2.106707e-06        1
1015 1.067652e-03        1
1016 1.990635e-05        1
1017 2.529934e-05        1
1018 1.645720e-08        1
1019 1.860955e-06        1
1020 9.685777e-05        1
1021 1.788701e-04        1
1022 1.247149e-03        1
1023 2.442841e-04        1
1024 8.046733e-04        1
1025 2.381780e-06        1
1026 2.798103e-04        1
1027 5.615243e-06        1
1028 3.339393e-04        1
1029 2.846457e-06        1
1030 2.624666e-04        1
1031 2.474411e-05        1
1032 8.766548e-07        1
1033 3.828053e-04        1
1034 1.081041e-04        1
1035 8.160222e-05        1
1036 1.350452e-03        1
1037 1.116040e-03        1
1038 1.308277e-05        1
1039 2.628872e-05        1
1040 1.307928e-04        1
1041 1.633182e-04        1
1042 2.143252e-03        1
1043 2.918329e-04        1
1044 1.080120e-04        1
1045 3.249636e-04        1
1046 8.208582e-04        1
1047 1.699863e-04        1
1048 2.826983e-04        1
1049 1.241119e-04        1
1050 5.973410e-04        1
1051 6.795550e-05        1
1052 5.778742e-05        1
1053 3.589289e-04        1
1054 1.885875e-03        1
1055 1.080800e-05        1
1056 1.528823e-08        1
1057 1.226349e-06        1
1058 9.481704e-06        1
1059 4.900735e-04        1
1060 6.564724e-04        1
1061 1.760285e-04        1
1062 1.164282e-05        1
1063 8.879246e-05        1
1064 3.392268e-06        1
1065 6.953897e-05        1
1066 4.205030e-05        1
1067 2.411539e-04        1
1068 2.618361e-05        1
1069 5.819144e-05        1
1070 1.533192e-04        1
1071 9.748808e-06        1
1072 3.015665e-04        1
1073 5.887049e-04        1
1074 5.358123e-04        1
1075 8.726353e-05        1
1076 3.303208e-05        1
1077 2.417310e-05        1
1078 3.597877e-03        1
1079 1.017550e-05        1
1080 6.096735e-05        1
1081 1.209896e-08        1
1082 1.364620e-04        1
1083 1.724295e-03        1
1084 3.069422e-05        1
1085 1.688861e-03        1
1086 4.469395e-04        1
1087 4.172157e-05        1
1088 2.070801e-05        1
1089 6.962795e-04        1
1090 1.941115e-06        1
1091 1.623831e-05        1
1092 1.131416e-03        1
1093 9.490981e-06        1
1094 1.934763e-02        1
1095 7.682833e-04        1
1096 3.215546e-03        1
1097 1.292773e-04        1
1098 5.619307e-04        1
1099 8.159065e-05        1
1100 3.235113e-04        1
1101 4.048462e-04        1
1102 1.248677e-04        1
1103 2.431364e-05        1
1104 4.393865e-05        1
1105 1.402769e-02        1
1106 5.281791e-05        1
1107 2.265632e-04        1
1108 4.766833e-04        1
1109 1.406948e-04        1
1110 2.568646e-04        1
1111 1.091124e-04        1
1112 2.286949e-04        1
1113 1.819642e-03        1
1114 1.383064e-03        1
1115 2.554637e-05        1
1116 5.686052e-03        1
1117 2.285919e-03        1
1118 1.214391e-04        1
1119 5.284712e-05        1
1120 3.215580e-05        1
1121 8.092394e-06        1
1122 1.887773e-02        1
1123 9.198454e-03        1
1124 6.511159e-05        1
1125 1.208888e-04        1
1126 4.817171e-06        1
1127 1.048016e-04        1
1128 1.395800e-06        1
1129 7.051263e-06        1
1130 3.381308e-05        1
1131 1.100251e-04        1
1132 1.640494e-03        1
1133 1.515407e-03        1
1134 2.571744e-06        1
1135 7.404180e-04        1
1136 5.077927e-03        1
1137 3.702617e-05        1
1138 3.713948e-05        1
1139 8.116795e-04        1
1140 3.162193e-05        1
1141 6.749346e-05        1
1142 9.083186e-04        1
1143 5.660099e-03        1
1144 2.574550e-02        1
1145 1.316033e-04        1
1146 2.616708e-04        1
1147 2.094144e-04        1
1148 4.667310e-05        1
1149 1.282038e-04        1
1150 4.555705e-05        1
1151 7.828005e-05        1
1152 1.453401e-04        1
1153 4.561961e-04        1
1154 3.623568e-05        1
1155 7.325067e-04        1
1156 2.745512e-03        1
1157 1.440947e-05        1
1158 2.729649e-04        1
1159 2.290597e-06        1
1160 9.223632e-04        1
1161 5.474442e-05        1
1162 6.955210e-04        1
1163 2.997205e-04        1
1164 1.764560e-05        1
1165 4.238393e-04        1
1166 1.123577e-06        1
1167 3.478096e-06        1
1168 4.970301e-04        1
1169 3.991717e-04        1
1170 5.412851e-04        1
1171 4.459187e-05        1
1172 3.024984e-04        1
1173 4.353943e-04        1
1174 8.259098e-05        1
1175 2.286081e-04        1
1176 4.072018e-05        1
1177 1.268382e-04        1
1178 1.005716e-05        1
1179 1.047252e-03        1
1180 1.810818e-03        1
1181 2.345061e-04        1
1182 2.923572e-04        1
1183 6.003263e-05        1
1184 5.384378e-05        1
1185 3.890221e-04        1
1186 1.274158e-05        1
1187 5.991499e-05        1
1188 7.218699e-04        1
1189 4.757783e-07        1
1190 9.506678e-06        1
1191 2.101828e-04        1
1192 1.059767e-03        1
1193 1.746055e-04        1
1194 2.120709e-04        1
1195 7.395225e-04        1
1196 8.122299e-05        1
1197 1.093001e-04        1
1198 3.983560e-04        1
1199 3.159094e-04        1
1200 1.320307e-03        1
1201 3.560919e-03        1
1202 9.889214e-05        1
1203 1.920517e-04        1
1204 4.487582e-06        1
1205 2.252421e-03        1
1206 1.243444e-03        1
1207 4.755028e-05        1
1208 4.093138e-03        1
1209 4.498877e-05        1
1210 1.158479e-04        1
1211 1.225232e-04        1
1212 3.052745e-04        1
1213 1.413460e-04        1
1214 5.332180e-05        1
1215 1.953655e-05        1
1216 3.898920e-04        1
1217 3.720012e-04        1
1218 6.588827e-05        1
1219 9.246122e-06        1
1220 5.599454e-05        1
1221 5.423370e-06        1
1222 1.483296e-04        1
1223 3.903580e-04        1
1224 4.665047e-04        1
1225 1.172933e-06        1
1226 2.004978e-04        1
1227 2.682515e-04        1
1228 8.504714e-06        1
1229 3.814922e-05        1
1230 1.906274e-05        1
1231 1.948771e-06        1
1232 1.209990e-08        1
1233 9.037071e-04        1
1234 1.059685e-04        1
1235 2.304622e-04        1
1236 1.356340e-03        1
1237 6.672534e-04        1
1238 1.888816e-04        1
1239 8.361825e-06        1
1240 7.568263e-04        1
1241 2.523093e-04        1
1242 8.504525e-05        1
1243 1.394489e-06        1
1244 7.508605e-04        1
1245 1.173019e-04        1
1246 3.323486e-05        1
1247 3.000998e-04        1
1248 2.533930e-04        1
1249 1.581766e-04        1
1250 3.892504e-04        1
1251 7.061462e-08        1
1252 2.305428e-03        1
1253 6.987864e-06        1
1254 1.045861e-04        1
1255 1.214141e-03        1
1256 8.059082e-04        1
1257 5.270141e-05        1
1258 2.174429e-07        1
1259 8.219534e-05        1
1260 7.271760e-05        1
1261 1.397185e-04        1
1262 3.105145e-05        1
1263 1.953325e-06        1
1264 4.663530e-04        1
1265 1.045383e-03        1
1266 5.021856e-04        1
1267 1.201379e-04        1
1268 9.896620e-04        1
1269 7.678297e-05        1
1270 6.479350e-05        1
1271 7.869234e-05        1
1272 4.017855e-04        1
1273 5.646536e-07        1
1274 6.808512e-05        1
1275 7.236545e-04        1
1276 1.695717e-04        1
1277 9.213014e-05        1
1278 3.515109e-04        1
1279 5.375813e-04        1
1280 1.422625e-04        1
1281 1.391283e-03        1
1282 8.845370e-05        1
1283 2.743457e-04        1
1284 4.430359e-03        1
1285 8.786822e-04        1
1286 6.665933e-05        1
1287 2.413224e-05        1
1288 2.421355e-03        1
1289 6.040300e-04        1
1290 2.512310e-04        1
1291 7.100103e-05        1
1292 8.192945e-05        1
1293 3.116323e-04        1
1294 1.826583e-05        1
1295 2.099544e-06        1
1296 7.151581e-05        1
1297 2.750580e-07        1
1298 7.366945e-04        1
1299 9.394336e-04        1
1300 1.177621e-03        1
1301 6.067956e-04        1
1302 6.144870e-05        1
1303 8.840870e-05        1
1304 4.394378e-05        1
1305 1.291403e-03        1
1306 2.179157e-04        1
1307 1.057209e-04        1
1308 5.489634e-05        1
1309 5.067973e-04        1
1310 6.367413e-04        1
1311 1.159572e-06        1
1312 3.416781e-04        1
1313 1.099758e-06        1
1314 5.975391e-04        1
1315 1.829367e-09        1
1316 2.596081e-05        1
1317 1.977899e-04        1
1318 1.085634e-04        1
1319 2.187216e-04        1
1320 1.180177e-05        1
1321 2.553871e-04        1
1322 3.477055e-04        1
1323 1.105924e-05        1
1324 1.235335e-05        1
1325 2.145224e-04        1
1326 1.460158e-04        1
1327 1.694886e-04        1
1328 1.619104e-04        1
1329 2.579128e-06        1
1330 3.308944e-04        1
1331 1.142071e-04        1
1332 2.108036e-04        1
1333 6.300553e-04        1
1334 3.944087e-04        1
1335 1.232026e-04        1
1336 2.562089e-04        1
1337 3.537696e-04        1
1338 3.621708e-05        1
1339 8.394085e-05        1
1340 3.841648e-05        1
1341 6.443516e-04        1
1342 8.414515e-05        1
1343 1.792991e-04        1
1344 7.560707e-05        1
1345 4.232892e-06        1
1346 4.788059e-04        1
1347 9.329905e-04        1
1348 9.459948e-04        1
1349 2.258273e-04        1
1350 4.620880e-04        1
1351 6.638494e-07        1
1352 1.132926e-04        1
1353 1.433432e-03        1
1354 6.604917e-05        1
1355 4.787653e-04        1
1356 1.898433e-05        1
1357 8.873241e-05        1
1358 6.716659e-04        1
1359 1.574379e-04        1
1360 4.809369e-08        1
1361 2.042561e-05        1
1362 8.781835e-05        1
1363 3.151609e-03        1
1364 1.969042e-06        1
1365 8.126211e-04        1
1366 2.147352e-05        1
1367 3.069446e-05        1
1368 2.899145e-04        1
1369 9.359770e-05        1
1370 6.133487e-04        1
1371 6.286022e-04        1
1372 1.100263e-03        1
1373 5.555875e-05        1
1374 9.722251e-04        1
1375 2.892676e-05        1
1376 5.127862e-05        1
1377 7.207946e-04        1
1378 2.490565e-04        1
1379 6.201824e-07        1
1380 2.982094e-04        1
1381 8.623912e-05        1
1382 2.334118e-04        1
1383 6.254552e-04        1
1384 1.237696e-03        1
1385 3.017418e-06        1
1386 8.987293e-04        1
1387 4.128165e-04        1
1388 1.902193e-05        1
1389 1.959255e-05        1
1390 3.235320e-05        1
1391 1.040151e-04        1
1392 1.898547e-04        1
1393 4.268286e-05        1
1394 4.949137e-07        1
1395 9.790045e-04        1
1396 1.344140e-04        1
1397 1.617465e-04        1
1398 1.549068e-05        1
1399 2.386652e-04        1
1400 3.357119e-04        1
1401 1.170039e-05        1
1402 8.096176e-04        1
1403 5.724185e-05        1
1404 4.107273e-04        1
1405 1.410555e-05        1
1406 4.368603e-04        1
1407 4.741831e-04        1
1408 2.204909e-03        1
1409 2.801944e-03        1
1410 2.565171e-05        1
1411 8.208311e-05        1
1412 6.190727e-04        1
1413 1.900379e-03        1
1414 8.705218e-06        1
1415 1.315786e-05        1
1416 1.270473e-05        1
1417 1.596043e-04        1
1418 1.774581e-04        1
1419 1.447306e-05        1
1420 1.209220e-03        1
1421 1.782383e-04        1
1422 9.751697e-06        1
1423 1.625806e-04        1
1424 2.962976e-05        1
1425 2.073783e-04        1
1426 7.614654e-05        1
1427 1.213012e-03        1
1428 1.974224e-08        1
1429 6.420385e-04        1
1430 5.646025e-06        1
1431 5.004613e-04        1
1432 8.614922e-05        1
1433 6.785260e-04        1
1434 5.269062e-05        1
1435 4.637670e-06        1
1436 4.547523e-04        1
1437 2.231746e-03        1
1438 2.051841e-06        1
1439 2.470489e-05        1
1440 8.858816e-05        1
1441 3.617190e-04        1
1442 4.954951e-05        1
1443 4.399862e-04        1
1444 4.407629e-04        1
1445 3.620528e-03        1
1446 1.993772e-05        1
1447 2.200160e-04        1
1448 2.264510e-05        1
1449 1.437720e-05        1
1450 1.305481e-05        1
1451 1.168409e-03        1
1452 2.038446e-05        1
1453 1.956823e-04        1
1454 1.170421e-04        1
1455 2.172671e-05        1
1456 4.112924e-06        1
1457 1.176768e-03        1
1458 2.933128e-05        1
1459 6.980387e-04        1
1460 6.916477e-04        1
1461 2.586836e-04        1
1462 3.904136e-04        1
1463 1.278033e-03        1
1464 1.273517e-03        1
1465 1.276639e-03        1
1466 3.281769e-06        1
1467 1.207455e-03        1
1468 4.262233e-05        1
1469 6.145492e-05        1
1470 1.036735e-03        1
1471 2.824122e-05        1
1472 2.854656e-06        1
1473 8.226469e-05        1
1474 1.352288e-04        1
1475 1.011317e-04        1
1476 6.587094e-04        1
1477 2.557565e-05        1
1478 2.240183e-04        1
1479 1.161951e-05        1
1480 1.046880e-04        1
1481 4.301452e-05        1
1482 1.072320e-04        1
1483 5.981334e-04        1
1484 9.078835e-06        1
1485 1.881722e-04        1
1486 2.863967e-05        1
1487 2.019352e-04        1
1488 3.548868e-04        1
1489 1.252958e-04        1
1490 6.442600e-04        1
1491 9.833606e-04        1
1492 1.234543e-05        1
1493 9.002797e-04        1
1494 3.223623e-06        1
1495 3.458064e-04        1
1496 2.525796e-07        1
1497 5.976541e-04        1
1498 2.154254e-07        1
1499 2.922951e-03        1
1500 1.660202e-08        1
1501 1.599367e-04        1
1502 1.750350e-03        1
1503 4.065807e-04        1
1504 6.690898e-04        1
1505 2.587585e-05        1
1506 1.879786e-03        1
1507 3.206114e-04        1
1508 2.760877e-06        1
1509 1.505339e-03        1
1510 3.511192e-04        1
1511 1.170390e-04        1
1512 2.883329e-03        1
1513 2.882880e-04        1
1514 1.661831e-05        1
1515 5.472186e-05        1
1516 1.579373e-03        1
1517 2.793494e-03        1
1518 1.562630e-04        1
1519 2.862416e-05        1
1520 1.328847e-04        1
1521 5.067431e-03        1
1522 4.882786e-04        1
1523 1.265923e-03        1
1524 1.626645e-04        1
1525 4.744921e-05        1
1526 7.852811e-03        1
1527 1.408545e-03        1
1528 1.258289e-05        1
1529 1.026163e-05        1
1530 1.606106e-03        1
1531 2.435965e-03        1
1532 4.425533e-04        1
1533 3.826429e-04        1
1534 7.699689e-04        1
1535 1.177332e-08        1
1536 5.518340e-06        1
1537 1.202704e-04        1
1538 4.565715e-04        1
1539 4.149592e-04        1
1540 2.891051e-04        1
1541 6.428029e-05        1
1542 7.136953e-04        1
1543 3.351757e-04        1
1544 1.170088e-03        1
1545 1.323543e-04        1
1546 4.626293e-03        1
1547 2.073066e-04        1
1548 1.352835e-04        1
1549 8.456996e-05        1
1550 5.894716e-04        1
1551 5.607704e-05        1
1552 6.353393e-05        1
1553 9.699205e-05        1
1554 1.510528e-06        1
1555 2.113330e-04        1
1556 4.762593e-04        1
1557 2.313316e-05        1
1558 7.796398e-07        1
1559 2.465139e-04        1
1560 7.705740e-04        1
1561 2.318498e-05        1
1562 1.942447e-04        1
1563 3.910134e-04        1
1564 6.491894e-06        1
1565 8.773182e-04        1
1566 4.755529e-04        1
1567 5.519185e-05        1
1568 7.658429e-05        1
1569 1.783307e-03        1
1570 1.693121e-05        1
1571 9.842938e-03        1
1572 2.898589e-04        1
1573 3.154721e-04        1
1574 5.624374e-04        1
1575 1.121685e-04        1
1576 1.007376e-04        1
1577 4.218835e-04        1
1578 1.524508e-04        1
1579 5.734998e-04        1
1580 3.439367e-06        1
1581 4.597077e-04        1
1582 8.085307e-05        1
1583 2.994254e-05        1
1584 8.528825e-05        1
1585 2.729458e-04        1
1586 1.621409e-06        1
1587 2.403535e-05        1
1588 5.711502e-07        1
1589 5.518426e-06        1
1590 4.242794e-06        1
1591 6.848596e-04        1
1592 1.552066e-04        1
1593 3.477333e-05        1
1594 2.368669e-04        1
1595 2.310082e-05        1
1596 1.384426e-04        1
1597 2.919160e-04        1
1598 8.925747e-04        1
1599 1.000629e-06        1
1600 2.421125e-04        1
1601 2.048460e-04        1
1602 1.340639e-05        1
1603 5.339494e-06        1
1604 4.782465e-04        1
1605 2.737458e-04        1
1606 7.038928e-05        1
1607 9.211206e-06        1
1608 5.982425e-04        1
1609 2.975352e-04        1
1610 6.946817e-05        1
1611 7.784903e-05        1
1612 3.736741e-04        1
1613 1.885954e-04        1
1614 7.045583e-07        1
1615 1.283578e-03        1
1616 1.005853e-03        1
1617 1.892053e-06        1
1618 8.638425e-04        1
1619 1.124235e-01 <0.02948
1620 8.295425e-07        1
1621 1.169592e-04        1
1622 1.836013e-04        1
1623 7.519730e-05        1
1624 4.005064e-03        1
1625 3.556350e-04        1
1626 1.166184e-03        1
1627 1.508577e-05        1
1628 1.387505e-04        1
1629 3.552956e-04        1
1630 9.425263e-05        1
1631 4.592230e-05        1
1632 3.947467e-04        1
1633 1.177632e-07        1
1634 9.118777e-05        1
1635 3.197290e-05        1
1636 2.681600e-03        1
1637 1.585498e-04        1
1638 1.279221e-03        1
1639 4.924577e-04        1
1640 8.288396e-05        1
1641 2.273040e-04        1
1642 1.646570e-05        1
1643 6.807916e-06        1
1644 1.031977e-04        1
1645 1.355775e-06        1
1646 9.608906e-05        1
1647 1.389968e-05        1
1648 3.730810e-05        1
1649 4.729430e-04        1
1650 7.327429e-05        1
1651 2.975115e-05        1
1652 8.299994e-05        1
1653 5.258862e-05        1
1654 1.911391e-04        1
1655 3.718807e-04        1
1656 8.982354e-04        1
1657 1.134175e-05        1
1658 1.020261e-05        1
1659 5.056588e-04        1
1660 1.322290e-04        1
1661 3.228420e-04        1
1662 1.516639e-06        1
1663 2.567675e-05        1
1664 2.373239e-03        1
1665 5.614010e-05        1
1666 2.144824e-05        1
1667 1.418629e-04        1
1668 9.001568e-04        1
1669 6.994270e-04        1
1670 3.956317e-04        1
1671 1.386786e-09        1
1672 1.415962e-04        1
1673 2.547693e-06        1
1674 3.997937e-04        1
1675 1.131151e-03        1
1676 1.211540e-04        1
1677 5.650034e-04        1
1678 5.235660e-04        1
1679 1.057694e-05        1
1680 3.711373e-06        1
1681 7.341016e-05        1
1682 2.925393e-03        1
1683 5.118823e-04        1
1684 2.934639e-09        1
1685 1.527401e-04        1
1686 5.138789e-06        1
1687 8.355560e-05        1
1688 9.440317e-05        1
1689 1.113273e-03        1
1690 1.358194e-05        1
1691 4.039201e-05        1
1692 3.804352e-05        1
1693 3.794273e-04        1
1694 2.119016e-03        1
1695 3.556187e-05        1
1696 1.105837e-04        1
1697 2.187411e-03        1
1698 4.119500e-04        1
1699 7.454700e-05        1
1700 2.407552e-04        1
1701 2.260860e-04        1
1702 4.393930e-05        1
1703 9.269388e-08        1
1704 1.793925e-03        1
1705 2.261165e-06        1
1706 1.097391e-03        1
1707 3.514752e-05        1
1708 3.241882e-06        1
1709 6.693426e-04        1
1710 7.092644e-04        1
1711 1.356208e-03        1
1712 8.111709e-04        1
1713 6.772710e-05        1
1714 5.575620e-05        1
1715 5.882798e-04        1
1716 8.175336e-05        1
1717 1.682533e-04        1
1718 2.843254e-04        1
1719 6.615983e-04        1
1720 6.372151e-06        1
1721 2.057012e-04        1
1722 4.039034e-04        1
1723 2.158882e-04        1
1724 1.961442e-08        1
1725 1.458422e-04        1
1726 6.155268e-06        1
1727 6.969243e-04        1
1728 3.404586e-06        1
1729 3.699039e-06        1
1730 1.457759e-04        1
1731 5.461276e-04        1
1732 7.808685e-04        1
1733 1.146302e-04        1
1734 3.872783e-04        1
1735 5.729929e-06        1
1736 5.154094e-04        1
1737 5.119277e-05        1
1738 2.092156e-05        1
1739 8.754871e-05        1
1740 2.213155e-04        1
1741 4.360763e-04        1
1742 4.187673e-05        1
1743 1.136503e-06        1
1744 2.829228e-03        1
1745 3.022860e-03        1
1746 1.911542e-04        1
1747 5.773353e-04        1
1748 4.282887e-04        1
1749 2.971742e-04        1
1750 5.447693e-06        1
1751 8.288609e-04        1
1752 1.945818e-04        1
1753 1.217896e-05        1
1754 7.303582e-05        1
1755 2.687497e-04        1
1756 6.272890e-04        1
1757 4.338664e-05        1
1758 3.786898e-05        1
1759 4.731921e-05        1
1760 6.599754e-06        1
1761 6.429043e-04        1
1762 1.098772e-04        1
1763 3.589301e-05        1
1764 9.548848e-05        1
1765 3.149123e-04        1
1766 8.225587e-04        1
1767 1.409192e-04        1
1768 2.009565e-04        1
1769 6.060148e-04        1
1770 1.791660e-04        1
1771 1.919422e-05        1
1772 4.224721e-04        1
1773 9.816871e-04        1
1774 3.751775e-06        1
1775 1.806477e-05        1
1776 9.429027e-05        1
1777 3.978132e-04        1
1778 7.627984e-06        1
1779 1.117824e-06        1
1780 1.037323e-03        1
1781 3.995183e-05        1
1782 7.238655e-05        1
1783 2.326440e-06        1
1784 7.513929e-04        1
1785 5.943285e-04        1
1786 3.707331e-04        1
1787 6.300845e-05        1
1788 1.924083e-04        1
1789 1.143746e-04        1
1790 1.260569e-05        1
1791 5.228873e-04        1
1792 5.146645e-05        1
1793 5.986696e-05        1
1794 1.475626e-03        1
1795 8.798366e-05        1
1796 2.333447e-05        1
1797 1.522580e-05        1
1798 3.366833e-04        1
1799 1.811679e-04        1
1800 2.727981e-03        1
1801 1.407404e-07        1
1802 1.096913e-06        1
1803 4.255439e-06        1
1804 1.378578e-04        1
1805 1.755041e-04        1
1806 9.982061e-04        1
1807 6.475567e-04        1
1808 3.723361e-05        1
1809 6.097537e-04        1
1810 1.443194e-04        1
1811 3.701797e-05        1
1812 2.995976e-04        1
1813 1.289940e-03        1
1814 8.205098e-07        1
1815 1.622022e-05        1
1816 2.056875e-05        1
1817 2.457795e-08        1
1818 2.522385e-04        1
1819 5.537719e-04        1
1820 2.422585e-04        1
1821 5.363715e-04        1
1822 1.300543e-04        1
1823 8.872673e-04        1
1824 8.769588e-06        1
1825 5.189509e-05        1
1826 6.677555e-05        1
1827 1.141170e-05        1
1828 1.121054e-04        1
1829 8.000707e-05        1
1830 3.773547e-04        1
1831 1.404980e-04        1
1832 1.652396e-05        1
1833 1.899095e-04        1
1834 7.568832e-05        1
1835 3.323730e-04        1
1836 9.735361e-04        1
1837 2.962746e-04        1
1838 8.528065e-04        1
1839 9.413047e-05        1
1840 1.125285e-08        1
1841 9.214525e-07        1
1842 7.695692e-04        1
1843 1.487083e-04        1
1844 2.794292e-05        1
1845 8.041031e-05        1
1846 1.502945e-03        1
1847 5.893969e-04        1
1848 3.509600e-04        1
1849 5.816962e-04        1
1850 4.910479e-06        1
1851 6.409551e-05        1
1852 1.430538e-04        1
1853 4.932267e-04        1
1854 9.637920e-04        1
1855 8.403861e-04        1
1856 3.919253e-05        1
1857 1.343195e-04        1
1858 9.798293e-06        1
1859 2.012924e-03        1
1860 3.445915e-04        1
1861 3.167701e-04        1
1862 2.686565e-04        1
1863 3.638015e-05        1
1864 7.500490e-05        1
1865 2.516796e-05        1
1866 5.132031e-04        1
1867 8.233825e-04        1
1868 3.558776e-03        1
1869 6.763527e-06        1
1870 1.448055e-04        1
1871 3.814036e-03        1
1872 1.698865e-03        1
1873 5.829113e-04        1
1874 1.525159e-04        1
1875 4.273270e-05        1
1876 3.330723e-04        1
1877 4.806101e-04        1
1878 5.869098e-05        1
1879 1.091129e-04        1
1880 1.876085e-05        1
1881 4.013550e-04        1
1882 2.320061e-03        1
1883 6.045219e-05        1
1884 1.662040e-03        1
1885 3.745828e-04        1
1886 1.546603e-03        1
1887 6.071212e-05        1
1888 1.848152e-06        1
1889 8.922387e-05        1
1890 5.508019e-05        1
1891 8.049359e-04        1
1892 3.402450e-04        1
1893 3.051681e-04        1
1894 2.405421e-05        1
1895 8.384377e-04        1
1896 1.013390e-04        1
1897 4.960647e-05        1
1898 1.139027e-03        1
1899 9.071997e-06        1
1900 9.470173e-06        1
1901 6.011310e-04        1
1902 5.096324e-05        1
1903 9.905715e-09        1
1904 3.930362e-04        1
1905 1.314076e-07        1
1906 4.167702e-04        1
1907 4.592614e-03        1
1908 2.478421e-03        1
1909 3.803243e-05        1
1910 2.894382e-04        1
1911 6.236025e-05        1
1912 2.314907e-05        1
1913 1.237170e-03        1
1914 9.939916e-04        1
1915 5.304010e-05        1
1916 2.792261e-03        1
1917 4.074308e-05        1
1918 1.235638e-03        1
1919 1.345590e-04        1
1920 3.569378e-04        1
1921 7.044819e-04        1
1922 9.180621e-06        1
1923 9.276191e-05        1
1924 3.356918e-05        1
1925 4.675580e-04        1
1926 1.961081e-04        1
1927 8.286542e-04        1
1928 3.570180e-04        1
1929 4.344672e-04        1
1930 2.814698e-05        1
1931 3.011312e-04        1
1932 3.105607e-04        1
1933 4.359161e-04        1
1934 2.677407e-04        1
1935 1.029926e-04        1
1936 2.886539e-03        1
1937 4.380640e-04        1
1938 2.841650e-05        1
1939 9.674651e-05        1
1940 5.202947e-04        1
1941 6.001714e-04        1
1942 1.049490e-03        1
1943 2.466529e-05        1
1944 4.605564e-04        1
1945 4.018334e-04        1
1946 1.450326e-03        1
1947 3.607969e-05        1
1948 4.202768e-05        1
1949 2.858532e-05        1
1950 1.753235e-03        1
1951 1.917764e-04        1
1952 3.019537e-04        1
1953 8.893178e-04        1
1954 4.561125e-05        1
1955 2.006787e-03        1
1956 4.677457e-06        1
1957 2.194155e-03        1
1958 1.632618e-04        1
1959 4.794741e-03        1
1960 5.260524e-04        1
1961 1.377004e-05        1
1962 4.236567e-04        1
1963 5.051567e-05        1
1964 5.517453e-04        1
1965 6.007695e-04        1
1966 1.868517e-04        1
1967 5.421192e-04        1
1968 3.643020e-06        1
1969 6.905231e-03        1
1970 6.122365e-06        1
1971 4.565224e-04        1
1972 1.292580e-05        1
1973 1.813859e-03        1
1974 2.589974e-06        1
1975 6.423382e-04        1
1976 5.081548e-04        1
1977 2.134179e-04        1
1978 1.266800e-03        1
1979 4.385291e-05        1
1980 3.657389e-06        1
1981 1.655697e-06        1
1982 1.752682e-04        1
1983 4.185759e-04        1
1984 1.243139e-05        1
1985 2.562127e-04        1
1986 8.054134e-05        1
1987 1.675202e-05        1
1988 3.695339e-04        1
1989 2.405457e-03        1
1990 1.716888e-03        1
1991 2.522931e-04        1
1992 2.073578e-04        1
1993 4.411314e-04        1
1994 8.287758e-05        1
1995 3.877578e-05        1
1996 1.398614e-04        1
1997 1.863752e-04        1
1998 4.368505e-04        1
1999 6.029650e-04        1
2000 1.594173e-04        1
2001 3.713132e-04        1
2002 1.989929e-04        1
2003 3.590282e-04        1
2004 5.362182e-04        1
2005 2.101121e-05        1
2006 8.737997e-05        1
2007 2.901093e-04        1
2008 8.052944e-05        1
2009 1.146526e-04        1
2010 1.077070e-03        1
2011 2.014730e-03        1
2012 6.657303e-04        1
2013 5.263045e-05        1
2014 1.587679e-04        1
2015 5.391915e-04        1
2016 2.997350e-04        1
2017 6.131655e-05        1
2018 9.679900e-06        1
2019 2.846064e-04        1
2020 8.372108e-04        1
2021 5.781151e-05        1
2022 2.931406e-04        1
2023 9.139668e-04        1
2024 2.462350e-04        1
2025 7.148306e-07        1
2026 7.705433e-04        1
2027 3.435242e-05        1
2028 1.137796e-05        1
2029 1.749385e-03        1
2030 2.860936e-05        1
2031 5.214289e-05        1
2032 1.957556e-04        1
2033 2.623952e-05        1
2034 2.532924e-04        1
2035 1.826894e-04        1
2036 2.975533e-06        1
2037 2.640364e-04        1
2038 9.847826e-05        1
2039 9.323818e-05        1
2040 1.120581e-04        1
2041 2.349916e-05        1
2042 2.453048e-04        1
2043 2.169594e-04        1
2044 7.102679e-05        1
2045 7.313482e-04        1
2046 1.535554e-04        1
2047 5.403480e-04        1
2048 1.504672e-04        1
2049 9.065699e-06        1
2050 5.244906e-04        1
2051 5.445788e-06        1
2052 3.437023e-07        1
2053 1.041991e-04        1
2054 8.698103e-04        1
2055 1.249127e-05        1
2056 1.330944e-04        1
2057 2.859171e-05        1
2058 3.626713e-04        1
2059 1.366968e-04        1
2060 8.369108e-06        1
2061 2.013661e-03        1
2062 2.243278e-04        1
2063 1.552826e-07        1
2064 6.342883e-05        1
2065 2.470405e-05        1
2066 2.670553e-06        1
2067 1.089784e-05        1
2068 2.767187e-06        1
2069 3.487880e-04        1
2070 2.519966e-04        1
2071 1.355835e-04        1
2072 7.545216e-04        1
2073 4.797853e-05        1
2074 7.197600e-04        1
2075 4.329350e-06        1
2076 4.532252e-05        1
2077 2.818935e-05        1
2078 1.016296e-03        1
2079 1.371851e-03        1
2080 6.176856e-04        1
2081 4.470339e-03        1
2082 1.418152e-04        1
2083 4.586590e-04        1
2084 2.002422e-05        1
2085 2.828571e-04        1
2086 3.467070e-05        1
2087 4.930106e-06        1
2088 3.406051e-05        1
2089 6.967141e-05        1
2090 1.259254e-06        1
2091 2.359176e-07        1
2092 3.076555e-04        1
2093 2.180680e-04        1
2094 6.898321e-04        1
2095 4.470531e-03        1
2096 2.582829e-06        1
2097 1.919605e-04        1
2098 1.100333e-04        1
2099 5.772993e-06        1
2100 1.488241e-03        1
2101 2.800043e-04        1
2102 2.427095e-04        1
2103 2.202924e-04        1
2104 7.203148e-04        1
2105 5.960561e-06        1
2106 1.592301e-06        1
2107 4.982432e-04        1
2108 3.277890e-05        1
2109 1.114046e-05        1
2110 9.473661e-05        1
2111 2.071522e-04        1
2112 3.491952e-04        1
2113 4.370043e-04        1
2114 2.202492e-03        1
2115 1.294282e-07        1
2116 9.715730e-04        1
2117 2.252144e-04        1
2118 4.099141e-04        1
2119 1.402044e-08        1
2120 1.188080e-03        1
2121 2.992160e-06        1
2122 3.928268e-05        1
2123 5.843959e-04        1
2124 6.614554e-06        1
2125 3.749038e-04        1
2126 5.119198e-04        1
2127 1.084903e-07        1
2128 4.114361e-06        1
2129 1.612851e-03        1
2130 1.688721e-04        1
2131 1.138484e-04        1
2132 7.999651e-05        1
2133 1.837430e-05        1
2134 3.179007e-04        1
2135 5.753094e-05        1
2136 9.239176e-05        1
2137 2.081635e-05        1
2138 1.038465e-05        1
2139 8.027159e-04        1
2140 7.466116e-05        1
2141 5.585659e-04        1
2142 1.165218e-04        1
2143 3.910739e-04        1
2144 6.193513e-06        1
2145 1.634552e-05        1
2146 2.981882e-04        1
2147 1.092052e-05        1
2148 1.408962e-04        1
2149 8.121978e-04        1
2150 1.867381e-03        1
2151 5.438033e-06        1
2152 7.534654e-05        1
2153 3.380936e-04        1
2154 3.139045e-04        1
2155 6.232154e-04        1
2156 1.986718e-04        1
2157 3.249790e-06        1
2158 1.748067e-05        1
2159 1.630126e-05        1
2160 1.123596e-03        1
2161 1.887064e-04        1
2162 2.624092e-04        1
2163 1.664170e-05        1
2164 5.475319e-05        1
2165 5.255114e-04        1
2166 6.817514e-05        1
2167 3.677424e-06        1
2168 2.932772e-06        1
2169 3.720846e-06        1
2170 3.992148e-04        1
2171 9.223474e-04        1
2172 5.535068e-05        1
2173 1.103453e-03        1
2174 7.688800e-05        1
2175 2.772786e-05        1
2176 7.654269e-05        1
2177 1.383423e-03        1
2178 9.993446e-05        1
2179 7.604756e-10        1
2180 5.369096e-04        1
2181 1.291049e-03        1
2182 7.741312e-06        1
2183 5.397954e-05        1
2184 2.265684e-05        1
2185 5.194578e-04        1
2186 1.540481e-04        1
2187 2.083297e-05        1
2188 6.304731e-05        1
2189 1.517357e-04        1
2190 4.859245e-05        1
2191 6.366802e-04        1
2192 1.051255e-03        1
2193 1.573650e-05        1
2194 5.152840e-04        1
2195 3.536582e-05        1
2196 4.615422e-04        1
2197 2.991453e-04        1
2198 3.203024e-04        1
2199 1.335466e-05        1
2200 1.387950e-03        1
2201 3.947744e-04        1
2202 2.597633e-04        1
2203 5.107133e-04        1
2204 3.497460e-04        1
2205 2.403940e-04        1
2206 9.151304e-04        1
2207 1.278558e-06        1
2208 1.071258e-03        1
2209 6.915114e-05        1
2210 1.790557e-04        1
2211 1.240567e-03        1
2212 1.019628e-03        1
2213 2.432381e-05        1
2214 5.931225e-05        1
2215 3.723588e-04        1
2216 1.522677e-06        1
2217 3.862915e-04        1
2218 1.503130e-04        1
2219 1.132227e-07        1
2220 7.062273e-05        1
2221 5.536864e-05        1
2222 8.345295e-04        1
2223 4.396587e-04        1
2224 1.124117e-04        1
2225 5.300313e-04        1
2226 5.192738e-07        1
2227 4.049195e-04        1
2228 1.697879e-04        1
2229 1.073826e-04        1
2230 2.708782e-03        1
2231 2.813101e-04        1
2232 1.322269e-04        1
2233 2.749896e-08        1
2234 5.829984e-05        1
2235 4.376950e-05        1
2236 4.938310e-04        1
2237 3.704689e-04        1
2238 5.851390e-04        1
2239 1.896625e-04        1
2240 1.999461e-04        1
2241 7.683352e-04        1
2242 3.595009e-06        1
2243 2.177213e-04        1
2244 8.420171e-06        1
2245 5.834289e-05        1
2246 1.672673e-05        1
2247 1.051757e-04        1
2248 3.933651e-04        1
2249 2.139018e-04        1
2250 3.271774e-05        1
2251 1.494594e-04        1
2252 1.734834e-03        1
2253 1.141409e-03        1
2254 8.707803e-05        1
2255 5.476252e-04        1
2256 1.776016e-05        1
2257 1.001813e-05        1
2258 7.508436e-05        1
2259 2.766249e-04        1
2260 5.427050e-03        1
2261 8.649689e-06        1
2262 3.452393e-05        1
2263 1.018611e-06        1
2264 2.508357e-03        1
2265 4.202608e-05        1
2266 1.042983e-04        1
2267 5.048012e-04        1
2268 5.262511e-06        1
2269 1.058555e-03        1
2270 1.375075e-04        1
2271 3.583326e-04        1
2272 3.031419e-04        1
2273 1.098030e-05        1
2274 1.042281e-03        1
2275 4.302400e-05        1
2276 8.637659e-06        1
2277 4.814800e-04        1
2278 6.551285e-04        1
2279 6.803946e-04        1
2280 2.537614e-04        1
2281 1.133965e-04        1
2282 3.757682e-07        1
2283 2.366027e-04        1
2284 2.579603e-04        1
2285 9.863185e-07        1
2286 8.760627e-05        1
2287 4.268837e-04        1
2288 2.997679e-04        1
2289 3.042222e-07        1
2290 2.150075e-04        1
2291 6.619645e-05        1
2292 7.360013e-05        1
2293 2.929197e-04        1
2294 1.822946e-03        1
2295 1.041620e-05        1
2296 4.755773e-04        1
2297 3.099365e-05        1
2298 7.233579e-04        1
2299 1.586102e-03        1
2300 1.733444e-04        1
2301 7.231908e-06        1
2302 1.419560e-04        1
2303 3.605993e-04        1
2304 7.814744e-06        1
2305 7.339927e-04        1
2306 1.916362e-04        1
2307 1.859755e-03        1
2308 5.262723e-03        1
2309 2.138475e-04        1
2310 3.679683e-04        1
2311 2.077924e-03        1
2312 1.164032e-04        1
2313 2.639721e-06        1
2314 2.417527e-04        1
2315 5.718408e-03        1
2316 1.611355e-05        1
2317 9.274323e-05        1
2318 2.085832e-03        1
2319 1.281084e-03        1
2320 9.486332e-06        1
2321 6.153025e-05        1
2322 1.813309e-03        1
2323 3.588101e-04        1
2324 1.633607e-03        1
2325 1.065103e-03        1
2326 2.317686e-03        1
2327 6.999905e-05        1
2328 9.002934e-04        1
2329 1.308645e-03        1
2330 1.852483e-04        1
2331 6.939415e-03        1
2332 6.354379e-05        1
2333 5.812800e-04        1
2334 2.184038e-05        1
2335 6.402630e-04        1
2336 1.833774e-04        1
2337 1.413012e-03        1
2338 6.834920e-05        1
2339 5.411728e-03        1
2340 6.611686e-04        1
2341 6.749409e-04        1
2342 1.912004e-04        1
2343 1.300488e-03        1
2344 1.160634e-03        1
2345 2.341319e-05        1
2346 4.845648e-04        1
2347 2.922453e-04        1
2348 2.580382e-03        1
2349 3.416619e-04        1
2350 3.229174e-04        1
2351 2.777336e-04        1
2352 3.410838e-03        1
2353 6.802187e-04        1
2354 5.598740e-04        1
2355 8.310389e-05        1
2356 1.467191e-03        1
2357 1.804723e-06        1
2358 1.205691e-03        1
2359 3.573413e-04        1
2360 1.727447e-04        1
2361 1.030574e-06        1
2362 5.432896e-05        1
2363 3.777039e-06        1
2364 1.441624e-04        1
2365 1.948822e-03        1
2366 7.907193e-05        1
2367 1.022698e-04        1
2368 3.363749e-05        1
2369 8.885169e-04        1
2370 1.054407e-03        1
2371 5.602902e-05        1
2372 7.255324e-04        1
2373 4.053275e-04        1
2374 2.992843e-04        1
2375 9.742614e-06        1
2376 7.210011e-05        1
2377 1.995111e-03        1
2378 2.837539e-04        1
2379 6.923739e-05        1
2380 1.447449e-03        1
2381 1.767649e-04        1
2382 6.506877e-04        1
2383 2.970922e-04        1
2384 9.681239e-05        1
2385 1.122148e-05        1
2386 6.038537e-05        1
2387 1.240379e-03        1
2388 1.929692e-05        1
2389 5.004072e-04        1
2390 2.906517e-04        1
2391 5.219921e-04        1
2392 3.032168e-04        1
2393 6.746771e-04        1
2394 9.949430e-06        1
2395 1.615692e-04        1
2396 1.709895e-06        1
2397 7.294798e-06        1
2398 5.885467e-08        1
2399 1.792406e-03        1
2400 1.155698e-04        1
2401 3.737646e-04        1
2402 1.618016e-04        1
2403 1.210404e-04        1
2404 8.219469e-06        1
2405 5.991853e-04        1
2406 2.203735e-04        1
2407 8.296567e-08        1
2408 5.142074e-07        1
2409 1.883891e-05        1
2410 8.933695e-05        1
2411 3.975488e-04        1
2412 1.009802e-05        1
2413 5.136774e-05        1
2414 6.917804e-06        1
2415 3.268951e-05        1
2416 3.728332e-05        1
2417 1.795666e-05        1
2418 1.786094e-03        1
2419 1.439093e-05        1
2420 9.559459e-04        1
2421 3.650166e-04        1
2422 1.932752e-05        1
2423 6.550500e-04        1
2424 9.468411e-06        1
2425 7.214892e-05        1
2426 1.041515e-03        1
2427 8.226979e-04        1
2428 4.801534e-04        1
2429 1.530654e-04        1
2430 1.287244e-04        1
2431 3.371437e-04        1
2432 1.154134e-04        1
2433 2.772763e-04        1
2434 2.597627e-04        1
2435 1.905693e-04        1
2436 1.550309e-05        1
2437 1.165306e-04        1
2438 3.443103e-04        1
2439 4.976738e-04        1
2440 8.615530e-04        1
2441 1.535763e-03        1
2442 1.516009e-06        1
2443 1.533513e-03        1
2444 8.063209e-05        1
2445 2.521331e-03        1
2446 5.740269e-06        1
2447 1.597829e-03        1
2448 1.842757e-03        1
2449 1.359890e-05        1
2450 4.888634e-04        1
2451 3.900980e-04        1
2452 1.957688e-03        1
2453 1.372307e-06        1
2454 1.174602e-03        1
2455 2.358952e-04        1
2456 9.302284e-04        1
2457 3.149671e-04        1
2458 1.352882e-03        1
2459 1.567092e-02  0.82544
2460 2.426405e-04        1
2461 4.562822e-04        1
2462 1.152676e-03        1
2463 1.175552e-04        1
2464 5.642944e-05        1
2465 1.823544e-03        1
2466 8.405410e-04        1
2467 1.574445e-04        1
2468 2.342818e-03        1
2469 5.198934e-04        1
2470 1.591104e-03        1
2471 2.328720e-04        1
2472 8.535081e-06        1
2473 8.905123e-05        1
2474 5.421408e-04        1
2475 2.974675e-04        1
2476 2.099035e-05        1
2477 9.029617e-04        1
2478 4.511418e-05        1
2479 8.988352e-04        1
2480 2.073925e-04        1
2481 3.408855e-04        1
2482 1.303315e-03        1
2483 2.142427e-04        1
2484 5.829354e-05        1
2485 2.793791e-05        1
2486 1.786051e-06        1
2487 1.197330e-03        1
2488 4.517041e-05        1
2489 1.590309e-04        1
2490 3.475474e-05        1
2491 1.496904e-04        1
2492 1.841588e-04        1
2493 9.210722e-05        1
2494 2.448470e-03        1
2495 5.105571e-05        1
2496 4.106283e-04        1
2497 1.995348e-06        1
2498 3.261518e-04        1
2499 4.257400e-04        1
2500 3.083539e-04        1
2501 2.148944e-04        1
2502 3.832459e-05        1
2503 2.310812e-04        1
2504 3.574654e-06        1
2505 2.590622e-05        1
2506 2.035158e-05        1
2507 3.255283e-03        1
2508 1.320270e-05        1
2509 3.840276e-05        1
2510 2.689507e-03        1
2511 1.700866e-03        1
2512 4.436917e-04        1
2513 4.297659e-05        1
2514 1.854418e-05        1
2515 6.926381e-05        1
2516 2.292134e-03        1
2517 5.817797e-04        1
2518 7.931360e-04        1
2519 7.078494e-05        1
2520 3.515925e-05        1
2521 3.396442e-03        1
2522 7.975477e-05        1
2523 1.415342e-09        1
2524 4.365642e-04        1
2525 2.294994e-05        1
2526 7.376040e-05        1
2527 2.243673e-03        1
2528 2.790110e-06        1
2529 5.598946e-05        1
2530 5.236415e-06        1
2531 1.862498e-04        1
2532 4.821137e-04        1
2533 1.223610e-05        1
2534 7.530247e-04        1
2535 2.719613e-03        1
2536 1.733562e-04        1
2537 8.306748e-04        1
2538 3.244607e-05        1
2539 1.781763e-05        1
2540 7.299151e-04        1
2541 3.829333e-07        1
2542 7.784354e-04        1
2543 4.243627e-04        1
2544 3.786789e-04        1
2545 6.092356e-04        1
2546 5.591778e-05        1
2547 1.274869e-05        1
2548 1.120468e-04        1
2549 8.890698e-04        1
2550 2.943031e-04        1
2551 1.722767e-03        1
2552 1.623470e-04        1
2553 2.461707e-05        1
2554 1.445939e-04        1
2555 1.049493e-04        1
2556 2.512180e-03        1
2557 3.686556e-05        1
2558 4.546566e-04        1
2559 3.214884e-03        1
2560 1.142822e-05        1
2561 1.596902e-04        1
2562 2.117203e-04        1
2563 4.279964e-06        1
2564 6.296251e-04        1
2565 2.772156e-03        1
2566 1.025299e-05        1
2567 1.356412e-03        1
2568 3.517818e-05        1
2569 1.239680e-04        1
2570 2.647943e-03        1
2571 7.126021e-04        1
2572 1.221373e-05        1
2573 1.161097e-03        1
2574 2.415507e-04        1
2575 7.425783e-04        1
2576 5.837679e-04        1
2577 2.473660e-05        1
2578 3.345867e-05        1
2579 1.182161e-04        1
2580 9.292871e-04        1
2581 7.386767e-05        1
2582 1.791750e-04        1
2583 9.395461e-05        1
2584 5.640931e-05        1
2585 6.904422e-04        1
2586 1.355078e-04        1
2587 3.528117e-04        1
2588 2.885429e-03        1
2589 3.352339e-05        1
2590 5.740948e-05        1
2591 3.294583e-04        1
2592 4.156670e-03        1
2593 1.549675e-04        1
2594 1.457399e-03        1
2595 2.307703e-04        1
2596 4.221514e-04        1
2597 2.093744e-04        1
2598 5.403146e-04        1
2599 2.903745e-04        1
2600 7.193339e-04        1
2601 1.371165e-03        1
2602 1.808669e-05        1
2603 1.794993e-02        1
2604 6.166426e-04        1
2605 8.753247e-06        1
2606 3.618041e-04        1
2607 1.617697e-03        1
2608 1.494909e-03        1
2609 6.621309e-05        1
2610 2.905404e-04        1
2611 2.307777e-03        1
2612 5.222254e-07        1
2613 4.279802e-06        1
2614 2.924439e-03        1
2615 2.225886e-04        1
2616 8.025583e-06        1
2617 6.224610e-05        1
2618 4.977671e-05        1
2619 8.078569e-05        1
2620 6.733037e-06        1
2621 1.720766e-05        1
2622 5.478101e-04        1
2623 3.728221e-04        1
2624 1.203309e-03        1
2625 6.717938e-03        1
2626 1.165587e-04        1
2627 1.831446e-05        1
2628 3.946563e-05        1
2629 5.824719e-04        1
2630 1.118513e-04        1
2631 1.203062e-02        1
2632 6.079687e-04        1
2633 6.112114e-04        1
2634 1.933461e-04        1
2635 3.114096e-03        1
2636 5.419324e-04        1
2637 4.984968e-04        1
2638 9.864110e-04        1
2639 4.891996e-04        1
2640 5.520798e-06        1
2641 1.774910e-04        1
2642 1.986061e-06        1
2643 4.796999e-05        1
2644 8.193017e-05        1
2645 3.253356e-04        1
2646 9.254912e-04        1
2647 7.286514e-03        1
2648 1.860845e-03        1
2649 9.678319e-04        1
2650 1.739721e-03        1
2651 9.295323e-05        1
2652 2.209245e-03        1
2653 1.024794e-04        1
2654 1.811891e-03        1
2655 3.107968e-06        1
2656 8.186464e-04        1
2657 5.838213e-05        1
2658 1.920034e-03        1
2659 2.849228e-03        1
2660 6.559771e-04        1
2661 3.891992e-05        1
2662 2.416555e-04        1
2663 2.923894e-04        1
2664 5.099088e-04        1
2665 3.875977e-04        1
2666 1.904639e-04        1
2667 5.818052e-06        1
2668 2.716920e-04        1
2669 9.362416e-07        1
2670 4.260857e-05        1
2671 1.108925e-05        1
2672 3.137302e-04        1
2673 1.318211e-04        1
2674 5.016082e-06        1
2675 9.307752e-05        1
2676 1.842292e-05        1
2677 7.675793e-04        1
2678 1.250033e-05        1
2679 5.259259e-04        1
2680 7.813277e-07        1
2681 7.731493e-03 <0.02948
2682 9.440354e-03        1
2683 4.355230e-03        1
2684 7.199180e-05        1
2685 1.331741e-05        1
2686 1.502398e-04        1
2687 3.957162e-03        1
2688 3.901426e-07        1
2689 3.860147e-03        1
2690 1.081845e-04        1
2691 6.614375e-03        1
2692 3.333691e-04        1
2693 1.252433e-04        1
2694 1.107979e-04        1
2695 3.727789e-06        1
2696 1.065002e-10        1
2697 1.064971e-06        1
2698 3.439010e-03        1
2699 1.348295e-04        1
2700 3.943977e-04        1
2701 3.373818e-05        1
2702 1.675930e-03        1
2703 2.738440e-05        1
2704 6.057435e-06        1
2705 4.182961e-04        1
2706 1.365992e-04        1
2707 2.124873e-05        1
2708 2.009359e-04        1
2709 3.180152e-03        1
2710 1.546613e-04        1
2711 5.221337e-04        1
2712 4.925879e-03        1
2713 6.784067e-05        1
2714 5.019844e-06        1
2715 4.711614e-07        1
2716 1.676176e-04        1
2717 1.738298e-03        1
2718 4.114060e-06        1
2719 5.608769e-08        1
2720 1.612675e-04        1
2721 5.746697e-04        1
2722 1.736766e-04        1
2723 5.270183e-04        1
2724 2.408153e-05        1
2725 1.389183e-04        1
2726 1.713401e-04        1
2727 4.350944e-04        1
2728 1.667907e-05        1
2729 3.166279e-03        1
2730 2.204508e-04        1
2731 1.982096e-04        1
2732 3.384716e-06        1
2733 7.403281e-04        1
2734 6.590489e-05        1
2735 2.304311e-06        1
2736 6.322548e-07        1
2737 2.935616e-04        1
2738 4.265513e-05        1
2739 2.847974e-04        1
2740 1.650977e-04        1
2741 1.986347e-06        1
2742 5.240887e-04        1
2743 1.878460e-04        1
2744 2.516193e-04        1
2745 9.568765e-05        1
2746 1.750023e-04        1
2747 1.396677e-04        1
2748 5.327272e-05        1
2749 1.886176e-04        1
2750 1.732405e-04        1
2751 3.511480e-06        1
2752 9.297269e-03        1
2753 1.232649e-06        1
2754 2.672930e-05        1
2755 5.351621e-04        1
2756 2.484057e-05        1
2757 1.173917e-05        1
2758 2.949406e-04        1
2759 3.222127e-05        1
2760 4.391104e-05        1
2761 8.513616e-09        1
2762 1.386707e-04        1
2763 4.162846e-04        1
2764 1.012932e-05        1
2765 1.090961e-06        1
2766 8.898687e-05        1
2767 9.586814e-05        1
2768 2.080248e-04        1
2769 3.017922e-04        1
2770 2.460937e-04        1
2771 6.486167e-04        1
2772 8.356827e-04        1
2773 1.408396e-04        1
2774 1.279946e-04        1
2775 3.207260e-05        1
2776 4.936429e-05        1
2777 4.481552e-04        1
2778 2.923332e-04        1
2779 6.071083e-05        1
2780 3.196811e-03        1
2781 4.569342e-05        1
2782 3.542942e-05        1
2783 4.883471e-04        1
2784 3.898006e-05        1
2785 1.765461e-04        1
2786 6.339477e-05        1
2787 2.833160e-05        1
2788 5.235390e-03        1
2789 1.456938e-04        1
2790 2.079947e-05        1
2791 1.820934e-04        1
2792 2.898625e-08        1
2793 3.799916e-04        1
2794 3.089631e-04        1
2795 2.123330e-04        1
2796 4.303931e-05        1
2797 5.930319e-06        1
2798 1.314725e-04        1
2799 3.490573e-06        1
2800 1.519741e-04        1
2801 2.386050e-05        1
2802 8.664794e-04        1
2803 7.959248e-04        1
2804 3.500610e-03        1
2805 3.376695e-05        1
2806 1.687761e-04        1
2807 9.733363e-05        1
2808 5.961975e-04        1
2809 4.130018e-05        1
2810 2.670172e-04        1
2811 5.469651e-04        1
2812 3.968502e-04        1
2813 2.767151e-04        1
2814 7.322005e-05        1
2815 9.421165e-05        1
2816 6.359416e-04        1
2817 9.061419e-05        1
2818 8.644168e-05        1
2819 3.202154e-04        1
2820 2.418259e-05        1
2821 7.026564e-04        1
2822 3.529215e-04        1
2823 4.536455e-06        1
2824 2.073212e-03        1
2825 9.237573e-05        1
2826 1.940222e-07        1
2827 6.988997e-04        1
2828 1.428747e-04        1
2829 4.880217e-05        1
2830 6.533193e-06        1
2831 4.674403e-05        1
2832 3.558407e-06        1
2833 6.375922e-04        1
2834 5.291212e-04        1
2835 2.386347e-04        1
2836 1.477172e-04        1
2837 2.292345e-04        1
2838 5.391043e-06        1
2839 7.676797e-04        1
2840 1.842765e-04        1
2841 4.332692e-04        1
2842 4.957632e-04        1
2843 4.720841e-04        1
2844 3.706440e-04        1
2845 7.029012e-04        1
2846 1.156710e-03        1
2847 5.068901e-04        1
2848 4.290250e-04        1
2849 4.043968e-05        1
2850 2.524595e-04        1
2851 3.287265e-05        1
2852 2.093160e-05        1
2853 1.865607e-03        1
2854 2.021511e-04        1
2855 1.629056e-03        1
2856 8.119227e-05        1
2857 1.371518e-06        1
2858 2.754103e-04        1
2859 2.304576e-04        1
2860 9.332126e-04        1
2861 4.584211e-04        1
2862 1.554577e-03        1
2863 3.797809e-04        1
2864 7.383502e-05        1
2865 3.280918e-03        1
2866 1.813975e-05        1
2867 1.862476e-03        1
2868 8.015652e-07        1
2869 2.240130e-04        1
2870 4.408701e-06        1
2871 2.918631e-04        1
2872 2.800516e-05        1
2873 1.100819e-04        1
2874 4.329050e-05        1
2875 2.621914e-05        1
2876 1.281674e-04        1
2877 4.120691e-04        1
2878 5.487241e-06        1
2879 3.780483e-06        1
2880 1.100483e-04        1
2881 1.003679e-03        1
2882 6.385047e-05        1
2883 7.360503e-04        1
2884 8.024037e-04        1
2885 1.162836e-07        1
2886 1.012161e-05        1
2887 8.384770e-04        1
2888 2.974774e-04        1
2889 2.853716e-05        1
2890 4.740150e-04        1
2891 9.713829e-05        1
2892 7.428090e-04        1
2893 7.163039e-06        1
2894 1.305863e-05        1
2895 9.557514e-05        1
2896 4.986343e-04        1
2897 1.690170e-03        1
2898 6.057172e-04        1
2899 5.517488e-04        1
2900 1.374062e-03        1
2901 4.895590e-04        1
2902 2.887539e-04        1
2903 1.638417e-04        1
2904 5.141419e-04        1
2905 1.734156e-06        1
2906 4.362448e-04        1
2907 4.538078e-07        1
2908 3.519514e-04        1
2909 2.815636e-07        1
2910 1.589170e-03        1
2911 1.748978e-05        1
2912 1.458570e-04        1
2913 1.176915e-03        1
2914 6.100690e-05        1
2915 1.908052e-04        1
2916 9.644089e-07        1
2917 1.297883e-02        1
2918 6.418724e-04        1
2919 1.366008e-04        1
2920 3.150214e-06        1
2921 3.208747e-05        1
2922 1.893038e-03        1
2923 5.001238e-05        1
2924 6.184888e-07        1
2925 9.958221e-04        1
2926 5.127083e-04        1
2927 6.287848e-04        1
2928 3.204292e-05        1
2929 5.005314e-04        1
2930 1.368415e-05        1
2931 7.366723e-05        1
2932 7.531658e-05        1
2933 4.736965e-04        1
2934 7.883363e-07        1
2935 2.295258e-04        1
2936 3.538917e-05        1
2937 1.312688e-10        1
2938 4.022486e-05        1
2939 5.984976e-07        1
2940 1.723438e-04        1
2941 1.773177e-04        1
2942 2.799349e-04        1
2943 9.073869e-07        1
2944 1.983838e-06        1
2945 1.489342e-04        1
2946 5.688546e-04        1
2947 5.277735e-05        1
2948 3.152231e-05        1

$`MR-PRESSO results`$`Distortion Test`
$`MR-PRESSO results`$`Distortion Test`$`Outliers Indices`
[1] 1619 2681

$`MR-PRESSO results`$`Distortion Test`$`Distortion Coefficient`
beta.exposure 
     3.319739 

$`MR-PRESSO results`$`Distortion Test`$Pvalue
[1] 0.79233



