$`Main MR results`
       Exposure       MR Analysis Causal Estimate          Sd     T-stat
1 beta.exposure               Raw    0.0023988308 0.004236225  0.5662661
2 beta.exposure Outlier-corrected   -0.0007866237 0.002935438 -0.2679749
    P-value
1 0.5712739
2 0.7887453

$`MR-PRESSO results`
$`MR-PRESSO results`$`Global Test`
$`MR-PRESSO results`$`Global Test`$RSSobs
[1] 5007.961

$`MR-PRESSO results`$`Global Test`$Pvalue
[1] "<1e-05"


$`MR-PRESSO results`$`Outlier Test`
           RSSobs   Pvalue
1    2.601787e-05        1
2    1.553243e-04        1
3    1.984360e-05        1
4    6.859162e-05        1
5    3.201179e-03        1
6    2.414205e-05        1
7    1.147643e-04        1
8    3.452201e-04        1
9    1.944038e-04        1
10   3.748830e-05        1
11   1.858946e-04        1
12   1.918670e-04        1
13   2.171523e-04        1
14   9.523649e-05        1
15   1.618842e-06        1
16   3.761649e-04        1
17   1.097104e-03        1
18   2.392632e-04        1
19   3.118060e-06        1
20   1.613958e-03        1
21   4.034112e-05        1
22   9.476764e-04        1
23   5.139771e-04        1
24   7.768432e-04        1
25   1.880784e-04        1
26   1.796327e-05        1
27   4.494806e-05        1
28   6.542543e-05        1
29   6.378069e-04        1
30   9.425684e-05        1
31   3.402953e-04        1
32   1.033508e-04        1
33   4.469819e-05        1
34   7.107212e-04        1
35   3.313767e-04        1
36   3.691035e-04        1
37   3.115400e-06        1
38   2.889681e-04        1
39   4.469510e-04        1
40   7.109348e-04        1
41   1.908047e-04        1
42   1.315846e-04        1
43   5.488276e-04        1
44   3.351002e-04        1
45   4.349086e-04        1
46   1.239491e-04        1
47   6.896439e-04        1
48   3.077350e-04        1
49   1.224442e-07        1
50   2.198125e-04        1
51   3.338091e-03        1
52   2.365149e-04        1
53   9.488768e-04        1
54   2.162688e-03        1
55   5.643228e-08        1
56   3.743974e-05        1
57   6.219584e-04        1
58   1.727536e-03        1
59   1.225333e-04        1
60   3.021160e-03        1
61   9.229956e-07        1
62   8.255060e-06        1
63   4.114817e-04        1
64   2.161638e-04        1
65   3.971902e-05        1
66   5.164445e-04        1
67   2.321534e-04        1
68   4.042440e-04        1
69   7.932057e-05        1
70   1.273534e-04        1
71   5.019341e-04        1
72   7.223053e-04        1
73   2.285271e-04        1
74   8.455980e-05        1
75   1.782677e-04        1
76   2.053193e-04        1
77   5.751078e-04        1
78   7.772286e-05        1
79   8.185506e-04        1
80   4.895442e-04        1
81   8.254657e-04        1
82   6.024159e-04        1
83   7.917283e-06        1
84   1.751475e-04        1
85   2.211700e-04        1
86   1.684570e-06        1
87   1.774736e-04        1
88   6.644792e-04        1
89   5.574633e-04        1
90   2.591300e-05        1
91   5.630468e-05        1
92   3.031824e-05        1
93   2.478481e-04        1
94   2.315722e-04        1
95   9.112362e-05        1
96   5.706588e-04        1
97   2.184420e-04        1
98   6.423475e-05        1
99   3.158258e-04        1
100  3.102160e-05        1
101  2.058711e-06        1
102  8.530395e-04        1
103  3.667756e-04        1
104  1.176521e-04        1
105  2.229802e-04        1
106  7.567637e-04        1
107  1.338148e-03        1
108  1.370620e-03        1
109  3.338780e-04        1
110  9.200581e-04        1
111  2.706000e-04        1
112  1.552849e-03        1
113  6.526164e-07        1
114  6.961293e-06        1
115  1.608780e-04        1
116  5.556575e-05        1
117  1.291500e-04        1
118  1.148969e-04        1
119  4.503354e-05        1
120  6.872662e-05        1
121  3.284303e-04        1
122  6.017806e-05        1
123  5.785800e-05        1
124  9.162907e-04        1
125  1.056405e-04        1
126  3.033343e-05        1
127  9.443424e-05        1
128  5.635939e-07        1
129  1.396149e-04        1
130  2.882489e-04        1
131  3.279728e-06        1
132  4.051796e-04        1
133  1.095565e-05        1
134  2.697355e-08        1
135  8.782240e-04        1
136  1.069353e-03        1
137  6.827963e-06        1
138  6.299270e-05        1
139  1.964687e-04        1
140  1.120642e-03        1
141  5.441926e-04        1
142  4.997709e-04        1
143  6.218038e-06        1
144  4.328809e-05        1
145  1.491177e-04        1
146  2.864777e-03        1
147  1.654144e-05        1
148  1.222028e-04        1
149  9.255039e-05        1
150  8.766292e-05        1
151  8.187097e-05        1
152  1.770787e-03        1
153  3.883883e-05        1
154  1.590554e-07        1
155  1.594216e-03        1
156  1.613863e-06        1
157  2.042704e-05        1
158  1.948150e-05        1
159  1.063397e-06        1
160  1.033733e-03        1
161  3.837366e-05        1
162  2.203071e-04        1
163  1.404783e-03        1
164  2.703842e-05        1
165  1.891441e-04        1
166  3.371720e-04        1
167  1.944728e-04        1
168  4.930664e-04        1
169  7.007988e-04        1
170  1.537208e-03        1
171  3.284386e-05        1
172  1.090368e-02        1
173  2.936988e-04        1
174  1.103945e-03        1
175  3.148328e-04        1
176  1.493611e-05        1
177  2.976200e-04        1
178  1.536551e-04        1
179  3.273475e-06        1
180  1.579669e-03        1
181  9.319494e-05        1
182  8.773468e-05        1
183  6.847168e-03        1
184  1.464626e-02        1
185  4.425629e-04        1
186  3.054027e-05        1
187  1.601740e-04        1
188  7.025321e-05        1
189  2.375735e-05        1
190  3.463097e-06        1
191  4.516635e-07        1
192  4.318145e-03        1
193  6.794703e-04        1
194  8.895003e-03        1
195  1.147278e-03        1
196  1.982012e-03        1
197  8.703798e-04        1
198  1.832667e-03        1
199  8.950796e-04        1
200  1.073609e-03        1
201  4.335129e-05        1
202  2.014302e-04        1
203  1.787534e-05        1
204  2.832071e-03        1
205  1.419744e-05        1
206  1.831161e-05        1
207  3.505750e-05        1
208  8.713816e-04        1
209  8.621698e-04        1
210  5.059901e-04        1
211  8.122634e-04        1
212  3.807984e-02        1
213  1.232587e-03        1
214  4.209758e-04        1
215  1.801125e-03        1
216  3.757341e-03        1
217  1.378644e-02        1
218  1.461829e-03        1
219  1.622559e-03        1
220  1.479961e-03        1
221  5.782810e-04        1
222  1.248312e-03        1
223  2.267600e-03        1
224  7.940502e-03        1
225  8.136188e-03        1
226  7.694125e-04        1
227  1.394729e-04        1
228  8.161023e-08        1
229  9.278072e-05        1
230  5.618419e-03        1
231  2.937533e-03        1
232  7.200453e-04        1
233  1.537764e-03        1
234  5.366442e-04        1
235  1.042266e-03        1
236  6.526620e-03        1
237  5.373867e-05        1
238  3.900140e-06        1
239  8.983184e-06        1
240  3.533594e-06        1
241  5.887322e-05        1
242  2.111373e-06        1
243  2.418935e-05        1
244  2.450144e-04        1
245  1.096766e-04        1
246  4.251895e-03        1
247  1.040581e-02        1
248  1.133292e-04        1
249  1.754659e-04        1
250  8.334168e-05        1
251  9.561314e-07        1
252  3.936535e-04        1
253  4.251554e-05        1
254  9.749656e-04        1
255  2.946800e-03        1
256  1.075167e-04        1
257  1.154706e-03        1
258  2.367078e-04        1
259  2.868945e-05        1
260  1.260909e-05        1
261  9.099502e-05        1
262  4.163866e-04        1
263  2.627867e-04        1
264  2.766729e-03        1
265  7.245100e-04        1
266  1.032933e-03        1
267  7.123379e-06        1
268  8.918533e-04        1
269  6.817846e-04        1
270  1.600356e-04        1
271  6.721098e-04        1
272  4.489761e-07        1
273  1.732209e-04        1
274  9.212917e-05        1
275  8.722523e-05        1
276  1.132809e-03        1
277  1.571321e-04        1
278  1.890397e-03        1
279  4.915493e-04        1
280  2.608010e-04        1
281  3.100033e-04        1
282  1.667633e-03        1
283  1.096005e-04        1
284  4.863626e-05        1
285  1.031320e-03        1
286  1.112261e-03        1
287  4.601870e-05        1
288  5.079772e-04        1
289  1.777374e-04        1
290  5.748533e-05        1
291  1.847504e-04        1
292  3.440652e-04        1
293  4.377093e-04        1
294  5.269911e-04        1
295  6.010754e-03        1
296  2.865617e-05        1
297  5.985910e-05        1
298  8.411344e-04        1
299  5.612605e-03        1
300  5.609800e-04        1
301  1.830989e-04        1
302  1.840480e-05        1
303  1.512769e-05        1
304  3.560897e-04        1
305  2.592998e-05        1
306  2.650619e-05        1
307  5.128657e-04        1
308  1.942878e-04        1
309  3.924478e-05        1
310  9.417062e-06        1
311  3.013349e-02        1
312  9.530893e-03        1
313  1.095021e-03        1
314  1.418148e-02        1
315  1.104060e-04        1
316  2.053165e-03        1
317  2.694443e-03        1
318  2.975117e-05        1
319  1.763712e-02        1
320  1.173311e-03        1
321  2.655755e-05        1
322  2.259812e-06        1
323  1.968698e-04        1
324  8.066535e-04        1
325  3.685919e-07        1
326  2.108295e-04        1
327  3.342419e-05        1
328  4.414649e-04        1
329  3.153549e-03        1
330  1.116543e-05        1
331  1.597677e-05        1
332  1.582488e-04        1
333  2.738644e-06        1
334  8.621605e-05        1
335  8.067054e-05        1
336  1.343856e-04        1
337  5.194558e-04        1
338  3.255896e-04        1
339  6.251797e-05        1
340  5.596379e-04        1
341  1.749155e-04        1
342  8.228910e-04        1
343  7.573850e-06        1
344  1.739565e-08        1
345  3.569508e-04        1
346  1.978903e-04        1
347  2.674124e-05        1
348  1.020769e-04        1
349  2.894567e-04        1
350  3.262009e-04        1
351  1.681674e-05        1
352  9.649172e-04        1
353  1.250260e-04        1
354  4.240970e-04        1
355  2.901316e-04        1
356  2.612031e-04        1
357  6.902947e-04        1
358  7.161640e-05        1
359  1.031358e-03        1
360  1.636949e-04        1
361  2.368803e-06        1
362  5.810138e-04        1
363  5.336936e-04        1
364  5.579023e-05        1
365  2.113400e-03        1
366  4.247363e-05        1
367  5.521852e-04        1
368  7.527672e-03        1
369  4.303546e-05        1
370  1.245732e-04        1
371  6.162370e-05        1
372  1.932187e-03        1
373  1.028329e-06        1
374  6.464445e-04        1
375  6.050983e-04        1
376  1.902687e-03        1
377  1.354004e-03        1
378  1.386555e-03        1
379  1.039331e-05        1
380  7.662187e-04        1
381  1.278595e-03        1
382  2.642445e-04        1
383  1.159452e-03        1
384  2.086260e-03        1
385  2.743282e-06        1
386  3.817476e-04        1
387  4.711192e-05        1
388  9.396814e-04        1
389  2.267164e-04        1
390  7.423161e-04        1
391  7.247209e-06        1
392  6.981481e-03        1
393  3.898673e-04        1
394  1.459027e-04        1
395  1.676820e-04        1
396  7.809770e-04        1
397  1.851956e-04        1
398  1.042042e-03        1
399  7.028967e-06        1
400  4.791832e-05        1
401  1.289981e-03        1
402  1.767517e-04        1
403  1.174338e-04        1
404  3.483733e-04        1
405  6.918281e-05        1
406  8.685307e-09        1
407  4.349778e-04        1
408  2.497425e-03        1
409  1.483533e-03        1
410  4.298705e-06        1
411  2.032048e-04        1
412  1.867642e-04        1
413  1.041683e-03        1
414  5.843073e-03        1
415  1.817859e-06        1
416  1.782866e-06        1
417  6.610810e-06        1
418  6.361976e-04        1
419  9.060069e-04        1
420  2.416933e-04        1
421  1.326358e-05        1
422  1.166397e-03        1
423  6.684150e-04        1
424  2.186237e-04        1
425  3.215800e-05        1
426  3.279309e-03        1
427  8.596267e-05        1
428  4.163454e-05        1
429  3.435943e-03        1
430  6.291357e-04        1
431  2.317996e-03        1
432  1.116640e-03        1
433  1.461452e-05        1
434  1.909763e-05        1
435  7.025361e-04        1
436  3.060714e-04        1
437  1.141363e-03        1
438  4.233556e-04        1
439  1.730116e-04        1
440  8.795957e-04        1
441  5.714781e-04        1
442  2.448583e-05        1
443  4.098042e-05        1
444  2.114621e-03        1
445  1.982590e-04        1
446  1.703139e-04        1
447  2.237952e-03        1
448  1.539865e-04        1
449  8.281754e-06        1
450  4.359156e-08        1
451  8.734776e-04        1
452  7.756684e-04        1
453  4.916500e-06        1
454  7.712559e-06        1
455  1.792890e-03        1
456  4.784400e-05        1
457  7.162674e-04        1
458  1.601051e-04        1
459  4.786186e-05        1
460  8.114127e-04        1
461  2.319998e-06        1
462  2.697570e-06        1
463  8.333666e-04        1
464  2.338949e-05        1
465  2.044895e-04        1
466  1.200205e-04        1
467  1.547511e-03        1
468  8.031893e-05        1
469  6.121799e-04        1
470  1.829734e-03        1
471  3.785083e-04        1
472  6.267284e-04        1
473  1.734790e-03        1
474  1.349665e-06        1
475  6.386334e-05        1
476  5.925637e-05        1
477  1.827619e-03        1
478  2.624479e-04        1
479  1.891447e-05        1
480  1.626501e-03        1
481  3.117303e-03        1
482  3.304042e-03        1
483  8.108105e-04        1
484  1.228614e-05        1
485  2.948344e-05        1
486  6.437848e-04        1
487  3.935139e-05        1
488  2.655556e-03        1
489  5.315474e-04        1
490  1.109009e-03        1
491  2.881984e-04        1
492  1.900223e-04        1
493  1.568827e-04        1
494  5.099491e-04        1
495  1.235428e-02        1
496  5.659216e-06        1
497  3.037010e-04        1
498  3.218100e-04        1
499  2.612653e-05        1
500  1.627653e-05        1
501  1.872907e-05        1
502  2.087166e-05        1
503  4.060172e-05        1
504  3.447266e-04        1
505  1.867397e-05        1
506  7.484007e-08        1
507  7.825614e-05        1
508  1.932016e-04        1
509  1.152247e-04        1
510  1.090316e-04        1
511  6.649527e-06        1
512  9.071655e-06        1
513  8.238525e-04        1
514  2.494873e-04        1
515  2.478519e-05        1
516  3.493754e-05        1
517  1.532572e-03        1
518  3.221944e-09        1
519  6.900090e-06        1
520  4.634758e-04        1
521  3.579330e-05        1
522  9.267305e-04        1
523  2.018101e-04        1
524  1.884881e-03        1
525  1.534786e-05        1
526  3.006004e-05        1
527  2.744016e-04        1
528  3.349873e-04        1
529  1.152063e-03        1
530  1.065386e-06        1
531  7.082646e-05        1
532  1.855058e-05        1
533  3.717636e-04        1
534  6.095275e-04        1
535  3.622751e-04        1
536  4.605432e-04        1
537  6.739143e-05        1
538  7.453865e-04        1
539  2.301840e-03        1
540  9.769025e-03        1
541  3.111433e-03        1
542  2.199658e-03        1
543  1.024983e-03        1
544  5.416277e-05        1
545  7.215394e-04        1
546  9.074093e-04        1
547  8.709729e-04        1
548  5.090907e-03        1
549  3.317907e-04        1
550  2.706795e-04        1
551  5.766907e-07        1
552  1.013176e-05        1
553  2.206818e-03        1
554  9.867762e-05        1
555  7.253164e-03        1
556  1.349535e-02        1
557  2.323841e-02        1
558  7.704862e-03        1
559  1.096511e-04        1
560  3.780677e-03        1
561  7.303699e-04        1
562  3.732972e-04        1
563  1.626857e-04        1
564  2.101246e-02        1
565  5.070417e-02        1
566  4.070468e-03        1
567  3.474726e-05        1
568  1.741264e-04        1
569  2.761711e-04        1
570  5.647301e-05        1
571  1.717775e-03        1
572  1.661906e-04        1
573  4.196396e-07        1
574  1.497464e-04        1
575  2.002482e-04        1
576  6.564131e-06        1
577  1.768771e-03        1
578  8.053029e-06        1
579  3.374536e-04        1
580  7.714659e-03        1
581  5.103186e-03        1
582  3.168428e-07        1
583  3.861459e-04        1
584  7.773646e-03        1
585  7.649840e-04        1
586  3.465416e-03        1
587  2.278438e-03        1
588  5.514455e-03        1
589  1.526489e-03        1
590  1.070227e-02        1
591  2.755239e-03        1
592  2.518310e-04        1
593  1.480575e-02        1
594  3.947956e-03        1
595  5.051486e-03        1
596  1.623259e-05        1
597  5.328934e-03        1
598  1.890492e-03        1
599  7.047609e-03        1
600  1.775742e-03        1
601  3.822133e-06        1
602  1.619721e-05        1
603  3.123328e-03        1
604  1.066555e-03        1
605  2.831546e-04        1
606  4.552958e-03        1
607  5.538995e-04        1
608  3.237256e-04        1
609  3.264400e-02        1
610  1.026560e-04        1
611  2.842112e-06        1
612  7.551040e-05        1
613  3.974857e-05        1
614  4.005612e-04        1
615  5.031898e-06        1
616  5.215629e-03        1
617  2.409754e-03        1
618  1.030319e-06        1
619  4.387767e-04        1
620  6.552858e-05        1
621  1.278596e-02        1
622  3.342367e-05        1
623  1.746295e-04        1
624  1.299532e-04        1
625  6.535699e-05        1
626  1.478141e-04        1
627  1.609017e-05        1
628  4.041305e-03  0.18747
629  7.911041e-04        1
630  5.567602e-08        1
631  4.510015e-05        1
632  3.534504e-05        1
633  4.908264e-07        1
634  1.302568e-03        1
635  2.237142e-04        1
636  2.409447e-03        1
637  4.705989e-05        1
638  9.423637e-04        1
639  1.481051e-02        1
640  3.789239e-05        1
641  7.448509e-04        1
642  3.345409e-05        1
643  2.895590e-04        1
644  3.147848e-02        1
645  1.662390e-03        1
646  1.170137e-03        1
647  4.591502e-04        1
648  2.107914e-04        1
649  2.615185e-03        1
650  9.719982e-05        1
651  6.935142e-04        1
652  7.277935e-05        1
653  5.108590e-04        1
654  4.635304e-04        1
655  6.039537e-05        1
656  9.310552e-04        1
657  4.161956e-07        1
658  1.856859e-04        1
659  7.347070e-05        1
660  2.013528e-05        1
661  1.885896e-06        1
662  2.329458e-04        1
663  1.199898e-04        1
664  1.488579e-03        1
665  2.125991e-04        1
666  3.583073e-06        1
667  8.955793e-04        1
668  2.018722e-03        1
669  3.774064e-05        1
670  8.745674e-04        1
671  2.162917e-04        1
672  3.477049e-04        1
673  8.363154e-06        1
674  8.474567e-03        1
675  1.514647e-04        1
676  2.101031e-04        1
677  1.177856e-04        1
678  8.295552e-05        1
679  1.511920e-02 <0.02083
680  2.239418e-03        1
681  3.559362e-04        1
682  6.957527e-05        1
683  6.716467e-04        1
684  2.130174e-03        1
685  1.128445e-03        1
686  4.526580e-03        1
687  1.825805e-08        1
688  2.073586e-04        1
689  1.285682e-04        1
690  8.921313e-05        1
691  4.787109e-03        1
692  1.155799e-04        1
693  1.555029e-04        1
694  9.074672e-05        1
695  1.643009e-04        1
696  2.313575e-03        1
697  2.214762e-04        1
698  1.483041e-03        1
699  1.389463e-05        1
700  8.724108e-05        1
701  8.940857e-05        1
702  2.126161e-06        1
703  1.139229e-02        1
704  3.742161e-05        1
705  2.525546e-03        1
706  7.596286e-05        1
707  3.543605e-05        1
708  9.768834e-05        1
709  1.760168e-04        1
710  1.467436e-04        1
711  1.017067e-05        1
712  6.582984e-06        1
713  1.916631e-03        1
714  2.616517e-05        1
715  3.583853e-03  0.91652
716  2.574966e-04        1
717  9.134371e-05        1
718  1.978314e-05        1
719  2.012853e-04        1
720  5.927301e-04        1
721  3.562239e-04        1
722  4.707553e-04        1
723  8.458069e-08        1
724  2.973214e-05        1
725  1.800442e-03        1
726  7.309680e-04        1
727  4.196587e-03        1
728  1.384869e-03        1
729  2.333078e-03        1
730  1.625874e-03        1
731  5.911227e-04        1
732  2.169811e-04        1
733  2.720567e-04        1
734  3.421281e-05        1
735  1.487279e-04        1
736  2.772194e-06        1
737  1.535864e-03        1
738  7.042333e-04        1
739  1.086849e-08        1
740  1.249630e-03        1
741  3.258828e-04        1
742  1.730427e-04        1
743  6.453590e-05        1
744  1.384685e-04        1
745  4.838488e-05        1
746  3.224120e-04        1
747  2.473380e-05        1
748  4.305395e-04        1
749  5.511216e-05        1
750  3.693300e-05        1
751  9.707271e-05        1
752  6.424306e-04        1
753  1.685521e-04        1
754  2.767453e-05        1
755  1.067083e-03        1
756  2.659184e-03        1
757  2.738413e-04        1
758  1.457903e-05        1
759  1.510841e-04        1
760  5.710724e-05        1
761  4.018757e-03        1
762  6.479179e-05        1
763  1.244567e-03        1
764  9.233219e-04        1
765  5.004521e-07        1
766  4.681081e-04        1
767  3.115700e-04        1
768  9.428371e-05        1
769  3.229829e-04        1
770  5.055329e-04        1
771  2.819086e-04        1
772  1.419089e-04        1
773  3.333606e-04        1
774  4.736294e-06        1
775  2.241643e-03        1
776  1.151077e-04        1
777  2.064336e-04        1
778  1.370866e-06        1
779  3.546505e-04        1
780  3.354261e-04        1
781  5.080881e-06        1
782  1.336869e-04        1
783  7.941112e-04        1
784  8.383490e-04        1
785  3.941503e-04        1
786  4.722586e-04        1
787  2.304137e-04        1
788  3.078366e-04        1
789  5.148186e-06        1
790  6.391652e-04        1
791  8.950348e-04        1
792  7.860703e-06        1
793  2.590212e-04        1
794  9.632242e-04        1
795  1.199866e-03        1
796  4.594711e-05        1
797  6.482982e-03        1
798  1.994573e-06        1
799  3.323007e-04        1
800  5.350621e-08        1
801  3.229999e-04        1
802  4.055092e-04        1
803  2.786153e-04        1
804  5.096933e-04        1
805  1.107712e-03        1
806  9.993403e-04        1
807  1.855201e-04        1
808  2.381421e-05        1
809  1.347606e-05        1
810  3.381801e-05        1
811  2.453396e-04        1
812  4.271772e-04        1
813  1.092593e-04        1
814  4.778093e-04        1
815  8.803745e-04        1
816  4.467815e-04        1
817  7.652146e-04        1
818  1.490130e-04        1
819  3.514699e-04        1
820  2.257968e-04        1
821  6.177948e-07        1
822  2.282965e-04        1
823  7.292833e-04        1
824  1.674332e-04        1
825  1.983934e-04        1
826  3.585861e-05        1
827  6.274151e-05        1
828  4.235550e-02        1
829  2.787878e-04        1
830  3.814238e-03        1
831  2.061362e-04        1
832  8.196642e-04        1
833  2.232272e-04        1
834  5.358959e-04        1
835  9.542455e-06        1
836  4.336360e-04        1
837  9.041953e-08        1
838  3.177935e-05        1
839  1.316073e-04        1
840  1.770159e-04        1
841  9.020116e-06        1
842  1.634682e-03        1
843  1.188082e-04        1
844  1.804143e-06        1
845  1.140324e-06        1
846  8.466165e-04        1
847  2.672905e-04        1
848  2.389720e-05        1
849  1.028554e-04        1
850  2.683999e-04        1
851  5.727097e-03        1
852  3.753626e-04        1
853  1.343227e-04        1
854  5.861462e-04        1
855  2.246742e-03        1
856  3.570497e-04        1
857  1.112080e-06        1
858  8.909476e-07        1
859  1.049225e-05        1
860  7.446322e-05        1
861  5.154971e-04        1
862  5.723546e-04        1
863  2.217660e-09        1
864  1.940828e-04        1
865  7.502509e-05        1
866  2.723345e-04        1
867  5.873447e-04        1
868  7.988970e-05        1
869  4.440962e-04        1
870  1.699359e-03        1
871  1.972932e-03        1
872  1.274398e-08        1
873  7.470182e-04        1
874  1.373315e-04        1
875  1.300660e-03        1
876  2.005194e-04        1
877  1.550851e-04        1
878  1.068448e-02        1
879  1.169741e-06        1
880  2.513798e-04        1
881  8.957711e-04        1
882  6.683351e-03        1
883  2.119422e-04        1
884  1.095024e-04        1
885  2.471478e-06        1
886  8.658988e-05        1
887  1.046881e-04        1
888  9.332743e-05        1
889  6.883218e-04        1
890  3.559974e-04        1
891  2.505963e-03        1
892  7.671616e-05        1
893  4.255887e-05        1
894  1.097568e-05        1
895  2.133719e-05        1
896  3.128599e-04        1
897  2.887660e-06        1
898  2.305779e-04        1
899  7.976569e-05        1
900  2.448080e-05        1
901  1.960275e-08        1
902  3.293899e-05        1
903  2.569137e-04        1
904  7.711900e-04        1
905  5.025644e-04        1
906  7.725817e-04        1
907  7.972985e-04        1
908  3.198048e-04        1
909  1.287967e-04        1
910  7.110810e-06        1
911  3.954622e-04        1
912  8.198241e-05        1
913  8.586449e-05        1
914  1.193741e-05        1
915  4.067037e-06        1
916  1.974945e-04        1
917  5.910176e-04        1
918  3.473790e-05        1
919  2.473944e-04        1
920  2.636998e-05        1
921  6.674037e-06        1
922  7.670745e-05        1
923  5.796776e-05        1
924  1.701845e-04        1
925  1.932639e-06        1
926  2.895597e-07        1
927  1.852509e-03        1
928  1.736945e-03        1
929  2.235312e-04        1
930  1.631184e-07        1
931  4.266979e-04        1
932  8.276995e-05        1
933  3.365193e-04        1
934  5.846282e-04        1
935  1.231061e-04        1
936  6.130849e-02        1
937  5.049281e-04        1
938  4.307949e-04        1
939  1.140683e-04        1
940  9.389327e-06        1
941  9.205771e-04        1
942  8.220113e-05        1
943  2.684359e-03        1
944  1.502215e-03        1
945  1.662895e-03        1
946  1.476072e-03        1
947  3.456115e-04        1
948  5.945285e-10        1
949  1.387202e-05        1
950  4.333745e-05        1
951  1.112634e-04        1
952  9.808395e-07        1
953  4.880493e-04        1
954  8.926168e-04        1
955  1.214526e-03        1
956  3.548101e-05        1
957  4.248313e-04        1
958  2.160770e-03        1
959  2.344441e-05        1
960  4.957926e-04        1
961  3.128014e-04        1
962  7.911522e-05        1
963  1.417728e-04        1
964  9.321748e-05        1
965  8.149350e-04        1
966  4.273918e-04        1
967  1.636290e-05        1
968  8.057473e-06        1
969  6.351783e-04        1
970  3.444455e-04        1
971  7.456619e-04        1
972  4.065995e-07        1
973  5.129173e-04        1
974  3.507026e-04        1
975  1.390869e-03        1
976  5.368866e-05        1
977  3.172825e-03        1
978  2.059355e-02        1
979  5.620172e-04        1
980  5.019452e-05        1
981  1.523274e-03        1
982  1.027349e-04        1
983  4.846619e-04        1
984  1.537916e-04        1
985  5.368037e-04        1
986  8.194784e-05        1
987  9.305629e-04        1
988  5.796218e-04        1
989  2.155842e-04        1
990  1.827126e-04        1
991  9.922495e-07        1
992  9.928822e-06        1
993  1.118689e-03        1
994  1.714482e-03        1
995  3.954531e-05        1
996  6.053377e-05        1
997  1.959335e-03        1
998  4.553823e-05        1
999  6.854827e-07        1
1000 1.560488e-04        1
1001 4.511622e-05        1
1002 8.595261e-05        1
1003 5.021620e-06        1
1004 4.594647e-06        1
1005 1.052791e-03        1
1006 1.020751e-03        1
1007 1.692812e-03        1
1008 2.561210e-04        1
1009 3.276975e-03        1
1010 1.137020e-02        1
1011 2.136919e-04        1
1012 1.601662e-03        1
1013 1.913897e-04        1
1014 4.521403e-04        1
1015 2.721979e-04        1
1016 1.435692e-04        1
1017 6.384372e-04        1
1018 1.441368e-03        1
1019 6.580464e-05        1
1020 3.813893e-04        1
1021 1.783903e-04        1
1022 9.743679e-04        1
1023 1.064903e-03        1
1024 2.649269e-04        1
1025 2.068927e-04        1
1026 1.313089e-04        1
1027 8.705871e-07        1
1028 2.275978e-04        1
1029 1.101789e-06        1
1030 3.296909e-04        1
1031 6.420291e-04        1
1032 1.208091e-04        1
1033 7.193335e-04        1
1034 2.138747e-05        1
1035 6.712998e-05        1
1036 1.204530e-03        1
1037 3.002062e-03        1
1038 1.082321e-07        1
1039 3.984386e-05        1
1040 9.506092e-04        1
1041 2.821105e-04        1
1042 5.405968e-03        1
1043 1.733809e-03        1
1044 6.552741e-05        1
1045 5.714888e-04        1
1046 7.583321e-06        1
1047 4.370669e-05        1
1048 1.100083e-02        1
1049 1.333925e-06        1
1050 3.155203e-04        1
1051 1.459958e-04        1
1052 1.764058e-04        1
1053 2.658415e-06        1
1054 3.030550e-04        1
1055 4.255586e-04        1
1056 2.804678e-04        1
1057 3.075967e-04        1
1058 6.447037e-05        1
1059 7.766019e-04        1
1060 4.723911e-04        1
1061 1.305689e-05        1
1062 3.276721e-04        1
1063 1.123849e-02        1
1064 6.768192e-04        1
1065 2.010270e-04        1
1066 6.497452e-06        1
1067 5.985864e-06        1
1068 7.591644e-05        1
1069 9.217508e-06        1
1070 6.296735e-06        1
1071 2.254693e-04        1
1072 9.618208e-04        1
1073 3.340485e-04        1
1074 3.574042e-04        1
1075 9.765167e-05        1
1076 7.144635e-07        1
1077 4.304255e-03        1
1078 2.029242e-04        1
1079 9.692918e-04        1
1080 5.624768e-05        1
1081 8.642443e-06        1
1082 7.052203e-05        1
1083 5.373239e-04        1
1084 7.991730e-04        1
1085 4.660279e-06        1
1086 6.766982e-06        1
1087 1.321521e-04        1
1088 1.021467e-03        1
1089 7.568216e-03        1
1090 4.976838e-04        1
1091 3.278079e-04        1
1092 9.013242e-06        1
1093 4.279213e-03        1
1094 4.411256e-04        1
1095 9.287750e-04        1
1096 1.110161e-03        1
1097 6.831237e-05        1
1098 5.721856e-04        1
1099 2.279222e-05        1
1100 6.315428e-05        1
1101 3.037762e-04        1
1102 1.557702e-04        1
1103 1.556722e-06        1
1104 7.145696e-05        1
1105 2.183629e-04        1
1106 1.185885e-03        1
1107 4.747965e-03        1
1108 8.293646e-05        1
1109 3.537353e-03        1
1110 1.006306e-03        1
1111 2.550392e-05        1
1112 3.878757e-04        1
1113 3.020771e-04        1
1114 1.315253e-04        1
1115 3.899735e-04        1
1116 1.309803e-04        1
1117 2.425234e-04        1
1118 2.767730e-03        1
1119 2.056625e-07        1
1120 3.246198e-04        1
1121 1.221412e-05        1
1122 2.960516e-06        1
1123 2.091428e-04        1
1124 6.850192e-04        1
1125 2.315885e-03        1
1126 2.350283e-04        1
1127 8.327023e-05        1
1128 2.035829e-05        1
1129 1.328554e-03        1
1130 3.694449e-04        1
1131 7.901162e-05        1
1132 5.317905e-05        1
1133 8.211180e-05        1
1134 1.049677e-04        1
1135 7.944305e-05        1
1136 9.083102e-05        1
1137 4.349964e-07        1
1138 4.464254e-04        1
1139 1.324026e-04        1
1140 1.170248e-03        1
1141 7.676130e-05        1
1142 1.086043e-05        1
1143 5.892553e-04        1
1144 1.781148e-04        1
1145 2.367335e-02        1
1146 4.912896e-04        1
1147 9.041351e-04        1
1148 1.579321e-03        1
1149 3.599304e-05        1
1150 2.833322e-04        1
1151 1.823392e+00 <0.02083
1152 2.655038e-04        1
1153 1.647209e-04        1
1154 2.924224e-07        1
1155 1.221874e-04        1
1156 9.035824e-04        1
1157 1.026578e-04        1
1158 3.901661e-04        1
1159 7.360309e-05        1
1160 1.097510e-06        1
1161 6.678840e-04        1
1162 1.689977e-05        1
1163 4.857178e-04        1
1164 1.011160e-03        1
1165 1.072942e-03        1
1166 2.500370e-03        1
1167 1.168824e-04        1
1168 7.031373e-04        1
1169 1.371297e-03        1
1170 1.774982e-06        1
1171 1.187948e-04        1
1172 1.217992e-04        1
1173 3.013987e-04        1
1174 3.924339e-04        1
1175 1.775201e-04        1
1176 6.066819e-05        1
1177 1.189261e-05        1
1178 8.927084e-05        1
1179 2.721707e-04        1
1180 1.751995e-03        1
1181 2.881397e-07        1
1182 2.007246e-03        1
1183 1.916027e-04        1
1184 1.212382e-04        1
1185 8.602539e-06        1
1186 1.295564e-04        1
1187 4.413971e-04        1
1188 3.125193e-04        1
1189 1.780080e-03        1
1190 4.527381e-05        1
1191 2.276600e-04        1
1192 7.771459e-05        1
1193 1.320199e-05        1
1194 3.493132e-05        1
1195 1.123900e-03        1
1196 6.907808e-04        1
1197 7.962092e-07        1
1198 9.676255e-05        1
1199 2.422234e-04        1
1200 1.667901e-04        1
1201 4.481407e-05        1
1202 5.426863e-06        1
1203 4.677104e-05        1
1204 6.541899e-05        1
1205 2.957156e-03        1
1206 3.243740e-05        1
1207 5.570157e-06        1
1208 2.411096e-08        1
1209 1.422298e-06        1
1210 9.894043e-05        1
1211 5.023337e-04        1
1212 1.224949e-04        1
1213 4.886618e-05        1
1214 9.029842e-04        1
1215 8.382039e-05        1
1216 9.995894e-06        1
1217 6.657362e-04        1
1218 1.526291e-06        1
1219 3.602797e-04        1
1220 2.391018e-04        1
1221 2.642882e-05        1
1222 5.956058e-04        1
1223 5.896895e-04        1
1224 7.306329e-04        1
1225 3.011788e-04        1
1226 5.647685e-05        1
1227 2.722181e-04        1
1228 6.989209e-04        1
1229 5.490457e-03  0.81237
1230 2.498273e-05        1
1231 2.271417e-09        1
1232 1.038314e-04        1
1233 2.962072e-04        1
1234 4.210782e-06        1
1235 6.596392e-04        1
1236 1.002069e-03        1
1237 1.366843e-04        1
1238 1.577045e-04        1
1239 3.946115e-06        1
1240 1.762374e-04        1
1241 3.712637e-04        1
1242 9.603322e-06        1
1243 5.592866e-05        1
1244 1.786115e-07        1
1245 4.928860e-04        1
1246 4.639118e-04        1
1247 5.536559e-05        1
1248 1.478656e-05        1
1249 4.425214e-06        1
1250 6.998964e-04        1
1251 8.169171e-05        1
1252 7.938442e-05        1
1253 6.005799e-05        1
1254 3.324993e-05        1
1255 2.552444e-04        1
1256 2.856890e-03        1
1257 3.771617e-06        1
1258 1.483798e-03        1
1259 5.398366e-04        1
1260 3.388982e-05        1
1261 4.928166e-05        1
1262 2.279495e-05        1
1263 1.492407e-03        1
1264 4.703204e-04        1
1265 1.320389e-04        1
1266 2.937542e-05        1
1267 2.180285e-04        1
1268 1.208938e-04        1
1269 1.024839e-03        1
1270 4.331433e-04        1
1271 2.146303e-03        1
1272 1.171143e-04        1
1273 2.252334e-04        1
1274 2.098883e-03        1
1275 1.489730e-03        1
1276 2.500980e-05        1
1277 8.148571e-04        1
1278 3.829970e-04        1
1279 1.307154e-03        1
1280 1.746317e-04        1
1281 4.141804e-04        1
1282 2.539853e-04        1
1283 2.696108e-04        1
1284 3.084925e-04        1
1285 2.761522e-07        1
1286 2.098200e-06        1
1287 2.004377e-04        1
1288 1.966664e-03        1
1289 1.472285e-03        1
1290 4.180356e-04        1
1291 3.709824e-04        1
1292 5.474611e-04        1
1293 2.590093e-05        1
1294 8.846223e-05        1
1295 7.458008e-04        1
1296 4.827298e-05        1
1297 7.833406e-04        1
1298 2.425467e-04        1
1299 5.932639e-05        1
1300 5.874039e-06        1
1301 4.532684e-04        1
1302 3.610546e-05        1
1303 4.139055e-04        1
1304 7.227602e-04        1
1305 1.873629e-05        1
1306 2.223161e-03        1
1307 5.893679e-04        1
1308 1.763567e-05        1
1309 5.070662e-04        1
1310 3.649257e-04        1
1311 5.181822e-04        1
1312 1.976405e-04        1
1313 1.814016e-03        1
1314 1.042774e-04        1
1315 3.552666e-04        1
1316 1.285908e-03        1
1317 8.956285e-04        1
1318 1.534012e-04        1
1319 3.258351e-04        1
1320 2.545373e-04        1
1321 4.104682e-04        1
1322 1.879557e-04        1
1323 2.088056e-04        1
1324 3.474560e-05        1
1325 3.988871e-04        1
1326 4.432119e-04        1
1327 1.593675e-03        1
1328 4.783984e-04        1
1329 4.176240e-04        1
1330 4.348442e-05        1
1331 1.150850e-03        1
1332 8.122255e-04        1
1333 9.513172e-04        1
1334 2.637300e-04        1
1335 3.532570e-04        1
1336 7.851185e-04        1
1337 9.026159e-05        1
1338 2.049550e-05        1
1339 2.925449e-06        1
1340 2.171389e-05        1
1341 1.233909e-03        1
1342 3.587787e-05        1
1343 2.213433e-06        1
1344 5.242020e-04        1
1345 1.444233e-03        1
1346 3.527532e-04        1
1347 4.231514e-06        1
1348 1.459302e-04        1
1349 1.447041e-03        1
1350 8.248072e-06        1
1351 1.065744e-03        1
1352 2.371905e-03        1
1353 1.727473e-04        1
1354 1.557276e-06        1
1355 1.295192e-03        1
1356 8.246779e-04        1
1357 9.296140e-06        1
1358 1.490965e-04        1
1359 4.135895e-04        1
1360 5.543161e-05        1
1361 7.415517e-05        1
1362 8.339732e-03        1
1363 5.719257e-07        1
1364 1.266374e-04        1
1365 2.370986e-04        1
1366 1.073326e-03        1
1367 1.702772e-04        1
1368 6.828743e-05        1
1369 1.972153e-04        1
1370 1.173065e-04        1
1371 3.328411e-05        1
1372 2.032721e-05        1
1373 3.857546e-04        1
1374 3.380009e-04        1
1375 1.507781e-03        1
1376 3.028586e-04        1
1377 1.113775e-04        1
1378 9.239716e-06        1
1379 6.131845e-04        1
1380 3.203814e-04        1
1381 1.096692e-04        1
1382 1.102251e-03        1
1383 2.410684e-04        1
1384 2.716482e-03        1
1385 3.140715e-03        1
1386 4.072378e-07        1
1387 7.285953e-04        1
1388 2.473428e-03        1
1389 1.786955e-03        1
1390 9.084779e-05        1
1391 1.525000e-03        1
1392 4.392670e-04        1
1393 4.330736e-04        1
1394 4.532458e-04        1
1395 3.340147e-04        1
1396 1.535179e-08        1
1397 3.630723e-04        1
1398 5.316255e-04        1
1399 3.656290e-04        1
1400 5.101787e-04        1
1401 2.645888e-06        1
1402 7.017565e-05        1
1403 3.373283e-04        1
1404 1.120886e-07        1
1405 2.883433e-04        1
1406 1.247680e-05        1
1407 1.295114e-03        1
1408 4.040006e-02        1
1409 4.343785e-04        1
1410 4.321192e-04        1
1411 8.584422e-03        1
1412 5.024222e-03        1
1413 1.268606e-03        1
1414 4.881534e-04        1
1415 2.102223e-04        1
1416 5.324434e-04        1
1417 1.507365e-04        1
1418 5.287889e-04        1
1419 5.304307e-04        1
1420 5.469215e-04        1
1421 5.168273e-04        1
1422 7.961391e-04        1
1423 2.308630e-04        1
1424 1.244715e-03        1
1425 2.191776e-05        1
1426 4.627568e-05        1
1427 1.714983e-05        1
1428 3.243590e-04        1
1429 2.240333e-09        1
1430 6.945857e-05        1
1431 1.086985e-02        1
1432 1.388933e-03        1
1433 3.280457e-04        1
1434 1.942584e-03        1
1435 8.718191e-03        1
1436 8.547715e-06        1
1437 3.206166e-04        1
1438 7.777991e-04        1
1439 7.462746e-05        1
1440 2.026941e-03        1
1441 9.490967e-10        1
1442 9.463603e-06        1
1443 4.712146e-05        1
1444 9.333984e-04        1
1445 3.321461e-04        1
1446 3.760514e-04        1
1447 8.568850e-06        1
1448 2.604342e-08        1
1449 2.821328e-04        1
1450 2.415610e-03        1
1451 6.623045e-05        1
1452 3.150332e-05        1
1453 3.439869e-05        1
1454 3.097790e-05        1
1455 2.634818e-08        1
1456 6.700010e-05        1
1457 5.356493e-04        1
1458 1.402984e-03        1
1459 1.372142e-04        1
1460 1.568902e-03        1
1461 2.540900e-04        1
1462 1.344870e-06        1
1463 4.011314e-04        1
1464 2.118410e-07        1
1465 1.134944e-04        1
1466 1.865928e-07        1
1467 4.993535e-05        1
1468 4.427385e-04        1
1469 1.484314e-05        1
1470 4.463002e-04        1
1471 8.062394e-05        1
1472 5.357537e-05        1
1473 2.506763e-05        1
1474 6.475817e-05        1
1475 5.498498e-05        1
1476 1.002417e-04        1
1477 1.132296e-03        1
1478 1.104192e-06        1
1479 1.863807e-04        1
1480 1.189167e-05        1
1481 2.976227e-04        1
1482 9.451097e-08        1
1483 1.962714e-05        1
1484 1.716031e-04        1
1485 7.745042e-04        1
1486 9.707879e-05        1
1487 1.097194e-03        1
1488 3.013772e-05        1
1489 1.575747e-03        1
1490 1.349532e-03        1
1491 2.589114e-07        1
1492 1.589693e-05        1
1493 5.808974e-05        1
1494 1.417266e-03        1
1495 1.679047e-05        1
1496 1.053230e-04        1
1497 6.091813e-05        1
1498 1.842430e-04        1
1499 5.734723e-05        1
1500 4.450712e-06        1
1501 1.623345e-07        1
1502 1.728725e-03        1
1503 3.664925e-04        1
1504 1.265828e-05        1
1505 2.218860e-03        1
1506 5.037983e-04        1
1507 1.693749e-04        1
1508 6.995263e-05        1
1509 3.219947e-04        1
1510 5.902406e-05        1
1511 9.950823e-07        1
1512 8.822581e-04        1
1513 7.719171e-05        1
1514 4.013418e-04        1
1515 3.336778e-05        1
1516 1.968159e-03        1
1517 5.714923e-04        1
1518 2.290633e-03        1
1519 3.075278e-05        1
1520 3.229953e-03        1
1521 1.237392e-05        1
1522 5.212528e-06        1
1523 6.267183e-04        1
1524 1.142800e-04        1
1525 5.583144e-03        1
1526 2.718072e-06        1
1527 9.038701e-04        1
1528 2.308825e-04        1
1529 5.104061e-05        1
1530 9.434672e-04        1
1531 1.334902e-05        1
1532 3.896574e-04        1
1533 4.755521e-07        1
1534 1.151982e-04        1
1535 6.294003e-05        1
1536 4.660647e-04        1
1537 2.056603e-04        1
1538 1.007662e-03        1
1539 3.152656e-05        1
1540 3.463257e-04        1
1541 1.365322e-03        1
1542 8.801638e-04        1
1543 7.885015e-04        1
1544 4.524976e-05        1
1545 3.309521e-04        1
1546 7.013905e-04        1
1547 4.077908e-04        1
1548 2.454614e-04        1
1549 6.776711e-04        1
1550 1.632178e-05        1
1551 1.215928e-03        1
1552 1.100923e-03        1
1553 4.163475e-05        1
1554 1.360255e-04        1
1555 6.323876e-06        1
1556 5.598224e-05        1
1557 1.795134e-04        1
1558 1.603488e-04        1
1559 4.339067e-04        1
1560 3.032915e-04        1
1561 7.353583e-07        1
1562 1.249714e-04        1
1563 8.756072e-07        1
1564 1.324539e-04        1
1565 1.020696e-03        1
1566 4.928367e-04        1
1567 5.194636e-04        1
1568 1.458239e-04        1
1569 1.123312e-03        1
1570 9.648651e-06        1
1571 2.259105e-05        1
1572 6.485774e-07        1
1573 1.902615e-05        1
1574 7.867157e-04        1
1575 1.079262e-03        1
1576 1.057668e-04        1
1577 4.330932e-04        1
1578 4.177318e-04        1
1579 2.871501e-03        1
1580 7.513739e-04        1
1581 5.763098e-04        1
1582 1.300728e-04        1
1583 2.486848e-07        1
1584 4.732217e-04        1
1585 1.380863e-11        1
1586 1.087290e-03        1
1587 1.688791e-05        1
1588 4.133877e-04        1
1589 2.651087e-04        1
1590 2.136541e-04        1
1591 3.123145e-03        1
1592 9.241373e-07        1
1593 7.492257e-04        1
1594 6.685142e-04        1
1595 1.152155e-03        1
1596 4.768550e-03  0.02083
1597 3.230003e-04        1
1598 2.377257e-04        1
1599 1.959397e-04        1
1600 3.267776e-05        1
1601 1.634244e-03        1
1602 5.444068e-04        1
1603 1.096577e-04        1
1604 1.069234e-05        1
1605 5.736823e-05        1
1606 3.657137e-04        1
1607 1.047819e-04        1
1608 5.191358e-09        1
1609 2.350905e-04        1
1610 4.504632e-06        1
1611 1.852391e-04        1
1612 3.056475e-04        1
1613 6.629277e-05        1
1614 4.121690e-04        1
1615 1.166170e-04        1
1616 6.929780e-05        1
1617 7.580895e-04        1
1618 1.214935e-03        1
1619 1.478016e-04        1
1620 1.734534e-03        1
1621 6.895918e-04        1
1622 2.025544e-04        1
1623 3.816819e-04        1
1624 4.141048e-05        1
1625 4.738283e-04        1
1626 6.349418e-05        1
1627 2.832545e-05        1
1628 2.756748e-04        1
1629 4.753043e-04        1
1630 5.551670e-04        1
1631 5.310844e-04        1
1632 1.416407e-04        1
1633 5.797369e-07        1
1634 4.092051e-07        1
1635 1.795434e-04        1
1636 2.503813e-03        1
1637 4.489153e-04        1
1638 1.022643e-03        1
1639 5.217544e-03        1
1640 1.106256e-04        1
1641 4.256865e-06        1
1642 3.770211e-03        1
1643 2.909459e-04        1
1644 3.569715e-04        1
1645 1.417545e-03        1
1646 6.028147e-04        1
1647 8.990302e-05        1
1648 5.441255e-03        1
1649 8.902180e-05        1
1650 6.779115e-04        1
1651 4.546341e-03        1
1652 1.150514e-05        1
1653 2.323812e-05        1
1654 1.629944e-03        1
1655 2.510327e-06        1
1656 1.006265e-04        1
1657 1.395178e-04        1
1658 1.264760e-03        1
1659 4.185872e-04        1
1660 1.378631e-04        1
1661 1.737507e-05        1
1662 5.879916e-06        1
1663 4.423478e-05        1
1664 2.087249e-03        1
1665 1.747657e-03        1
1666 1.547756e-04        1
1667 2.208293e-03        1
1668 6.862591e-04        1
1669 6.970060e-04        1
1670 5.349422e-05        1
1671 3.522031e-04        1
1672 1.334353e-05        1
1673 2.367348e-06        1
1674 2.767389e-04        1
1675 8.888361e-04        1
1676 2.531896e-04        1
1677 2.883646e-04        1
1678 3.088879e-03        1
1679 3.779146e-05        1
1680 3.237977e-05        1
1681 1.261172e-04        1
1682 4.669868e-04        1
1683 4.230583e-04        1
1684 5.711045e-04        1
1685 7.260117e-04        1
1686 3.315608e-04        1
1687 8.416936e-04        1
1688 2.443271e-04        1
1689 1.172509e-03        1
1690 1.448249e-04        1
1691 1.254714e-03        1
1692 2.555788e-05        1
1693 7.993710e-04        1
1694 6.371551e-04        1
1695 4.581469e-05        1
1696 1.104697e-05        1
1697 2.597973e-05        1
1698 1.546036e-03        1
1699 1.211794e-02        1
1700 2.318891e-03        1
1701 4.803469e-04        1
1702 1.631428e-04        1
1703 1.428504e-06        1
1704 2.921218e-04        1
1705 4.584399e-04        1
1706 9.057475e-06        1
1707 1.213753e-07        1
1708 1.831870e-05        1
1709 9.463637e-04        1
1710 1.525670e-04        1
1711 8.610282e-06        1
1712 8.770506e-05        1
1713 1.385055e-03        1
1714 1.171776e-04        1
1715 2.502844e-05        1
1716 1.846860e-03        1
1717 3.998651e-04        1
1718 7.381441e-06        1
1719 1.484616e-03        1
1720 1.915021e-03        1
1721 3.239417e-04        1
1722 3.140011e-04        1
1723 1.523082e-03        1
1724 1.042908e-03        1
1725 2.738894e-04        1
1726 1.828245e-04        1
1727 1.906619e-04        1
1728 1.521902e-05        1
1729 1.493503e-01 <0.02083
1730 8.443975e-04        1
1731 3.309945e-03        1
1732 9.588743e-05        1
1733 3.534074e-04        1
1734 3.680199e-02        1
1735 5.226516e-04        1
1736 4.903221e-03        1
1737 1.236725e-04        1
1738 2.239582e-03        1
1739 6.690332e-04        1
1740 7.524997e-05        1
1741 5.484608e-04        1
1742 4.529104e-04        1
1743 2.923302e-04        1
1744 2.905809e-03        1
1745 2.967789e-02        1
1746 2.971123e-04        1
1747 4.596592e-07        1
1748 2.194931e-03        1
1749 2.626663e-04        1
1750 4.436980e-05        1
1751 1.482805e-03        1
1752 2.732577e-05        1
1753 3.753185e-03        1
1754 9.201106e-04        1
1755 8.347715e-03        1
1756 8.186410e-05        1
1757 8.307566e-05        1
1758 5.265462e-04        1
1759 1.611737e-04        1
1760 4.498025e-04        1
1761 4.906384e-05        1
1762 9.623599e-05        1
1763 1.218299e-03        1
1764 1.076164e-04        1
1765 5.181314e-06        1
1766 4.292491e-05        1
1767 2.565157e-04        1
1768 1.897725e-03        1
1769 1.559526e-03        1
1770 7.332241e-04        1
1771 1.561617e-02        1
1772 4.171238e-04        1
1773 3.176972e-05        1
1774 1.291390e-04        1
1775 4.489446e-04        1
1776 1.311887e-04        1
1777 5.178834e-08        1
1778 7.420511e-03        1
1779 2.348490e-03        1
1780 3.591403e-03        1
1781 5.795575e-04        1
1782 1.647698e-04        1
1783 1.749266e-04        1
1784 2.543891e-04        1
1785 1.175218e-02        1
1786 1.674277e-03        1
1787 7.991930e-06        1
1788 2.216510e-03        1
1789 1.891687e-04        1
1790 6.534567e-04        1
1791 1.014350e-03        1
1792 6.089179e-03        1
1793 2.588113e-06        1
1794 3.720687e-06        1
1795 1.328789e-04        1
1796 2.158762e-03        1
1797 8.997104e-04        1
1798 3.597959e-04        1
1799 1.652433e-03        1
1800 5.735249e-04        1
1801 1.075560e-05        1
1802 1.114776e-05        1
1803 8.797969e-04        1
1804 4.502551e-04        1
1805 6.848030e-04        1
1806 7.122527e-04        1
1807 5.218556e-06        1
1808 2.512012e-04        1
1809 3.228034e-04        1
1810 8.926501e-05        1
1811 6.104492e-06        1
1812 1.336000e-02        1
1813 1.373293e-03        1
1814 1.133487e-03        1
1815 3.437037e-05        1
1816 3.307953e-05        1
1817 6.494004e-04        1
1818 8.306591e-05        1
1819 3.282049e-07        1
1820 2.259534e-03        1
1821 1.742646e-04        1
1822 1.414429e-03        1
1823 6.584212e-04        1
1824 1.003135e-05        1
1825 1.198119e-04        1
1826 3.510021e-03        1
1827 8.524916e-05        1
1828 1.233717e-04        1
1829 2.259402e-04        1
1830 9.122995e-04        1
1831 1.244106e-04        1
1832 3.343145e-03        1
1833 5.356768e-03        1
1834 1.022434e-03        1
1835 2.765563e-04        1
1836 2.948601e-04        1
1837 3.795178e-04        1
1838 1.173384e-03        1
1839 5.524137e-05        1
1840 8.221433e-06        1
1841 3.651081e-03        1
1842 8.835945e-06        1
1843 1.318922e-06        1
1844 2.570810e-05        1
1845 5.216398e-04        1
1846 2.917207e-06        1
1847 2.080992e-03        1
1848 2.538289e-04        1
1849 6.379296e-04        1
1850 1.171956e-05        1
1851 5.462059e-04        1
1852 2.270557e-04        1
1853 2.611016e-04        1
1854 3.323872e-04        1
1855 5.952351e-04        1
1856 6.446536e-03        1
1857 1.965410e-04        1
1858 2.760695e-06        1
1859 2.161540e-04        1
1860 2.149410e-04        1
1861 1.333233e-04        1
1862 7.831025e-03        1
1863 8.381017e-04        1
1864 8.247552e-04        1
1865 2.198827e-03        1
1866 1.032372e-04        1
1867 5.859802e-04        1
1868 2.331960e-04        1
1869 2.997607e-03        1
1870 8.621929e-06        1
1871 8.427561e-06        1
1872 5.941405e-05        1
1873 2.635163e-04        1
1874 3.960732e-05        1
1875 6.554268e-04        1
1876 3.026351e-04        1
1877 6.143994e-05        1
1878 5.321561e-05        1
1879 3.334266e-03        1
1880 3.048607e-05        1
1881 3.076638e-04        1
1882 1.516038e-03        1
1883 4.510220e-04        1
1884 1.331253e-04        1
1885 4.160299e-04        1
1886 3.930375e-03        1
1887 2.574606e-04        1
1888 3.907164e-05        1
1889 1.211535e-03        1
1890 2.707849e-03        1
1891 1.444225e-04        1
1892 1.226428e-03        1
1893 2.409042e-04        1
1894 7.376526e-04        1
1895 7.753552e-04        1
1896 2.588032e-03        1
1897 2.260809e-03        1
1898 1.127905e-06        1
1899 3.331298e-05        1
1900 3.465251e-05        1
1901 1.331070e-05        1
1902 5.730519e-03        1
1903 2.693205e-04        1
1904 6.962032e-05        1
1905 1.489508e-03        1
1906 5.851432e-05        1
1907 1.849042e-04        1
1908 1.257968e-04        1
1909 1.334051e-04        1
1910 1.644689e-04        1
1911 1.857664e-05        1
1912 4.245931e-04        1
1913 8.744693e-04        1
1914 6.482363e-04        1
1915 2.529358e-03        1
1916 3.151575e-04        1
1917 9.028654e-04        1
1918 2.387692e-06        1
1919 1.164427e-04        1
1920 2.706766e-04        1
1921 1.129571e-04        1
1922 6.883634e-04        1
1923 1.068800e-03        1
1924 3.714563e-04        1
1925 2.874805e-05        1
1926 6.473753e-05        1
1927 2.060454e-04        1
1928 2.792985e-04        1
1929 4.339385e-03        1
1930 8.135473e-05        1
1931 1.242195e-03        1
1932 6.754329e-06        1
1933 3.117261e-04        1
1934 1.414472e-03        1
1935 1.261646e-04        1
1936 2.156994e-05        1
1937 4.419954e-03        1
1938 4.915530e-04        1
1939 4.774991e-04        1
1940 2.711374e-07        1
1941 1.937017e-04        1
1942 3.828306e-04        1
1943 5.623510e-04        1
1944 9.103526e-07        1
1945 1.747246e-03        1
1946 7.447676e-04        1
1947 7.050824e-05        1
1948 2.349697e-03        1
1949 1.584070e-08        1
1950 8.272251e-04        1
1951 2.790217e-04        1
1952 1.341067e-06        1
1953 3.905304e-06        1
1954 8.706464e-04        1
1955 1.837308e-04        1
1956 4.720607e-03  0.04166
1957 1.406077e-04        1
1958 2.927911e-03        1
1959 4.404365e-04        1
1960 1.252954e-04        1
1961 3.501511e-05        1
1962 1.665989e-06        1
1963 5.299367e-05        1
1964 7.330692e-06        1
1965 2.977986e-04        1
1966 1.738998e-04        1
1967 1.311794e-05        1
1968 7.498271e-05        1
1969 3.298973e-03        1
1970 1.524833e-03        1
1971 6.838279e-05        1
1972 1.092352e-04        1
1973 1.101719e-04        1
1974 1.925119e-04        1
1975 2.518040e-04        1
1976 2.258025e-03        1
1977 1.977506e-05        1
1978 4.367943e-05        1
1979 8.851643e-04        1
1980 6.451382e-04        1
1981 5.107838e-05        1
1982 3.360422e-05        1
1983 6.823577e-04        1
1984 5.695462e-06        1
1985 1.466919e-04        1
1986 4.082583e-03        1
1987 3.826076e-05        1
1988 7.547834e-05        1
1989 3.937035e-07        1
1990 3.615472e-05        1
1991 1.199701e-04        1
1992 2.859746e-04        1
1993 8.201081e-06        1
1994 8.526688e-04        1
1995 2.728111e-04        1
1996 3.113096e-04        1
1997 2.766417e-06        1
1998 5.147240e-03        1
1999 1.389897e-04        1
2000 5.001677e-05        1
2001 4.840098e-03        1
2002 2.904463e-03        1
2003 1.625586e-05        1
2004 1.338638e-04        1
2005 3.375774e-03        1
2006 1.160922e-03        1
2007 5.685147e-04        1
2008 2.128193e-05        1
2009 1.778636e-04        1
2010 1.280099e-07        1
2011 7.481063e-06        1
2012 6.757978e-06        1
2013 5.536942e-04        1
2014 1.669249e-05        1
2015 2.160148e-05        1
2016 4.598644e-06        1
2017 1.722857e-04        1
2018 2.007828e-03        1
2019 2.893078e-05        1
2020 7.071956e-06        1
2021 4.867227e-05        1
2022 4.811141e-06        1
2023 1.933336e-03        1
2024 5.556423e-06        1
2025 2.224035e-05        1
2026 6.004284e-05        1
2027 5.707806e-05        1
2028 1.045578e-03        1
2029 2.516389e-04        1
2030 1.125930e-03        1
2031 1.377119e-04        1
2032 1.714123e-04        1
2033 9.335344e-04        1
2034 8.722524e-05        1
2035 9.157713e-05        1
2036 5.141440e-06        1
2037 2.670552e-04        1
2038 3.909350e-03        1
2039 5.587312e-05        1
2040 3.095066e-07        1
2041 5.452185e-05        1
2042 3.248465e-04        1
2043 1.010624e-05        1
2044 1.023359e-04        1
2045 9.148008e-04        1
2046 2.880444e-04        1
2047 9.371480e-05        1
2048 7.842451e-04        1
2049 2.086629e-04        1
2050 3.967960e-04        1
2051 3.387356e-04        1
2052 2.244919e-05        1
2053 3.213252e-04        1
2054 7.162194e-05        1
2055 5.825935e-05        1
2056 6.015789e-04        1
2057 1.182626e-03        1
2058 7.026552e-04        1
2059 2.139382e-07        1
2060 1.683646e-05        1
2061 9.287716e-06        1
2062 1.544768e-04        1
2063 3.383557e-04        1
2064 4.113727e-04        1
2065 1.738981e-03        1
2066 3.329322e-05        1
2067 2.528230e-04        1
2068 8.636831e-05        1
2069 2.088089e-04        1
2070 6.271500e-04        1
2071 6.094474e-04        1
2072 3.798561e-06        1
2073 1.605409e-03        1
2074 8.128436e-04        1
2075 4.894889e-05        1
2076 1.844936e-03        1
2077 6.640918e-04        1
2078 1.473523e-04        1
2079 2.005812e-03        1
2080 4.692133e-04        1
2081 4.721935e-04        1
2082 2.381408e-05        1
2083 4.678970e-05        1

$`MR-PRESSO results`$`Distortion Test`
$`MR-PRESSO results`$`Distortion Test`$`Outliers Indices`
[1]  679 1151 1596 1729 1956

$`MR-PRESSO results`$`Distortion Test`$`Distortion Coefficient`
beta.exposure 
     404.9528 

$`MR-PRESSO results`$`Distortion Test`$Pvalue
[1] 0.11694



