$`Main MR results`
       Exposure       MR Analysis Causal Estimate        Sd   T-stat   P-value
1 beta.exposure               Raw       0.2842339 0.2582482 1.100623 0.2745808
2 beta.exposure Outlier-corrected       0.2407323 0.1941354 1.240023 0.2189930

$`MR-PRESSO results`
$`MR-PRESSO results`$`Global Test`
$`MR-PRESSO results`$`Global Test`$RSSobs
[1] 115.2953

$`MR-PRESSO results`$`Global Test`$Pvalue
[1] 0.0029


$`MR-PRESSO results`$`Outlier Test`
         RSSobs  Pvalue
1  3.444069e-03       1
2  1.565602e-01       1
3  9.430234e-03       1
4  3.019749e-03       1
5  6.436607e-03       1
6  9.933781e-06       1
7  5.748118e-04       1
8  1.323334e-02       1
9  8.699745e-06       1
10 2.737275e-03       1
11 1.549373e-03       1
12 3.131949e-02       1
13 1.457655e-02       1
14 6.025974e-04       1
15 8.818631e-06       1
16 8.281375e-04       1
17 3.952990e-04       1
18 1.121546e-01       1
19 1.135034e-05       1
20 2.846794e-05       1
21 5.941667e-02       1
22 4.045383e-03       1
23 1.097870e-04       1
24 2.008870e-03       1
25 8.709733e-04       1
26 1.206621e-02       1
27 2.360934e-03       1
28 7.270125e-03       1
29 9.321579e-03       1
30 1.115520e-03       1
31 1.512488e-02       1
32 6.854880e-02       1
33 2.469410e-04       1
34 1.634211e-03       1
35 9.391774e-03       1
36 8.285247e-03       1
37 2.526146e-03       1
38 1.693105e-03       1
39 1.257533e-04       1
40 2.553875e-04       1
41 3.796965e-02    0.38
42 8.902655e-03       1
43 8.519136e-03       1
44 1.753796e-01 <0.0076
45 1.660513e-04       1
46 4.608912e-03       1
47 6.802678e-03       1
48 4.733778e-03       1
49 2.771317e-01 <0.0076
50 7.275243e-03       1
51 2.664771e-03       1
52 5.246057e-06       1
53 5.162933e-05       1
54 2.507814e-02       1
55 9.874485e-03       1
56 4.092540e-03       1
57 2.846005e-03       1
58 2.913798e-03       1
59 1.989131e-03       1
60 2.904813e-03       1
61 1.335442e-03       1
62 1.773011e-04       1
63 1.209997e-02       1
64 3.571569e-02       1
65 5.963839e-02       1
66 1.229796e-03       1
67 5.190750e-04       1
68 1.076980e+00  0.0152
69 2.511507e-03       1
70 2.669534e-03       1
71 3.159044e-03       1
72 1.053932e-01       1
73 5.822942e-03       1
74 1.680691e-02       1
75 8.479910e-06       1
76 5.967114e-03       1

$`MR-PRESSO results`$`Distortion Test`
$`MR-PRESSO results`$`Distortion Test`$`Outliers Indices`
[1] 44 49 68

$`MR-PRESSO results`$`Distortion Test`$`Distortion Coefficient`
beta.exposure 
     18.07052 

$`MR-PRESSO results`$`Distortion Test`$Pvalue
[1] 0.7295



