$`Main MR results`
       Exposure       MR Analysis Causal Estimate         Sd     T-stat
1 beta.exposure               Raw      0.06895258 0.07910436  0.8716659
2 beta.exposure Outlier-corrected     -0.02610757 0.05397094 -0.4837338
    P-value
1 0.3857626
2 0.6297902

$`MR-PRESSO results`
$`MR-PRESSO results`$`Global Test`
$`MR-PRESSO results`$`Global Test`$RSSobs
[1] 218.9301

$`MR-PRESSO results`$`Global Test`$Pvalue
[1] "<1e-04"


$`MR-PRESSO results`$`Outlier Test`
         RSSobs  Pvalue
1  3.603411e-05       1
2  8.187382e-05       1
3  9.024062e-06       1
4  1.881696e-06       1
5  5.779409e-05       1
6  5.464120e-05       1
7  8.534487e-06       1
8  1.693503e-04       1
9  6.579457e-06       1
10 5.955335e-05       1
11 1.344607e-05       1
12 1.297510e-04       1
13 2.543472e-07       1
14 1.050441e-04       1
15 3.511008e-05       1
16 7.147193e-06       1
17 3.085282e-05       1
18 5.614513e-05       1
19 4.478578e-05       1
20 4.049627e-05       1
21 2.226753e-04       1
22 7.274929e-07       1
23 3.519182e-04       1
24 5.102762e-05       1
25 5.096134e-04       1
26 3.155057e-05       1
27 9.100403e-05       1
28 1.338658e-05       1
29 1.955272e-05       1
30 7.766744e-06       1
31 3.838044e-07       1
32 6.305013e-07       1
33 1.391494e-04       1
34 1.466590e-07       1
35 1.533925e-07       1
36 8.255258e-07       1
37 6.484892e-07       1
38 1.442414e-06       1
39 3.952275e-05       1
40 6.650015e-06       1
41 5.060662e-05       1
42 6.348738e-08       1
43 2.411763e-05       1
44 2.359890e-04       1
45 6.153903e-07       1
46 3.649565e-07       1
47 3.410819e-06       1
48 1.145152e-04       1
49 2.720943e-04       1
50 2.895975e-05       1
51 1.236124e-05       1
52 4.277815e-05       1
53 5.258266e-03 <0.0089
54 3.189891e-05       1
55 1.297479e-05       1
56 6.075574e-06       1
57 5.018857e-05       1
58 2.755648e-05       1
59 3.469765e-05       1
60 6.316729e-05       1
61 2.196311e-07       1
62 5.666677e-05       1
63 2.391537e-05       1
64 4.100160e-06       1
65 7.137462e-04       1
66 2.457469e-05       1
67 1.258400e-06       1
68 6.800137e-05       1
69 2.350309e-05       1
70 5.481133e-05       1
71 1.511552e-05       1
72 5.986795e-06       1
73 8.891821e-07       1
74 2.398588e-04       1
75 4.225702e-05       1
76 7.550637e-06       1
77 9.947399e-06       1
78 1.640528e-04       1
79 2.240493e-05       1
80 1.510192e-05       1
81 5.518696e-05       1
82 5.001798e-05       1
83 9.609386e-05       1
84 2.721398e-04  0.9256
85 1.308267e-07       1
86 3.223588e-06       1
87 1.652741e-04       1
88 2.317109e-07       1
89 1.137963e-05       1

$`MR-PRESSO results`$`Distortion Test`
$`MR-PRESSO results`$`Distortion Test`$`Outliers Indices`
[1] 53

$`MR-PRESSO results`$`Distortion Test`$`Distortion Coefficient`
beta.exposure 
     364.1096 

$`MR-PRESSO results`$`Distortion Test`$Pvalue
[1] 0.1157



