$`Main MR results`
       Exposure       MR Analysis Causal Estimate          Sd     T-stat
1 beta.exposure               Raw    -0.015409812 0.011139018 -1.3834086
2 beta.exposure Outlier-corrected    -0.005052524 0.009522608 -0.5305819
    P-value
1 0.1674420
2 0.5960549

$`MR-PRESSO results`
$`MR-PRESSO results`$`Global Test`
$`MR-PRESSO results`$`Global Test`$RSSobs
[1] 493.5309

$`MR-PRESSO results`$`Global Test`$Pvalue
[1] "<4e-05"


$`MR-PRESSO results`$`Outlier Test`
          RSSobs   Pvalue
1   1.949647e-05        1
2   3.732326e-10        1
3   1.111108e-05        1
4   8.202352e-06        1
5   7.156397e-05        1
6   1.407129e-04        1
7   4.594320e-05        1
8   1.804998e-06        1
9   3.691313e-06        1
10  2.248561e-05        1
11  8.226488e-05        1
12  3.866709e-06        1
13  1.972713e-05        1
14  3.186719e-04        1
15  3.816603e-06        1
16  1.989580e-06        1
17  4.128339e-07        1
18  8.553425e-05        1
19  4.950529e-06        1
20  2.020238e-05        1
21  4.512712e-06        1
22  2.351525e-05        1
23  4.808274e-05        1
24  6.778279e-07        1
25  9.422882e-06        1
26  3.700744e-08        1
27  1.464171e-05        1
28  4.554387e-07        1
29  5.332350e-05        1
30  1.622234e-05        1
31  4.845785e-06        1
32  2.004920e-05        1
33  2.371768e-05        1
34  1.962922e-05        1
35  1.154509e-05        1
36  2.977807e-05        1
37  1.174838e-04        1
38  2.193691e-04        1
39  1.052656e-06        1
40  1.956703e-05        1
41  2.157320e-04        1
42  2.030941e-05        1
43  2.575322e-07        1
44  4.747129e-04        1
45  1.983978e-07        1
46  1.546576e-06        1
47  2.302111e-07        1
48  1.099033e-04        1
49  1.242178e-04        1
50  3.738549e-05        1
51  4.654949e-05        1
52  6.912415e-06        1
53  6.819639e-05        1
54  2.999137e-05        1
55  2.988434e-06        1
56  1.942691e-05        1
57  7.145170e-08        1
58  2.318668e-05        1
59  4.639929e-07        1
60  1.973012e-05        1
61  7.113757e-05        1
62  5.301421e-07        1
63  1.611499e-06        1
64  4.624246e-05        1
65  1.628458e-05        1
66  2.271882e-05        1
67  3.935072e-06        1
68  1.252211e-04        1
69  1.616501e-05        1
70  5.185261e-05        1
71  3.051504e-05        1
72  6.329859e-06        1
73  3.532307e-05        1
74  3.834121e-04        1
75  7.674595e-06        1
76  6.462020e-05        1
77  1.382526e-05        1
78  2.205900e-05        1
79  1.627029e-03        1
80  1.562837e-04        1
81  3.440093e-04        1
82  1.039371e-04        1
83  4.657115e-06        1
84  6.298036e-05        1
85  2.054615e-06        1
86  3.779968e-04  0.19208
87  9.008839e-06        1
88  3.230058e-05        1
89  6.116674e-05        1
90  2.966335e-05        1
91  2.824582e-05        1
92  6.848186e-04 <0.01372
93  1.398717e-04        1
94  4.840422e-06        1
95  3.062450e-06        1
96  7.799403e-05        1
97  1.410505e-05        1
98  8.316302e-06        1
99  2.709115e-07        1
100 1.732262e-06        1
101 5.041504e-06        1
102 1.599321e-04        1
103 8.875974e-06        1
104 7.216250e-05        1
105 2.725111e-05        1
106 2.880219e-06        1
107 1.042463e-04        1
108 3.966942e-06        1
109 7.942403e-05        1
110 2.033403e-04        1
111 5.682294e-07        1
112 1.201303e-05        1
113 3.304726e-05        1
114 1.254816e-04        1
115 3.252654e-06        1
116 8.433224e-06        1
117 2.552164e-06        1
118 1.310220e-05        1
119 4.403438e-05        1
120 2.264520e-04        1
121 6.471160e-05        1
122 2.757436e-07        1
123 1.036889e-04        1
124 3.864249e-05        1
125 4.734019e-05        1
126 3.415405e-07        1
127 4.998820e-05        1
128 8.991316e-06        1
129 7.221806e-07        1
130 2.654268e-05        1
131 1.541910e-04        1
132 3.019811e-05        1
133 3.344883e-06        1
134 2.554817e-06        1
135 2.485474e-05        1
136 1.620129e-05        1
137 3.516809e-05        1
138 4.649014e-03 <0.01372
139 1.281000e-05        1
140 5.328251e-05        1
141 1.469089e-05        1
142 5.259092e-05        1
143 6.616339e-06        1
144 2.743226e-07        1
145 1.166065e-05        1
146 2.273406e-10        1
147 1.940413e-04        1
148 4.203711e-06        1
149 1.037605e-04        1
150 4.214851e-05        1
151 3.013066e-08        1
152 1.079595e-04        1
153 4.123127e-06        1
154 2.293889e-06        1
155 3.210228e-06        1
156 1.026214e-05        1
157 2.052844e-05        1
158 2.755318e-04        1
159 1.207819e-05        1
160 4.064934e-05        1
161 2.950666e-05        1
162 2.790227e-05        1
163 6.926338e-05        1
164 2.304941e-06        1
165 1.740616e-06        1
166 1.299506e-06        1
167 2.741390e-05        1
168 8.597524e-05        1
169 1.097011e-05        1
170 7.257284e-05        1
171 5.803076e-05        1
172 5.182877e-05        1
173 6.688119e-06        1
174 2.433685e-06        1
175 6.815792e-05        1
176 2.188902e-04        1
177 2.356118e-05        1
178 9.235821e-04        1
179 8.921226e-06        1
180 3.545703e-06        1
181 1.894211e-07        1
182 3.671794e-05        1
183 3.092044e-05        1
184 1.572242e-05        1
185 4.496121e-07        1
186 1.678866e-05        1
187 2.326385e-06        1
188 2.370916e-04        1
189 5.541442e-05        1
190 8.533807e-05        1
191 1.051197e-04        1
192 7.741255e-04        1
193 2.996341e-05        1
194 1.310586e-04        1
195 1.995068e-06        1
196 1.438098e-04        1
197 1.363575e-05        1
198 7.221045e-05        1
199 5.253599e-05        1
200 1.111012e-05        1
201 1.321136e-04        1
202 2.849918e-05        1
203 6.907852e-05        1
204 2.273382e-05        1
205 1.775731e-05        1
206 5.048290e-06        1
207 2.784219e-05        1
208 1.648422e-04        1
209 4.827356e-05        1
210 1.518960e-06        1
211 1.170918e-04        1
212 5.343086e-06        1
213 1.122848e-05        1
214 3.860768e-06        1
215 2.387697e-04        1
216 6.182354e-05        1
217 4.017091e-06        1
218 1.199024e-05        1
219 1.835842e-05        1
220 6.510337e-06        1
221 9.670467e-05        1
222 2.963385e-06        1
223 3.227533e-06        1
224 6.358949e-05        1
225 3.350015e-05        1
226 1.839472e-07        1
227 1.126791e-05        1
228 7.876878e-05        1
229 3.175750e-07        1
230 2.120494e-04        1
231 1.451172e-05        1
232 1.425320e-04        1
233 9.229222e-05        1
234 1.182005e-04        1
235 5.035290e-07        1
236 9.987956e-05        1
237 4.651773e-05        1
238 2.766718e-05        1
239 1.043436e-08        1
240 2.756973e-05        1
241 2.369906e-09        1
242 1.340772e-04        1
243 1.713858e-04        1
244 3.447929e-05        1
245 1.941789e-04        1
246 2.133893e-04        1
247 1.787501e-07        1
248 7.054661e-05        1
249 1.730024e-04        1
250 4.213047e-04        1
251 1.645727e-04        1
252 6.701169e-06        1
253 5.085253e-06        1
254 3.538000e-05        1
255 1.726760e-05        1
256 2.278889e-05        1
257 1.001939e-05        1
258 3.006234e-06        1
259 5.113611e-05        1
260 8.068850e-06        1
261 7.346954e-06        1
262 1.409167e-06        1
263 3.709025e-07        1
264 9.323017e-06        1
265 2.378988e-04        1
266 5.286468e-05        1
267 1.278795e-05        1
268 2.306252e-06        1
269 8.908015e-05        1
270 7.257984e-09        1
271 3.940707e-05        1
272 3.597973e-04        1
273 3.039677e-05        1
274 3.419111e-05        1
275 3.766611e-06        1
276 4.140587e-05        1
277 6.147150e-07        1
278 6.149813e-05        1
279 2.185980e-05        1
280 1.196909e-05        1
281 3.278384e-05        1
282 2.367439e-05        1
283 1.045569e-05        1
284 2.160930e-05        1
285 1.434988e-04        1
286 9.086335e-06        1
287 6.049849e-10        1
288 8.037219e-05        1
289 1.758649e-05        1
290 4.296017e-05        1
291 5.015619e-06        1
292 9.555643e-05        1
293 9.626743e-06        1
294 3.743960e-05        1
295 3.284525e-07        1
296 3.808056e-05        1
297 5.715173e-05        1
298 3.154336e-05        1
299 5.006503e-05        1
300 3.244037e-04        1
301 3.943829e-05        1
302 2.194577e-03  0.08232
303 3.163561e-05        1
304 2.241756e-05        1
305 4.551066e-07        1
306 1.599990e-07        1
307 3.062630e-05        1
308 1.484779e-03        1
309 2.400199e-04        1
310 1.234565e-05        1
311 4.498939e-05        1
312 2.063404e-04        1
313 8.264972e-05        1
314 2.956008e-06        1
315 2.692144e-06        1
316 1.192553e-05        1
317 2.068956e-05        1
318 4.611959e-07        1
319 6.282021e-05        1
320 1.449593e-04        1
321 6.029368e-05        1
322 1.284056e-04        1
323 4.113247e-05        1
324 4.313324e-05        1
325 1.283221e-09        1
326 7.451648e-05        1
327 4.186188e-04        1
328 2.127658e-05        1
329 1.839286e-08        1
330 8.360921e-06        1
331 4.046829e-05        1
332 4.383011e-08        1
333 1.730695e-05        1
334 4.436776e-04        1
335 5.275623e-07        1
336 7.299187e-07        1
337 9.155392e-07        1
338 4.842418e-05        1
339 8.523360e-05        1
340 1.726586e-05        1
341 1.394706e-06        1
342 1.465128e-06        1
343 8.320004e-08        1

$`MR-PRESSO results`$`Distortion Test`
$`MR-PRESSO results`$`Distortion Test`$`Outliers Indices`
[1]  92 138

$`MR-PRESSO results`$`Distortion Test`$`Distortion Coefficient`
beta.exposure 
    -204.9924 

$`MR-PRESSO results`$`Distortion Test`$Pvalue
[1] 0.14744



