$`Main MR results`
       Exposure       MR Analysis Causal Estimate        Sd      T-stat
1 beta.exposure               Raw     -0.00712993 0.1277799 -0.05579852
2 beta.exposure Outlier-corrected     -0.05002166 0.1207115 -0.41439007
    P-value
1 0.9556364
2 0.6796705

$`MR-PRESSO results`
$`MR-PRESSO results`$`Global Test`
$`MR-PRESSO results`$`Global Test`$RSSobs
[1] 111.5437

$`MR-PRESSO results`$`Global Test`$Pvalue
[1] 0.0295


$`MR-PRESSO results`$`Outlier Test`
         RSSobs  Pvalue
1  9.848456e-06       1
2  9.587862e-05       1
3  2.074546e-06       1
4  3.683344e-04       1
5  1.787423e-04       1
6  3.747953e-05       1
7  1.861998e-03       1
8  3.010700e-04       1
9  4.168972e-03       1
10 1.262001e-04       1
11 8.654458e-08       1
12 5.863016e-05       1
13 4.787731e-04       1
14 1.396085e-04       1
15 3.959080e-05       1
16 2.265935e-04       1
17 1.469075e-04       1
18 1.170578e-03       1
19 2.812469e-04       1
20 1.973647e-04       1
21 2.001680e-04       1
22 1.131575e-04       1
23 3.789720e-05       1
24 7.581213e-04       1
25 8.811109e-04       1
26 5.174155e-05       1
27 4.921352e-06       1
28 9.294520e-04       1
29 9.799098e-06       1
30 4.311000e-05       1
31 4.940688e-04       1
32 7.151147e-04       1
33 3.184670e-05       1
34 1.752231e-05       1
35 2.033407e-04       1
36 4.441536e-05       1
37 6.146045e-04       1
38 1.265311e-03       1
39 3.304730e-05       1
40 7.343929e-04       1
41 2.281573e-03       1
42 1.335555e-04       1
43 8.056539e-04       1
44 8.852225e-05       1
45 6.548278e-04       1
46 1.525264e-06       1
47 8.037624e-04       1
48 8.999625e-05       1
49 2.064626e-04       1
50 1.556250e-05       1
51 1.156377e-03       1
52 1.043423e-03       1
53 9.826609e-05       1
54 3.927997e-05       1
55 1.680974e-04       1
56 5.233106e-05       1
57 1.865609e-04       1
58 1.190067e-04       1
59 4.300223e-04       1
60 1.430138e-03       1
61 5.140411e-04       1
62 9.039633e-05       1
63 9.842028e-05       1
64 2.749360e-04       1
65 1.639198e-08       1
66 5.883132e-04       1
67 4.497951e-04       1
68 3.934032e-05       1
69 1.423751e-04       1
70 5.192731e-05       1
71 2.683678e-04       1
72 7.477240e-06       1
73 1.399576e-05       1
74 2.644754e-04       1
75 2.272302e-03       1
76 1.366967e-04       1
77 1.872536e-04       1
78 3.859073e-05       1
79 2.548868e-04       1
80 6.527274e-04       1
81 1.010140e-03       1
82 2.955816e-03 <0.0084
83 2.749010e-05       1
84 3.325086e-08       1

$`MR-PRESSO results`$`Distortion Test`
$`MR-PRESSO results`$`Distortion Test`$`Outliers Indices`
[1] 82

$`MR-PRESSO results`$`Distortion Test`$`Distortion Coefficient`
beta.exposure 
     85.74632 

$`MR-PRESSO results`$`Distortion Test`$Pvalue
[1] 0.8422



